1.481000000000000000e+03
2.224000000000000000e+03
2.549000000000000000e+03
3.064000000000000000e+03
3.310000000000000000e+03
3.318000000000000000e+03
3.323000000000000000e+03
3.337000000000000000e+03
3.349000000000000000e+03
3.358000000000000000e+03
4.350000000000000000e+03
5.276000000000000000e+03
7.017000000000000000e+03
7.023000000000000000e+03
7.036000000000000000e+03
7.269000000000000000e+03
7.615000000000000000e+03
8.182000000000000000e+03
8.680000000000000000e+03
1.062900000000000000e+04
1.152600000000000000e+04
1.242500000000000000e+04
1.370300000000000000e+04
1.381300000000000000e+04
1.404900000000000000e+04
1.437600000000000000e+04
1.546300000000000000e+04
1.698300000000000000e+04
1.749400000000000000e+04
1.751700000000000000e+04
1.752600000000000000e+04
1.754500000000000000e+04
1.766200000000000000e+04
1.813900000000000000e+04
2.006500000000000000e+04
2.037600000000000000e+04
2.041400000000000000e+04
2.041800000000000000e+04
2.051900000000000000e+04
2.056900000000000000e+04
2.073200000000000000e+04
2.075700000000000000e+04
2.090100000000000000e+04
2.119100000000000000e+04
2.124000000000000000e+04
2.124200000000000000e+04
2.124300000000000000e+04
2.134200000000000000e+04
2.136300000000000000e+04
2.139800000000000000e+04
2.142700000000000000e+04
2.148400000000000000e+04
2.157100000000000000e+04
2.158500000000000000e+04
2.164000000000000000e+04
2.164400000000000000e+04
2.308500000000000000e+04
2.332500000000000000e+04
2.332700000000000000e+04
2.333300000000000000e+04
2.334300000000000000e+04
2.461200000000000000e+04
2.468200000000000000e+04
2.473100000000000000e+04
2.474200000000000000e+04
2.478900000000000000e+04
2.482600000000000000e+04
2.501300000000000000e+04
2.539400000000000000e+04
2.539600000000000000e+04
2.540000000000000000e+04
2.540800000000000000e+04
2.540900000000000000e+04
2.541000000000000000e+04
2.541100000000000000e+04
2.541300000000000000e+04
2.542400000000000000e+04
2.547000000000000000e+04
2.551400000000000000e+04
2.551700000000000000e+04
2.558600000000000000e+04
2.586400000000000000e+04
2.672300000000000000e+04
2.683700000000000000e+04
2.733600000000000000e+04
2.832100000000000000e+04
2.836000000000000000e+04
2.860600000000000000e+04
2.866300000000000000e+04
2.869900000000000000e+04
2.872700000000000000e+04
2.873100000000000000e+04
2.897900000000000000e+04
3.004200000000000000e+04
3.004300000000000000e+04
3.004400000000000000e+04
3.004700000000000000e+04
3.004800000000000000e+04
3.004900000000000000e+04
3.005000000000000000e+04
3.005100000000000000e+04
3.005200000000000000e+04
3.209100000000000000e+04
3.274300000000000000e+04
3.303200000000000000e+04
3.366800000000000000e+04
3.436800000000000000e+04
3.437100000000000000e+04
3.469600000000000000e+04
3.508100000000000000e+04
3.508900000000000000e+04
3.510400000000000000e+04
3.547900000000000000e+04
3.548200000000000000e+04
3.548300000000000000e+04
3.548400000000000000e+04
3.548500000000000000e+04
3.548600000000000000e+04
3.548800000000000000e+04
3.548900000000000000e+04
3.549100000000000000e+04
3.549200000000000000e+04
3.549300000000000000e+04
3.549400000000000000e+04
3.549500000000000000e+04
3.549700000000000000e+04
3.549800000000000000e+04
3.549900000000000000e+04
3.550000000000000000e+04
3.550100000000000000e+04
3.550200000000000000e+04
3.550600000000000000e+04
3.550800000000000000e+04
3.550900000000000000e+04
3.551000000000000000e+04
3.551100000000000000e+04
3.551400000000000000e+04
3.551500000000000000e+04
3.551600000000000000e+04
3.551700000000000000e+04
3.551800000000000000e+04
3.634800000000000000e+04
3.715600000000000000e+04
3.717700000000000000e+04
3.792500000000000000e+04
3.793300000000000000e+04
3.805200000000000000e+04
3.814200000000000000e+04
3.829900000000000000e+04
3.852800000000000000e+04
3.866700000000000000e+04
3.867000000000000000e+04
3.868900000000000000e+04
3.869100000000000000e+04
3.869600000000000000e+04
3.879700000000000000e+04
3.879900000000000000e+04
3.880900000000000000e+04
3.934800000000000000e+04
3.941500000000000000e+04
3.966100000000000000e+04
3.966200000000000000e+04
3.966300000000000000e+04
3.966400000000000000e+04
3.966800000000000000e+04
3.966900000000000000e+04
4.023800000000000000e+04
4.024100000000000000e+04
4.024300000000000000e+04
4.024400000000000000e+04
4.024600000000000000e+04
4.025100000000000000e+04
4.031200000000000000e+04
4.034100000000000000e+04
4.040400000000000000e+04
4.058000000000000000e+04
4.060200000000000000e+04
4.092400000000000000e+04
4.093800000000000000e+04
4.094000000000000000e+04
4.094100000000000000e+04
4.094200000000000000e+04
4.094300000000000000e+04
4.094400000000000000e+04
4.094700000000000000e+04
4.101100000000000000e+04
4.101200000000000000e+04
4.101300000000000000e+04
4.101600000000000000e+04
4.101700000000000000e+04
4.135700000000000000e+04
4.137200000000000000e+04
4.138300000000000000e+04
4.146100000000000000e+04
4.146200000000000000e+04
4.146400000000000000e+04
4.149800000000000000e+04
4.156200000000000000e+04
4.183400000000000000e+04
4.194900000000000000e+04
4.203200000000000000e+04
4.203500000000000000e+04
4.204100000000000000e+04
4.204400000000000000e+04
4.205000000000000000e+04
4.211300000000000000e+04
4.211400000000000000e+04
4.211500000000000000e+04
4.211600000000000000e+04
4.223900000000000000e+04
4.236000000000000000e+04
4.245400000000000000e+04
4.245500000000000000e+04
4.245600000000000000e+04
4.252100000000000000e+04
4.270300000000000000e+04
4.271000000000000000e+04
4.271100000000000000e+04
4.271200000000000000e+04
4.271300000000000000e+04
4.271400000000000000e+04
4.272600000000000000e+04
4.273700000000000000e+04
4.274600000000000000e+04
4.275200000000000000e+04
4.278800000000000000e+04
4.286000000000000000e+04
4.287700000000000000e+04
4.289200000000000000e+04
4.298000000000000000e+04
4.298200000000000000e+04
4.299300000000000000e+04
4.306800000000000000e+04
4.306900000000000000e+04
4.307300000000000000e+04
4.308800000000000000e+04
4.308900000000000000e+04
4.309100000000000000e+04
4.309900000000000000e+04
4.319300000000000000e+04
4.319400000000000000e+04
4.320700000000000000e+04
4.321700000000000000e+04
4.325400000000000000e+04
4.325700000000000000e+04
4.334500000000000000e+04
4.335100000000000000e+04
4.335600000000000000e+04
4.340500000000000000e+04
4.342500000000000000e+04
4.342700000000000000e+04
4.344300000000000000e+04
4.344400000000000000e+04
4.344500000000000000e+04
4.344600000000000000e+04
4.344700000000000000e+04
4.344800000000000000e+04
4.344900000000000000e+04
4.345100000000000000e+04
4.346100000000000000e+04
4.354700000000000000e+04
4.356100000000000000e+04
4.356300000000000000e+04
4.356800000000000000e+04
4.361100000000000000e+04
4.366500000000000000e+04
4.368000000000000000e+04
4.368100000000000000e+04
4.368200000000000000e+04
4.368300000000000000e+04
4.368400000000000000e+04
4.368500000000000000e+04
4.388100000000000000e+04
4.388200000000000000e+04
4.388300000000000000e+04
4.388600000000000000e+04
4.391500000000000000e+04
4.403500000000000000e+04
4.407000000000000000e+04
4.407100000000000000e+04
4.419000000000000000e+04
4.419100000000000000e+04
4.421800000000000000e+04
4.422000000000000000e+04
4.422200000000000000e+04
4.426100000000000000e+04
4.426200000000000000e+04
4.426300000000000000e+04
4.426400000000000000e+04
4.426500000000000000e+04
4.426600000000000000e+04
4.426800000000000000e+04
4.430900000000000000e+04
4.435000000000000000e+04
4.439400000000000000e+04
4.439500000000000000e+04
4.442600000000000000e+04
4.450800000000000000e+04
4.460600000000000000e+04
4.464700000000000000e+04
4.465300000000000000e+04
4.472400000000000000e+04
4.480900000000000000e+04
4.486100000000000000e+04
4.497500000000000000e+04
4.505200000000000000e+04
4.508000000000000000e+04
4.510800000000000000e+04
4.510900000000000000e+04
4.511500000000000000e+04
4.516100000000000000e+04
4.524300000000000000e+04
4.561100000000000000e+04
4.627600000000000000e+04
4.627700000000000000e+04
4.627900000000000000e+04
4.628000000000000000e+04
4.628100000000000000e+04
4.628200000000000000e+04
4.628400000000000000e+04
4.628500000000000000e+04
4.628800000000000000e+04
4.628900000000000000e+04
4.629100000000000000e+04
4.629500000000000000e+04
4.629700000000000000e+04
4.629800000000000000e+04
4.630200000000000000e+04
4.630300000000000000e+04
4.632000000000000000e+04
4.632100000000000000e+04
4.632200000000000000e+04
4.632600000000000000e+04
4.632800000000000000e+04
4.632900000000000000e+04
4.633000000000000000e+04
4.633100000000000000e+04
4.633200000000000000e+04
4.633300000000000000e+04
4.633400000000000000e+04
4.633500000000000000e+04
4.633600000000000000e+04
4.633700000000000000e+04
4.633800000000000000e+04
4.633900000000000000e+04
4.634000000000000000e+04
4.634100000000000000e+04
4.634200000000000000e+04
4.634300000000000000e+04
4.634400000000000000e+04
4.634500000000000000e+04
4.634600000000000000e+04
4.634700000000000000e+04
4.635100000000000000e+04
4.635200000000000000e+04
4.635500000000000000e+04
4.635800000000000000e+04
4.635900000000000000e+04
4.636000000000000000e+04
4.636100000000000000e+04
4.636500000000000000e+04
4.636600000000000000e+04
4.636700000000000000e+04
4.636900000000000000e+04
4.637000000000000000e+04
4.637100000000000000e+04
4.637300000000000000e+04
4.637600000000000000e+04
4.637800000000000000e+04
4.637900000000000000e+04
4.638500000000000000e+04
4.638600000000000000e+04
4.638800000000000000e+04
4.638900000000000000e+04
4.639000000000000000e+04
4.707000000000000000e+04
4.768100000000000000e+04
4.930900000000000000e+04
4.938600000000000000e+04
4.940500000000000000e+04
4.947200000000000000e+04
5.041700000000000000e+04
5.110600000000000000e+04
5.110700000000000000e+04
5.110900000000000000e+04
5.111000000000000000e+04
5.111100000000000000e+04
5.111300000000000000e+04
5.111400000000000000e+04
5.111500000000000000e+04
5.111600000000000000e+04
5.111700000000000000e+04
5.111800000000000000e+04
5.112600000000000000e+04
5.144800000000000000e+04
5.154800000000000000e+04
5.159600000000000000e+04
5.205700000000000000e+04
5.216200000000000000e+04
5.219400000000000000e+04
5.226900000000000000e+04
5.227000000000000000e+04
5.227200000000000000e+04
5.234800000000000000e+04
5.269800000000000000e+04
5.270000000000000000e+04
5.278400000000000000e+04
5.278500000000000000e+04
5.280200000000000000e+04
5.280800000000000000e+04
5.281000000000000000e+04
5.283700000000000000e+04
5.365600000000000000e+04
5.365800000000000000e+04
5.366700000000000000e+04
5.367600000000000000e+04
5.367800000000000000e+04
5.370000000000000000e+04
5.370400000000000000e+04
5.370700000000000000e+04
5.371200000000000000e+04
5.371300000000000000e+04
5.372100000000000000e+04
5.372600000000000000e+04
5.373500000000000000e+04
5.376600000000000000e+04
5.378000000000000000e+04
5.387300000000000000e+04
5.419500000000000000e+04
5.579500000000000000e+04
5.611900000000000000e+04
5.624300000000000000e+04
5.624500000000000000e+04
5.624600000000000000e+04
5.625000000000000000e+04
5.625100000000000000e+04
5.625400000000000000e+04
5.625500000000000000e+04
5.625700000000000000e+04
5.625900000000000000e+04
5.626000000000000000e+04
5.626100000000000000e+04
5.626300000000000000e+04
5.626500000000000000e+04
5.626700000000000000e+04
5.626800000000000000e+04
5.626900000000000000e+04
5.627000000000000000e+04
5.627100000000000000e+04
5.627400000000000000e+04
5.627800000000000000e+04
5.628000000000000000e+04
5.628200000000000000e+04
5.628300000000000000e+04
5.628400000000000000e+04
5.628500000000000000e+04
5.628600000000000000e+04
5.628800000000000000e+04
5.629100000000000000e+04
5.629300000000000000e+04
5.629400000000000000e+04
5.629500000000000000e+04
5.629600000000000000e+04
5.629700000000000000e+04
5.629800000000000000e+04
5.629900000000000000e+04
5.630200000000000000e+04
5.630300000000000000e+04
5.630400000000000000e+04
5.630900000000000000e+04
5.631000000000000000e+04
5.631100000000000000e+04
5.631400000000000000e+04
5.631500000000000000e+04
5.632000000000000000e+04
5.632200000000000000e+04
5.632400000000000000e+04
5.632600000000000000e+04
5.632700000000000000e+04
5.632800000000000000e+04
5.632900000000000000e+04
5.633000000000000000e+04
5.633100000000000000e+04
5.633200000000000000e+04
5.633400000000000000e+04
5.633700000000000000e+04
5.633800000000000000e+04
5.634000000000000000e+04
5.634100000000000000e+04
5.634200000000000000e+04
5.634400000000000000e+04
5.634500000000000000e+04
5.634600000000000000e+04
5.634700000000000000e+04
5.634900000000000000e+04
5.635000000000000000e+04
5.635100000000000000e+04
5.635200000000000000e+04
5.635300000000000000e+04
5.635400000000000000e+04
5.635500000000000000e+04
5.635600000000000000e+04
5.635700000000000000e+04
5.635900000000000000e+04
5.636100000000000000e+04
5.636200000000000000e+04
5.636300000000000000e+04
5.636500000000000000e+04
5.636600000000000000e+04
5.636700000000000000e+04
5.636800000000000000e+04
5.636900000000000000e+04
5.637000000000000000e+04
5.637100000000000000e+04
5.637200000000000000e+04
5.637300000000000000e+04
5.637400000000000000e+04
5.637500000000000000e+04
5.637600000000000000e+04
5.637800000000000000e+04
5.638000000000000000e+04
5.638100000000000000e+04
5.638200000000000000e+04
5.638400000000000000e+04
5.638600000000000000e+04
5.639000000000000000e+04
5.639100000000000000e+04
5.639200000000000000e+04
5.639400000000000000e+04
5.639500000000000000e+04
5.640000000000000000e+04
5.640400000000000000e+04
5.641100000000000000e+04
5.641200000000000000e+04
5.641300000000000000e+04
5.641700000000000000e+04
5.642100000000000000e+04
5.642300000000000000e+04
5.642600000000000000e+04
5.642900000000000000e+04
5.643400000000000000e+04
5.643700000000000000e+04
5.644000000000000000e+04
5.644600000000000000e+04
5.645000000000000000e+04
5.645300000000000000e+04
5.645400000000000000e+04
5.645900000000000000e+04
5.646700000000000000e+04
5.647100000000000000e+04
5.647200000000000000e+04
5.647500000000000000e+04
5.647800000000000000e+04
5.647900000000000000e+04
5.648200000000000000e+04
5.648400000000000000e+04
5.648500000000000000e+04
5.648700000000000000e+04
5.648800000000000000e+04
5.649000000000000000e+04
5.649600000000000000e+04
5.650700000000000000e+04
5.650800000000000000e+04
5.651100000000000000e+04
5.651200000000000000e+04
5.652000000000000000e+04
5.652700000000000000e+04
5.683700000000000000e+04
5.689700000000000000e+04
5.773700000000000000e+04
5.784100000000000000e+04
5.854700000000000000e+04
5.872900000000000000e+04
5.928200000000000000e+04
5.929600000000000000e+04
5.941200000000000000e+04
5.946300000000000000e+04
5.949800000000000000e+04
5.961500000000000000e+04
5.964800000000000000e+04
5.965000000000000000e+04
5.965300000000000000e+04
5.966000000000000000e+04
5.967400000000000000e+04
5.973800000000000000e+04
5.979600000000000000e+04
5.993900000000000000e+04
6.028500000000000000e+04
6.029700000000000000e+04
6.061000000000000000e+04
6.061800000000000000e+04
6.063600000000000000e+04
6.078600000000000000e+04
6.089800000000000000e+04
6.094400000000000000e+04
6.094600000000000000e+04
6.106600000000000000e+04
6.115000000000000000e+04
6.115700000000000000e+04
6.116300000000000000e+04
6.116400000000000000e+04
6.116800000000000000e+04
6.117000000000000000e+04
6.117100000000000000e+04
6.117200000000000000e+04
6.117400000000000000e+04
6.117500000000000000e+04
6.117900000000000000e+04
6.118200000000000000e+04
6.118500000000000000e+04
6.118700000000000000e+04
6.118800000000000000e+04
6.119000000000000000e+04
6.119100000000000000e+04
6.119500000000000000e+04
6.119800000000000000e+04
6.120200000000000000e+04
6.120400000000000000e+04
6.120500000000000000e+04
6.120600000000000000e+04
6.129400000000000000e+04
6.133700000000000000e+04
6.145200000000000000e+04
6.145400000000000000e+04
6.145600000000000000e+04
6.157900000000000000e+04
6.184400000000000000e+04
6.185500000000000000e+04
6.186600000000000000e+04
6.186700000000000000e+04
6.197200000000000000e+04
6.197300000000000000e+04
6.197500000000000000e+04
6.222400000000000000e+04
6.286100000000000000e+04
6.294400000000000000e+04
6.306800000000000000e+04
6.306900000000000000e+04
6.307000000000000000e+04
6.307100000000000000e+04
6.307200000000000000e+04
6.307300000000000000e+04
6.307400000000000000e+04
6.307500000000000000e+04
6.307600000000000000e+04
6.307700000000000000e+04
6.307800000000000000e+04
6.307900000000000000e+04
6.308100000000000000e+04
6.308400000000000000e+04
6.308500000000000000e+04
6.308600000000000000e+04
6.308700000000000000e+04
6.308900000000000000e+04
6.309000000000000000e+04
6.309100000000000000e+04
6.309200000000000000e+04
6.309300000000000000e+04
6.309400000000000000e+04
6.309500000000000000e+04
6.309600000000000000e+04
6.309700000000000000e+04
6.309800000000000000e+04
6.310200000000000000e+04
6.310300000000000000e+04
6.310500000000000000e+04
6.310600000000000000e+04
6.310700000000000000e+04
6.310800000000000000e+04
6.310900000000000000e+04
6.311100000000000000e+04
6.311200000000000000e+04
6.311300000000000000e+04
6.311400000000000000e+04
6.311500000000000000e+04
6.311600000000000000e+04
6.311900000000000000e+04
6.312100000000000000e+04
6.312300000000000000e+04
6.312400000000000000e+04
6.312600000000000000e+04
6.312800000000000000e+04
6.312900000000000000e+04
6.313200000000000000e+04
6.313400000000000000e+04
6.313500000000000000e+04
6.313600000000000000e+04
6.313900000000000000e+04
6.314000000000000000e+04
6.314400000000000000e+04
6.314500000000000000e+04
6.314700000000000000e+04
6.315000000000000000e+04
6.315300000000000000e+04
6.315600000000000000e+04
6.315800000000000000e+04
6.315900000000000000e+04
6.316100000000000000e+04
6.316200000000000000e+04
6.316300000000000000e+04
6.316400000000000000e+04
6.316600000000000000e+04
6.317300000000000000e+04
6.317500000000000000e+04
6.317700000000000000e+04
6.317900000000000000e+04
6.318200000000000000e+04
6.318500000000000000e+04
6.318900000000000000e+04
6.319400000000000000e+04
6.320300000000000000e+04
6.320500000000000000e+04
6.320900000000000000e+04
6.321800000000000000e+04
6.322000000000000000e+04
6.323000000000000000e+04
6.323900000000000000e+04
6.324300000000000000e+04
6.324700000000000000e+04
6.325100000000000000e+04
6.325300000000000000e+04
6.325500000000000000e+04
6.326000000000000000e+04
6.326100000000000000e+04
6.326300000000000000e+04
6.327000000000000000e+04
6.327500000000000000e+04
6.328600000000000000e+04
6.328700000000000000e+04
6.329900000000000000e+04
6.330700000000000000e+04
6.330800000000000000e+04
6.331100000000000000e+04
6.334800000000000000e+04
6.335900000000000000e+04
6.336300000000000000e+04
6.337100000000000000e+04
6.339100000000000000e+04
6.339400000000000000e+04
6.340200000000000000e+04
6.347600000000000000e+04
6.368600000000000000e+04
6.368800000000000000e+04
6.368900000000000000e+04
6.369000000000000000e+04
6.369100000000000000e+04
6.369200000000000000e+04
6.369300000000000000e+04
6.370200000000000000e+04
6.370800000000000000e+04
6.371600000000000000e+04
6.372600000000000000e+04
6.373400000000000000e+04
6.373500000000000000e+04
6.375800000000000000e+04
6.375900000000000000e+04
6.376700000000000000e+04
6.378600000000000000e+04
6.380700000000000000e+04
6.420800000000000000e+04
6.460000000000000000e+04
6.521000000000000000e+04
6.521100000000000000e+04
6.521400000000000000e+04
6.521900000000000000e+04
6.596600000000000000e+04
6.602600000000000000e+04
6.602700000000000000e+04
6.602900000000000000e+04
6.603000000000000000e+04
6.603100000000000000e+04
6.603200000000000000e+04
6.603500000000000000e+04
6.603800000000000000e+04
6.603900000000000000e+04
6.604200000000000000e+04
6.604300000000000000e+04
6.604500000000000000e+04
6.604600000000000000e+04
6.604700000000000000e+04
6.604800000000000000e+04
6.604900000000000000e+04
6.605000000000000000e+04
6.605100000000000000e+04
6.605200000000000000e+04
6.605300000000000000e+04
6.605400000000000000e+04
6.605600000000000000e+04
6.605700000000000000e+04
6.605800000000000000e+04
6.605900000000000000e+04
6.606000000000000000e+04
6.606200000000000000e+04
6.606300000000000000e+04
6.606400000000000000e+04
6.606500000000000000e+04
6.606600000000000000e+04
6.606800000000000000e+04
6.606900000000000000e+04
6.607000000000000000e+04
6.607100000000000000e+04
6.607200000000000000e+04
6.607300000000000000e+04
6.607400000000000000e+04
6.607500000000000000e+04
6.607600000000000000e+04
6.607700000000000000e+04
6.607800000000000000e+04
6.607900000000000000e+04
6.608000000000000000e+04
6.608100000000000000e+04
6.608200000000000000e+04
6.608300000000000000e+04
6.608400000000000000e+04
6.608500000000000000e+04
6.608600000000000000e+04
6.608700000000000000e+04
6.608800000000000000e+04
6.608900000000000000e+04
6.609000000000000000e+04
6.609100000000000000e+04
6.609200000000000000e+04
6.609300000000000000e+04
6.609400000000000000e+04
6.609500000000000000e+04
6.609600000000000000e+04
6.609700000000000000e+04
6.609800000000000000e+04
6.609900000000000000e+04
6.610000000000000000e+04
6.610100000000000000e+04
6.610200000000000000e+04
6.610300000000000000e+04
6.610400000000000000e+04
6.610500000000000000e+04
6.610600000000000000e+04
6.610700000000000000e+04
6.610900000000000000e+04
6.611000000000000000e+04
6.611100000000000000e+04
6.611200000000000000e+04
6.611300000000000000e+04
6.611400000000000000e+04
6.611500000000000000e+04
6.611600000000000000e+04
6.611700000000000000e+04
6.611900000000000000e+04
6.612000000000000000e+04
6.612100000000000000e+04
6.612200000000000000e+04
6.612300000000000000e+04
6.612400000000000000e+04
6.612500000000000000e+04
6.612600000000000000e+04
6.612700000000000000e+04
6.612800000000000000e+04
6.612900000000000000e+04
6.613000000000000000e+04
6.613100000000000000e+04
6.613200000000000000e+04
6.613300000000000000e+04
6.613400000000000000e+04
6.613500000000000000e+04
6.613600000000000000e+04
6.613700000000000000e+04
6.613800000000000000e+04
6.613900000000000000e+04
6.614000000000000000e+04
6.614100000000000000e+04
6.614200000000000000e+04
6.614300000000000000e+04
6.614400000000000000e+04
6.614500000000000000e+04
6.614600000000000000e+04
6.614800000000000000e+04
6.615000000000000000e+04
6.615100000000000000e+04
6.615400000000000000e+04
6.615500000000000000e+04
6.615700000000000000e+04
6.617200000000000000e+04
6.617600000000000000e+04
6.638300000000000000e+04
6.638900000000000000e+04
6.661600000000000000e+04
6.675800000000000000e+04
6.676100000000000000e+04
6.715600000000000000e+04
6.718500000000000000e+04
6.769500000000000000e+04
6.770300000000000000e+04
6.771100000000000000e+04
6.771700000000000000e+04
6.783400000000000000e+04
6.783900000000000000e+04
6.804400000000000000e+04
6.804500000000000000e+04
6.850500000000000000e+04
6.852300000000000000e+04
6.877500000000000000e+04
6.878500000000000000e+04
6.879200000000000000e+04
6.890500000000000000e+04
6.891000000000000000e+04
6.891100000000000000e+04
6.891500000000000000e+04
6.892500000000000000e+04
6.892800000000000000e+04
6.892900000000000000e+04
6.893000000000000000e+04
6.893100000000000000e+04
6.893400000000000000e+04
6.896300000000000000e+04
6.897100000000000000e+04
6.897400000000000000e+04
6.899600000000000000e+04
6.899700000000000000e+04
6.899900000000000000e+04
6.900200000000000000e+04
6.900800000000000000e+04
6.900900000000000000e+04
6.949200000000000000e+04
6.958600000000000000e+04
6.985200000000000000e+04
7.001500000000000000e+04
7.014200000000000000e+04
7.028200000000000000e+04
7.035100000000000000e+04
7.050600000000000000e+04
7.055000000000000000e+04
7.061000000000000000e+04
7.198300000000000000e+04
7.214900000000000000e+04
7.232400000000000000e+04
7.232500000000000000e+04
7.233700000000000000e+04
7.240500000000000000e+04
7.253000000000000000e+04
7.253500000000000000e+04
7.253700000000000000e+04
7.259900000000000000e+04
7.260000000000000000e+04
7.260100000000000000e+04
7.260200000000000000e+04
7.260300000000000000e+04
7.260400000000000000e+04
7.260500000000000000e+04
7.271900000000000000e+04
7.279600000000000000e+04
7.281500000000000000e+04
7.281900000000000000e+04
7.283800000000000000e+04
7.290900000000000000e+04
7.312800000000000000e+04
7.319400000000000000e+04
7.319500000000000000e+04
7.334800000000000000e+04
7.356900000000000000e+04
7.366300000000000000e+04
7.366400000000000000e+04
7.366500000000000000e+04
7.366700000000000000e+04
7.369000000000000000e+04
7.369100000000000000e+04
7.369200000000000000e+04
7.369300000000000000e+04
7.369400000000000000e+04
7.369500000000000000e+04
7.369600000000000000e+04
7.369700000000000000e+04
7.369800000000000000e+04
7.369900000000000000e+04
7.370000000000000000e+04
7.370100000000000000e+04
7.370200000000000000e+04
7.370300000000000000e+04
7.370400000000000000e+04
7.370500000000000000e+04
7.370600000000000000e+04
7.370700000000000000e+04
7.370800000000000000e+04
7.370900000000000000e+04
7.371000000000000000e+04
7.371100000000000000e+04
7.371200000000000000e+04
7.371400000000000000e+04
7.373100000000000000e+04
7.373200000000000000e+04
7.373300000000000000e+04
7.373400000000000000e+04
7.373500000000000000e+04
7.373600000000000000e+04
7.373700000000000000e+04
7.373800000000000000e+04
7.374000000000000000e+04
7.374100000000000000e+04
7.374200000000000000e+04
7.374300000000000000e+04
7.374400000000000000e+04
7.374700000000000000e+04
7.391100000000000000e+04
7.391900000000000000e+04
7.392300000000000000e+04
7.393500000000000000e+04
7.394000000000000000e+04
7.396300000000000000e+04
7.396800000000000000e+04
7.397100000000000000e+04
7.397400000000000000e+04
7.400300000000000000e+04
7.406400000000000000e+04
7.406500000000000000e+04
7.407700000000000000e+04
7.412000000000000000e+04
7.419100000000000000e+04
7.426300000000000000e+04
7.429800000000000000e+04
7.429900000000000000e+04
7.442300000000000000e+04
7.442500000000000000e+04
7.460900000000000000e+04
7.461000000000000000e+04
7.461100000000000000e+04
7.461200000000000000e+04
7.461300000000000000e+04
7.461500000000000000e+04
7.461600000000000000e+04
7.461700000000000000e+04
7.461800000000000000e+04
7.461900000000000000e+04
7.462000000000000000e+04
7.462100000000000000e+04
7.462200000000000000e+04
7.470500000000000000e+04
7.470600000000000000e+04
7.472200000000000000e+04
7.477800000000000000e+04
7.477900000000000000e+04
7.478000000000000000e+04
7.478100000000000000e+04
7.478500000000000000e+04
7.478600000000000000e+04
7.478700000000000000e+04
7.478800000000000000e+04
7.479200000000000000e+04
7.479400000000000000e+04
7.479500000000000000e+04
7.480300000000000000e+04
7.481100000000000000e+04
7.485200000000000000e+04
7.494900000000000000e+04
7.500500000000000000e+04
7.507000000000000000e+04
7.507100000000000000e+04
7.507500000000000000e+04
7.507600000000000000e+04
7.507800000000000000e+04
7.507900000000000000e+04
7.508000000000000000e+04
7.508300000000000000e+04
7.508500000000000000e+04
7.513300000000000000e+04
7.513400000000000000e+04
7.518100000000000000e+04
7.524700000000000000e+04
7.536700000000000000e+04
7.544100000000000000e+04
7.545500000000000000e+04
7.545600000000000000e+04
7.554200000000000000e+04
7.574100000000000000e+04
7.595700000000000000e+04
7.595900000000000000e+04
7.675200000000000000e+04
