4.300000000000000000e+01
4.400000000000000000e+01
4.600000000000000000e+01
6.800000000000000000e+02
6.820000000000000000e+02
1.203000000000000000e+03
1.219000000000000000e+03
1.278000000000000000e+03
1.280000000000000000e+03
1.282000000000000000e+03
1.292000000000000000e+03
1.375000000000000000e+03
1.384000000000000000e+03
1.502000000000000000e+03
1.666000000000000000e+03
1.670000000000000000e+03
1.754000000000000000e+03
1.760000000000000000e+03
1.763000000000000000e+03
1.894000000000000000e+03
1.896000000000000000e+03
1.900000000000000000e+03
1.901000000000000000e+03
1.907000000000000000e+03
1.965000000000000000e+03
1.977000000000000000e+03
1.987000000000000000e+03
2.173000000000000000e+03
2.184000000000000000e+03
2.232000000000000000e+03
2.237000000000000000e+03
2.239000000000000000e+03
2.252000000000000000e+03
2.259000000000000000e+03
2.269000000000000000e+03
2.309000000000000000e+03
2.310000000000000000e+03
2.315000000000000000e+03
2.319000000000000000e+03
2.320000000000000000e+03
2.332000000000000000e+03
2.343000000000000000e+03
2.395000000000000000e+03
2.397000000000000000e+03
2.404000000000000000e+03
2.407000000000000000e+03
2.509000000000000000e+03
2.515000000000000000e+03
2.516000000000000000e+03
2.518000000000000000e+03
2.522000000000000000e+03
2.528000000000000000e+03
2.573000000000000000e+03
2.577000000000000000e+03
2.591000000000000000e+03
2.595000000000000000e+03
2.619000000000000000e+03
2.627000000000000000e+03
2.633000000000000000e+03
2.642000000000000000e+03
2.740000000000000000e+03
2.747000000000000000e+03
2.749000000000000000e+03
2.750000000000000000e+03
2.793000000000000000e+03
2.887000000000000000e+03
2.888000000000000000e+03
2.890000000000000000e+03
2.892000000000000000e+03
2.974000000000000000e+03
2.990000000000000000e+03
3.000000000000000000e+03
3.021000000000000000e+03
3.022000000000000000e+03
3.023000000000000000e+03
3.024000000000000000e+03
3.025000000000000000e+03
3.026000000000000000e+03
3.164000000000000000e+03
3.189000000000000000e+03
3.207000000000000000e+03
3.221000000000000000e+03
3.314000000000000000e+03
3.316000000000000000e+03
3.325000000000000000e+03
3.335000000000000000e+03
3.342000000000000000e+03
3.351000000000000000e+03
3.354000000000000000e+03
3.355000000000000000e+03
3.363000000000000000e+03
3.390000000000000000e+03
3.450000000000000000e+03
3.477000000000000000e+03
3.579000000000000000e+03
3.581000000000000000e+03
3.582000000000000000e+03
3.583000000000000000e+03
3.584000000000000000e+03
3.585000000000000000e+03
3.587000000000000000e+03
3.629000000000000000e+03
3.635000000000000000e+03
3.638000000000000000e+03
3.645000000000000000e+03
3.647000000000000000e+03
3.684000000000000000e+03
3.697000000000000000e+03
3.698000000000000000e+03
3.703000000000000000e+03
3.724000000000000000e+03
3.726000000000000000e+03
3.742000000000000000e+03
3.900000000000000000e+03
3.961000000000000000e+03
4.032000000000000000e+03
4.034000000000000000e+03
4.150000000000000000e+03
4.154000000000000000e+03
4.170000000000000000e+03
4.171000000000000000e+03
4.172000000000000000e+03
4.190000000000000000e+03
4.198000000000000000e+03
4.233000000000000000e+03
4.353000000000000000e+03
4.370000000000000000e+03
4.376000000000000000e+03
4.468000000000000000e+03
5.282000000000000000e+03
5.302000000000000000e+03
5.585000000000000000e+03
5.635000000000000000e+03
5.664000000000000000e+03
5.868000000000000000e+03
6.000000000000000000e+03
6.047000000000000000e+03
6.106000000000000000e+03
6.119000000000000000e+03
6.162000000000000000e+03
6.188000000000000000e+03
6.191000000000000000e+03
6.202000000000000000e+03
6.217000000000000000e+03
6.219000000000000000e+03
6.224000000000000000e+03
6.225000000000000000e+03
6.235000000000000000e+03
6.237000000000000000e+03
6.252000000000000000e+03
6.254000000000000000e+03
6.269000000000000000e+03
6.276000000000000000e+03
6.279000000000000000e+03
6.290000000000000000e+03
6.310000000000000000e+03
6.321000000000000000e+03
6.344000000000000000e+03
6.368000000000000000e+03
6.371000000000000000e+03
6.394000000000000000e+03
6.401000000000000000e+03
6.402000000000000000e+03
6.408000000000000000e+03
6.409000000000000000e+03
6.412000000000000000e+03
6.413000000000000000e+03
6.418000000000000000e+03
6.430000000000000000e+03
6.440000000000000000e+03
6.462000000000000000e+03
6.481000000000000000e+03
6.499000000000000000e+03
6.502000000000000000e+03
6.518000000000000000e+03
6.558000000000000000e+03
6.567000000000000000e+03
6.575000000000000000e+03
6.588000000000000000e+03
6.593000000000000000e+03
6.712000000000000000e+03
6.795000000000000000e+03
6.822000000000000000e+03
6.869000000000000000e+03
6.876000000000000000e+03
6.877000000000000000e+03
6.900000000000000000e+03
6.915000000000000000e+03
7.271000000000000000e+03
7.289000000000000000e+03
7.304000000000000000e+03
7.328000000000000000e+03
7.513000000000000000e+03
7.538000000000000000e+03
7.541000000000000000e+03
7.542000000000000000e+03
7.548000000000000000e+03
7.665000000000000000e+03
7.674000000000000000e+03
7.750000000000000000e+03
7.795000000000000000e+03
8.331000000000000000e+03
8.353000000000000000e+03
8.356000000000000000e+03
8.357000000000000000e+03
8.360000000000000000e+03
8.384000000000000000e+03
8.438000000000000000e+03
8.440000000000000000e+03
8.451000000000000000e+03
8.454000000000000000e+03
8.471000000000000000e+03
8.562000000000000000e+03
8.583000000000000000e+03
8.619000000000000000e+03
8.623000000000000000e+03
8.632000000000000000e+03
8.656000000000000000e+03
8.660000000000000000e+03
8.682000000000000000e+03
8.691000000000000000e+03
8.717000000000000000e+03
8.726000000000000000e+03
9.186000000000000000e+03
9.188000000000000000e+03
9.216000000000000000e+03
9.263000000000000000e+03
9.294000000000000000e+03
9.305000000000000000e+03
9.356000000000000000e+03
9.403000000000000000e+03
9.411000000000000000e+03
9.447000000000000000e+03
9.516000000000000000e+03
9.544000000000000000e+03
9.546000000000000000e+03
9.547000000000000000e+03
9.548000000000000000e+03
9.552000000000000000e+03
9.553000000000000000e+03
9.554000000000000000e+03
9.555000000000000000e+03
9.557000000000000000e+03
9.571000000000000000e+03
9.619000000000000000e+03
1.024500000000000000e+04
1.024900000000000000e+04
1.025000000000000000e+04
1.025100000000000000e+04
1.027700000000000000e+04
1.028800000000000000e+04
1.029000000000000000e+04
1.030100000000000000e+04
1.031300000000000000e+04
1.032400000000000000e+04
1.035400000000000000e+04
1.035900000000000000e+04
1.036000000000000000e+04
1.036300000000000000e+04
1.037300000000000000e+04
1.040600000000000000e+04
1.042100000000000000e+04
1.046500000000000000e+04
1.047600000000000000e+04
1.048700000000000000e+04
1.049900000000000000e+04
1.052200000000000000e+04
1.052500000000000000e+04
1.052900000000000000e+04
1.053000000000000000e+04
1.062700000000000000e+04
1.065100000000000000e+04
1.065900000000000000e+04
1.066400000000000000e+04
1.066600000000000000e+04
1.066800000000000000e+04
1.067200000000000000e+04
1.067400000000000000e+04
1.067500000000000000e+04
1.067600000000000000e+04
1.067700000000000000e+04
1.067800000000000000e+04
1.067900000000000000e+04
1.068100000000000000e+04
1.068200000000000000e+04
1.068300000000000000e+04
1.068400000000000000e+04
1.068600000000000000e+04
1.068700000000000000e+04
1.068800000000000000e+04
1.068900000000000000e+04
1.069000000000000000e+04
1.069300000000000000e+04
1.069400000000000000e+04
1.069500000000000000e+04
1.069600000000000000e+04
1.069700000000000000e+04
1.069800000000000000e+04
1.069900000000000000e+04
1.070000000000000000e+04
1.070100000000000000e+04
1.070200000000000000e+04
1.070300000000000000e+04
1.070500000000000000e+04
1.070600000000000000e+04
1.070700000000000000e+04
1.070800000000000000e+04
1.070900000000000000e+04
1.071000000000000000e+04
1.071100000000000000e+04
1.071200000000000000e+04
1.071300000000000000e+04
1.071400000000000000e+04
1.071500000000000000e+04
1.071600000000000000e+04
1.071700000000000000e+04
1.071800000000000000e+04
1.071900000000000000e+04
1.072100000000000000e+04
1.072300000000000000e+04
1.072400000000000000e+04
1.072900000000000000e+04
1.073200000000000000e+04
1.073300000000000000e+04
1.077700000000000000e+04
1.081600000000000000e+04
1.082100000000000000e+04
1.082500000000000000e+04
1.082600000000000000e+04
1.082800000000000000e+04
1.088600000000000000e+04
1.107900000000000000e+04
1.112700000000000000e+04
1.158300000000000000e+04
1.164000000000000000e+04
1.164500000000000000e+04
1.167800000000000000e+04
1.168400000000000000e+04
1.168900000000000000e+04
1.169400000000000000e+04
1.173500000000000000e+04
1.207300000000000000e+04
1.257200000000000000e+04
1.257400000000000000e+04
1.257500000000000000e+04
1.257700000000000000e+04
1.258100000000000000e+04
1.258200000000000000e+04
1.258600000000000000e+04
1.261900000000000000e+04
1.262400000000000000e+04
1.264500000000000000e+04
1.265500000000000000e+04
1.266100000000000000e+04
1.266300000000000000e+04
1.271500000000000000e+04
1.274500000000000000e+04
1.275000000000000000e+04
1.275600000000000000e+04
1.276900000000000000e+04
1.277100000000000000e+04
1.277200000000000000e+04
1.277500000000000000e+04
1.278500000000000000e+04
1.278900000000000000e+04
1.286000000000000000e+04
1.286600000000000000e+04
1.287500000000000000e+04
1.288900000000000000e+04
1.289300000000000000e+04
1.290000000000000000e+04
1.291100000000000000e+04
1.291300000000000000e+04
1.291600000000000000e+04
1.293800000000000000e+04
1.294100000000000000e+04
1.297400000000000000e+04
1.297900000000000000e+04
1.300400000000000000e+04
1.303700000000000000e+04
1.304800000000000000e+04
1.306400000000000000e+04
1.307500000000000000e+04
1.307900000000000000e+04
1.308200000000000000e+04
1.310300000000000000e+04
1.312100000000000000e+04
1.313800000000000000e+04
1.314500000000000000e+04
1.316400000000000000e+04
1.318500000000000000e+04
1.320300000000000000e+04
1.320700000000000000e+04
1.321800000000000000e+04
1.321900000000000000e+04
1.324300000000000000e+04
1.326100000000000000e+04
1.326600000000000000e+04
1.330000000000000000e+04
1.330900000000000000e+04
1.344100000000000000e+04
1.344600000000000000e+04
1.345100000000000000e+04
1.346100000000000000e+04
1.346400000000000000e+04
1.346700000000000000e+04
1.348900000000000000e+04
1.349600000000000000e+04
1.349800000000000000e+04
1.350300000000000000e+04
1.350700000000000000e+04
1.351400000000000000e+04
1.354300000000000000e+04
1.354500000000000000e+04
1.355100000000000000e+04
1.357300000000000000e+04
1.357500000000000000e+04
1.359200000000000000e+04
1.360200000000000000e+04
1.360600000000000000e+04
1.361200000000000000e+04
1.361300000000000000e+04
1.362300000000000000e+04
1.362800000000000000e+04
1.364400000000000000e+04
1.364900000000000000e+04
1.365800000000000000e+04
1.366100000000000000e+04
1.367600000000000000e+04
1.371100000000000000e+04
1.371900000000000000e+04
1.372900000000000000e+04
1.373100000000000000e+04
1.373700000000000000e+04
1.374700000000000000e+04
1.376900000000000000e+04
1.378000000000000000e+04
1.378900000000000000e+04
1.379100000000000000e+04
1.379600000000000000e+04
1.380200000000000000e+04
1.384900000000000000e+04
1.386000000000000000e+04
1.387200000000000000e+04
1.392900000000000000e+04
1.394300000000000000e+04
1.394400000000000000e+04
1.395800000000000000e+04
1.396100000000000000e+04
1.396500000000000000e+04
1.396600000000000000e+04
1.397200000000000000e+04
1.397500000000000000e+04
1.397800000000000000e+04
1.397900000000000000e+04
1.399500000000000000e+04
1.400000000000000000e+04
1.400100000000000000e+04
1.401500000000000000e+04
1.407000000000000000e+04
1.407300000000000000e+04
1.408700000000000000e+04
1.414400000000000000e+04
1.414800000000000000e+04
1.427000000000000000e+04
1.442100000000000000e+04
1.443500000000000000e+04
1.443600000000000000e+04
1.444200000000000000e+04
1.448700000000000000e+04
1.450300000000000000e+04
1.453100000000000000e+04
1.454100000000000000e+04
1.454200000000000000e+04
1.454400000000000000e+04
1.459500000000000000e+04
1.460500000000000000e+04
1.462500000000000000e+04
1.463300000000000000e+04
1.463400000000000000e+04
1.463700000000000000e+04
1.466400000000000000e+04
1.466600000000000000e+04
1.471000000000000000e+04
1.478700000000000000e+04
1.488400000000000000e+04
1.496300000000000000e+04
1.504500000000000000e+04
1.508500000000000000e+04
1.566800000000000000e+04
1.574500000000000000e+04
1.581700000000000000e+04
1.583200000000000000e+04
1.583900000000000000e+04
1.605900000000000000e+04
1.618100000000000000e+04
1.625600000000000000e+04
1.633500000000000000e+04
1.653300000000000000e+04
1.654700000000000000e+04
1.663800000000000000e+04
1.666100000000000000e+04
1.668500000000000000e+04
1.671300000000000000e+04
1.673200000000000000e+04
1.674900000000000000e+04
1.675000000000000000e+04
1.677300000000000000e+04
1.680600000000000000e+04
1.693900000000000000e+04
1.694100000000000000e+04
1.694200000000000000e+04
1.694300000000000000e+04
1.694600000000000000e+04
1.694800000000000000e+04
1.716300000000000000e+04
1.716900000000000000e+04
1.729300000000000000e+04
1.731100000000000000e+04
1.731500000000000000e+04
1.735600000000000000e+04
1.735800000000000000e+04
1.736200000000000000e+04
1.749900000000000000e+04
1.750200000000000000e+04
1.752200000000000000e+04
1.769600000000000000e+04
1.771900000000000000e+04
1.787800000000000000e+04
1.795400000000000000e+04
1.824800000000000000e+04
1.825000000000000000e+04
1.825200000000000000e+04
1.825300000000000000e+04
1.825400000000000000e+04
1.825500000000000000e+04
1.825600000000000000e+04
1.825700000000000000e+04
1.825800000000000000e+04
1.825900000000000000e+04
1.826000000000000000e+04
1.826100000000000000e+04
1.826200000000000000e+04
1.826300000000000000e+04
1.826400000000000000e+04
1.826500000000000000e+04
1.826600000000000000e+04
1.826800000000000000e+04
1.826900000000000000e+04
1.827000000000000000e+04
1.827100000000000000e+04
1.827200000000000000e+04
1.827300000000000000e+04
1.827400000000000000e+04
1.827500000000000000e+04
1.827600000000000000e+04
1.827700000000000000e+04
1.827800000000000000e+04
1.827900000000000000e+04
1.828000000000000000e+04
1.828100000000000000e+04
1.828200000000000000e+04
1.828300000000000000e+04
1.828400000000000000e+04
1.828500000000000000e+04
1.828600000000000000e+04
1.828700000000000000e+04
1.828800000000000000e+04
1.828900000000000000e+04
1.829000000000000000e+04
1.829100000000000000e+04
1.829200000000000000e+04
1.829300000000000000e+04
1.829600000000000000e+04
1.829700000000000000e+04
1.829900000000000000e+04
1.830000000000000000e+04
1.830100000000000000e+04
1.830200000000000000e+04
1.830400000000000000e+04
1.830500000000000000e+04
1.830600000000000000e+04
1.830700000000000000e+04
1.830800000000000000e+04
1.830900000000000000e+04
1.831000000000000000e+04
1.831100000000000000e+04
1.831200000000000000e+04
1.831300000000000000e+04
1.834400000000000000e+04
1.834600000000000000e+04
1.835800000000000000e+04
1.835900000000000000e+04
1.836400000000000000e+04
1.837800000000000000e+04
1.838300000000000000e+04
1.838400000000000000e+04
1.838600000000000000e+04
1.838800000000000000e+04
1.840000000000000000e+04
1.840700000000000000e+04
1.840800000000000000e+04
1.840900000000000000e+04
1.841900000000000000e+04
1.842200000000000000e+04
1.843400000000000000e+04
1.843700000000000000e+04
1.844600000000000000e+04
1.845600000000000000e+04
1.846100000000000000e+04
1.846200000000000000e+04
1.846600000000000000e+04
1.847200000000000000e+04
1.847300000000000000e+04
1.847600000000000000e+04
1.848500000000000000e+04
1.848600000000000000e+04
1.848700000000000000e+04
1.849000000000000000e+04
1.849200000000000000e+04
1.850600000000000000e+04
1.850800000000000000e+04
1.850900000000000000e+04
1.852100000000000000e+04
1.853400000000000000e+04
1.854400000000000000e+04
1.856100000000000000e+04
1.856700000000000000e+04
1.857100000000000000e+04
1.857300000000000000e+04
1.857600000000000000e+04
1.857900000000000000e+04
1.858500000000000000e+04
1.859000000000000000e+04
1.859900000000000000e+04
1.860200000000000000e+04
1.862200000000000000e+04
1.862700000000000000e+04
1.863700000000000000e+04
1.864100000000000000e+04
1.865200000000000000e+04
1.865700000000000000e+04
1.869000000000000000e+04
1.869100000000000000e+04
1.869300000000000000e+04
1.871000000000000000e+04
1.871600000000000000e+04
1.872800000000000000e+04
1.875200000000000000e+04
1.877200000000000000e+04
1.879900000000000000e+04
1.880600000000000000e+04
1.886700000000000000e+04
1.887400000000000000e+04
1.887500000000000000e+04
1.891300000000000000e+04
1.916400000000000000e+04
1.917000000000000000e+04
1.920100000000000000e+04
1.920700000000000000e+04
1.921400000000000000e+04
1.924600000000000000e+04
1.944300000000000000e+04
1.944500000000000000e+04
1.944700000000000000e+04
1.945000000000000000e+04
1.945200000000000000e+04
1.946700000000000000e+04
1.953300000000000000e+04
1.958400000000000000e+04
1.965800000000000000e+04
1.966100000000000000e+04
1.977400000000000000e+04
2.010800000000000000e+04
2.024000000000000000e+04
2.094400000000000000e+04
2.102400000000000000e+04
2.107800000000000000e+04
2.109500000000000000e+04
2.109900000000000000e+04
2.144900000000000000e+04
2.175400000000000000e+04
2.177100000000000000e+04
2.177200000000000000e+04
2.185500000000000000e+04
2.192900000000000000e+04
2.203400000000000000e+04
2.204100000000000000e+04
2.215700000000000000e+04
2.226700000000000000e+04
2.251200000000000000e+04
2.260600000000000000e+04
2.266200000000000000e+04
2.276900000000000000e+04
2.307000000000000000e+04
2.312400000000000000e+04
2.312800000000000000e+04
2.313600000000000000e+04
2.331000000000000000e+04
2.336200000000000000e+04
2.336500000000000000e+04
2.341300000000000000e+04
2.342800000000000000e+04
2.343400000000000000e+04
2.344100000000000000e+04
2.351900000000000000e+04
2.355100000000000000e+04
2.357100000000000000e+04
2.358100000000000000e+04
2.366600000000000000e+04
2.368800000000000000e+04
2.370800000000000000e+04
2.374300000000000000e+04
2.375500000000000000e+04
2.375600000000000000e+04
2.378100000000000000e+04
2.378800000000000000e+04
2.380300000000000000e+04
2.384300000000000000e+04
2.384500000000000000e+04
2.387200000000000000e+04
2.389100000000000000e+04
2.392400000000000000e+04
2.398500000000000000e+04
2.399300000000000000e+04
2.402100000000000000e+04
2.403000000000000000e+04
2.411100000000000000e+04
2.419800000000000000e+04
2.420300000000000000e+04
2.420500000000000000e+04
2.420700000000000000e+04
2.421400000000000000e+04
2.421700000000000000e+04
2.422400000000000000e+04
2.426000000000000000e+04
2.429100000000000000e+04
2.431900000000000000e+04
2.436200000000000000e+04
2.439200000000000000e+04
2.441800000000000000e+04
2.442200000000000000e+04
2.443100000000000000e+04
2.445300000000000000e+04
2.445800000000000000e+04
2.453500000000000000e+04
2.453600000000000000e+04
2.456300000000000000e+04
2.463400000000000000e+04
2.466100000000000000e+04
2.468400000000000000e+04
2.559700000000000000e+04
2.589500000000000000e+04
2.590200000000000000e+04
2.591900000000000000e+04
2.592000000000000000e+04
2.592600000000000000e+04
2.592800000000000000e+04
2.593100000000000000e+04
2.593700000000000000e+04
2.594000000000000000e+04
2.594100000000000000e+04
2.594700000000000000e+04
2.594900000000000000e+04
2.595200000000000000e+04
2.595400000000000000e+04
2.595500000000000000e+04
2.595800000000000000e+04
2.595900000000000000e+04
2.596000000000000000e+04
2.596100000000000000e+04
2.596500000000000000e+04
2.597000000000000000e+04
2.597400000000000000e+04
2.597500000000000000e+04
2.597600000000000000e+04
2.598000000000000000e+04
2.598600000000000000e+04
2.599000000000000000e+04
2.599200000000000000e+04
2.599500000000000000e+04
2.600000000000000000e+04
2.600700000000000000e+04
2.600900000000000000e+04
2.601000000000000000e+04
2.601100000000000000e+04
2.601900000000000000e+04
2.603900000000000000e+04
2.604100000000000000e+04
2.605500000000000000e+04
2.605600000000000000e+04
2.607800000000000000e+04
2.608200000000000000e+04
2.608400000000000000e+04
2.610000000000000000e+04
2.610500000000000000e+04
2.610700000000000000e+04
2.610800000000000000e+04
2.610900000000000000e+04
2.611100000000000000e+04
2.611300000000000000e+04
2.611400000000000000e+04
2.611500000000000000e+04
2.621300000000000000e+04
2.623200000000000000e+04
2.625400000000000000e+04
2.632200000000000000e+04
2.632400000000000000e+04
2.638000000000000000e+04
2.638300000000000000e+04
2.639500000000000000e+04
2.642900000000000000e+04
2.648000000000000000e+04
2.648200000000000000e+04
2.648400000000000000e+04
2.648500000000000000e+04
2.648700000000000000e+04
2.649000000000000000e+04
2.649200000000000000e+04
2.650300000000000000e+04
2.651300000000000000e+04
2.652600000000000000e+04
2.653300000000000000e+04
2.653500000000000000e+04
2.653800000000000000e+04
2.654300000000000000e+04
2.654500000000000000e+04
2.656000000000000000e+04
2.657300000000000000e+04
2.657900000000000000e+04
2.696500000000000000e+04
2.706600000000000000e+04
2.712000000000000000e+04
2.713000000000000000e+04
2.761600000000000000e+04
2.784100000000000000e+04
2.788200000000000000e+04
2.790900000000000000e+04
2.795500000000000000e+04
2.809500000000000000e+04
2.811500000000000000e+04
2.814500000000000000e+04
2.816200000000000000e+04
2.817200000000000000e+04
2.818100000000000000e+04
2.818500000000000000e+04
2.819600000000000000e+04
2.820500000000000000e+04
2.822100000000000000e+04
2.824000000000000000e+04
2.826900000000000000e+04
2.827100000000000000e+04
2.827300000000000000e+04
2.827500000000000000e+04
2.828200000000000000e+04
2.828600000000000000e+04
2.828700000000000000e+04
2.829000000000000000e+04
2.830000000000000000e+04
2.830800000000000000e+04
2.830900000000000000e+04
2.833400000000000000e+04
2.833700000000000000e+04
2.837300000000000000e+04
2.837900000000000000e+04
2.838700000000000000e+04
2.842400000000000000e+04
2.843200000000000000e+04
2.844300000000000000e+04
2.846000000000000000e+04
2.846700000000000000e+04
2.847300000000000000e+04
2.847500000000000000e+04
2.851400000000000000e+04
2.851700000000000000e+04
2.861900000000000000e+04
2.862200000000000000e+04
2.865000000000000000e+04
2.876600000000000000e+04
2.881700000000000000e+04
2.975300000000000000e+04
2.975400000000000000e+04
2.975700000000000000e+04
2.979200000000000000e+04
2.980800000000000000e+04
2.982900000000000000e+04
2.989600000000000000e+04
3.003000000000000000e+04
3.008900000000000000e+04
3.009100000000000000e+04
3.009200000000000000e+04
3.009500000000000000e+04
3.009900000000000000e+04
3.010400000000000000e+04
3.018400000000000000e+04
3.018500000000000000e+04
3.018700000000000000e+04
3.019100000000000000e+04
3.019200000000000000e+04
3.052800000000000000e+04
3.063500000000000000e+04
3.089200000000000000e+04
3.091900000000000000e+04
3.094400000000000000e+04
3.100700000000000000e+04
3.135300000000000000e+04
3.142200000000000000e+04
3.144600000000000000e+04
3.144900000000000000e+04
3.148500000000000000e+04
3.154300000000000000e+04
3.155100000000000000e+04
3.155200000000000000e+04
3.155600000000000000e+04
3.156600000000000000e+04
3.157000000000000000e+04
3.158700000000000000e+04
3.161900000000000000e+04
3.162200000000000000e+04
3.164900000000000000e+04
3.166700000000000000e+04
3.169700000000000000e+04
3.226800000000000000e+04
3.227000000000000000e+04
3.242000000000000000e+04
3.242100000000000000e+04
3.253800000000000000e+04
3.257800000000000000e+04
3.258400000000000000e+04
3.285600000000000000e+04
3.296800000000000000e+04
3.297600000000000000e+04
3.303800000000000000e+04
3.305900000000000000e+04
3.310500000000000000e+04
3.363600000000000000e+04
3.378700000000000000e+04
3.451400000000000000e+04
3.455300000000000000e+04
3.455400000000000000e+04
3.455600000000000000e+04
3.455700000000000000e+04
3.455800000000000000e+04
3.455900000000000000e+04
3.456000000000000000e+04
3.456100000000000000e+04
3.456200000000000000e+04
3.456600000000000000e+04
3.469500000000000000e+04
3.488000000000000000e+04
3.492300000000000000e+04
3.507300000000000000e+04
3.507700000000000000e+04
3.520100000000000000e+04
3.521100000000000000e+04
3.522800000000000000e+04
3.530000000000000000e+04
3.625500000000000000e+04
3.651400000000000000e+04
3.663400000000000000e+04
3.687600000000000000e+04
3.696700000000000000e+04
3.732700000000000000e+04
3.737700000000000000e+04
3.872800000000000000e+04
3.882200000000000000e+04
3.883300000000000000e+04
3.889800000000000000e+04
3.890700000000000000e+04
3.891400000000000000e+04
3.891500000000000000e+04
3.892300000000000000e+04
3.893700000000000000e+04
3.897900000000000000e+04
3.898400000000000000e+04
3.898500000000000000e+04
3.898700000000000000e+04
3.936200000000000000e+04
3.958600000000000000e+04
4.141100000000000000e+04
4.165000000000000000e+04
4.171000000000000000e+04
4.172100000000000000e+04
4.175100000000000000e+04
4.180600000000000000e+04
4.181200000000000000e+04
4.269000000000000000e+04
4.279500000000000000e+04
4.288600000000000000e+04
4.293000000000000000e+04
4.293100000000000000e+04
4.303100000000000000e+04
4.336900000000000000e+04
4.350800000000000000e+04
4.354300000000000000e+04
4.369100000000000000e+04
4.394600000000000000e+04
4.394700000000000000e+04
4.394800000000000000e+04
4.394900000000000000e+04
4.395000000000000000e+04
4.400700000000000000e+04
4.425200000000000000e+04
4.448500000000000000e+04
4.448800000000000000e+04
4.449900000000000000e+04
4.451400000000000000e+04
4.455500000000000000e+04
4.455700000000000000e+04
4.458900000000000000e+04
4.459100000000000000e+04
4.472100000000000000e+04
4.501700000000000000e+04
4.510700000000000000e+04
4.530100000000000000e+04
4.532500000000000000e+04
4.537500000000000000e+04
4.544800000000000000e+04
4.565400000000000000e+04
4.573000000000000000e+04
4.575800000000000000e+04
4.580000000000000000e+04
4.588100000000000000e+04
4.590300000000000000e+04
4.620900000000000000e+04
4.636800000000000000e+04
4.646400000000000000e+04
4.673600000000000000e+04
4.680100000000000000e+04
4.680400000000000000e+04
4.684500000000000000e+04
4.684600000000000000e+04
4.685000000000000000e+04
4.685500000000000000e+04
4.685600000000000000e+04
4.686500000000000000e+04
4.686900000000000000e+04
4.687500000000000000e+04
4.692600000000000000e+04
4.692700000000000000e+04
4.693000000000000000e+04
4.694100000000000000e+04
4.694800000000000000e+04
4.695100000000000000e+04
4.702700000000000000e+04
4.733200000000000000e+04
4.733400000000000000e+04
4.733500000000000000e+04
4.733600000000000000e+04
4.733700000000000000e+04
4.734000000000000000e+04
4.734600000000000000e+04
4.735200000000000000e+04
4.736500000000000000e+04
4.739600000000000000e+04
4.741100000000000000e+04
4.741600000000000000e+04
4.742100000000000000e+04
4.742900000000000000e+04
4.744300000000000000e+04
4.744400000000000000e+04
4.745100000000000000e+04
4.746100000000000000e+04
4.746900000000000000e+04
4.748200000000000000e+04
4.748500000000000000e+04
4.748600000000000000e+04
4.749100000000000000e+04
4.749200000000000000e+04
4.752000000000000000e+04
4.752100000000000000e+04
4.753400000000000000e+04
4.754800000000000000e+04
4.757400000000000000e+04
4.757700000000000000e+04
4.757900000000000000e+04
4.758300000000000000e+04
4.758900000000000000e+04
4.759500000000000000e+04
4.759700000000000000e+04
4.760400000000000000e+04
4.760500000000000000e+04
4.760600000000000000e+04
4.760700000000000000e+04
4.761600000000000000e+04
4.762800000000000000e+04
4.763500000000000000e+04
4.764900000000000000e+04
4.765600000000000000e+04
4.765900000000000000e+04
4.766600000000000000e+04
4.767200000000000000e+04
4.767300000000000000e+04
4.768200000000000000e+04
4.769200000000000000e+04
4.769500000000000000e+04
4.769900000000000000e+04
4.771600000000000000e+04
4.772500000000000000e+04
4.773600000000000000e+04
4.775000000000000000e+04
4.777000000000000000e+04
4.781000000000000000e+04
4.781100000000000000e+04
4.783400000000000000e+04
4.783800000000000000e+04
4.784900000000000000e+04
4.786700000000000000e+04
4.787400000000000000e+04
4.789400000000000000e+04
4.790100000000000000e+04
4.790500000000000000e+04
4.790900000000000000e+04
4.791900000000000000e+04
4.792400000000000000e+04
4.792600000000000000e+04
4.796500000000000000e+04
4.797500000000000000e+04
4.798100000000000000e+04
4.798600000000000000e+04
4.798900000000000000e+04
4.799100000000000000e+04
4.801800000000000000e+04
4.802300000000000000e+04
4.802400000000000000e+04
4.802900000000000000e+04
4.804000000000000000e+04
4.804500000000000000e+04
4.804700000000000000e+04
4.806400000000000000e+04
4.806900000000000000e+04
4.807400000000000000e+04
4.809000000000000000e+04
4.809500000000000000e+04
4.809900000000000000e+04
4.810600000000000000e+04
4.810700000000000000e+04
4.811000000000000000e+04
4.812500000000000000e+04
4.813100000000000000e+04
4.813800000000000000e+04
4.815100000000000000e+04
4.818600000000000000e+04
4.822800000000000000e+04
4.827300000000000000e+04
4.827600000000000000e+04
4.829000000000000000e+04
4.829200000000000000e+04
4.829700000000000000e+04
4.830600000000000000e+04
4.831000000000000000e+04
4.831900000000000000e+04
4.832900000000000000e+04
4.833000000000000000e+04
4.833600000000000000e+04
4.834900000000000000e+04
4.835300000000000000e+04
4.835700000000000000e+04
4.835900000000000000e+04
4.836200000000000000e+04
4.836300000000000000e+04
4.836400000000000000e+04
4.836600000000000000e+04
4.848500000000000000e+04
4.851700000000000000e+04
4.852900000000000000e+04
4.853700000000000000e+04
4.854300000000000000e+04
4.854400000000000000e+04
4.903000000000000000e+04
4.909700000000000000e+04
4.910500000000000000e+04
4.910800000000000000e+04
4.911600000000000000e+04
4.911800000000000000e+04
4.912600000000000000e+04
4.912900000000000000e+04
4.913300000000000000e+04
4.926000000000000000e+04
4.926100000000000000e+04
4.943200000000000000e+04
4.943300000000000000e+04
4.976200000000000000e+04
4.988300000000000000e+04
5.019400000000000000e+04
5.019500000000000000e+04
5.020300000000000000e+04
5.020800000000000000e+04
5.022100000000000000e+04
5.022300000000000000e+04
5.022400000000000000e+04
5.022700000000000000e+04
5.023000000000000000e+04
5.024000000000000000e+04
5.024200000000000000e+04
5.024400000000000000e+04
5.024800000000000000e+04
5.024900000000000000e+04
5.027200000000000000e+04
5.027300000000000000e+04
5.027800000000000000e+04
5.028200000000000000e+04
5.029000000000000000e+04
5.029900000000000000e+04
5.032800000000000000e+04
5.033500000000000000e+04
5.036100000000000000e+04
5.036800000000000000e+04
5.038100000000000000e+04
5.038800000000000000e+04
5.039000000000000000e+04
5.063700000000000000e+04
5.064000000000000000e+04
5.064800000000000000e+04
5.065200000000000000e+04
5.065700000000000000e+04
5.065900000000000000e+04
5.066500000000000000e+04
5.066600000000000000e+04
5.066700000000000000e+04
5.066800000000000000e+04
5.067200000000000000e+04
5.067800000000000000e+04
5.068000000000000000e+04
5.068200000000000000e+04
5.069600000000000000e+04
5.069700000000000000e+04
5.069800000000000000e+04
5.070800000000000000e+04
5.071100000000000000e+04
5.071200000000000000e+04
5.071400000000000000e+04
5.071800000000000000e+04
5.072400000000000000e+04
5.072500000000000000e+04
5.073100000000000000e+04
5.073300000000000000e+04
5.073500000000000000e+04
5.073600000000000000e+04
5.074100000000000000e+04
5.074200000000000000e+04
5.074900000000000000e+04
5.075100000000000000e+04
5.075500000000000000e+04
5.075600000000000000e+04
5.076000000000000000e+04
5.076100000000000000e+04
5.076800000000000000e+04
5.077200000000000000e+04
5.077500000000000000e+04
5.077700000000000000e+04
5.078000000000000000e+04
5.078100000000000000e+04
5.079500000000000000e+04
5.079600000000000000e+04
5.079800000000000000e+04
5.080000000000000000e+04
5.080300000000000000e+04
5.080400000000000000e+04
5.080500000000000000e+04
5.080600000000000000e+04
5.080700000000000000e+04
5.081400000000000000e+04
5.081900000000000000e+04
5.082200000000000000e+04
5.082500000000000000e+04
5.083200000000000000e+04
5.083600000000000000e+04
5.083800000000000000e+04
5.083900000000000000e+04
5.084000000000000000e+04
5.084100000000000000e+04
5.084600000000000000e+04
5.084800000000000000e+04
5.084900000000000000e+04
5.085100000000000000e+04
5.085700000000000000e+04
5.085800000000000000e+04
5.086100000000000000e+04
5.086600000000000000e+04
5.086900000000000000e+04
5.087800000000000000e+04
5.087900000000000000e+04
5.088400000000000000e+04
5.089600000000000000e+04
5.089800000000000000e+04
5.089900000000000000e+04
5.090100000000000000e+04
5.090200000000000000e+04
5.091300000000000000e+04
5.093000000000000000e+04
5.094400000000000000e+04
5.095000000000000000e+04
5.096400000000000000e+04
5.096500000000000000e+04
5.097000000000000000e+04
5.097700000000000000e+04
5.098100000000000000e+04
5.098200000000000000e+04
5.098600000000000000e+04
5.099100000000000000e+04
5.100800000000000000e+04
5.111200000000000000e+04
5.113000000000000000e+04
5.113400000000000000e+04
5.114000000000000000e+04
5.114100000000000000e+04
5.114600000000000000e+04
5.114700000000000000e+04
5.115000000000000000e+04
5.119100000000000000e+04
5.119400000000000000e+04
5.120000000000000000e+04
5.120700000000000000e+04
5.121100000000000000e+04
5.121400000000000000e+04
5.121600000000000000e+04
5.121800000000000000e+04
5.123300000000000000e+04
5.126000000000000000e+04
5.128600000000000000e+04
5.130800000000000000e+04
5.134700000000000000e+04
5.137100000000000000e+04
5.137900000000000000e+04
5.138300000000000000e+04
5.138500000000000000e+04
5.140200000000000000e+04
5.140400000000000000e+04
5.141100000000000000e+04
5.146700000000000000e+04
5.147200000000000000e+04
5.151600000000000000e+04
5.156100000000000000e+04
5.156300000000000000e+04
5.163400000000000000e+04
5.164000000000000000e+04
5.164200000000000000e+04
5.164900000000000000e+04
5.165800000000000000e+04
5.166100000000000000e+04
5.166200000000000000e+04
5.168700000000000000e+04
5.168900000000000000e+04
5.174100000000000000e+04
5.174200000000000000e+04
5.185900000000000000e+04
5.186500000000000000e+04
5.188900000000000000e+04
5.190000000000000000e+04
5.191100000000000000e+04
5.192800000000000000e+04
5.194500000000000000e+04
5.195800000000000000e+04
5.198400000000000000e+04
5.199300000000000000e+04
5.203300000000000000e+04
5.205300000000000000e+04
5.295900000000000000e+04
5.351900000000000000e+04
5.352200000000000000e+04
5.353200000000000000e+04
5.353400000000000000e+04
5.353600000000000000e+04
5.354300000000000000e+04
5.354800000000000000e+04
5.355000000000000000e+04
5.355900000000000000e+04
5.356200000000000000e+04
5.356700000000000000e+04
5.357900000000000000e+04
5.358400000000000000e+04
5.359000000000000000e+04
5.359100000000000000e+04
5.359600000000000000e+04
5.361200000000000000e+04
5.361900000000000000e+04
5.362400000000000000e+04
5.362500000000000000e+04
5.364100000000000000e+04
5.364800000000000000e+04
5.365200000000000000e+04
5.365300000000000000e+04
5.368000000000000000e+04
5.369100000000000000e+04
5.370900000000000000e+04
5.373400000000000000e+04
5.374800000000000000e+04
5.375200000000000000e+04
5.376100000000000000e+04
5.379800000000000000e+04
5.380600000000000000e+04
5.399700000000000000e+04
5.400700000000000000e+04
5.403200000000000000e+04
5.403900000000000000e+04
5.404000000000000000e+04
5.404100000000000000e+04
5.404500000000000000e+04
5.418600000000000000e+04
5.424000000000000000e+04
5.424200000000000000e+04
5.424500000000000000e+04
5.426600000000000000e+04
5.427300000000000000e+04
5.428500000000000000e+04
5.428600000000000000e+04
5.429000000000000000e+04
5.431300000000000000e+04
5.432300000000000000e+04
5.432400000000000000e+04
5.433400000000000000e+04
5.436300000000000000e+04
5.437100000000000000e+04
5.437500000000000000e+04
5.437900000000000000e+04
5.443800000000000000e+04
5.447800000000000000e+04
5.447900000000000000e+04
5.448700000000000000e+04
5.454900000000000000e+04
5.457600000000000000e+04
5.459700000000000000e+04
5.460500000000000000e+04
5.460800000000000000e+04
5.461300000000000000e+04
5.465000000000000000e+04
5.465200000000000000e+04
5.466100000000000000e+04
5.466500000000000000e+04
5.468800000000000000e+04
5.469100000000000000e+04
5.469700000000000000e+04
5.472500000000000000e+04
5.472800000000000000e+04
5.474700000000000000e+04
5.475400000000000000e+04
5.483700000000000000e+04
5.484300000000000000e+04
5.484600000000000000e+04
5.484800000000000000e+04
5.487200000000000000e+04
5.487500000000000000e+04
5.488300000000000000e+04
5.488400000000000000e+04
5.501800000000000000e+04
5.501900000000000000e+04
5.502500000000000000e+04
5.502800000000000000e+04
5.503300000000000000e+04
5.503500000000000000e+04
5.504200000000000000e+04
5.509600000000000000e+04
5.509900000000000000e+04
5.510700000000000000e+04
5.510900000000000000e+04
5.511100000000000000e+04
5.513500000000000000e+04
5.518000000000000000e+04
5.518800000000000000e+04
5.521600000000000000e+04
5.525700000000000000e+04
5.526300000000000000e+04
5.526500000000000000e+04
5.532100000000000000e+04
5.537300000000000000e+04
5.541900000000000000e+04
5.543100000000000000e+04
5.544900000000000000e+04
5.545600000000000000e+04
5.546500000000000000e+04
5.546900000000000000e+04
5.547600000000000000e+04
5.548600000000000000e+04
5.548700000000000000e+04
5.549200000000000000e+04
5.549400000000000000e+04
5.549800000000000000e+04
5.550400000000000000e+04
5.551200000000000000e+04
5.552500000000000000e+04
5.553100000000000000e+04
5.554800000000000000e+04
5.557400000000000000e+04
5.561100000000000000e+04
5.562200000000000000e+04
5.563500000000000000e+04
5.563900000000000000e+04
5.564400000000000000e+04
5.589700000000000000e+04
5.601900000000000000e+04
5.602000000000000000e+04
5.602200000000000000e+04
5.608800000000000000e+04
5.615100000000000000e+04
5.616400000000000000e+04
5.617600000000000000e+04
5.618600000000000000e+04
5.619000000000000000e+04
5.619200000000000000e+04
5.620300000000000000e+04
5.639800000000000000e+04
5.642200000000000000e+04
5.654300000000000000e+04
5.676100000000000000e+04
5.676200000000000000e+04
5.676300000000000000e+04
5.677000000000000000e+04
5.677600000000000000e+04
5.677700000000000000e+04
5.678000000000000000e+04
5.678200000000000000e+04
5.678700000000000000e+04
5.678800000000000000e+04
5.678900000000000000e+04
5.680300000000000000e+04
5.680600000000000000e+04
5.682000000000000000e+04
5.682100000000000000e+04
5.682500000000000000e+04
5.682600000000000000e+04
5.686800000000000000e+04
5.686900000000000000e+04
5.687800000000000000e+04
5.688200000000000000e+04
5.708500000000000000e+04
5.710400000000000000e+04
5.716800000000000000e+04
5.724100000000000000e+04
5.736300000000000000e+04
5.738000000000000000e+04
5.756900000000000000e+04
5.758800000000000000e+04
5.759100000000000000e+04
5.759400000000000000e+04
5.760300000000000000e+04
5.762600000000000000e+04
5.763100000000000000e+04
5.764100000000000000e+04
5.764200000000000000e+04
5.764300000000000000e+04
5.764700000000000000e+04
5.764900000000000000e+04
5.765100000000000000e+04
5.768300000000000000e+04
5.768800000000000000e+04
5.769200000000000000e+04
5.776700000000000000e+04
5.777000000000000000e+04
5.777700000000000000e+04
5.779500000000000000e+04
5.780100000000000000e+04
5.780600000000000000e+04
5.782400000000000000e+04
5.788000000000000000e+04
5.799900000000000000e+04
5.819600000000000000e+04
5.822600000000000000e+04
5.827400000000000000e+04
5.834700000000000000e+04
5.850400000000000000e+04
5.851300000000000000e+04
5.855300000000000000e+04
5.859100000000000000e+04
5.859200000000000000e+04
5.860100000000000000e+04
5.861600000000000000e+04
5.866900000000000000e+04
5.869200000000000000e+04
5.869700000000000000e+04
5.870400000000000000e+04
5.875400000000000000e+04
5.876300000000000000e+04
5.876600000000000000e+04
5.878700000000000000e+04
5.879800000000000000e+04
5.881300000000000000e+04
5.889700000000000000e+04
5.890200000000000000e+04
5.890600000000000000e+04
5.890800000000000000e+04
5.892000000000000000e+04
5.896000000000000000e+04
5.897700000000000000e+04
5.899600000000000000e+04
5.899800000000000000e+04
5.904100000000000000e+04
5.904800000000000000e+04
5.905200000000000000e+04
5.913700000000000000e+04
5.923400000000000000e+04
5.924000000000000000e+04
5.931500000000000000e+04
5.932700000000000000e+04
5.932800000000000000e+04
5.932900000000000000e+04
5.933500000000000000e+04
5.934200000000000000e+04
5.934900000000000000e+04
5.936300000000000000e+04
5.943200000000000000e+04
5.947700000000000000e+04
5.950600000000000000e+04
5.951700000000000000e+04
5.960600000000000000e+04
5.962900000000000000e+04
5.963100000000000000e+04
5.964200000000000000e+04
5.972900000000000000e+04
5.977600000000000000e+04
5.977800000000000000e+04
5.978800000000000000e+04
5.987800000000000000e+04
6.016100000000000000e+04
6.033300000000000000e+04
6.036000000000000000e+04
6.040500000000000000e+04
6.040900000000000000e+04
6.041900000000000000e+04
6.042000000000000000e+04
6.042600000000000000e+04
6.043000000000000000e+04
6.044900000000000000e+04
6.045500000000000000e+04
6.046000000000000000e+04
6.046800000000000000e+04
6.047300000000000000e+04
6.047700000000000000e+04
6.048900000000000000e+04
6.052500000000000000e+04
6.053100000000000000e+04
6.053500000000000000e+04
6.055600000000000000e+04
6.086700000000000000e+04
6.126500000000000000e+04
6.155700000000000000e+04
6.156600000000000000e+04
6.212500000000000000e+04
6.213000000000000000e+04
6.213100000000000000e+04
6.216200000000000000e+04
6.282400000000000000e+04
6.308800000000000000e+04
6.309900000000000000e+04
6.310400000000000000e+04
6.312000000000000000e+04
6.314300000000000000e+04
6.314800000000000000e+04
6.316700000000000000e+04
6.317800000000000000e+04
6.321000000000000000e+04
6.323400000000000000e+04
6.323500000000000000e+04
6.323800000000000000e+04
6.327400000000000000e+04
6.327600000000000000e+04
6.327900000000000000e+04
6.329300000000000000e+04
6.331800000000000000e+04
6.332400000000000000e+04
6.332600000000000000e+04
6.337400000000000000e+04
6.349900000000000000e+04
6.436400000000000000e+04
6.439200000000000000e+04
6.462400000000000000e+04
6.463400000000000000e+04
6.469900000000000000e+04
6.470700000000000000e+04
6.472100000000000000e+04
6.472200000000000000e+04
6.475200000000000000e+04
6.477100000000000000e+04
6.477300000000000000e+04
6.523200000000000000e+04
6.524100000000000000e+04
6.525000000000000000e+04
6.525700000000000000e+04
6.527600000000000000e+04
6.530100000000000000e+04
6.532900000000000000e+04
6.537500000000000000e+04
6.545100000000000000e+04
6.547000000000000000e+04
6.547100000000000000e+04
6.547300000000000000e+04
6.547500000000000000e+04
6.547800000000000000e+04
6.548100000000000000e+04
6.548300000000000000e+04
6.548400000000000000e+04
6.548500000000000000e+04
6.549000000000000000e+04
6.549300000000000000e+04
6.553400000000000000e+04
6.556000000000000000e+04
6.560900000000000000e+04
6.640700000000000000e+04
6.654700000000000000e+04
6.655000000000000000e+04
6.655500000000000000e+04
6.661900000000000000e+04
6.719400000000000000e+04
6.742100000000000000e+04
6.742500000000000000e+04
6.743200000000000000e+04
6.756300000000000000e+04
6.756600000000000000e+04
6.759300000000000000e+04
6.782200000000000000e+04
6.787600000000000000e+04
6.789700000000000000e+04
6.795200000000000000e+04
6.796300000000000000e+04
6.796500000000000000e+04
6.797000000000000000e+04
6.815800000000000000e+04
6.825600000000000000e+04
6.869400000000000000e+04
6.873400000000000000e+04
6.873800000000000000e+04
6.886900000000000000e+04
6.894500000000000000e+04
6.896200000000000000e+04
6.928100000000000000e+04
6.930700000000000000e+04
6.930900000000000000e+04
6.932500000000000000e+04
6.932800000000000000e+04
6.957800000000000000e+04
6.993800000000000000e+04
7.000100000000000000e+04
7.006500000000000000e+04
7.006700000000000000e+04
7.006900000000000000e+04
7.008100000000000000e+04
7.016600000000000000e+04
7.018100000000000000e+04
7.018500000000000000e+04
7.033300000000000000e+04
7.036600000000000000e+04
7.036700000000000000e+04
7.037100000000000000e+04
7.037300000000000000e+04
7.037800000000000000e+04
7.038000000000000000e+04
7.038400000000000000e+04
7.038600000000000000e+04
7.038700000000000000e+04
7.039900000000000000e+04
7.040100000000000000e+04
7.040200000000000000e+04
7.040500000000000000e+04
7.040800000000000000e+04
7.041000000000000000e+04
7.041600000000000000e+04
7.042300000000000000e+04
7.042500000000000000e+04
7.043500000000000000e+04
7.043900000000000000e+04
7.044400000000000000e+04
7.044700000000000000e+04
7.045600000000000000e+04
7.045700000000000000e+04
7.046400000000000000e+04
7.046600000000000000e+04
7.051100000000000000e+04
7.051900000000000000e+04
7.057100000000000000e+04
7.081800000000000000e+04
7.093200000000000000e+04
7.093300000000000000e+04
7.093400000000000000e+04
7.097500000000000000e+04
7.105200000000000000e+04
7.105400000000000000e+04
7.106100000000000000e+04
7.107300000000000000e+04
7.282400000000000000e+04
7.325200000000000000e+04
7.329800000000000000e+04
7.331300000000000000e+04
7.331600000000000000e+04
7.345400000000000000e+04
7.366600000000000000e+04
7.388600000000000000e+04
7.390700000000000000e+04
7.397900000000000000e+04
7.446000000000000000e+04
7.460000000000000000e+04
7.471600000000000000e+04
7.471900000000000000e+04
7.475500000000000000e+04
7.475600000000000000e+04
7.475700000000000000e+04
7.475800000000000000e+04
7.475900000000000000e+04
7.476000000000000000e+04
7.477200000000000000e+04
7.477300000000000000e+04
7.477400000000000000e+04
7.477500000000000000e+04
7.477600000000000000e+04
7.496800000000000000e+04
7.496900000000000000e+04
7.497000000000000000e+04
7.497600000000000000e+04
7.497900000000000000e+04
7.510800000000000000e+04
7.510900000000000000e+04
7.511000000000000000e+04
7.511100000000000000e+04
7.523200000000000000e+04
7.525300000000000000e+04
7.539200000000000000e+04
7.554700000000000000e+04
7.559000000000000000e+04
7.560600000000000000e+04
7.568900000000000000e+04
7.569000000000000000e+04
7.572900000000000000e+04
7.576200000000000000e+04
7.584600000000000000e+04
7.585100000000000000e+04
7.600200000000000000e+04
7.663000000000000000e+04
7.667900000000000000e+04
7.671200000000000000e+04
