9.000000000000000000e+01
7.610000000000000000e+02
7.970000000000000000e+02
9.810000000000000000e+02
1.115000000000000000e+03
1.122000000000000000e+03
1.182000000000000000e+03
1.250000000000000000e+03
1.439000000000000000e+03
1.510000000000000000e+03
1.702000000000000000e+03
1.712000000000000000e+03
1.723000000000000000e+03
1.782000000000000000e+03
1.858000000000000000e+03
1.875000000000000000e+03
1.893000000000000000e+03
1.963000000000000000e+03
1.988000000000000000e+03
2.049000000000000000e+03
2.178000000000000000e+03
2.203000000000000000e+03
2.294000000000000000e+03
2.300000000000000000e+03
2.316000000000000000e+03
2.376000000000000000e+03
2.385000000000000000e+03
2.396000000000000000e+03
2.415000000000000000e+03
2.498000000000000000e+03
2.501000000000000000e+03
2.520000000000000000e+03
2.651000000000000000e+03
2.686000000000000000e+03
2.804000000000000000e+03
2.806000000000000000e+03
2.970000000000000000e+03
3.253000000000000000e+03
3.483000000000000000e+03
3.623000000000000000e+03
3.713000000000000000e+03
3.756000000000000000e+03
3.792000000000000000e+03
3.906000000000000000e+03
3.913000000000000000e+03
4.555000000000000000e+03
4.598000000000000000e+03
5.154000000000000000e+03
5.380000000000000000e+03
5.441000000000000000e+03
5.500000000000000000e+03
5.582000000000000000e+03
5.606000000000000000e+03
5.877000000000000000e+03
5.987000000000000000e+03
6.060000000000000000e+03
6.075000000000000000e+03
6.168000000000000000e+03
6.184000000000000000e+03
6.941000000000000000e+03
6.989000000000000000e+03
7.007000000000000000e+03
7.020000000000000000e+03
7.028000000000000000e+03
7.101000000000000000e+03
7.139000000000000000e+03
7.143000000000000000e+03
7.199000000000000000e+03
7.203000000000000000e+03
7.205000000000000000e+03
7.226000000000000000e+03
7.235000000000000000e+03
7.427000000000000000e+03
7.467000000000000000e+03
7.519000000000000000e+03
7.571000000000000000e+03
7.620000000000000000e+03
7.644000000000000000e+03
7.706000000000000000e+03
7.710000000000000000e+03
7.743000000000000000e+03
7.767000000000000000e+03
7.789000000000000000e+03
7.993000000000000000e+03
8.039000000000000000e+03
8.061000000000000000e+03
8.082000000000000000e+03
8.119000000000000000e+03
8.144000000000000000e+03
8.184000000000000000e+03
8.301000000000000000e+03
8.306000000000000000e+03
8.329000000000000000e+03
8.390000000000000000e+03
8.413000000000000000e+03
8.453000000000000000e+03
8.645000000000000000e+03
9.538000000000000000e+03
9.541000000000000000e+03
9.575000000000000000e+03
9.650000000000000000e+03
9.766000000000000000e+03
9.771000000000000000e+03
9.786000000000000000e+03
9.801000000000000000e+03
1.016500000000000000e+04
1.038100000000000000e+04
1.038800000000000000e+04
1.039100000000000000e+04
1.047500000000000000e+04
1.048200000000000000e+04
1.055000000000000000e+04
1.057000000000000000e+04
1.073000000000000000e+04
1.078400000000000000e+04
1.082700000000000000e+04
1.084900000000000000e+04
1.090200000000000000e+04
1.123500000000000000e+04
1.164100000000000000e+04
1.167400000000000000e+04
1.170300000000000000e+04
1.214800000000000000e+04
1.217300000000000000e+04
1.226100000000000000e+04
1.233000000000000000e+04
1.235200000000000000e+04
1.237500000000000000e+04
1.260200000000000000e+04
1.268200000000000000e+04
1.291700000000000000e+04
1.292000000000000000e+04
1.314400000000000000e+04
1.316800000000000000e+04
1.319100000000000000e+04
1.339000000000000000e+04
1.340600000000000000e+04
1.347000000000000000e+04
1.366600000000000000e+04
1.384800000000000000e+04
1.395400000000000000e+04
1.407200000000000000e+04
1.432300000000000000e+04
1.433200000000000000e+04
1.441100000000000000e+04
1.472900000000000000e+04
1.501600000000000000e+04
1.549000000000000000e+04
1.552400000000000000e+04
1.555200000000000000e+04
1.566900000000000000e+04
1.568900000000000000e+04
1.569600000000000000e+04
1.569800000000000000e+04
1.571800000000000000e+04
1.572200000000000000e+04
1.573000000000000000e+04
1.573300000000000000e+04
1.588100000000000000e+04
1.598400000000000000e+04
1.598800000000000000e+04
1.601700000000000000e+04
1.604400000000000000e+04
1.605400000000000000e+04
1.607100000000000000e+04
1.608300000000000000e+04
1.611500000000000000e+04
1.611800000000000000e+04
1.616500000000000000e+04
1.617900000000000000e+04
1.618800000000000000e+04
1.622900000000000000e+04
1.633700000000000000e+04
1.636800000000000000e+04
1.637200000000000000e+04
1.639700000000000000e+04
1.649600000000000000e+04
1.652300000000000000e+04
1.695800000000000000e+04
1.696200000000000000e+04
1.724700000000000000e+04
1.734100000000000000e+04
1.747500000000000000e+04
1.748200000000000000e+04
1.751100000000000000e+04
1.753800000000000000e+04
1.761400000000000000e+04
1.767800000000000000e+04
1.776000000000000000e+04
1.791800000000000000e+04
1.807100000000000000e+04
1.844900000000000000e+04
1.845100000000000000e+04
1.846000000000000000e+04
1.847500000000000000e+04
1.848900000000000000e+04
1.852400000000000000e+04
1.853200000000000000e+04
1.859600000000000000e+04
1.944800000000000000e+04
1.979600000000000000e+04
1.999400000000000000e+04
2.010700000000000000e+04
2.017300000000000000e+04
2.018200000000000000e+04
2.018400000000000000e+04
2.019700000000000000e+04
2.019900000000000000e+04
2.021800000000000000e+04
2.028100000000000000e+04
2.028700000000000000e+04
2.034900000000000000e+04
2.035400000000000000e+04
2.036300000000000000e+04
2.037100000000000000e+04
2.037500000000000000e+04
2.037800000000000000e+04
2.038800000000000000e+04
2.038900000000000000e+04
2.039400000000000000e+04
2.040800000000000000e+04
2.041300000000000000e+04
2.042700000000000000e+04
2.049200000000000000e+04
2.049600000000000000e+04
2.049700000000000000e+04
2.050000000000000000e+04
2.050700000000000000e+04
2.051500000000000000e+04
2.052300000000000000e+04
2.054400000000000000e+04
2.056100000000000000e+04
2.056300000000000000e+04
2.056400000000000000e+04
2.057600000000000000e+04
2.057800000000000000e+04
2.060000000000000000e+04
2.060400000000000000e+04
2.060800000000000000e+04
2.061400000000000000e+04
2.062300000000000000e+04
2.062700000000000000e+04
2.062800000000000000e+04
2.063000000000000000e+04
2.063100000000000000e+04
2.063200000000000000e+04
2.063400000000000000e+04
2.063500000000000000e+04
2.063800000000000000e+04
2.063900000000000000e+04
2.064300000000000000e+04
2.064500000000000000e+04
2.064600000000000000e+04
2.064900000000000000e+04
2.065000000000000000e+04
2.065200000000000000e+04
2.066500000000000000e+04
2.066600000000000000e+04
2.066700000000000000e+04
2.067100000000000000e+04
2.068400000000000000e+04
2.068500000000000000e+04
2.068600000000000000e+04
2.071000000000000000e+04
2.078900000000000000e+04
2.084200000000000000e+04
2.085500000000000000e+04
2.088900000000000000e+04
2.096900000000000000e+04
2.098400000000000000e+04
2.103000000000000000e+04
2.104500000000000000e+04
2.106500000000000000e+04
2.109000000000000000e+04
2.114600000000000000e+04
2.115700000000000000e+04
2.116400000000000000e+04
2.126800000000000000e+04
2.129700000000000000e+04
2.130400000000000000e+04
2.132200000000000000e+04
2.142100000000000000e+04
2.144000000000000000e+04
2.153800000000000000e+04
2.179600000000000000e+04
2.182200000000000000e+04
2.193500000000000000e+04
2.199900000000000000e+04
2.295600000000000000e+04
2.296800000000000000e+04
2.300400000000000000e+04
2.300700000000000000e+04
2.301500000000000000e+04
2.316500000000000000e+04
2.318900000000000000e+04
2.322500000000000000e+04
2.330600000000000000e+04
2.334100000000000000e+04
2.339400000000000000e+04
2.398100000000000000e+04
2.407400000000000000e+04
2.411000000000000000e+04
2.412200000000000000e+04
2.420400000000000000e+04
2.433400000000000000e+04
2.442700000000000000e+04
2.473900000000000000e+04
2.493700000000000000e+04
2.494800000000000000e+04
2.505600000000000000e+04
2.507100000000000000e+04
2.508200000000000000e+04
2.512700000000000000e+04
2.512800000000000000e+04
2.515400000000000000e+04
2.519900000000000000e+04
2.528700000000000000e+04
2.535200000000000000e+04
2.559400000000000000e+04
2.561200000000000000e+04
2.568000000000000000e+04
2.568500000000000000e+04
2.569900000000000000e+04
2.570400000000000000e+04
2.575200000000000000e+04
2.576100000000000000e+04
2.576600000000000000e+04
2.577200000000000000e+04
2.578000000000000000e+04
2.578400000000000000e+04
2.586200000000000000e+04
2.607900000000000000e+04
2.611600000000000000e+04
2.647500000000000000e+04
2.666400000000000000e+04
2.671700000000000000e+04
2.679400000000000000e+04
2.680000000000000000e+04
2.681700000000000000e+04
2.682200000000000000e+04
2.686500000000000000e+04
2.687600000000000000e+04
2.688800000000000000e+04
2.692700000000000000e+04
2.700200000000000000e+04
2.715000000000000000e+04
2.715100000000000000e+04
2.715400000000000000e+04
2.719800000000000000e+04
2.724800000000000000e+04
2.727200000000000000e+04
2.727500000000000000e+04
2.730600000000000000e+04
2.731600000000000000e+04
2.731900000000000000e+04
2.732900000000000000e+04
2.733400000000000000e+04
2.739300000000000000e+04
2.751200000000000000e+04
2.756700000000000000e+04
2.757400000000000000e+04
2.766900000000000000e+04
2.768600000000000000e+04
2.770500000000000000e+04
2.772000000000000000e+04
2.780600000000000000e+04
2.786200000000000000e+04
2.787400000000000000e+04
2.789900000000000000e+04
2.791700000000000000e+04
2.794500000000000000e+04
2.794900000000000000e+04
2.799300000000000000e+04
2.799600000000000000e+04
2.806600000000000000e+04
2.806800000000000000e+04
2.819700000000000000e+04
2.824600000000000000e+04
2.825700000000000000e+04
2.829500000000000000e+04
2.844500000000000000e+04
2.853700000000000000e+04
2.863400000000000000e+04
2.872200000000000000e+04
2.873700000000000000e+04
2.873800000000000000e+04
2.880500000000000000e+04
2.884600000000000000e+04
2.887400000000000000e+04
2.904400000000000000e+04
2.905000000000000000e+04
2.905800000000000000e+04
2.906700000000000000e+04
2.909000000000000000e+04
2.909300000000000000e+04
2.909600000000000000e+04
2.909800000000000000e+04
2.910500000000000000e+04
2.927300000000000000e+04
2.928900000000000000e+04
2.931700000000000000e+04
2.935800000000000000e+04
2.976000000000000000e+04
3.009300000000000000e+04
3.010200000000000000e+04
3.010300000000000000e+04
3.010600000000000000e+04
3.015800000000000000e+04
3.020700000000000000e+04
3.022000000000000000e+04
3.035400000000000000e+04
3.044400000000000000e+04
3.045400000000000000e+04
3.046400000000000000e+04
3.046500000000000000e+04
3.046600000000000000e+04
3.046800000000000000e+04
3.049800000000000000e+04
3.053200000000000000e+04
3.053900000000000000e+04
3.069000000000000000e+04
3.069800000000000000e+04
3.070000000000000000e+04
3.070500000000000000e+04
3.071100000000000000e+04
3.077000000000000000e+04
3.087200000000000000e+04
3.098900000000000000e+04
3.103300000000000000e+04
3.104600000000000000e+04
3.115500000000000000e+04
3.118900000000000000e+04
3.129300000000000000e+04
3.137200000000000000e+04
3.138400000000000000e+04
3.143100000000000000e+04
3.144000000000000000e+04
3.146800000000000000e+04
3.160300000000000000e+04
3.169900000000000000e+04
3.173300000000000000e+04
3.177100000000000000e+04
3.178200000000000000e+04
3.180000000000000000e+04
3.188700000000000000e+04
3.188900000000000000e+04
3.193300000000000000e+04
3.196700000000000000e+04
3.201100000000000000e+04
3.217200000000000000e+04
3.225500000000000000e+04
3.228400000000000000e+04
3.228800000000000000e+04
3.232500000000000000e+04
3.239000000000000000e+04
3.245400000000000000e+04
3.252200000000000000e+04
3.263400000000000000e+04
3.263500000000000000e+04
3.263900000000000000e+04
3.268200000000000000e+04
3.269700000000000000e+04
3.270600000000000000e+04
3.274000000000000000e+04
3.292900000000000000e+04
3.298900000000000000e+04
3.311400000000000000e+04
3.322700000000000000e+04
3.323800000000000000e+04
3.326600000000000000e+04
3.330300000000000000e+04
3.339700000000000000e+04
3.342000000000000000e+04
3.342600000000000000e+04
3.404500000000000000e+04
3.411800000000000000e+04
3.412000000000000000e+04
3.413100000000000000e+04
3.413300000000000000e+04
3.415500000000000000e+04
3.415700000000000000e+04
3.416000000000000000e+04
3.416100000000000000e+04
3.416900000000000000e+04
3.417100000000000000e+04
3.417800000000000000e+04
3.419200000000000000e+04
3.419700000000000000e+04
3.419800000000000000e+04
3.422000000000000000e+04
3.424000000000000000e+04
3.425300000000000000e+04
3.426400000000000000e+04
3.472300000000000000e+04
3.473600000000000000e+04
3.483500000000000000e+04
3.484400000000000000e+04
3.487400000000000000e+04
3.506400000000000000e+04
3.512000000000000000e+04
3.512600000000000000e+04
3.513000000000000000e+04
3.514100000000000000e+04
3.514800000000000000e+04
3.519000000000000000e+04
3.535400000000000000e+04
3.535600000000000000e+04
3.551200000000000000e+04
3.567600000000000000e+04
3.568200000000000000e+04
3.569400000000000000e+04
3.584100000000000000e+04
3.587500000000000000e+04
3.595700000000000000e+04
3.600000000000000000e+04
3.601200000000000000e+04
3.604100000000000000e+04
3.606300000000000000e+04
3.608000000000000000e+04
3.609400000000000000e+04
3.612200000000000000e+04
3.612700000000000000e+04
3.617500000000000000e+04
3.618500000000000000e+04
3.627900000000000000e+04
3.629500000000000000e+04
3.630700000000000000e+04
3.637100000000000000e+04
3.637500000000000000e+04
3.640400000000000000e+04
3.646200000000000000e+04
3.660200000000000000e+04
3.671000000000000000e+04
3.673000000000000000e+04
3.676100000000000000e+04
3.680400000000000000e+04
3.687100000000000000e+04
3.689500000000000000e+04
3.692000000000000000e+04
3.692900000000000000e+04
3.695500000000000000e+04
3.696600000000000000e+04
3.696900000000000000e+04
3.698800000000000000e+04
3.699000000000000000e+04
3.700400000000000000e+04
3.702100000000000000e+04
3.703500000000000000e+04
3.707500000000000000e+04
3.709200000000000000e+04
3.709600000000000000e+04
3.709700000000000000e+04
3.712900000000000000e+04
3.714200000000000000e+04
3.721100000000000000e+04
3.726300000000000000e+04
3.736700000000000000e+04
3.747600000000000000e+04
3.750900000000000000e+04
3.760400000000000000e+04
3.773200000000000000e+04
3.803900000000000000e+04
3.805500000000000000e+04
3.806000000000000000e+04
3.806700000000000000e+04
3.806800000000000000e+04
3.811400000000000000e+04
3.811500000000000000e+04
3.812200000000000000e+04
3.812500000000000000e+04
3.812700000000000000e+04
3.812800000000000000e+04
3.813000000000000000e+04
3.813900000000000000e+04
3.814100000000000000e+04
3.814400000000000000e+04
3.819800000000000000e+04
3.820600000000000000e+04
3.820700000000000000e+04
3.826000000000000000e+04
3.826300000000000000e+04
3.827000000000000000e+04
3.827200000000000000e+04
3.827700000000000000e+04
3.832100000000000000e+04
3.832300000000000000e+04
3.832500000000000000e+04
3.835700000000000000e+04
3.835800000000000000e+04
3.836800000000000000e+04
3.837800000000000000e+04
3.838500000000000000e+04
3.839200000000000000e+04
3.840000000000000000e+04
3.840500000000000000e+04
3.840600000000000000e+04
3.842900000000000000e+04
3.843100000000000000e+04
3.843700000000000000e+04
3.844200000000000000e+04
3.844600000000000000e+04
3.846900000000000000e+04
3.847600000000000000e+04
3.848600000000000000e+04
3.850200000000000000e+04
3.852900000000000000e+04
3.854000000000000000e+04
3.854300000000000000e+04
3.854600000000000000e+04
3.855000000000000000e+04
3.856000000000000000e+04
3.864500000000000000e+04
3.881900000000000000e+04
3.882000000000000000e+04
3.882600000000000000e+04
3.888200000000000000e+04
3.900500000000000000e+04
3.900700000000000000e+04
3.901600000000000000e+04
3.901800000000000000e+04
3.912100000000000000e+04
3.915100000000000000e+04
3.916800000000000000e+04
3.918400000000000000e+04
3.931400000000000000e+04
3.946000000000000000e+04
3.946900000000000000e+04
3.973100000000000000e+04
3.981300000000000000e+04
4.028800000000000000e+04
4.029100000000000000e+04
4.029400000000000000e+04
4.029600000000000000e+04
4.029700000000000000e+04
4.029800000000000000e+04
4.031500000000000000e+04
4.031700000000000000e+04
4.033900000000000000e+04
4.057500000000000000e+04
4.057800000000000000e+04
4.087500000000000000e+04
4.095300000000000000e+04
4.095500000000000000e+04
4.095600000000000000e+04
4.099800000000000000e+04
4.100000000000000000e+04
4.100100000000000000e+04
4.100400000000000000e+04
4.111600000000000000e+04
4.111800000000000000e+04
4.113600000000000000e+04
4.114900000000000000e+04
4.117300000000000000e+04
4.123700000000000000e+04
4.128300000000000000e+04
4.132300000000000000e+04
4.136900000000000000e+04
4.138400000000000000e+04
4.141800000000000000e+04
4.155300000000000000e+04
4.156700000000000000e+04
4.170100000000000000e+04
4.170600000000000000e+04
4.171800000000000000e+04
4.173800000000000000e+04
4.173900000000000000e+04
4.175000000000000000e+04
4.193800000000000000e+04
4.195600000000000000e+04
4.196500000000000000e+04
4.212300000000000000e+04
4.212400000000000000e+04
4.212500000000000000e+04
4.220000000000000000e+04
4.222400000000000000e+04
4.223100000000000000e+04
4.224800000000000000e+04
4.227500000000000000e+04
4.227800000000000000e+04
4.241100000000000000e+04
4.241600000000000000e+04
4.241700000000000000e+04
4.241800000000000000e+04
4.243200000000000000e+04
4.261300000000000000e+04
4.265800000000000000e+04
4.296600000000000000e+04
4.313000000000000000e+04
4.313100000000000000e+04
4.313200000000000000e+04
4.347700000000000000e+04
4.365100000000000000e+04
4.369600000000000000e+04
4.369700000000000000e+04
4.406100000000000000e+04
4.412000000000000000e+04
4.422300000000000000e+04
4.446600000000000000e+04
4.446900000000000000e+04
4.468000000000000000e+04
4.504400000000000000e+04
4.512900000000000000e+04
4.537300000000000000e+04
4.582700000000000000e+04
4.588600000000000000e+04
4.600500000000000000e+04
4.601900000000000000e+04
4.617700000000000000e+04
4.629200000000000000e+04
4.645900000000000000e+04
4.647700000000000000e+04
4.647800000000000000e+04
4.648000000000000000e+04
4.648100000000000000e+04
4.648900000000000000e+04
4.649000000000000000e+04
4.651400000000000000e+04
4.651800000000000000e+04
4.654400000000000000e+04
4.676800000000000000e+04
4.678600000000000000e+04
4.679000000000000000e+04
4.679900000000000000e+04
4.691000000000000000e+04
4.696300000000000000e+04
4.711600000000000000e+04
4.712300000000000000e+04
4.713000000000000000e+04
4.713600000000000000e+04
4.714000000000000000e+04
4.738500000000000000e+04
4.775200000000000000e+04
4.794500000000000000e+04
4.795000000000000000e+04
4.830700000000000000e+04
4.848100000000000000e+04
4.849400000000000000e+04
4.853200000000000000e+04
4.870700000000000000e+04
4.893800000000000000e+04
4.906200000000000000e+04
4.914900000000000000e+04
4.925600000000000000e+04
4.941200000000000000e+04
5.007300000000000000e+04
5.007500000000000000e+04
5.007700000000000000e+04
5.008000000000000000e+04
5.034000000000000000e+04
5.102400000000000000e+04
5.102800000000000000e+04
5.122800000000000000e+04
5.131000000000000000e+04
5.138200000000000000e+04
5.147800000000000000e+04
5.166800000000000000e+04
5.170500000000000000e+04
5.171300000000000000e+04
5.173000000000000000e+04
5.179900000000000000e+04
5.180900000000000000e+04
5.186800000000000000e+04
5.188300000000000000e+04
5.191900000000000000e+04
5.200800000000000000e+04
5.203100000000000000e+04
5.214500000000000000e+04
5.230200000000000000e+04
5.230300000000000000e+04
5.233400000000000000e+04
5.234200000000000000e+04
5.235300000000000000e+04
5.236200000000000000e+04
5.236600000000000000e+04
5.236700000000000000e+04
5.238500000000000000e+04
5.244900000000000000e+04
5.273400000000000000e+04
5.274400000000000000e+04
5.289800000000000000e+04
5.386700000000000000e+04
5.386800000000000000e+04
5.435800000000000000e+04
5.443600000000000000e+04
5.445100000000000000e+04
5.446500000000000000e+04
5.447300000000000000e+04
5.453500000000000000e+04
5.455000000000000000e+04
5.456300000000000000e+04
5.461800000000000000e+04
5.468600000000000000e+04
5.476400000000000000e+04
5.480100000000000000e+04
5.492600000000000000e+04
5.515200000000000000e+04
5.538100000000000000e+04
5.541200000000000000e+04
5.555800000000000000e+04
5.556300000000000000e+04
5.589800000000000000e+04
5.597900000000000000e+04
5.599200000000000000e+04
5.600000000000000000e+04
5.600700000000000000e+04
5.601300000000000000e+04
5.606700000000000000e+04
5.650300000000000000e+04
5.670400000000000000e+04
5.694500000000000000e+04
5.715200000000000000e+04
5.718100000000000000e+04
5.728700000000000000e+04
5.736800000000000000e+04
5.756700000000000000e+04
5.850100000000000000e+04
5.859600000000000000e+04
5.875300000000000000e+04
5.876100000000000000e+04
5.884300000000000000e+04
5.922700000000000000e+04
5.923200000000000000e+04
5.928100000000000000e+04
5.928500000000000000e+04
5.928700000000000000e+04
5.929400000000000000e+04
5.940800000000000000e+04
5.951600000000000000e+04
5.954800000000000000e+04
5.955300000000000000e+04
5.955800000000000000e+04
5.956200000000000000e+04
5.957900000000000000e+04
5.973100000000000000e+04
5.973500000000000000e+04
5.975600000000000000e+04
5.975800000000000000e+04
5.989100000000000000e+04
5.990300000000000000e+04
5.990700000000000000e+04
5.991600000000000000e+04
5.992500000000000000e+04
5.993000000000000000e+04
5.993700000000000000e+04
5.994000000000000000e+04
5.995900000000000000e+04
5.996300000000000000e+04
6.025500000000000000e+04
6.038000000000000000e+04
6.066000000000000000e+04
6.067000000000000000e+04
6.067700000000000000e+04
6.067900000000000000e+04
6.068500000000000000e+04
6.073600000000000000e+04
6.078400000000000000e+04
6.081100000000000000e+04
6.084800000000000000e+04
6.092700000000000000e+04
6.093000000000000000e+04
6.097600000000000000e+04
6.101200000000000000e+04
6.109600000000000000e+04
6.110500000000000000e+04
6.110600000000000000e+04
6.110700000000000000e+04
6.111800000000000000e+04
6.112200000000000000e+04
6.112700000000000000e+04
6.122600000000000000e+04
6.124000000000000000e+04
6.125200000000000000e+04
6.126200000000000000e+04
6.126400000000000000e+04
6.126700000000000000e+04
6.126900000000000000e+04
6.130800000000000000e+04
6.131400000000000000e+04
6.135200000000000000e+04
6.135900000000000000e+04
6.136500000000000000e+04
6.139200000000000000e+04
6.148300000000000000e+04
6.149100000000000000e+04
6.149200000000000000e+04
6.154600000000000000e+04
6.158700000000000000e+04
6.158800000000000000e+04
6.158900000000000000e+04
6.159000000000000000e+04
6.159100000000000000e+04
6.159200000000000000e+04
6.159300000000000000e+04
6.159400000000000000e+04
6.159500000000000000e+04
6.159600000000000000e+04
6.161500000000000000e+04
6.177900000000000000e+04
6.183600000000000000e+04
6.184900000000000000e+04
6.198100000000000000e+04
6.198700000000000000e+04
6.200300000000000000e+04
6.206700000000000000e+04
6.207100000000000000e+04
6.207200000000000000e+04
6.207300000000000000e+04
6.207400000000000000e+04
6.207500000000000000e+04
6.207600000000000000e+04
6.207700000000000000e+04
6.207800000000000000e+04
6.207900000000000000e+04
6.208000000000000000e+04
6.208200000000000000e+04
6.208300000000000000e+04
6.214600000000000000e+04
6.217000000000000000e+04
6.217300000000000000e+04
6.217500000000000000e+04
6.222000000000000000e+04
6.222100000000000000e+04
6.222500000000000000e+04
6.222600000000000000e+04
6.222700000000000000e+04
6.223600000000000000e+04
6.223800000000000000e+04
6.224700000000000000e+04
6.224900000000000000e+04
6.225300000000000000e+04
6.226400000000000000e+04
6.226600000000000000e+04
6.228700000000000000e+04
6.230400000000000000e+04
6.230900000000000000e+04
6.231900000000000000e+04
6.233800000000000000e+04
6.236300000000000000e+04
6.236800000000000000e+04
6.238600000000000000e+04
6.238800000000000000e+04
6.241800000000000000e+04
6.242800000000000000e+04
6.242900000000000000e+04
6.249200000000000000e+04
6.252800000000000000e+04
6.257200000000000000e+04
6.259300000000000000e+04
6.264100000000000000e+04
6.264500000000000000e+04
6.265100000000000000e+04
6.265700000000000000e+04
6.266800000000000000e+04
6.271100000000000000e+04
6.280700000000000000e+04
6.282600000000000000e+04
6.287100000000000000e+04
6.287400000000000000e+04
6.288500000000000000e+04
6.300400000000000000e+04
6.317100000000000000e+04
6.319600000000000000e+04
6.333000000000000000e+04
6.348000000000000000e+04
6.371300000000000000e+04
6.372800000000000000e+04
6.373100000000000000e+04
6.373200000000000000e+04
6.374200000000000000e+04
6.374300000000000000e+04
6.377500000000000000e+04
6.382900000000000000e+04
6.391800000000000000e+04
6.396100000000000000e+04
6.425200000000000000e+04
6.429400000000000000e+04
6.447300000000000000e+04
6.448900000000000000e+04
6.449800000000000000e+04
6.463200000000000000e+04
6.484100000000000000e+04
6.492900000000000000e+04
6.510100000000000000e+04
6.519100000000000000e+04
6.520900000000000000e+04
6.544500000000000000e+04
6.554100000000000000e+04
6.557200000000000000e+04
6.563400000000000000e+04
6.573400000000000000e+04
6.573800000000000000e+04
6.574800000000000000e+04
6.575600000000000000e+04
6.626500000000000000e+04
6.644900000000000000e+04
6.645000000000000000e+04
6.650900000000000000e+04
6.655300000000000000e+04
6.656100000000000000e+04
6.656200000000000000e+04
6.656800000000000000e+04
6.661500000000000000e+04
6.678000000000000000e+04
6.680600000000000000e+04
6.681400000000000000e+04
6.682700000000000000e+04
6.683900000000000000e+04
6.684700000000000000e+04
6.685600000000000000e+04
6.686500000000000000e+04
6.687900000000000000e+04
6.698200000000000000e+04
6.705500000000000000e+04
6.706200000000000000e+04
6.706300000000000000e+04
6.706400000000000000e+04
6.715700000000000000e+04
6.715800000000000000e+04
6.716000000000000000e+04
6.716600000000000000e+04
6.717700000000000000e+04
6.725500000000000000e+04
6.733700000000000000e+04
6.733800000000000000e+04
6.733900000000000000e+04
6.735400000000000000e+04
6.765500000000000000e+04
6.773300000000000000e+04
6.774000000000000000e+04
6.778600000000000000e+04
6.781300000000000000e+04
6.781800000000000000e+04
6.782100000000000000e+04
6.788200000000000000e+04
6.789000000000000000e+04
6.799300000000000000e+04
6.811300000000000000e+04
6.822100000000000000e+04
6.822700000000000000e+04
6.823300000000000000e+04
6.824400000000000000e+04
6.838400000000000000e+04
6.839500000000000000e+04
6.842900000000000000e+04
6.860700000000000000e+04
6.887800000000000000e+04
6.888600000000000000e+04
6.889000000000000000e+04
6.889200000000000000e+04
6.889400000000000000e+04
6.895700000000000000e+04
6.905400000000000000e+04
6.915900000000000000e+04
6.916300000000000000e+04
6.919100000000000000e+04
6.920600000000000000e+04
6.921400000000000000e+04
6.921500000000000000e+04
6.978700000000000000e+04
6.984200000000000000e+04
6.987600000000000000e+04
6.995300000000000000e+04
7.004900000000000000e+04
7.014100000000000000e+04
7.016700000000000000e+04
7.022100000000000000e+04
7.031400000000000000e+04
7.033900000000000000e+04
7.039200000000000000e+04
7.043200000000000000e+04
7.049700000000000000e+04
7.060100000000000000e+04
7.074900000000000000e+04
7.079100000000000000e+04
7.079400000000000000e+04
7.081400000000000000e+04
7.081700000000000000e+04
7.095900000000000000e+04
7.099200000000000000e+04
7.112600000000000000e+04
7.112800000000000000e+04
7.113400000000000000e+04
7.118600000000000000e+04
7.121000000000000000e+04
7.122000000000000000e+04
7.123000000000000000e+04
7.133500000000000000e+04
7.134600000000000000e+04
7.134900000000000000e+04
7.136800000000000000e+04
7.138300000000000000e+04
7.138700000000000000e+04
7.139300000000000000e+04
7.140300000000000000e+04
7.141100000000000000e+04
7.142000000000000000e+04
7.157100000000000000e+04
7.159800000000000000e+04
7.161700000000000000e+04
7.161800000000000000e+04
7.161900000000000000e+04
7.162400000000000000e+04
7.162800000000000000e+04
7.163500000000000000e+04
7.163600000000000000e+04
7.164700000000000000e+04
7.164900000000000000e+04
7.165800000000000000e+04
7.170400000000000000e+04
7.175000000000000000e+04
7.176100000000000000e+04
7.178200000000000000e+04
7.179300000000000000e+04
7.194600000000000000e+04
7.195700000000000000e+04
7.196000000000000000e+04
7.196600000000000000e+04
7.197300000000000000e+04
7.198100000000000000e+04
7.217100000000000000e+04
7.218500000000000000e+04
7.218600000000000000e+04
7.219100000000000000e+04
7.219200000000000000e+04
7.230100000000000000e+04
7.232800000000000000e+04
7.232900000000000000e+04
7.233100000000000000e+04
7.233200000000000000e+04
7.233400000000000000e+04
7.237900000000000000e+04
7.240700000000000000e+04
7.240800000000000000e+04
7.240900000000000000e+04
7.247700000000000000e+04
7.248900000000000000e+04
7.250800000000000000e+04
7.256100000000000000e+04
7.260700000000000000e+04
7.260800000000000000e+04
7.260900000000000000e+04
7.263800000000000000e+04
7.263900000000000000e+04
7.264000000000000000e+04
7.264100000000000000e+04
7.264300000000000000e+04
7.264700000000000000e+04
7.265000000000000000e+04
7.273300000000000000e+04
7.276800000000000000e+04
7.279200000000000000e+04
7.281600000000000000e+04
7.283600000000000000e+04
7.283700000000000000e+04
7.290300000000000000e+04
7.291300000000000000e+04
7.291800000000000000e+04
7.292100000000000000e+04
7.307200000000000000e+04
7.310200000000000000e+04
7.319200000000000000e+04
7.326100000000000000e+04
7.329200000000000000e+04
7.365500000000000000e+04
7.378300000000000000e+04
7.400400000000000000e+04
7.408600000000000000e+04
7.409100000000000000e+04
7.426600000000000000e+04
7.427100000000000000e+04
7.427400000000000000e+04
7.438800000000000000e+04
7.438900000000000000e+04
7.439100000000000000e+04
7.439200000000000000e+04
7.440000000000000000e+04
7.447800000000000000e+04
7.448200000000000000e+04
7.478400000000000000e+04
7.483400000000000000e+04
7.484000000000000000e+04
7.495200000000000000e+04
7.495300000000000000e+04
7.502900000000000000e+04
7.503000000000000000e+04
7.503100000000000000e+04
7.503200000000000000e+04
7.518800000000000000e+04
7.518900000000000000e+04
7.519000000000000000e+04
7.519200000000000000e+04
7.536500000000000000e+04
7.564500000000000000e+04
7.579300000000000000e+04
7.586300000000000000e+04
7.591400000000000000e+04
7.591500000000000000e+04
7.595100000000000000e+04
7.596400000000000000e+04
7.598000000000000000e+04
7.598100000000000000e+04
7.598200000000000000e+04
7.598400000000000000e+04
7.598500000000000000e+04
7.598600000000000000e+04
7.598700000000000000e+04
7.598800000000000000e+04
7.598900000000000000e+04
7.599000000000000000e+04
7.599100000000000000e+04
7.599200000000000000e+04
7.599300000000000000e+04
7.599400000000000000e+04
7.599500000000000000e+04
7.599600000000000000e+04
7.599700000000000000e+04
7.599800000000000000e+04
7.599900000000000000e+04
7.600000000000000000e+04
7.600100000000000000e+04
7.600300000000000000e+04
7.600400000000000000e+04
7.600500000000000000e+04
7.600600000000000000e+04
7.600700000000000000e+04
7.600800000000000000e+04
7.600900000000000000e+04
7.601000000000000000e+04
7.601100000000000000e+04
7.601200000000000000e+04
7.601300000000000000e+04
7.601400000000000000e+04
7.601600000000000000e+04
7.601700000000000000e+04
7.601900000000000000e+04
7.602000000000000000e+04
7.602100000000000000e+04
7.602200000000000000e+04
7.602300000000000000e+04
7.602400000000000000e+04
7.602600000000000000e+04
7.602800000000000000e+04
7.603300000000000000e+04
7.603400000000000000e+04
7.603500000000000000e+04
7.603800000000000000e+04
7.603900000000000000e+04
7.604000000000000000e+04
7.604100000000000000e+04
7.604200000000000000e+04
7.604300000000000000e+04
7.604400000000000000e+04
7.604500000000000000e+04
7.604600000000000000e+04
7.619500000000000000e+04
7.619600000000000000e+04
7.642600000000000000e+04
7.643400000000000000e+04
7.647300000000000000e+04
7.657100000000000000e+04
7.665400000000000000e+04
7.665500000000000000e+04
7.683300000000000000e+04
