3.410000000000000000e+02
4.330000000000000000e+02
5.490000000000000000e+02
6.710000000000000000e+02
7.490000000000000000e+02
7.710000000000000000e+02
9.670000000000000000e+02
9.770000000000000000e+02
9.890000000000000000e+02
1.011000000000000000e+03
1.443000000000000000e+03
1.785000000000000000e+03
1.801000000000000000e+03
1.803000000000000000e+03
1.804000000000000000e+03
1.805000000000000000e+03
1.810000000000000000e+03
1.874000000000000000e+03
1.950000000000000000e+03
1.964000000000000000e+03
1.998000000000000000e+03
2.050000000000000000e+03
2.191000000000000000e+03
2.202000000000000000e+03
2.298000000000000000e+03
2.304000000000000000e+03
2.307000000000000000e+03
2.356000000000000000e+03
2.447000000000000000e+03
2.529000000000000000e+03
2.574000000000000000e+03
2.649000000000000000e+03
2.884000000000000000e+03
2.886000000000000000e+03
2.985000000000000000e+03
3.010000000000000000e+03
4.286000000000000000e+03
4.396000000000000000e+03
4.413000000000000000e+03
4.526000000000000000e+03
4.603000000000000000e+03
4.608000000000000000e+03
4.711000000000000000e+03
4.838000000000000000e+03
4.931000000000000000e+03
4.935000000000000000e+03
5.485000000000000000e+03
5.627000000000000000e+03
5.699000000000000000e+03
5.716000000000000000e+03
5.826000000000000000e+03
6.072000000000000000e+03
6.092000000000000000e+03
6.099000000000000000e+03
6.331000000000000000e+03
6.391000000000000000e+03
6.731000000000000000e+03
6.944000000000000000e+03
6.954000000000000000e+03
7.063000000000000000e+03
7.176000000000000000e+03
7.444000000000000000e+03
7.801000000000000000e+03
7.808000000000000000e+03
7.837000000000000000e+03
7.842000000000000000e+03
7.998000000000000000e+03
7.999000000000000000e+03
8.000000000000000000e+03
8.003000000000000000e+03
8.010000000000000000e+03
8.051000000000000000e+03
8.063000000000000000e+03
8.065000000000000000e+03
8.070000000000000000e+03
8.074000000000000000e+03
8.075000000000000000e+03
8.076000000000000000e+03
8.078000000000000000e+03
8.088000000000000000e+03
8.089000000000000000e+03
8.090000000000000000e+03
8.091000000000000000e+03
8.093000000000000000e+03
8.095000000000000000e+03
8.101000000000000000e+03
8.102000000000000000e+03
8.167000000000000000e+03
8.297000000000000000e+03
8.392000000000000000e+03
8.393000000000000000e+03
8.398000000000000000e+03
8.399000000000000000e+03
8.431000000000000000e+03
8.432000000000000000e+03
8.747000000000000000e+03
8.748000000000000000e+03
8.749000000000000000e+03
8.750000000000000000e+03
8.753000000000000000e+03
8.757000000000000000e+03
8.758000000000000000e+03
8.759000000000000000e+03
8.761000000000000000e+03
8.762000000000000000e+03
8.763000000000000000e+03
8.766000000000000000e+03
8.769000000000000000e+03
8.770000000000000000e+03
8.771000000000000000e+03
8.773000000000000000e+03
8.775000000000000000e+03
8.776000000000000000e+03
8.777000000000000000e+03
8.778000000000000000e+03
8.780000000000000000e+03
8.781000000000000000e+03
8.783000000000000000e+03
8.784000000000000000e+03
8.785000000000000000e+03
8.787000000000000000e+03
8.788000000000000000e+03
8.789000000000000000e+03
8.791000000000000000e+03
8.792000000000000000e+03
8.794000000000000000e+03
8.796000000000000000e+03
8.797000000000000000e+03
8.798000000000000000e+03
8.800000000000000000e+03
8.801000000000000000e+03
8.802000000000000000e+03
8.804000000000000000e+03
8.805000000000000000e+03
8.806000000000000000e+03
8.807000000000000000e+03
8.808000000000000000e+03
8.809000000000000000e+03
8.810000000000000000e+03
8.811000000000000000e+03
8.812000000000000000e+03
8.815000000000000000e+03
8.816000000000000000e+03
8.818000000000000000e+03
8.819000000000000000e+03
8.822000000000000000e+03
8.823000000000000000e+03
8.825000000000000000e+03
8.826000000000000000e+03
8.827000000000000000e+03
8.828000000000000000e+03
8.829000000000000000e+03
8.830000000000000000e+03
8.831000000000000000e+03
8.832000000000000000e+03
8.833000000000000000e+03
8.835000000000000000e+03
8.837000000000000000e+03
8.839000000000000000e+03
8.841000000000000000e+03
8.842000000000000000e+03
8.844000000000000000e+03
8.847000000000000000e+03
8.849000000000000000e+03
8.850000000000000000e+03
8.851000000000000000e+03
8.853000000000000000e+03
8.855000000000000000e+03
8.857000000000000000e+03
8.858000000000000000e+03
8.859000000000000000e+03
8.861000000000000000e+03
8.862000000000000000e+03
8.864000000000000000e+03
8.865000000000000000e+03
8.866000000000000000e+03
8.867000000000000000e+03
8.868000000000000000e+03
8.870000000000000000e+03
8.872000000000000000e+03
8.873000000000000000e+03
8.874000000000000000e+03
8.876000000000000000e+03
8.884000000000000000e+03
8.886000000000000000e+03
8.889000000000000000e+03
8.892000000000000000e+03
8.894000000000000000e+03
8.895000000000000000e+03
8.896000000000000000e+03
8.897000000000000000e+03
8.898000000000000000e+03
8.903000000000000000e+03
8.904000000000000000e+03
8.908000000000000000e+03
8.909000000000000000e+03
8.911000000000000000e+03
8.913000000000000000e+03
8.915000000000000000e+03
8.917000000000000000e+03
8.922000000000000000e+03
8.925000000000000000e+03
8.926000000000000000e+03
8.931000000000000000e+03
8.934000000000000000e+03
8.935000000000000000e+03
8.945000000000000000e+03
8.947000000000000000e+03
8.948000000000000000e+03
8.950000000000000000e+03
8.962000000000000000e+03
8.973000000000000000e+03
8.974000000000000000e+03
8.975000000000000000e+03
8.978000000000000000e+03
8.980000000000000000e+03
8.988000000000000000e+03
8.991000000000000000e+03
8.994000000000000000e+03
8.995000000000000000e+03
9.000000000000000000e+03
9.003000000000000000e+03
9.005000000000000000e+03
9.007000000000000000e+03
9.009000000000000000e+03
9.011000000000000000e+03
9.012000000000000000e+03
9.018000000000000000e+03
9.023000000000000000e+03
9.026000000000000000e+03
9.033000000000000000e+03
9.036000000000000000e+03
9.039000000000000000e+03
9.041000000000000000e+03
9.042000000000000000e+03
9.043000000000000000e+03
9.044000000000000000e+03
9.046000000000000000e+03
9.047000000000000000e+03
9.048000000000000000e+03
9.050000000000000000e+03
9.051000000000000000e+03
9.052000000000000000e+03
9.053000000000000000e+03
9.054000000000000000e+03
9.056000000000000000e+03
9.057000000000000000e+03
9.058000000000000000e+03
9.059000000000000000e+03
9.060000000000000000e+03
9.061000000000000000e+03
9.064000000000000000e+03
9.067000000000000000e+03
9.071000000000000000e+03
9.072000000000000000e+03
9.074000000000000000e+03
9.075000000000000000e+03
9.078000000000000000e+03
9.081000000000000000e+03
9.082000000000000000e+03
9.085000000000000000e+03
9.088000000000000000e+03
9.091000000000000000e+03
9.092000000000000000e+03
9.096000000000000000e+03
9.099000000000000000e+03
9.100000000000000000e+03
9.102000000000000000e+03
9.105000000000000000e+03
9.109000000000000000e+03
9.111000000000000000e+03
9.112000000000000000e+03
9.117000000000000000e+03
9.121000000000000000e+03
9.122000000000000000e+03
9.123000000000000000e+03
9.124000000000000000e+03
9.125000000000000000e+03
9.129000000000000000e+03
9.130000000000000000e+03
9.132000000000000000e+03
9.133000000000000000e+03
9.134000000000000000e+03
9.135000000000000000e+03
9.137000000000000000e+03
9.139000000000000000e+03
9.140000000000000000e+03
9.141000000000000000e+03
9.144000000000000000e+03
9.145000000000000000e+03
9.146000000000000000e+03
9.148000000000000000e+03
9.151000000000000000e+03
9.153000000000000000e+03
9.161000000000000000e+03
9.164000000000000000e+03
9.167000000000000000e+03
9.171000000000000000e+03
9.173000000000000000e+03
9.174000000000000000e+03
9.177000000000000000e+03
9.179000000000000000e+03
9.180000000000000000e+03
9.182000000000000000e+03
9.184000000000000000e+03
9.187000000000000000e+03
9.192000000000000000e+03
9.193000000000000000e+03
9.194000000000000000e+03
9.195000000000000000e+03
9.203000000000000000e+03
9.207000000000000000e+03
9.211000000000000000e+03
9.212000000000000000e+03
9.219000000000000000e+03
9.221000000000000000e+03
9.223000000000000000e+03
9.225000000000000000e+03
9.228000000000000000e+03
9.239000000000000000e+03
9.241000000000000000e+03
9.242000000000000000e+03
9.243000000000000000e+03
9.248000000000000000e+03
9.249000000000000000e+03
9.253000000000000000e+03
9.254000000000000000e+03
9.255000000000000000e+03
9.257000000000000000e+03
9.259000000000000000e+03
9.260000000000000000e+03
9.262000000000000000e+03
9.264000000000000000e+03
9.267000000000000000e+03
9.268000000000000000e+03
9.269000000000000000e+03
9.270000000000000000e+03
9.271000000000000000e+03
9.272000000000000000e+03
9.273000000000000000e+03
9.274000000000000000e+03
9.279000000000000000e+03
9.281000000000000000e+03
9.282000000000000000e+03
9.283000000000000000e+03
9.284000000000000000e+03
9.286000000000000000e+03
9.288000000000000000e+03
9.289000000000000000e+03
9.290000000000000000e+03
9.293000000000000000e+03
9.296000000000000000e+03
9.297000000000000000e+03
9.298000000000000000e+03
9.299000000000000000e+03
9.300000000000000000e+03
9.301000000000000000e+03
9.302000000000000000e+03
9.303000000000000000e+03
9.304000000000000000e+03
9.306000000000000000e+03
9.307000000000000000e+03
9.308000000000000000e+03
9.309000000000000000e+03
9.311000000000000000e+03
9.312000000000000000e+03
9.313000000000000000e+03
9.315000000000000000e+03
9.316000000000000000e+03
9.317000000000000000e+03
9.318000000000000000e+03
9.319000000000000000e+03
9.320000000000000000e+03
9.321000000000000000e+03
9.322000000000000000e+03
9.324000000000000000e+03
9.325000000000000000e+03
9.327000000000000000e+03
9.329000000000000000e+03
9.331000000000000000e+03
9.332000000000000000e+03
9.333000000000000000e+03
9.334000000000000000e+03
9.337000000000000000e+03
9.339000000000000000e+03
9.346000000000000000e+03
9.350000000000000000e+03
9.352000000000000000e+03
9.355000000000000000e+03
9.359000000000000000e+03
9.362000000000000000e+03
9.363000000000000000e+03
9.364000000000000000e+03
9.365000000000000000e+03
9.367000000000000000e+03
9.368000000000000000e+03
9.372000000000000000e+03
9.373000000000000000e+03
9.374000000000000000e+03
9.375000000000000000e+03
9.377000000000000000e+03
9.379000000000000000e+03
9.380000000000000000e+03
9.382000000000000000e+03
9.383000000000000000e+03
9.384000000000000000e+03
9.385000000000000000e+03
9.386000000000000000e+03
9.387000000000000000e+03
9.388000000000000000e+03
9.390000000000000000e+03
9.391000000000000000e+03
9.392000000000000000e+03
9.395000000000000000e+03
9.396000000000000000e+03
9.397000000000000000e+03
9.398000000000000000e+03
9.399000000000000000e+03
9.400000000000000000e+03
9.401000000000000000e+03
9.402000000000000000e+03
9.404000000000000000e+03
9.406000000000000000e+03
9.407000000000000000e+03
9.408000000000000000e+03
9.409000000000000000e+03
9.410000000000000000e+03
9.414000000000000000e+03
9.415000000000000000e+03
9.418000000000000000e+03
9.419000000000000000e+03
9.420000000000000000e+03
9.421000000000000000e+03
9.422000000000000000e+03
9.423000000000000000e+03
9.424000000000000000e+03
9.429000000000000000e+03
9.430000000000000000e+03
9.434000000000000000e+03
9.435000000000000000e+03
9.437000000000000000e+03
9.438000000000000000e+03
9.440000000000000000e+03
9.442000000000000000e+03
9.444000000000000000e+03
9.446000000000000000e+03
9.449000000000000000e+03
9.451000000000000000e+03
9.452000000000000000e+03
9.455000000000000000e+03
9.456000000000000000e+03
9.457000000000000000e+03
9.458000000000000000e+03
9.460000000000000000e+03
9.461000000000000000e+03
9.462000000000000000e+03
9.464000000000000000e+03
9.465000000000000000e+03
9.466000000000000000e+03
9.468000000000000000e+03
9.469000000000000000e+03
9.470000000000000000e+03
9.472000000000000000e+03
9.475000000000000000e+03
9.477000000000000000e+03
9.478000000000000000e+03
9.479000000000000000e+03
9.481000000000000000e+03
9.482000000000000000e+03
9.483000000000000000e+03
9.485000000000000000e+03
9.486000000000000000e+03
9.490000000000000000e+03
9.492000000000000000e+03
9.494000000000000000e+03
9.495000000000000000e+03
9.497000000000000000e+03
9.502000000000000000e+03
9.503000000000000000e+03
9.504000000000000000e+03
9.506000000000000000e+03
9.507000000000000000e+03
9.509000000000000000e+03
9.511000000000000000e+03
9.513000000000000000e+03
9.514000000000000000e+03
9.515000000000000000e+03
9.519000000000000000e+03
9.522000000000000000e+03
9.523000000000000000e+03
9.524000000000000000e+03
9.525000000000000000e+03
9.526000000000000000e+03
9.527000000000000000e+03
9.528000000000000000e+03
9.530000000000000000e+03
9.531000000000000000e+03
9.534000000000000000e+03
9.812000000000000000e+03
9.825000000000000000e+03
9.837000000000000000e+03
9.838000000000000000e+03
9.874000000000000000e+03
1.017300000000000000e+04
1.026300000000000000e+04
1.051600000000000000e+04
1.135600000000000000e+04
1.161400000000000000e+04
1.168700000000000000e+04
1.169200000000000000e+04
1.169900000000000000e+04
1.170200000000000000e+04
1.171000000000000000e+04
1.171500000000000000e+04
1.183100000000000000e+04
1.183400000000000000e+04
1.203000000000000000e+04
1.215700000000000000e+04
1.219600000000000000e+04
1.240400000000000000e+04
1.267000000000000000e+04
1.268500000000000000e+04
1.282900000000000000e+04
1.300900000000000000e+04
1.332700000000000000e+04
1.334900000000000000e+04
1.367900000000000000e+04
1.385400000000000000e+04
1.392800000000000000e+04
1.395000000000000000e+04
1.396800000000000000e+04
1.424100000000000000e+04
1.424700000000000000e+04
1.434100000000000000e+04
1.437700000000000000e+04
1.461500000000000000e+04
1.472700000000000000e+04
1.491800000000000000e+04
1.505000000000000000e+04
1.514800000000000000e+04
1.520100000000000000e+04
1.520200000000000000e+04
1.527800000000000000e+04
1.529400000000000000e+04
1.542600000000000000e+04
1.552900000000000000e+04
1.553000000000000000e+04
1.564400000000000000e+04
1.565100000000000000e+04
1.565500000000000000e+04
1.589300000000000000e+04
1.600700000000000000e+04
1.605500000000000000e+04
1.611900000000000000e+04
1.614900000000000000e+04
1.618500000000000000e+04
1.622000000000000000e+04
1.642900000000000000e+04
1.643500000000000000e+04
1.693000000000000000e+04
1.696800000000000000e+04
1.703700000000000000e+04
1.707100000000000000e+04
1.707600000000000000e+04
1.719300000000000000e+04
1.723400000000000000e+04
1.724400000000000000e+04
1.751000000000000000e+04
1.752000000000000000e+04
1.757800000000000000e+04
1.772900000000000000e+04
1.775600000000000000e+04
1.786000000000000000e+04
1.792300000000000000e+04
1.792400000000000000e+04
1.792600000000000000e+04
1.805000000000000000e+04
1.817400000000000000e+04
1.823300000000000000e+04
1.823900000000000000e+04
1.824000000000000000e+04
1.831600000000000000e+04
1.844300000000000000e+04
1.845800000000000000e+04
1.883000000000000000e+04
1.883600000000000000e+04
1.888400000000000000e+04
1.906000000000000000e+04
1.972900000000000000e+04
1.973000000000000000e+04
1.975900000000000000e+04
1.976000000000000000e+04
1.976200000000000000e+04
1.977900000000000000e+04
1.978200000000000000e+04
1.984500000000000000e+04
1.986800000000000000e+04
2.021400000000000000e+04
2.067500000000000000e+04
2.069900000000000000e+04
2.084100000000000000e+04
2.085900000000000000e+04
2.088100000000000000e+04
2.089100000000000000e+04
2.094800000000000000e+04
2.100100000000000000e+04
2.104300000000000000e+04
2.107900000000000000e+04
2.113700000000000000e+04
2.113800000000000000e+04
2.113900000000000000e+04
2.114200000000000000e+04
2.121900000000000000e+04
2.131900000000000000e+04
2.180800000000000000e+04
2.322000000000000000e+04
2.337800000000000000e+04
2.345800000000000000e+04
2.349400000000000000e+04
2.349500000000000000e+04
2.349600000000000000e+04
2.356200000000000000e+04
2.356400000000000000e+04
2.357600000000000000e+04
2.358500000000000000e+04
2.361200000000000000e+04
2.392000000000000000e+04
2.392200000000000000e+04
2.400300000000000000e+04
2.405400000000000000e+04
2.405600000000000000e+04
2.405700000000000000e+04
2.406100000000000000e+04
2.406300000000000000e+04
2.406700000000000000e+04
2.406800000000000000e+04
2.406900000000000000e+04
2.407000000000000000e+04
2.407100000000000000e+04
2.407200000000000000e+04
2.407300000000000000e+04
2.419200000000000000e+04
2.441300000000000000e+04
2.441600000000000000e+04
2.461700000000000000e+04
2.469900000000000000e+04
2.470400000000000000e+04
2.476000000000000000e+04
2.476500000000000000e+04
2.482300000000000000e+04
2.482500000000000000e+04
2.482900000000000000e+04
2.483100000000000000e+04
2.517300000000000000e+04
2.519200000000000000e+04
2.542000000000000000e+04
2.544200000000000000e+04
2.553300000000000000e+04
2.553400000000000000e+04
2.553500000000000000e+04
2.553700000000000000e+04
2.553800000000000000e+04
2.554000000000000000e+04
2.560000000000000000e+04
2.585200000000000000e+04
2.585800000000000000e+04
2.586700000000000000e+04
2.630000000000000000e+04
2.632300000000000000e+04
2.635100000000000000e+04
2.649300000000000000e+04
2.649500000000000000e+04
2.651400000000000000e+04
2.658300000000000000e+04
2.660600000000000000e+04
2.660700000000000000e+04
2.661300000000000000e+04
2.661800000000000000e+04
2.665200000000000000e+04
2.674200000000000000e+04
2.679100000000000000e+04
2.681500000000000000e+04
2.682800000000000000e+04
2.685800000000000000e+04
2.690500000000000000e+04
2.691800000000000000e+04
2.692800000000000000e+04
2.696900000000000000e+04
2.700000000000000000e+04
2.703000000000000000e+04
2.709700000000000000e+04
2.716000000000000000e+04
2.727900000000000000e+04
2.733200000000000000e+04
2.736600000000000000e+04
2.743800000000000000e+04
2.754400000000000000e+04
2.761700000000000000e+04
2.762900000000000000e+04
2.765500000000000000e+04
2.772100000000000000e+04
2.786500000000000000e+04
2.789800000000000000e+04
2.795000000000000000e+04
2.803600000000000000e+04
2.805800000000000000e+04
2.822300000000000000e+04
2.831000000000000000e+04
2.844000000000000000e+04
2.852000000000000000e+04
2.854800000000000000e+04
2.856500000000000000e+04
2.862900000000000000e+04
2.863200000000000000e+04
2.863300000000000000e+04
2.869100000000000000e+04
2.869600000000000000e+04
2.871400000000000000e+04
2.874000000000000000e+04
2.875600000000000000e+04
2.880800000000000000e+04
2.883400000000000000e+04
2.912300000000000000e+04
2.912500000000000000e+04
2.912600000000000000e+04
2.912700000000000000e+04
2.912800000000000000e+04
2.912900000000000000e+04
2.913000000000000000e+04
2.913200000000000000e+04
2.913400000000000000e+04
2.913500000000000000e+04
2.913800000000000000e+04
2.913900000000000000e+04
2.914100000000000000e+04
2.914300000000000000e+04
2.914400000000000000e+04
2.914500000000000000e+04
2.914600000000000000e+04
2.914800000000000000e+04
2.915000000000000000e+04
2.915100000000000000e+04
2.915300000000000000e+04
2.915400000000000000e+04
2.915700000000000000e+04
2.915800000000000000e+04
2.915900000000000000e+04
2.916400000000000000e+04
2.916500000000000000e+04
2.916700000000000000e+04
2.917000000000000000e+04
2.917200000000000000e+04
2.917300000000000000e+04
2.917400000000000000e+04
2.917600000000000000e+04
2.917800000000000000e+04
2.918300000000000000e+04
2.934100000000000000e+04
2.991400000000000000e+04
2.991700000000000000e+04
2.992100000000000000e+04
2.992200000000000000e+04
2.992300000000000000e+04
2.992400000000000000e+04
2.992500000000000000e+04
2.992600000000000000e+04
2.992700000000000000e+04
2.992900000000000000e+04
2.993000000000000000e+04
2.993100000000000000e+04
2.993200000000000000e+04
2.993400000000000000e+04
2.993500000000000000e+04
2.993600000000000000e+04
2.993700000000000000e+04
2.993800000000000000e+04
2.993900000000000000e+04
2.994000000000000000e+04
2.994200000000000000e+04
2.994300000000000000e+04
2.994400000000000000e+04
2.994500000000000000e+04
2.994600000000000000e+04
2.994700000000000000e+04
2.994800000000000000e+04
2.994900000000000000e+04
2.995000000000000000e+04
2.995100000000000000e+04
2.995300000000000000e+04
2.995400000000000000e+04
2.995500000000000000e+04
2.995800000000000000e+04
2.995900000000000000e+04
2.996000000000000000e+04
2.996200000000000000e+04
2.996300000000000000e+04
2.996500000000000000e+04
2.996600000000000000e+04
2.996700000000000000e+04
2.996800000000000000e+04
2.997000000000000000e+04
2.997100000000000000e+04
2.997200000000000000e+04
2.997300000000000000e+04
2.997400000000000000e+04
2.997500000000000000e+04
2.997900000000000000e+04
2.998000000000000000e+04
2.998100000000000000e+04
2.998200000000000000e+04
2.998300000000000000e+04
2.998400000000000000e+04
2.998500000000000000e+04
2.998600000000000000e+04
2.998800000000000000e+04
2.998900000000000000e+04
2.999000000000000000e+04
2.999200000000000000e+04
2.999400000000000000e+04
2.999500000000000000e+04
2.999600000000000000e+04
2.999700000000000000e+04
2.999800000000000000e+04
2.999900000000000000e+04
3.000200000000000000e+04
3.000400000000000000e+04
3.000500000000000000e+04
3.000600000000000000e+04
3.000700000000000000e+04
3.000800000000000000e+04
3.000900000000000000e+04
3.001100000000000000e+04
3.001200000000000000e+04
3.001300000000000000e+04
3.001400000000000000e+04
3.001500000000000000e+04
3.001600000000000000e+04
3.001800000000000000e+04
3.001900000000000000e+04
3.002000000000000000e+04
3.002100000000000000e+04
3.002200000000000000e+04
3.002300000000000000e+04
3.002400000000000000e+04
3.002500000000000000e+04
3.002600000000000000e+04
3.002700000000000000e+04
3.002800000000000000e+04
3.002900000000000000e+04
3.003200000000000000e+04
3.003300000000000000e+04
3.003400000000000000e+04
3.003500000000000000e+04
3.003600000000000000e+04
3.017300000000000000e+04
3.023200000000000000e+04
3.023300000000000000e+04
3.023800000000000000e+04
3.024000000000000000e+04
3.024200000000000000e+04
3.024400000000000000e+04
3.024600000000000000e+04
3.024700000000000000e+04
3.024900000000000000e+04
3.025200000000000000e+04
3.025400000000000000e+04
3.025500000000000000e+04
3.025800000000000000e+04
3.025900000000000000e+04
3.026200000000000000e+04
3.026400000000000000e+04
3.026700000000000000e+04
3.026800000000000000e+04
3.026900000000000000e+04
3.027300000000000000e+04
3.027500000000000000e+04
3.027700000000000000e+04
3.027900000000000000e+04
3.028100000000000000e+04
3.029400000000000000e+04
3.029900000000000000e+04
3.030000000000000000e+04
3.030200000000000000e+04
3.030700000000000000e+04
3.032000000000000000e+04
3.032800000000000000e+04
3.033400000000000000e+04
3.035100000000000000e+04
3.036500000000000000e+04
3.036800000000000000e+04
3.038000000000000000e+04
3.038600000000000000e+04
3.045100000000000000e+04
3.045600000000000000e+04
3.048300000000000000e+04
3.048400000000000000e+04
3.048700000000000000e+04
3.049200000000000000e+04
3.049600000000000000e+04
3.057400000000000000e+04
3.066300000000000000e+04
3.067100000000000000e+04
3.067200000000000000e+04
3.069600000000000000e+04
3.081700000000000000e+04
3.095100000000000000e+04
3.109700000000000000e+04
3.109800000000000000e+04
3.110200000000000000e+04
3.110300000000000000e+04
3.110400000000000000e+04
3.110600000000000000e+04
3.110700000000000000e+04
3.110900000000000000e+04
3.111000000000000000e+04
3.111100000000000000e+04
3.111300000000000000e+04
3.117700000000000000e+04
3.121400000000000000e+04
3.133000000000000000e+04
3.136600000000000000e+04
3.143200000000000000e+04
3.182600000000000000e+04
3.183100000000000000e+04
3.187900000000000000e+04
3.188800000000000000e+04
3.195600000000000000e+04
3.196300000000000000e+04
3.201800000000000000e+04
3.206900000000000000e+04
3.208100000000000000e+04
3.208400000000000000e+04
3.210100000000000000e+04
3.211300000000000000e+04
3.215000000000000000e+04
3.219900000000000000e+04
3.220000000000000000e+04
3.223700000000000000e+04
3.237200000000000000e+04
3.237400000000000000e+04
3.239200000000000000e+04
3.244500000000000000e+04
3.247500000000000000e+04
3.256900000000000000e+04
3.265100000000000000e+04
3.273800000000000000e+04
3.304500000000000000e+04
3.326200000000000000e+04
3.327400000000000000e+04
3.332200000000000000e+04
3.338900000000000000e+04
3.355300000000000000e+04
3.400100000000000000e+04
3.408600000000000000e+04
3.425000000000000000e+04
3.426900000000000000e+04
3.427400000000000000e+04
3.427500000000000000e+04
3.427600000000000000e+04
3.427700000000000000e+04
3.427800000000000000e+04
3.427900000000000000e+04
3.428000000000000000e+04
3.428100000000000000e+04
3.428200000000000000e+04
3.428500000000000000e+04
3.428600000000000000e+04
3.428700000000000000e+04
3.428800000000000000e+04
3.428900000000000000e+04
3.429000000000000000e+04
3.429100000000000000e+04
3.429400000000000000e+04
3.429500000000000000e+04
3.429800000000000000e+04
3.429900000000000000e+04
3.430500000000000000e+04
3.430600000000000000e+04
3.430800000000000000e+04
3.431000000000000000e+04
3.431300000000000000e+04
3.431400000000000000e+04
3.431500000000000000e+04
3.431600000000000000e+04
3.431800000000000000e+04
3.431900000000000000e+04
3.432000000000000000e+04
3.432100000000000000e+04
3.432500000000000000e+04
3.432600000000000000e+04
3.432700000000000000e+04
3.432800000000000000e+04
3.432900000000000000e+04
3.433100000000000000e+04
3.433400000000000000e+04
3.434300000000000000e+04
3.434500000000000000e+04
3.434600000000000000e+04
3.434900000000000000e+04
3.435000000000000000e+04
3.435300000000000000e+04
3.435400000000000000e+04
3.435500000000000000e+04
3.435600000000000000e+04
3.435700000000000000e+04
3.435800000000000000e+04
3.435900000000000000e+04
3.436000000000000000e+04
3.436100000000000000e+04
3.436300000000000000e+04
3.436400000000000000e+04
3.440000000000000000e+04
3.440100000000000000e+04
3.440200000000000000e+04
3.440300000000000000e+04
3.440400000000000000e+04
3.440600000000000000e+04
3.440700000000000000e+04
3.440800000000000000e+04
3.441000000000000000e+04
3.453300000000000000e+04
3.462900000000000000e+04
3.463000000000000000e+04
3.463100000000000000e+04
3.463300000000000000e+04
3.463400000000000000e+04
3.463500000000000000e+04
3.463600000000000000e+04
3.463700000000000000e+04
3.463900000000000000e+04
3.464000000000000000e+04
3.464100000000000000e+04
3.464500000000000000e+04
3.465600000000000000e+04
3.465900000000000000e+04
3.466300000000000000e+04
3.470900000000000000e+04
3.471400000000000000e+04
3.479000000000000000e+04
3.480600000000000000e+04
3.491500000000000000e+04
3.511200000000000000e+04
3.530900000000000000e+04
3.537500000000000000e+04
3.539800000000000000e+04
3.545200000000000000e+04
3.547300000000000000e+04
3.556400000000000000e+04
3.559500000000000000e+04
3.563600000000000000e+04
3.572900000000000000e+04
3.573000000000000000e+04
3.573100000000000000e+04
3.573300000000000000e+04
3.575800000000000000e+04
3.575900000000000000e+04
3.576000000000000000e+04
3.576100000000000000e+04
3.576200000000000000e+04
3.576300000000000000e+04
3.576500000000000000e+04
3.576800000000000000e+04
3.577100000000000000e+04
3.577200000000000000e+04
3.577300000000000000e+04
3.577400000000000000e+04
3.577700000000000000e+04
3.578300000000000000e+04
3.578600000000000000e+04
3.578700000000000000e+04
3.578800000000000000e+04
3.579000000000000000e+04
3.579100000000000000e+04
3.579200000000000000e+04
3.579300000000000000e+04
3.579400000000000000e+04
3.579500000000000000e+04
3.579800000000000000e+04
3.580000000000000000e+04
3.580900000000000000e+04
3.581200000000000000e+04
3.581300000000000000e+04
3.581400000000000000e+04
3.581500000000000000e+04
3.581600000000000000e+04
3.581700000000000000e+04
3.581800000000000000e+04
3.582200000000000000e+04
3.582300000000000000e+04
3.586200000000000000e+04
3.592500000000000000e+04
3.605600000000000000e+04
3.605800000000000000e+04
3.606200000000000000e+04
3.606600000000000000e+04
3.606800000000000000e+04
3.607000000000000000e+04
3.607100000000000000e+04
3.607300000000000000e+04
3.607500000000000000e+04
3.607700000000000000e+04
3.608200000000000000e+04
3.608400000000000000e+04
3.608600000000000000e+04
3.608700000000000000e+04
3.608900000000000000e+04
3.609100000000000000e+04
3.609700000000000000e+04
3.610200000000000000e+04
3.610900000000000000e+04
3.611000000000000000e+04
3.611300000000000000e+04
3.611500000000000000e+04
3.611600000000000000e+04
3.612000000000000000e+04
3.612100000000000000e+04
3.612400000000000000e+04
3.613000000000000000e+04
3.615100000000000000e+04
3.615400000000000000e+04
3.615700000000000000e+04
3.615900000000000000e+04
3.616200000000000000e+04
3.617000000000000000e+04
3.617600000000000000e+04
3.617900000000000000e+04
3.623800000000000000e+04
3.629400000000000000e+04
3.635400000000000000e+04
3.636800000000000000e+04
3.672900000000000000e+04
3.673600000000000000e+04
3.673800000000000000e+04
3.674700000000000000e+04
3.676000000000000000e+04
3.676400000000000000e+04
3.676800000000000000e+04
3.678200000000000000e+04
3.678800000000000000e+04
3.679600000000000000e+04
3.680000000000000000e+04
3.681000000000000000e+04
3.682900000000000000e+04
3.687900000000000000e+04
3.724500000000000000e+04
3.731100000000000000e+04
3.731200000000000000e+04
3.731900000000000000e+04
3.732200000000000000e+04
3.732300000000000000e+04
3.732800000000000000e+04
3.733700000000000000e+04
3.734400000000000000e+04
3.734500000000000000e+04
3.734700000000000000e+04
3.738100000000000000e+04
3.739300000000000000e+04
3.760300000000000000e+04
3.800500000000000000e+04
3.800600000000000000e+04
3.800700000000000000e+04
3.800900000000000000e+04
3.801000000000000000e+04
3.801100000000000000e+04
3.801300000000000000e+04
3.801400000000000000e+04
3.801500000000000000e+04
3.801600000000000000e+04
3.801700000000000000e+04
3.801800000000000000e+04
3.801900000000000000e+04
3.802200000000000000e+04
3.802300000000000000e+04
3.841500000000000000e+04
3.849100000000000000e+04
3.853800000000000000e+04
3.858000000000000000e+04
3.861000000000000000e+04
3.861200000000000000e+04
3.861600000000000000e+04
3.863600000000000000e+04
3.865400000000000000e+04
3.866100000000000000e+04
3.867200000000000000e+04
3.867300000000000000e+04
3.867400000000000000e+04
3.867600000000000000e+04
3.867800000000000000e+04
3.867900000000000000e+04
3.868700000000000000e+04
3.870200000000000000e+04
3.870400000000000000e+04
3.870900000000000000e+04
3.871300000000000000e+04
3.872700000000000000e+04
3.874400000000000000e+04
3.874500000000000000e+04
3.874600000000000000e+04
3.874700000000000000e+04
3.874800000000000000e+04
3.874900000000000000e+04
3.875000000000000000e+04
3.875100000000000000e+04
3.875400000000000000e+04
3.875500000000000000e+04
3.875700000000000000e+04
3.875800000000000000e+04
3.875900000000000000e+04
3.876000000000000000e+04
3.876200000000000000e+04
3.876300000000000000e+04
3.876400000000000000e+04
3.876600000000000000e+04
3.876700000000000000e+04
3.876800000000000000e+04
3.876900000000000000e+04
3.877000000000000000e+04
3.877100000000000000e+04
3.877300000000000000e+04
3.877400000000000000e+04
3.877500000000000000e+04
3.877600000000000000e+04
3.877700000000000000e+04
3.877800000000000000e+04
3.877900000000000000e+04
3.878000000000000000e+04
3.878100000000000000e+04
3.878200000000000000e+04
3.878300000000000000e+04
3.878400000000000000e+04
3.878600000000000000e+04
3.878700000000000000e+04
3.878800000000000000e+04
3.878900000000000000e+04
3.879000000000000000e+04
3.879100000000000000e+04
3.879200000000000000e+04
3.879300000000000000e+04
3.879400000000000000e+04
3.879500000000000000e+04
3.879600000000000000e+04
3.883700000000000000e+04
3.904200000000000000e+04
3.905200000000000000e+04
3.907600000000000000e+04
3.908100000000000000e+04
3.911900000000000000e+04
3.913600000000000000e+04
3.917000000000000000e+04
3.921400000000000000e+04
3.922700000000000000e+04
3.967100000000000000e+04
3.967300000000000000e+04
3.967800000000000000e+04
3.968100000000000000e+04
3.968600000000000000e+04
3.968800000000000000e+04
3.969400000000000000e+04
3.969600000000000000e+04
3.969700000000000000e+04
3.970100000000000000e+04
3.970200000000000000e+04
3.970400000000000000e+04
3.970500000000000000e+04
3.970600000000000000e+04
3.971000000000000000e+04
3.971300000000000000e+04
3.971500000000000000e+04
3.971600000000000000e+04
3.972000000000000000e+04
3.972300000000000000e+04
3.972600000000000000e+04
3.972900000000000000e+04
3.973300000000000000e+04
3.973400000000000000e+04
3.973600000000000000e+04
3.973800000000000000e+04
3.974100000000000000e+04
3.974200000000000000e+04
3.974300000000000000e+04
3.974400000000000000e+04
3.974500000000000000e+04
3.974600000000000000e+04
3.974800000000000000e+04
3.975000000000000000e+04
3.975400000000000000e+04
3.975700000000000000e+04
3.975900000000000000e+04
3.976100000000000000e+04
3.976500000000000000e+04
3.977000000000000000e+04
3.977400000000000000e+04
3.977800000000000000e+04
3.977900000000000000e+04
3.978700000000000000e+04
3.979200000000000000e+04
3.979300000000000000e+04
3.979500000000000000e+04
3.979700000000000000e+04
3.979800000000000000e+04
3.979900000000000000e+04
3.980100000000000000e+04
3.980200000000000000e+04
3.980800000000000000e+04
3.981000000000000000e+04
3.981100000000000000e+04
3.981600000000000000e+04
3.981700000000000000e+04
3.982100000000000000e+04
3.982200000000000000e+04
3.982300000000000000e+04
3.982700000000000000e+04
3.983100000000000000e+04
3.983800000000000000e+04
3.984400000000000000e+04
3.984500000000000000e+04
3.984600000000000000e+04
3.984900000000000000e+04
3.985100000000000000e+04
3.985200000000000000e+04
3.986200000000000000e+04
3.986700000000000000e+04
3.987700000000000000e+04
3.988500000000000000e+04
3.990600000000000000e+04
3.990800000000000000e+04
3.990900000000000000e+04
3.991800000000000000e+04
3.993000000000000000e+04
3.993200000000000000e+04
3.993500000000000000e+04
3.993700000000000000e+04
3.993800000000000000e+04
3.993900000000000000e+04
3.994200000000000000e+04
3.994400000000000000e+04
3.994700000000000000e+04
3.995100000000000000e+04
3.995300000000000000e+04
3.995700000000000000e+04
3.995800000000000000e+04
3.995900000000000000e+04
3.996100000000000000e+04
3.996200000000000000e+04
3.996500000000000000e+04
4.001400000000000000e+04
4.001600000000000000e+04
4.001700000000000000e+04
4.001800000000000000e+04
4.001900000000000000e+04
4.002000000000000000e+04
4.002400000000000000e+04
4.002700000000000000e+04
4.004700000000000000e+04
4.004800000000000000e+04
4.004900000000000000e+04
4.005000000000000000e+04
4.005100000000000000e+04
4.005200000000000000e+04
4.005300000000000000e+04
4.005400000000000000e+04
4.008500000000000000e+04
4.009500000000000000e+04
4.009600000000000000e+04
4.011100000000000000e+04
4.011800000000000000e+04
4.013600000000000000e+04
4.014800000000000000e+04
4.015000000000000000e+04
4.015100000000000000e+04
4.015200000000000000e+04
4.015300000000000000e+04
4.015400000000000000e+04
4.015500000000000000e+04
4.015600000000000000e+04
4.015700000000000000e+04
4.016100000000000000e+04
4.016300000000000000e+04
4.016400000000000000e+04
4.016500000000000000e+04
4.016600000000000000e+04
4.016900000000000000e+04
4.017000000000000000e+04
4.017100000000000000e+04
4.017200000000000000e+04
4.017300000000000000e+04
4.017400000000000000e+04
4.017500000000000000e+04
4.017600000000000000e+04
4.017700000000000000e+04
4.017800000000000000e+04
4.017900000000000000e+04
4.018000000000000000e+04
4.018100000000000000e+04
4.018200000000000000e+04
4.018300000000000000e+04
4.018400000000000000e+04
4.018500000000000000e+04
4.018600000000000000e+04
4.018700000000000000e+04
4.018800000000000000e+04
4.018900000000000000e+04
4.019000000000000000e+04
4.019100000000000000e+04
4.019200000000000000e+04
4.019300000000000000e+04
4.019400000000000000e+04
4.019700000000000000e+04
4.020000000000000000e+04
4.020100000000000000e+04
4.020200000000000000e+04
4.020300000000000000e+04
4.020400000000000000e+04
4.020500000000000000e+04
4.020700000000000000e+04
4.020800000000000000e+04
4.020900000000000000e+04
4.021200000000000000e+04
4.021300000000000000e+04
4.021700000000000000e+04
4.021900000000000000e+04
4.022000000000000000e+04
4.022100000000000000e+04
4.022200000000000000e+04
4.022300000000000000e+04
4.022600000000000000e+04
4.022700000000000000e+04
4.024700000000000000e+04
4.025400000000000000e+04
4.026000000000000000e+04
4.026200000000000000e+04
4.026700000000000000e+04
4.026800000000000000e+04
4.026900000000000000e+04
4.027000000000000000e+04
4.027200000000000000e+04
4.028000000000000000e+04
4.028400000000000000e+04
4.028500000000000000e+04
4.028600000000000000e+04
4.028700000000000000e+04
4.030300000000000000e+04
4.031400000000000000e+04
4.031800000000000000e+04
4.032000000000000000e+04
4.036200000000000000e+04
4.041400000000000000e+04
4.041700000000000000e+04
4.043000000000000000e+04
4.045200000000000000e+04
4.050900000000000000e+04
4.057200000000000000e+04
4.060500000000000000e+04
4.060700000000000000e+04
4.061500000000000000e+04
4.066500000000000000e+04
4.066600000000000000e+04
4.066700000000000000e+04
4.066800000000000000e+04
4.066900000000000000e+04
4.067000000000000000e+04
4.067100000000000000e+04
4.090600000000000000e+04
4.090700000000000000e+04
4.090800000000000000e+04
4.096600000000000000e+04
4.096700000000000000e+04
4.096800000000000000e+04
4.096900000000000000e+04
4.097000000000000000e+04
4.097100000000000000e+04
4.097200000000000000e+04
4.097300000000000000e+04
4.097400000000000000e+04
4.098600000000000000e+04
4.098700000000000000e+04
4.101000000000000000e+04
4.110000000000000000e+04
4.117800000000000000e+04
4.117900000000000000e+04
4.118100000000000000e+04
4.118200000000000000e+04
4.118400000000000000e+04
4.118600000000000000e+04
4.125300000000000000e+04
4.131600000000000000e+04
4.132200000000000000e+04
4.133100000000000000e+04
4.133300000000000000e+04
4.134000000000000000e+04
4.134300000000000000e+04
4.134500000000000000e+04
4.134800000000000000e+04
4.135200000000000000e+04
4.135300000000000000e+04
4.135400000000000000e+04
4.135500000000000000e+04
4.136300000000000000e+04
4.144100000000000000e+04
4.144200000000000000e+04
4.147600000000000000e+04
4.147800000000000000e+04
4.147900000000000000e+04
4.150300000000000000e+04
4.157300000000000000e+04
4.157400000000000000e+04
4.157800000000000000e+04
4.158000000000000000e+04
4.158100000000000000e+04
4.158200000000000000e+04
4.158600000000000000e+04
4.173200000000000000e+04
4.183600000000000000e+04
4.183700000000000000e+04
4.183900000000000000e+04
4.184100000000000000e+04
4.184300000000000000e+04
4.184400000000000000e+04
4.184500000000000000e+04
4.184600000000000000e+04
4.184700000000000000e+04
4.185000000000000000e+04
4.185100000000000000e+04
4.185200000000000000e+04
4.185500000000000000e+04
4.185600000000000000e+04
4.185700000000000000e+04
4.185800000000000000e+04
4.185900000000000000e+04
4.186100000000000000e+04
4.186200000000000000e+04
4.186300000000000000e+04
4.186400000000000000e+04
4.186600000000000000e+04
4.186700000000000000e+04
4.186800000000000000e+04
4.187000000000000000e+04
4.187100000000000000e+04
4.187200000000000000e+04
4.187300000000000000e+04
4.187900000000000000e+04
4.188100000000000000e+04
4.188200000000000000e+04
4.193300000000000000e+04
4.193400000000000000e+04
4.194300000000000000e+04
4.194400000000000000e+04
4.194500000000000000e+04
4.195300000000000000e+04
4.195700000000000000e+04
4.202100000000000000e+04
4.209200000000000000e+04
4.209300000000000000e+04
4.209400000000000000e+04
4.209500000000000000e+04
4.209600000000000000e+04
4.209700000000000000e+04
4.209800000000000000e+04
4.209900000000000000e+04
4.214500000000000000e+04
4.215400000000000000e+04
4.215600000000000000e+04
4.215700000000000000e+04
4.215900000000000000e+04
4.216000000000000000e+04
4.221300000000000000e+04
4.221600000000000000e+04
4.224500000000000000e+04
4.225000000000000000e+04
4.229700000000000000e+04
4.244300000000000000e+04
4.244400000000000000e+04
4.244700000000000000e+04
4.244900000000000000e+04
4.245000000000000000e+04
4.252000000000000000e+04
4.257400000000000000e+04
4.257500000000000000e+04
4.259600000000000000e+04
4.262300000000000000e+04
4.269100000000000000e+04
4.269800000000000000e+04
4.269900000000000000e+04
4.273800000000000000e+04
4.273900000000000000e+04
4.274000000000000000e+04
4.275700000000000000e+04
4.280800000000000000e+04
4.281800000000000000e+04
4.281900000000000000e+04
4.285900000000000000e+04
4.286300000000000000e+04
4.287500000000000000e+04
4.294700000000000000e+04
4.294800000000000000e+04
4.294900000000000000e+04
4.303000000000000000e+04
4.306500000000000000e+04
4.310300000000000000e+04
4.310800000000000000e+04
4.311900000000000000e+04
4.313700000000000000e+04
4.319700000000000000e+04
4.322700000000000000e+04
4.324400000000000000e+04
4.326200000000000000e+04
4.332800000000000000e+04
4.336800000000000000e+04
4.337200000000000000e+04
4.337400000000000000e+04
4.340000000000000000e+04
4.348800000000000000e+04
4.349600000000000000e+04
4.349700000000000000e+04
4.349800000000000000e+04
4.352300000000000000e+04
4.354600000000000000e+04
4.362700000000000000e+04
4.364700000000000000e+04
4.365900000000000000e+04
4.366000000000000000e+04
4.366100000000000000e+04
4.366200000000000000e+04
4.366900000000000000e+04
4.367400000000000000e+04
4.369200000000000000e+04
4.372200000000000000e+04
4.383500000000000000e+04
4.383800000000000000e+04
4.386600000000000000e+04
4.389300000000000000e+04
4.389400000000000000e+04
4.391200000000000000e+04
4.391300000000000000e+04
4.391600000000000000e+04
4.395600000000000000e+04
4.397200000000000000e+04
4.410500000000000000e+04
4.411100000000000000e+04
4.418400000000000000e+04
4.418700000000000000e+04
4.421200000000000000e+04
4.421300000000000000e+04
4.424700000000000000e+04
4.424800000000000000e+04
4.425100000000000000e+04
4.434500000000000000e+04
4.455400000000000000e+04
4.459700000000000000e+04
4.462600000000000000e+04
4.464400000000000000e+04
4.466000000000000000e+04
4.469200000000000000e+04
4.472600000000000000e+04
4.477400000000000000e+04
4.477600000000000000e+04
4.477800000000000000e+04
4.477900000000000000e+04
4.481600000000000000e+04
4.484900000000000000e+04
4.485400000000000000e+04
4.485500000000000000e+04
4.500200000000000000e+04
4.500300000000000000e+04
4.505300000000000000e+04
4.506900000000000000e+04
4.514300000000000000e+04
4.519200000000000000e+04
4.587100000000000000e+04
4.598700000000000000e+04
4.601200000000000000e+04
4.601400000000000000e+04
4.601500000000000000e+04
4.601700000000000000e+04
4.602400000000000000e+04
4.602500000000000000e+04
4.602600000000000000e+04
4.602700000000000000e+04
4.602800000000000000e+04
4.603200000000000000e+04
4.603400000000000000e+04
4.603500000000000000e+04
4.603600000000000000e+04
4.603700000000000000e+04
4.603900000000000000e+04
4.604000000000000000e+04
4.604200000000000000e+04
4.604400000000000000e+04
4.604500000000000000e+04
4.604600000000000000e+04
4.604700000000000000e+04
4.604900000000000000e+04
4.605000000000000000e+04
4.605100000000000000e+04
4.605200000000000000e+04
4.605300000000000000e+04
4.605400000000000000e+04
4.605500000000000000e+04
4.605600000000000000e+04
4.605700000000000000e+04
4.605800000000000000e+04
4.605900000000000000e+04
4.606000000000000000e+04
4.606100000000000000e+04
4.606200000000000000e+04
4.606300000000000000e+04
4.606500000000000000e+04
4.606600000000000000e+04
4.606700000000000000e+04
4.606800000000000000e+04
4.606900000000000000e+04
4.607000000000000000e+04
4.607100000000000000e+04
4.607200000000000000e+04
4.607300000000000000e+04
4.607400000000000000e+04
4.607500000000000000e+04
4.607600000000000000e+04
4.607700000000000000e+04
4.607800000000000000e+04
4.607900000000000000e+04
4.608000000000000000e+04
4.608300000000000000e+04
4.608400000000000000e+04
4.608500000000000000e+04
4.608600000000000000e+04
4.608700000000000000e+04
4.608800000000000000e+04
4.608900000000000000e+04
4.609000000000000000e+04
4.609100000000000000e+04
4.609200000000000000e+04
4.609400000000000000e+04
4.609500000000000000e+04
4.609700000000000000e+04
4.609900000000000000e+04
4.610000000000000000e+04
4.610200000000000000e+04
4.610400000000000000e+04
4.618900000000000000e+04
4.652500000000000000e+04
4.654600000000000000e+04
4.658600000000000000e+04
4.671700000000000000e+04
4.671800000000000000e+04
4.672700000000000000e+04
4.677900000000000000e+04
4.718400000000000000e+04
4.720700000000000000e+04
4.725400000000000000e+04
4.725500000000000000e+04
4.725600000000000000e+04
4.725700000000000000e+04
4.725800000000000000e+04
4.725900000000000000e+04
4.726000000000000000e+04
4.726100000000000000e+04
4.726200000000000000e+04
4.726300000000000000e+04
4.726400000000000000e+04
4.726500000000000000e+04
4.726600000000000000e+04
4.726800000000000000e+04
4.726900000000000000e+04
4.727000000000000000e+04
4.727100000000000000e+04
4.727200000000000000e+04
4.727600000000000000e+04
4.727900000000000000e+04
4.728000000000000000e+04
4.728200000000000000e+04
4.728500000000000000e+04
4.728600000000000000e+04
4.729000000000000000e+04
4.729200000000000000e+04
4.729400000000000000e+04
4.729800000000000000e+04
4.729900000000000000e+04
4.730000000000000000e+04
4.730300000000000000e+04
4.730400000000000000e+04
4.730600000000000000e+04
4.730700000000000000e+04
4.730900000000000000e+04
4.731000000000000000e+04
4.731100000000000000e+04
4.731200000000000000e+04
4.731300000000000000e+04
4.731500000000000000e+04
4.731600000000000000e+04
4.731700000000000000e+04
4.731800000000000000e+04
4.731900000000000000e+04
4.732000000000000000e+04
4.732100000000000000e+04
4.732500000000000000e+04
4.732600000000000000e+04
4.732800000000000000e+04
4.740200000000000000e+04
4.747000000000000000e+04
4.749500000000000000e+04
4.757500000000000000e+04
4.761200000000000000e+04
4.764000000000000000e+04
4.787200000000000000e+04
4.811300000000000000e+04
4.867300000000000000e+04
4.933700000000000000e+04
4.935700000000000000e+04
4.936300000000000000e+04
4.936700000000000000e+04
4.943700000000000000e+04
4.952700000000000000e+04
4.957700000000000000e+04
4.972100000000000000e+04
4.974000000000000000e+04
4.981000000000000000e+04
5.007000000000000000e+04
5.007100000000000000e+04
5.028100000000000000e+04
5.039300000000000000e+04
5.039600000000000000e+04
5.039700000000000000e+04
5.039800000000000000e+04
5.039900000000000000e+04
5.052300000000000000e+04
5.052900000000000000e+04
5.053200000000000000e+04
5.053300000000000000e+04
5.053400000000000000e+04
5.053500000000000000e+04
5.053600000000000000e+04
5.053700000000000000e+04
5.053900000000000000e+04
5.054000000000000000e+04
5.054100000000000000e+04
5.054200000000000000e+04
5.054300000000000000e+04
5.054400000000000000e+04
5.054500000000000000e+04
5.054600000000000000e+04
5.054700000000000000e+04
5.054800000000000000e+04
5.055000000000000000e+04
5.055400000000000000e+04
5.055500000000000000e+04
5.055900000000000000e+04
5.056100000000000000e+04
5.056200000000000000e+04
5.056300000000000000e+04
5.056500000000000000e+04
5.101600000000000000e+04
5.101700000000000000e+04
5.101800000000000000e+04
5.109300000000000000e+04
5.116800000000000000e+04
5.117200000000000000e+04
5.117400000000000000e+04
5.117600000000000000e+04
5.211700000000000000e+04
5.213900000000000000e+04
5.227600000000000000e+04
5.229200000000000000e+04
5.229900000000000000e+04
5.232700000000000000e+04
5.257900000000000000e+04
5.258500000000000000e+04
5.278100000000000000e+04
5.287100000000000000e+04
5.293500000000000000e+04
5.296200000000000000e+04
5.296400000000000000e+04
5.296600000000000000e+04
5.296700000000000000e+04
5.296800000000000000e+04
5.296900000000000000e+04
5.297000000000000000e+04
5.297100000000000000e+04
5.297200000000000000e+04
5.297400000000000000e+04
5.297500000000000000e+04
5.297600000000000000e+04
5.297700000000000000e+04
5.297800000000000000e+04
5.298000000000000000e+04
5.298300000000000000e+04
5.298400000000000000e+04
5.298500000000000000e+04
5.298600000000000000e+04
5.299000000000000000e+04
5.299200000000000000e+04
5.302800000000000000e+04
5.382400000000000000e+04
5.386500000000000000e+04
5.386600000000000000e+04
5.398200000000000000e+04
5.439700000000000000e+04
5.460100000000000000e+04
5.462100000000000000e+04
5.472200000000000000e+04
5.485800000000000000e+04
5.560000000000000000e+04
5.598400000000000000e+04
5.599100000000000000e+04
5.600300000000000000e+04
5.600400000000000000e+04
5.603000000000000000e+04
5.646200000000000000e+04
5.650600000000000000e+04
5.653600000000000000e+04
5.655200000000000000e+04
5.656300000000000000e+04
5.661200000000000000e+04
5.661300000000000000e+04
5.672400000000000000e+04
5.673400000000000000e+04
5.674700000000000000e+04
5.674800000000000000e+04
5.675100000000000000e+04
5.675200000000000000e+04
5.681600000000000000e+04
5.710300000000000000e+04
5.714100000000000000e+04
5.717000000000000000e+04
5.718200000000000000e+04
5.718300000000000000e+04
5.718400000000000000e+04
5.719000000000000000e+04
5.722000000000000000e+04
5.729300000000000000e+04
5.729500000000000000e+04
5.732400000000000000e+04
5.732600000000000000e+04
5.732700000000000000e+04
5.732800000000000000e+04
5.732900000000000000e+04
5.733000000000000000e+04
5.733100000000000000e+04
5.733200000000000000e+04
5.733400000000000000e+04
5.733500000000000000e+04
5.733600000000000000e+04
5.733800000000000000e+04
5.733900000000000000e+04
5.734000000000000000e+04
5.734100000000000000e+04
5.734200000000000000e+04
5.734300000000000000e+04
5.734500000000000000e+04
5.734600000000000000e+04
5.734700000000000000e+04
5.735300000000000000e+04
5.737700000000000000e+04
5.751600000000000000e+04
5.785600000000000000e+04
5.791300000000000000e+04
5.792500000000000000e+04
5.795900000000000000e+04
5.796300000000000000e+04
5.797200000000000000e+04
5.818700000000000000e+04
5.827800000000000000e+04
5.830900000000000000e+04
5.831900000000000000e+04
5.832000000000000000e+04
5.834800000000000000e+04
5.840900000000000000e+04
5.841400000000000000e+04
5.843700000000000000e+04
5.863200000000000000e+04
5.870500000000000000e+04
5.870900000000000000e+04
5.873500000000000000e+04
5.874900000000000000e+04
5.876500000000000000e+04
5.883700000000000000e+04
5.889600000000000000e+04
5.890400000000000000e+04
5.894100000000000000e+04
5.895600000000000000e+04
5.897200000000000000e+04
5.903600000000000000e+04
5.904200000000000000e+04
5.904400000000000000e+04
5.907800000000000000e+04
5.907900000000000000e+04
5.910900000000000000e+04
5.912900000000000000e+04
5.924600000000000000e+04
5.933600000000000000e+04
5.986800000000000000e+04
5.992400000000000000e+04
5.994100000000000000e+04
5.996400000000000000e+04
5.996500000000000000e+04
5.996600000000000000e+04
5.996700000000000000e+04
5.996800000000000000e+04
5.996900000000000000e+04
5.997100000000000000e+04
5.997200000000000000e+04
5.997300000000000000e+04
5.997400000000000000e+04
5.997500000000000000e+04
5.997600000000000000e+04
5.997700000000000000e+04
5.997800000000000000e+04
5.998000000000000000e+04
5.998100000000000000e+04
5.998200000000000000e+04
5.998300000000000000e+04
5.998400000000000000e+04
5.998500000000000000e+04
5.998600000000000000e+04
5.998700000000000000e+04
5.998800000000000000e+04
5.998900000000000000e+04
5.999000000000000000e+04
5.999200000000000000e+04
5.999500000000000000e+04
5.999600000000000000e+04
5.999700000000000000e+04
5.999800000000000000e+04
6.000000000000000000e+04
6.000100000000000000e+04
6.000300000000000000e+04
6.000400000000000000e+04
6.000500000000000000e+04
6.000600000000000000e+04
6.000700000000000000e+04
6.000800000000000000e+04
6.000900000000000000e+04
6.001300000000000000e+04
6.001500000000000000e+04
6.001600000000000000e+04
6.001700000000000000e+04
6.001800000000000000e+04
6.001900000000000000e+04
6.002000000000000000e+04
6.002100000000000000e+04
6.002200000000000000e+04
6.002300000000000000e+04
6.002400000000000000e+04
6.002500000000000000e+04
6.002800000000000000e+04
6.002900000000000000e+04
6.003000000000000000e+04
6.003100000000000000e+04
6.003200000000000000e+04
6.003300000000000000e+04
6.003400000000000000e+04
6.003500000000000000e+04
6.003600000000000000e+04
6.003700000000000000e+04
6.003800000000000000e+04
6.003900000000000000e+04
6.004000000000000000e+04
6.004100000000000000e+04
6.004300000000000000e+04
6.004400000000000000e+04
6.004500000000000000e+04
6.004800000000000000e+04
6.004900000000000000e+04
6.005000000000000000e+04
6.005200000000000000e+04
6.005400000000000000e+04
6.005600000000000000e+04
6.005700000000000000e+04
6.005800000000000000e+04
6.006000000000000000e+04
6.006100000000000000e+04
6.006200000000000000e+04
6.006400000000000000e+04
6.006800000000000000e+04
6.006900000000000000e+04
6.007100000000000000e+04
6.007500000000000000e+04
6.007600000000000000e+04
6.007700000000000000e+04
6.007800000000000000e+04
6.007900000000000000e+04
6.008000000000000000e+04
6.008200000000000000e+04
6.008300000000000000e+04
6.008400000000000000e+04
6.008500000000000000e+04
6.008800000000000000e+04
6.013300000000000000e+04
6.020100000000000000e+04
6.020300000000000000e+04
6.025400000000000000e+04
6.058300000000000000e+04
6.059600000000000000e+04
6.065700000000000000e+04
6.066200000000000000e+04
6.066800000000000000e+04
6.067400000000000000e+04
6.068000000000000000e+04
6.068200000000000000e+04
6.068600000000000000e+04
6.068700000000000000e+04
6.068800000000000000e+04
6.069000000000000000e+04
6.069100000000000000e+04
6.074800000000000000e+04
6.075400000000000000e+04
6.076100000000000000e+04
6.076200000000000000e+04
6.076300000000000000e+04
6.079500000000000000e+04
6.081200000000000000e+04
6.082800000000000000e+04
6.086600000000000000e+04
6.087400000000000000e+04
6.087500000000000000e+04
6.087600000000000000e+04
6.088000000000000000e+04
6.095700000000000000e+04
6.096700000000000000e+04
6.096900000000000000e+04
6.097000000000000000e+04
6.097100000000000000e+04
6.097700000000000000e+04
6.109700000000000000e+04
6.116500000000000000e+04
6.142500000000000000e+04
6.146200000000000000e+04
6.146400000000000000e+04
6.146500000000000000e+04
6.178100000000000000e+04
6.178200000000000000e+04
6.178300000000000000e+04
6.178400000000000000e+04
6.178500000000000000e+04
6.178600000000000000e+04
6.178700000000000000e+04
6.178800000000000000e+04
6.178900000000000000e+04
6.179000000000000000e+04
6.179100000000000000e+04
6.179200000000000000e+04
6.179300000000000000e+04
6.179400000000000000e+04
6.179500000000000000e+04
6.179600000000000000e+04
6.179700000000000000e+04
6.179800000000000000e+04
6.179900000000000000e+04
6.180000000000000000e+04
6.180100000000000000e+04
6.180200000000000000e+04
6.180300000000000000e+04
6.180400000000000000e+04
6.180500000000000000e+04
6.180600000000000000e+04
6.180700000000000000e+04
6.180800000000000000e+04
6.180900000000000000e+04
6.181000000000000000e+04
6.181100000000000000e+04
6.181200000000000000e+04
6.181300000000000000e+04
6.181400000000000000e+04
6.181500000000000000e+04
6.181600000000000000e+04
6.181700000000000000e+04
6.181800000000000000e+04
6.181900000000000000e+04
6.182000000000000000e+04
6.182100000000000000e+04
6.182200000000000000e+04
6.182300000000000000e+04
6.182400000000000000e+04
6.182500000000000000e+04
6.182600000000000000e+04
6.182700000000000000e+04
6.182900000000000000e+04
6.183000000000000000e+04
6.183100000000000000e+04
6.183200000000000000e+04
6.183300000000000000e+04
6.189200000000000000e+04
6.189700000000000000e+04
6.189800000000000000e+04
6.189900000000000000e+04
6.190000000000000000e+04
6.190800000000000000e+04
6.196400000000000000e+04
6.196500000000000000e+04
6.196600000000000000e+04
6.196700000000000000e+04
6.201400000000000000e+04
6.209200000000000000e+04
6.211900000000000000e+04
6.219200000000000000e+04
6.219300000000000000e+04
6.219500000000000000e+04
6.219600000000000000e+04
6.219700000000000000e+04
6.219800000000000000e+04
6.220200000000000000e+04
6.220300000000000000e+04
6.220400000000000000e+04
6.220500000000000000e+04
6.228500000000000000e+04
6.250300000000000000e+04
6.250800000000000000e+04
6.250900000000000000e+04
6.251000000000000000e+04
6.251100000000000000e+04
6.251300000000000000e+04
6.251400000000000000e+04
6.251500000000000000e+04
6.251600000000000000e+04
6.251700000000000000e+04
6.251800000000000000e+04
6.251900000000000000e+04
6.252000000000000000e+04
6.252200000000000000e+04
6.253200000000000000e+04
6.255300000000000000e+04
6.274300000000000000e+04
6.274800000000000000e+04
6.277600000000000000e+04
6.277700000000000000e+04
6.277800000000000000e+04
6.277900000000000000e+04
6.278000000000000000e+04
6.278100000000000000e+04
6.278200000000000000e+04
6.278300000000000000e+04
6.278400000000000000e+04
6.278500000000000000e+04
6.278600000000000000e+04
6.278700000000000000e+04
6.278900000000000000e+04
6.279000000000000000e+04
6.279500000000000000e+04
6.280200000000000000e+04
6.302700000000000000e+04
6.304500000000000000e+04
6.305900000000000000e+04
6.306000000000000000e+04
6.344800000000000000e+04
6.344900000000000000e+04
6.345000000000000000e+04
6.345100000000000000e+04
6.345300000000000000e+04
6.345400000000000000e+04
6.345500000000000000e+04
6.345600000000000000e+04
6.345700000000000000e+04
6.345800000000000000e+04
6.345900000000000000e+04
6.346000000000000000e+04
6.346100000000000000e+04
6.346200000000000000e+04
6.346300000000000000e+04
6.346400000000000000e+04
6.346500000000000000e+04
6.346600000000000000e+04
6.346700000000000000e+04
6.346900000000000000e+04
6.348500000000000000e+04
6.350200000000000000e+04
6.368400000000000000e+04
6.368500000000000000e+04
6.379400000000000000e+04
6.381700000000000000e+04
6.381900000000000000e+04
6.382300000000000000e+04
6.382500000000000000e+04
6.382700000000000000e+04
6.382800000000000000e+04
6.383000000000000000e+04
6.383200000000000000e+04
6.383300000000000000e+04
6.383400000000000000e+04
6.383500000000000000e+04
6.383600000000000000e+04
6.383700000000000000e+04
6.383800000000000000e+04
6.383900000000000000e+04
6.384000000000000000e+04
6.384200000000000000e+04
6.384300000000000000e+04
6.384400000000000000e+04
6.384500000000000000e+04
6.384600000000000000e+04
6.384700000000000000e+04
6.384800000000000000e+04
6.384900000000000000e+04
6.385000000000000000e+04
6.385100000000000000e+04
6.385200000000000000e+04
6.385300000000000000e+04
6.385400000000000000e+04
6.385500000000000000e+04
6.385600000000000000e+04
6.385700000000000000e+04
6.385900000000000000e+04
6.386000000000000000e+04
6.386100000000000000e+04
6.386200000000000000e+04
6.386300000000000000e+04
6.386400000000000000e+04
6.386500000000000000e+04
6.386600000000000000e+04
6.386700000000000000e+04
6.392100000000000000e+04
6.392400000000000000e+04
6.393100000000000000e+04
6.393300000000000000e+04
6.393500000000000000e+04
6.393600000000000000e+04
6.393700000000000000e+04
6.393800000000000000e+04
6.393900000000000000e+04
6.394000000000000000e+04
6.394100000000000000e+04
6.394300000000000000e+04
6.394400000000000000e+04
6.394500000000000000e+04
6.394600000000000000e+04
6.396000000000000000e+04
6.413300000000000000e+04
6.413500000000000000e+04
6.416300000000000000e+04
6.427200000000000000e+04
6.429800000000000000e+04
6.435100000000000000e+04
6.435200000000000000e+04
6.435300000000000000e+04
6.439900000000000000e+04
6.441400000000000000e+04
6.441600000000000000e+04
6.441700000000000000e+04
6.441900000000000000e+04
6.442000000000000000e+04
6.442100000000000000e+04
6.442400000000000000e+04
6.442600000000000000e+04
6.442700000000000000e+04
6.442800000000000000e+04
6.442900000000000000e+04
6.443000000000000000e+04
6.443200000000000000e+04
6.447200000000000000e+04
6.452900000000000000e+04
6.453500000000000000e+04
6.454000000000000000e+04
6.454800000000000000e+04
6.455300000000000000e+04
6.455500000000000000e+04
6.456800000000000000e+04
6.457800000000000000e+04
6.460300000000000000e+04
6.461100000000000000e+04
6.461200000000000000e+04
6.461300000000000000e+04
6.461400000000000000e+04
6.461500000000000000e+04
6.461600000000000000e+04
6.461900000000000000e+04
6.480100000000000000e+04
6.481000000000000000e+04
6.487400000000000000e+04
6.488100000000000000e+04
6.491100000000000000e+04
6.491200000000000000e+04
6.491300000000000000e+04
6.491400000000000000e+04
6.491500000000000000e+04
6.491600000000000000e+04
6.491800000000000000e+04
6.492200000000000000e+04
6.492300000000000000e+04
6.492400000000000000e+04
6.492500000000000000e+04
6.492600000000000000e+04
6.492700000000000000e+04
6.492800000000000000e+04
6.493600000000000000e+04
6.496000000000000000e+04
6.504900000000000000e+04
6.509800000000000000e+04
6.522400000000000000e+04
6.540400000000000000e+04
6.541900000000000000e+04
6.543900000000000000e+04
6.544000000000000000e+04
6.544100000000000000e+04
6.544200000000000000e+04
6.549500000000000000e+04
6.551000000000000000e+04
6.551300000000000000e+04
6.556100000000000000e+04
6.559600000000000000e+04
6.566900000000000000e+04
6.567900000000000000e+04
6.568100000000000000e+04
6.568400000000000000e+04
6.582400000000000000e+04
6.582500000000000000e+04
6.585300000000000000e+04
6.585400000000000000e+04
6.585600000000000000e+04
6.585700000000000000e+04
6.588100000000000000e+04
6.599200000000000000e+04
6.599300000000000000e+04
6.599400000000000000e+04
6.599500000000000000e+04
6.599600000000000000e+04
6.599700000000000000e+04
6.599800000000000000e+04
6.599900000000000000e+04
6.618300000000000000e+04
6.618400000000000000e+04
6.618600000000000000e+04
6.618700000000000000e+04
6.618900000000000000e+04
6.625600000000000000e+04
6.625700000000000000e+04
6.626000000000000000e+04
6.626300000000000000e+04
6.626400000000000000e+04
6.627500000000000000e+04
6.627800000000000000e+04
6.628400000000000000e+04
6.628500000000000000e+04
6.628600000000000000e+04
6.642000000000000000e+04
6.642100000000000000e+04
6.642200000000000000e+04
6.642300000000000000e+04
6.643000000000000000e+04
6.689800000000000000e+04
6.690200000000000000e+04
6.690400000000000000e+04
6.691000000000000000e+04
6.694000000000000000e+04
6.694400000000000000e+04
6.695400000000000000e+04
6.695800000000000000e+04
6.702500000000000000e+04
6.702600000000000000e+04
6.702700000000000000e+04
6.702800000000000000e+04
6.702900000000000000e+04
6.703000000000000000e+04
6.703100000000000000e+04
6.713300000000000000e+04
6.713400000000000000e+04
6.713500000000000000e+04
6.713600000000000000e+04
6.713700000000000000e+04
6.713800000000000000e+04
6.714000000000000000e+04
6.714600000000000000e+04
6.725100000000000000e+04
6.726700000000000000e+04
6.730000000000000000e+04
6.730300000000000000e+04
6.730600000000000000e+04
6.730700000000000000e+04
6.730900000000000000e+04
6.731300000000000000e+04
6.738600000000000000e+04
6.738700000000000000e+04
6.738800000000000000e+04
6.738900000000000000e+04
6.739000000000000000e+04
6.739100000000000000e+04
6.739200000000000000e+04
6.741800000000000000e+04
6.742000000000000000e+04
6.766200000000000000e+04
6.766300000000000000e+04
6.766700000000000000e+04
6.771400000000000000e+04
6.779200000000000000e+04
6.779300000000000000e+04
6.779400000000000000e+04
6.779500000000000000e+04
6.779600000000000000e+04
6.779700000000000000e+04
6.779800000000000000e+04
6.779900000000000000e+04
6.781900000000000000e+04
6.782000000000000000e+04
6.782300000000000000e+04
6.800300000000000000e+04
6.801100000000000000e+04
6.802200000000000000e+04
6.802300000000000000e+04
6.802400000000000000e+04
6.802500000000000000e+04
6.802800000000000000e+04
6.803000000000000000e+04
6.803100000000000000e+04
6.803300000000000000e+04
6.803400000000000000e+04
6.803800000000000000e+04
6.803900000000000000e+04
6.806700000000000000e+04
6.834500000000000000e+04
6.834600000000000000e+04
6.834700000000000000e+04
6.834800000000000000e+04
6.834900000000000000e+04
6.847000000000000000e+04
6.848200000000000000e+04
6.848300000000000000e+04
6.848700000000000000e+04
6.848800000000000000e+04
6.852600000000000000e+04
6.852700000000000000e+04
6.852800000000000000e+04
6.852900000000000000e+04
6.853300000000000000e+04
6.856800000000000000e+04
6.857300000000000000e+04
6.874600000000000000e+04
6.874800000000000000e+04
6.876700000000000000e+04
6.876900000000000000e+04
6.877100000000000000e+04
6.877300000000000000e+04
6.887400000000000000e+04
6.903500000000000000e+04
6.903600000000000000e+04
6.903900000000000000e+04
6.920700000000000000e+04
6.920900000000000000e+04
6.921300000000000000e+04
6.923600000000000000e+04
6.925900000000000000e+04
6.927500000000000000e+04
6.929400000000000000e+04
6.935300000000000000e+04
6.948800000000000000e+04
6.948900000000000000e+04
6.957500000000000000e+04
6.958400000000000000e+04
6.960700000000000000e+04
6.967300000000000000e+04
6.968800000000000000e+04
6.968900000000000000e+04
6.986100000000000000e+04
6.989600000000000000e+04
6.990100000000000000e+04
6.995200000000000000e+04
6.997600000000000000e+04
6.998000000000000000e+04
6.998100000000000000e+04
7.007400000000000000e+04
7.007500000000000000e+04
7.007600000000000000e+04
7.007700000000000000e+04
7.008000000000000000e+04
7.009400000000000000e+04
7.017100000000000000e+04
7.025800000000000000e+04
7.029500000000000000e+04
7.029700000000000000e+04
7.035400000000000000e+04
7.075700000000000000e+04
7.082100000000000000e+04
7.082200000000000000e+04
7.082400000000000000e+04
7.082500000000000000e+04
7.082600000000000000e+04
7.082800000000000000e+04
7.083000000000000000e+04
7.083100000000000000e+04
7.083200000000000000e+04
7.083300000000000000e+04
7.083400000000000000e+04
7.083500000000000000e+04
7.083600000000000000e+04
7.083700000000000000e+04
7.083900000000000000e+04
7.084000000000000000e+04
7.084100000000000000e+04
7.084200000000000000e+04
7.084300000000000000e+04
7.084400000000000000e+04
7.084500000000000000e+04
7.084600000000000000e+04
7.084700000000000000e+04
7.084900000000000000e+04
7.085100000000000000e+04
7.085300000000000000e+04
7.085400000000000000e+04
7.085500000000000000e+04
7.085600000000000000e+04
7.085700000000000000e+04
7.085800000000000000e+04
7.085900000000000000e+04
7.086100000000000000e+04
7.086200000000000000e+04
7.086300000000000000e+04
7.086400000000000000e+04
7.086500000000000000e+04
7.086600000000000000e+04
7.086700000000000000e+04
7.099900000000000000e+04
7.102900000000000000e+04
7.121900000000000000e+04
7.124100000000000000e+04
7.126500000000000000e+04
7.133300000000000000e+04
7.143700000000000000e+04
7.143800000000000000e+04
7.143900000000000000e+04
7.144000000000000000e+04
7.144100000000000000e+04
7.144200000000000000e+04
7.144300000000000000e+04
7.144400000000000000e+04
7.144500000000000000e+04
7.144600000000000000e+04
7.144700000000000000e+04
7.144800000000000000e+04
7.144900000000000000e+04
7.145000000000000000e+04
7.145100000000000000e+04
7.145200000000000000e+04
7.145400000000000000e+04
7.145600000000000000e+04
7.145800000000000000e+04
7.145900000000000000e+04
7.146000000000000000e+04
7.146100000000000000e+04
7.146200000000000000e+04
7.146300000000000000e+04
7.146400000000000000e+04
7.146500000000000000e+04
7.146600000000000000e+04
7.146900000000000000e+04
7.147000000000000000e+04
7.147200000000000000e+04
7.147400000000000000e+04
7.147500000000000000e+04
7.147600000000000000e+04
7.147800000000000000e+04
7.148000000000000000e+04
7.148100000000000000e+04
7.148200000000000000e+04
7.148300000000000000e+04
7.148500000000000000e+04
7.148700000000000000e+04
7.148800000000000000e+04
7.148900000000000000e+04
7.149100000000000000e+04
7.149300000000000000e+04
7.149500000000000000e+04
7.149700000000000000e+04
7.149800000000000000e+04
7.149900000000000000e+04
7.150000000000000000e+04
7.150100000000000000e+04
7.150200000000000000e+04
7.150300000000000000e+04
7.150400000000000000e+04
7.150500000000000000e+04
7.150600000000000000e+04
7.150700000000000000e+04
7.150800000000000000e+04
7.150900000000000000e+04
7.151000000000000000e+04
7.151200000000000000e+04
7.151300000000000000e+04
7.153200000000000000e+04
7.179200000000000000e+04
7.180900000000000000e+04
7.186300000000000000e+04
7.186400000000000000e+04
7.186500000000000000e+04
7.186600000000000000e+04
7.187500000000000000e+04
7.200600000000000000e+04
7.200700000000000000e+04
7.200800000000000000e+04
7.200900000000000000e+04
7.201000000000000000e+04
7.201100000000000000e+04
7.201200000000000000e+04
7.201400000000000000e+04
7.201500000000000000e+04
7.201600000000000000e+04
7.201700000000000000e+04
7.201900000000000000e+04
7.202000000000000000e+04
7.202200000000000000e+04
7.202300000000000000e+04
7.202400000000000000e+04
7.202600000000000000e+04
7.202800000000000000e+04
7.202900000000000000e+04
7.203000000000000000e+04
7.203200000000000000e+04
7.203500000000000000e+04
7.203600000000000000e+04
7.203800000000000000e+04
7.204000000000000000e+04
7.204200000000000000e+04
7.204300000000000000e+04
7.204400000000000000e+04
7.204500000000000000e+04
7.204600000000000000e+04
7.204700000000000000e+04
7.204800000000000000e+04
7.204900000000000000e+04
7.205000000000000000e+04
7.205100000000000000e+04
7.205300000000000000e+04
7.205400000000000000e+04
7.205500000000000000e+04
7.205600000000000000e+04
7.205700000000000000e+04
7.205800000000000000e+04
7.205900000000000000e+04
7.206700000000000000e+04
7.206800000000000000e+04
7.206900000000000000e+04
7.207000000000000000e+04
7.207200000000000000e+04
7.207300000000000000e+04
7.207500000000000000e+04
7.207600000000000000e+04
7.208200000000000000e+04
7.208700000000000000e+04
7.208900000000000000e+04
7.209000000000000000e+04
7.209200000000000000e+04
7.209500000000000000e+04
7.209600000000000000e+04
7.209800000000000000e+04
7.209900000000000000e+04
7.210000000000000000e+04
7.210300000000000000e+04
7.212200000000000000e+04
7.215300000000000000e+04
7.215400000000000000e+04
7.215500000000000000e+04
7.215600000000000000e+04
7.215700000000000000e+04
7.218800000000000000e+04
7.218900000000000000e+04
7.219000000000000000e+04
7.231800000000000000e+04
7.232600000000000000e+04
7.232700000000000000e+04
7.233000000000000000e+04
7.233800000000000000e+04
7.234700000000000000e+04
7.234800000000000000e+04
7.234900000000000000e+04
7.235000000000000000e+04
7.235100000000000000e+04
7.235200000000000000e+04
7.236600000000000000e+04
7.237100000000000000e+04
7.237200000000000000e+04
7.238000000000000000e+04
7.239500000000000000e+04
7.240000000000000000e+04
7.240200000000000000e+04
7.245200000000000000e+04
7.245900000000000000e+04
7.246000000000000000e+04
7.246100000000000000e+04
7.246200000000000000e+04
7.246300000000000000e+04
7.246400000000000000e+04
7.246500000000000000e+04
7.246600000000000000e+04
7.246700000000000000e+04
7.246900000000000000e+04
7.247000000000000000e+04
7.249200000000000000e+04
7.249300000000000000e+04
7.254400000000000000e+04
7.255500000000000000e+04
7.256300000000000000e+04
7.256500000000000000e+04
7.256600000000000000e+04
7.256700000000000000e+04
7.256800000000000000e+04
7.272400000000000000e+04
7.272500000000000000e+04
7.272700000000000000e+04
7.272800000000000000e+04
7.272900000000000000e+04
7.273000000000000000e+04
7.288800000000000000e+04
7.298200000000000000e+04
7.298300000000000000e+04
7.298400000000000000e+04
7.298600000000000000e+04
7.311000000000000000e+04
7.330100000000000000e+04
7.331900000000000000e+04
7.332000000000000000e+04
7.332100000000000000e+04
7.332200000000000000e+04
7.332300000000000000e+04
7.332400000000000000e+04
7.332500000000000000e+04
7.332600000000000000e+04
7.332700000000000000e+04
7.332800000000000000e+04
7.332900000000000000e+04
7.333000000000000000e+04
7.333100000000000000e+04
7.333200000000000000e+04
7.333300000000000000e+04
7.333400000000000000e+04
7.333500000000000000e+04
7.333600000000000000e+04
7.333700000000000000e+04
7.333800000000000000e+04
7.333900000000000000e+04
7.334000000000000000e+04
7.334100000000000000e+04
7.334200000000000000e+04
7.334400000000000000e+04
7.334500000000000000e+04
7.334600000000000000e+04
7.339000000000000000e+04
7.341300000000000000e+04
7.341500000000000000e+04
7.341800000000000000e+04
7.342400000000000000e+04
7.343300000000000000e+04
7.344800000000000000e+04
7.354400000000000000e+04
7.354700000000000000e+04
7.358400000000000000e+04
7.358900000000000000e+04
7.359000000000000000e+04
7.359100000000000000e+04
7.359300000000000000e+04
7.359400000000000000e+04
7.359500000000000000e+04
7.359600000000000000e+04
7.359700000000000000e+04
7.359800000000000000e+04
7.359900000000000000e+04
7.360000000000000000e+04
7.361500000000000000e+04
7.362700000000000000e+04
7.365600000000000000e+04
7.365700000000000000e+04
7.365800000000000000e+04
7.373000000000000000e+04
7.378500000000000000e+04
7.383500000000000000e+04
7.385900000000000000e+04
7.392000000000000000e+04
7.394300000000000000e+04
7.399400000000000000e+04
7.399600000000000000e+04
7.410900000000000000e+04
7.412200000000000000e+04
7.421700000000000000e+04
7.422100000000000000e+04
7.422200000000000000e+04
7.422300000000000000e+04
7.422400000000000000e+04
7.422900000000000000e+04
7.423000000000000000e+04
7.435500000000000000e+04
7.445600000000000000e+04
7.445800000000000000e+04
7.449300000000000000e+04
7.449500000000000000e+04
7.457200000000000000e+04
7.458500000000000000e+04
7.458600000000000000e+04
7.458700000000000000e+04
7.458800000000000000e+04
7.458900000000000000e+04
7.459000000000000000e+04
7.459100000000000000e+04
7.460800000000000000e+04
7.461400000000000000e+04
7.463000000000000000e+04
7.463100000000000000e+04
7.463400000000000000e+04
7.464300000000000000e+04
7.465100000000000000e+04
7.465400000000000000e+04
7.465500000000000000e+04
7.465600000000000000e+04
7.465800000000000000e+04
7.466000000000000000e+04
7.470900000000000000e+04
7.472700000000000000e+04
7.473000000000000000e+04
7.473100000000000000e+04
7.473300000000000000e+04
7.473400000000000000e+04
7.473500000000000000e+04
7.473900000000000000e+04
7.474300000000000000e+04
7.478200000000000000e+04
7.480100000000000000e+04
7.483500000000000000e+04
7.483600000000000000e+04
7.485000000000000000e+04
7.494300000000000000e+04
7.494600000000000000e+04
7.494700000000000000e+04
7.499200000000000000e+04
7.503700000000000000e+04
7.512300000000000000e+04
7.512900000000000000e+04
7.515300000000000000e+04
7.515500000000000000e+04
7.515700000000000000e+04
7.516100000000000000e+04
7.522600000000000000e+04
7.525100000000000000e+04
7.530400000000000000e+04
7.530500000000000000e+04
7.531500000000000000e+04
7.539500000000000000e+04
7.540900000000000000e+04
7.541700000000000000e+04
7.541800000000000000e+04
7.544600000000000000e+04
7.544800000000000000e+04
7.553100000000000000e+04
7.553200000000000000e+04
7.553400000000000000e+04
7.553500000000000000e+04
7.555400000000000000e+04
7.555900000000000000e+04
7.558300000000000000e+04
7.559100000000000000e+04
7.560100000000000000e+04
7.565200000000000000e+04
7.566600000000000000e+04
7.569100000000000000e+04
7.569500000000000000e+04
7.570900000000000000e+04
7.574200000000000000e+04
7.578500000000000000e+04
7.579400000000000000e+04
7.581200000000000000e+04
7.582300000000000000e+04
7.582500000000000000e+04
7.583000000000000000e+04
7.584300000000000000e+04
7.605900000000000000e+04
7.625300000000000000e+04
7.638300000000000000e+04
7.638400000000000000e+04
7.638500000000000000e+04
7.638600000000000000e+04
7.638700000000000000e+04
7.638800000000000000e+04
7.638900000000000000e+04
7.639000000000000000e+04
7.639100000000000000e+04
7.639200000000000000e+04
7.639300000000000000e+04
7.639500000000000000e+04
7.639700000000000000e+04
7.639800000000000000e+04
7.640000000000000000e+04
7.640100000000000000e+04
7.640200000000000000e+04
7.640300000000000000e+04
7.640400000000000000e+04
7.640500000000000000e+04
7.640600000000000000e+04
7.640700000000000000e+04
7.640800000000000000e+04
7.641000000000000000e+04
7.641100000000000000e+04
7.641200000000000000e+04
7.641400000000000000e+04
7.641500000000000000e+04
7.641600000000000000e+04
7.641700000000000000e+04
7.643900000000000000e+04
7.663100000000000000e+04
7.665100000000000000e+04
7.667700000000000000e+04
7.669400000000000000e+04
7.674500000000000000e+04
7.680500000000000000e+04
7.681900000000000000e+04
7.682200000000000000e+04
7.682400000000000000e+04
7.682500000000000000e+04
7.687000000000000000e+04
