6.500000000000000000e+01
1.830000000000000000e+02
1.840000000000000000e+02
1.850000000000000000e+02
1.860000000000000000e+02
1.870000000000000000e+02
1.880000000000000000e+02
1.890000000000000000e+02
1.900000000000000000e+02
1.910000000000000000e+02
1.920000000000000000e+02
1.930000000000000000e+02
1.950000000000000000e+02
1.960000000000000000e+02
1.970000000000000000e+02
3.320000000000000000e+02
3.550000000000000000e+02
6.200000000000000000e+02
7.830000000000000000e+02
9.200000000000000000e+02
9.310000000000000000e+02
9.700000000000000000e+02
9.900000000000000000e+02
1.306000000000000000e+03
1.406000000000000000e+03
1.570000000000000000e+03
1.574000000000000000e+03
1.576000000000000000e+03
1.578000000000000000e+03
1.580000000000000000e+03
1.581000000000000000e+03
1.582000000000000000e+03
1.585000000000000000e+03
1.587000000000000000e+03
1.590000000000000000e+03
1.593000000000000000e+03
1.594000000000000000e+03
1.596000000000000000e+03
1.606000000000000000e+03
1.616000000000000000e+03
1.641000000000000000e+03
1.832000000000000000e+03
1.885000000000000000e+03
3.016000000000000000e+03
3.214000000000000000e+03
3.313000000000000000e+03
4.009000000000000000e+03
4.027000000000000000e+03
4.041000000000000000e+03
4.053000000000000000e+03
4.054000000000000000e+03
4.683000000000000000e+03
4.824000000000000000e+03
4.974000000000000000e+03
5.230000000000000000e+03
5.240000000000000000e+03
5.247000000000000000e+03
5.303000000000000000e+03
5.311000000000000000e+03
5.472000000000000000e+03
5.496000000000000000e+03
5.508000000000000000e+03
5.931000000000000000e+03
6.196000000000000000e+03
6.251000000000000000e+03
6.296000000000000000e+03
6.332000000000000000e+03
6.334000000000000000e+03
6.483000000000000000e+03
6.511000000000000000e+03
6.674000000000000000e+03
6.710000000000000000e+03
6.752000000000000000e+03
6.781000000000000000e+03
6.850000000000000000e+03
6.870000000000000000e+03
6.889000000000000000e+03
6.897000000000000000e+03
7.060000000000000000e+03
7.083000000000000000e+03
7.155000000000000000e+03
7.157000000000000000e+03
7.280000000000000000e+03
7.360000000000000000e+03
7.362000000000000000e+03
7.438000000000000000e+03
7.469000000000000000e+03
7.511000000000000000e+03
7.577000000000000000e+03
7.624000000000000000e+03
7.648000000000000000e+03
7.672000000000000000e+03
7.678000000000000000e+03
7.684000000000000000e+03
7.707000000000000000e+03
7.746000000000000000e+03
7.772000000000000000e+03
8.125000000000000000e+03
8.166000000000000000e+03
9.008000000000000000e+03
9.045000000000000000e+03
9.049000000000000000e+03
9.185000000000000000e+03
9.227000000000000000e+03
9.405000000000000000e+03
1.005800000000000000e+04
1.030200000000000000e+04
1.081100000000000000e+04
1.089100000000000000e+04
1.089300000000000000e+04
1.102300000000000000e+04
1.121400000000000000e+04
1.163700000000000000e+04
1.174200000000000000e+04
1.175900000000000000e+04
1.176200000000000000e+04
1.201400000000000000e+04
1.212000000000000000e+04
1.218900000000000000e+04
1.226200000000000000e+04
1.231600000000000000e+04
1.237000000000000000e+04
1.261700000000000000e+04
1.262300000000000000e+04
1.266200000000000000e+04
1.269900000000000000e+04
1.270900000000000000e+04
1.275100000000000000e+04
1.276700000000000000e+04
1.277800000000000000e+04
1.280700000000000000e+04
1.281600000000000000e+04
1.284200000000000000e+04
1.286100000000000000e+04
1.289700000000000000e+04
1.292600000000000000e+04
1.294000000000000000e+04
1.306800000000000000e+04
1.321300000000000000e+04
1.338800000000000000e+04
1.344500000000000000e+04
1.424300000000000000e+04
1.425300000000000000e+04
1.430200000000000000e+04
1.436900000000000000e+04
1.437900000000000000e+04
1.439800000000000000e+04
1.440200000000000000e+04
1.453500000000000000e+04
1.471200000000000000e+04
1.479000000000000000e+04
1.483400000000000000e+04
1.485400000000000000e+04
1.515100000000000000e+04
1.525600000000000000e+04
1.541900000000000000e+04
1.549500000000000000e+04
1.551300000000000000e+04
1.554400000000000000e+04
1.565700000000000000e+04
1.567700000000000000e+04
1.567800000000000000e+04
1.571300000000000000e+04
1.578500000000000000e+04
1.593200000000000000e+04
1.605800000000000000e+04
1.607300000000000000e+04
1.610600000000000000e+04
1.611600000000000000e+04
1.612300000000000000e+04
1.618600000000000000e+04
1.620100000000000000e+04
1.620900000000000000e+04
1.621300000000000000e+04
1.621600000000000000e+04
1.623000000000000000e+04
1.624500000000000000e+04
1.625800000000000000e+04
1.626000000000000000e+04
1.626200000000000000e+04
1.659600000000000000e+04
1.659900000000000000e+04
1.660600000000000000e+04
1.660800000000000000e+04
1.661300000000000000e+04
1.661400000000000000e+04
1.661700000000000000e+04
1.661800000000000000e+04
1.662300000000000000e+04
1.664400000000000000e+04
1.665500000000000000e+04
1.671500000000000000e+04
1.695600000000000000e+04
1.696100000000000000e+04
1.697000000000000000e+04
1.698000000000000000e+04
1.698500000000000000e+04
1.698900000000000000e+04
1.699000000000000000e+04
1.700200000000000000e+04
1.700400000000000000e+04
1.700800000000000000e+04
1.701700000000000000e+04
1.702000000000000000e+04
1.702500000000000000e+04
1.703300000000000000e+04
1.703400000000000000e+04
1.704200000000000000e+04
1.704300000000000000e+04
1.704900000000000000e+04
1.705500000000000000e+04
1.707700000000000000e+04
1.708200000000000000e+04
1.708700000000000000e+04
1.709600000000000000e+04
1.709700000000000000e+04
1.710200000000000000e+04
1.710300000000000000e+04
1.710900000000000000e+04
1.711200000000000000e+04
1.711300000000000000e+04
1.711800000000000000e+04
1.711900000000000000e+04
1.712500000000000000e+04
1.713100000000000000e+04
1.713400000000000000e+04
1.713600000000000000e+04
1.713800000000000000e+04
1.714200000000000000e+04
1.714400000000000000e+04
1.715600000000000000e+04
1.715900000000000000e+04
1.716000000000000000e+04
1.716100000000000000e+04
1.716400000000000000e+04
1.716500000000000000e+04
1.716600000000000000e+04
1.717000000000000000e+04
1.717600000000000000e+04
1.719400000000000000e+04
1.719500000000000000e+04
1.719600000000000000e+04
1.719700000000000000e+04
1.720000000000000000e+04
1.720200000000000000e+04
1.725600000000000000e+04
1.729900000000000000e+04
1.731600000000000000e+04
1.733100000000000000e+04
1.738300000000000000e+04
1.741400000000000000e+04
1.742000000000000000e+04
1.744200000000000000e+04
1.747400000000000000e+04
1.750800000000000000e+04
1.765700000000000000e+04
1.771100000000000000e+04
1.774700000000000000e+04
1.784100000000000000e+04
1.792700000000000000e+04
1.793500000000000000e+04
1.796000000000000000e+04
1.796600000000000000e+04
1.798700000000000000e+04
1.798900000000000000e+04
1.799300000000000000e+04
1.803000000000000000e+04
1.809800000000000000e+04
1.810000000000000000e+04
1.811400000000000000e+04
1.811500000000000000e+04
1.843200000000000000e+04
1.845300000000000000e+04
1.845500000000000000e+04
1.847100000000000000e+04
1.847400000000000000e+04
1.849800000000000000e+04
1.849900000000000000e+04
1.850300000000000000e+04
1.850500000000000000e+04
1.852300000000000000e+04
1.853600000000000000e+04
1.854600000000000000e+04
1.855700000000000000e+04
1.857800000000000000e+04
1.858800000000000000e+04
1.860700000000000000e+04
1.860900000000000000e+04
1.861400000000000000e+04
1.861500000000000000e+04
1.863100000000000000e+04
1.864000000000000000e+04
1.867500000000000000e+04
1.869600000000000000e+04
1.870300000000000000e+04
1.872100000000000000e+04
1.873400000000000000e+04
1.875100000000000000e+04
1.875600000000000000e+04
1.876100000000000000e+04
1.876400000000000000e+04
1.876800000000000000e+04
1.881900000000000000e+04
1.883300000000000000e+04
1.884700000000000000e+04
1.886600000000000000e+04
1.886800000000000000e+04
1.888000000000000000e+04
1.888800000000000000e+04
1.889800000000000000e+04
1.891900000000000000e+04
1.893500000000000000e+04
1.893800000000000000e+04
1.893900000000000000e+04
1.894100000000000000e+04
1.894600000000000000e+04
1.896000000000000000e+04
1.896400000000000000e+04
1.897800000000000000e+04
1.898200000000000000e+04
1.898300000000000000e+04
1.898400000000000000e+04
1.899100000000000000e+04
1.900800000000000000e+04
1.900900000000000000e+04
1.902500000000000000e+04
1.902600000000000000e+04
1.902700000000000000e+04
1.902900000000000000e+04
1.903400000000000000e+04
1.903500000000000000e+04
1.904500000000000000e+04
1.904900000000000000e+04
1.905900000000000000e+04
1.906200000000000000e+04
1.907000000000000000e+04
1.907100000000000000e+04
1.907800000000000000e+04
1.908200000000000000e+04
1.908800000000000000e+04
1.909600000000000000e+04
1.910100000000000000e+04
1.911000000000000000e+04
1.911800000000000000e+04
1.912400000000000000e+04
1.912500000000000000e+04
1.912700000000000000e+04
1.913000000000000000e+04
1.913200000000000000e+04
1.913300000000000000e+04
1.913400000000000000e+04
1.913600000000000000e+04
1.913700000000000000e+04
1.913900000000000000e+04
1.914000000000000000e+04
1.914100000000000000e+04
1.914400000000000000e+04
1.914500000000000000e+04
1.914800000000000000e+04
1.914900000000000000e+04
1.915600000000000000e+04
1.915900000000000000e+04
1.916000000000000000e+04
1.916300000000000000e+04
1.916600000000000000e+04
1.917100000000000000e+04
1.917300000000000000e+04
1.917700000000000000e+04
1.918500000000000000e+04
1.920800000000000000e+04
1.920900000000000000e+04
1.921200000000000000e+04
1.922100000000000000e+04
1.922300000000000000e+04
1.922400000000000000e+04
1.922500000000000000e+04
1.922900000000000000e+04
1.923100000000000000e+04
1.923400000000000000e+04
1.923700000000000000e+04
1.924000000000000000e+04
1.924100000000000000e+04
1.924200000000000000e+04
1.924700000000000000e+04
1.924800000000000000e+04
1.925100000000000000e+04
1.925300000000000000e+04
1.925600000000000000e+04
1.925800000000000000e+04
1.926600000000000000e+04
1.926800000000000000e+04
1.927200000000000000e+04
1.927400000000000000e+04
1.927600000000000000e+04
1.927800000000000000e+04
1.927900000000000000e+04
1.928000000000000000e+04
1.928200000000000000e+04
1.928300000000000000e+04
1.928600000000000000e+04
1.928700000000000000e+04
1.928800000000000000e+04
1.929100000000000000e+04
1.929200000000000000e+04
1.929300000000000000e+04
1.930000000000000000e+04
1.931000000000000000e+04
1.931200000000000000e+04
1.931300000000000000e+04
1.931400000000000000e+04
1.931700000000000000e+04
1.931800000000000000e+04
1.932000000000000000e+04
1.932500000000000000e+04
1.933100000000000000e+04
1.933200000000000000e+04
1.933400000000000000e+04
1.933900000000000000e+04
1.934400000000000000e+04
1.934700000000000000e+04
1.935000000000000000e+04
1.935300000000000000e+04
1.935400000000000000e+04
1.935500000000000000e+04
1.935600000000000000e+04
1.935700000000000000e+04
1.935900000000000000e+04
1.936000000000000000e+04
1.936100000000000000e+04
1.936200000000000000e+04
1.936500000000000000e+04
1.936800000000000000e+04
1.937000000000000000e+04
1.937800000000000000e+04
1.938500000000000000e+04
1.939100000000000000e+04
1.939500000000000000e+04
1.939600000000000000e+04
1.940100000000000000e+04
1.940400000000000000e+04
1.940600000000000000e+04
1.940900000000000000e+04
1.942400000000000000e+04
1.942500000000000000e+04
1.942800000000000000e+04
1.943100000000000000e+04
1.943400000000000000e+04
1.943600000000000000e+04
1.944000000000000000e+04
1.965000000000000000e+04
1.965400000000000000e+04
1.967300000000000000e+04
1.967700000000000000e+04
1.967800000000000000e+04
1.967900000000000000e+04
1.968000000000000000e+04
1.968300000000000000e+04
1.970600000000000000e+04
1.973100000000000000e+04
1.973200000000000000e+04
1.974500000000000000e+04
1.974800000000000000e+04
1.974900000000000000e+04
1.975300000000000000e+04
1.975400000000000000e+04
1.976400000000000000e+04
1.977600000000000000e+04
1.979200000000000000e+04
1.979400000000000000e+04
1.981700000000000000e+04
2.011500000000000000e+04
2.014500000000000000e+04
2.025400000000000000e+04
2.029900000000000000e+04
2.030400000000000000e+04
2.030800000000000000e+04
2.031200000000000000e+04
2.032000000000000000e+04
2.034400000000000000e+04
2.035100000000000000e+04
2.042100000000000000e+04
2.042300000000000000e+04
2.044700000000000000e+04
2.046600000000000000e+04
2.049800000000000000e+04
2.050300000000000000e+04
2.059200000000000000e+04
2.061900000000000000e+04
2.070400000000000000e+04
2.096400000000000000e+04
2.106800000000000000e+04
2.119800000000000000e+04
2.120300000000000000e+04
2.120400000000000000e+04
2.120500000000000000e+04
2.120700000000000000e+04
2.121300000000000000e+04
2.122200000000000000e+04
2.122300000000000000e+04
2.122400000000000000e+04
2.122500000000000000e+04
2.122600000000000000e+04
2.123000000000000000e+04
2.123800000000000000e+04
2.124400000000000000e+04
2.124500000000000000e+04
2.125400000000000000e+04
2.126000000000000000e+04
2.127100000000000000e+04
2.128000000000000000e+04
2.128100000000000000e+04
2.202400000000000000e+04
2.211200000000000000e+04
2.214300000000000000e+04
2.216200000000000000e+04
2.216700000000000000e+04
2.216800000000000000e+04
2.216900000000000000e+04
2.221000000000000000e+04
2.222300000000000000e+04
2.230000000000000000e+04
2.232600000000000000e+04
2.235400000000000000e+04
2.240200000000000000e+04
2.241900000000000000e+04
2.242300000000000000e+04
2.244000000000000000e+04
2.247800000000000000e+04
2.249700000000000000e+04
2.258300000000000000e+04
2.287400000000000000e+04
2.292300000000000000e+04
2.304400000000000000e+04
2.317000000000000000e+04
2.338000000000000000e+04
2.340100000000000000e+04
2.346700000000000000e+04
2.347400000000000000e+04
2.347500000000000000e+04
2.347600000000000000e+04
2.355800000000000000e+04
2.357500000000000000e+04
2.359600000000000000e+04
2.373000000000000000e+04
2.403600000000000000e+04
2.407500000000000000e+04
2.413800000000000000e+04
2.414700000000000000e+04
2.417400000000000000e+04
2.419400000000000000e+04
2.419500000000000000e+04
2.420200000000000000e+04
2.421900000000000000e+04
2.424300000000000000e+04
2.425800000000000000e+04
2.426300000000000000e+04
2.428500000000000000e+04
2.429600000000000000e+04
2.430000000000000000e+04
2.431300000000000000e+04
2.431600000000000000e+04
2.432500000000000000e+04
2.433100000000000000e+04
2.433600000000000000e+04
2.434000000000000000e+04
2.435300000000000000e+04
2.439900000000000000e+04
2.444600000000000000e+04
2.444700000000000000e+04
2.447600000000000000e+04
2.451500000000000000e+04
2.451700000000000000e+04
2.452800000000000000e+04
2.456600000000000000e+04
2.458800000000000000e+04
2.459700000000000000e+04
2.490400000000000000e+04
2.500000000000000000e+04
2.503100000000000000e+04
2.506000000000000000e+04
2.508800000000000000e+04
2.511000000000000000e+04
2.537300000000000000e+04
2.537700000000000000e+04
2.537900000000000000e+04
2.538100000000000000e+04
2.538500000000000000e+04
2.538600000000000000e+04
2.538700000000000000e+04
2.538800000000000000e+04
2.538900000000000000e+04
2.539100000000000000e+04
2.539200000000000000e+04
2.539300000000000000e+04
2.539900000000000000e+04
2.540300000000000000e+04
2.541400000000000000e+04
2.541600000000000000e+04
2.541700000000000000e+04
2.541800000000000000e+04
2.542200000000000000e+04
2.542300000000000000e+04
2.542600000000000000e+04
2.542700000000000000e+04
2.543400000000000000e+04
2.543500000000000000e+04
2.543600000000000000e+04
2.543700000000000000e+04
2.543800000000000000e+04
2.543900000000000000e+04
2.544000000000000000e+04
2.544300000000000000e+04
2.544400000000000000e+04
2.544600000000000000e+04
2.544700000000000000e+04
2.544800000000000000e+04
2.545100000000000000e+04
2.545200000000000000e+04
2.545300000000000000e+04
2.545400000000000000e+04
2.545500000000000000e+04
2.545600000000000000e+04
2.545700000000000000e+04
2.545800000000000000e+04
2.545900000000000000e+04
2.546100000000000000e+04
2.546400000000000000e+04
2.546500000000000000e+04
2.546600000000000000e+04
2.546900000000000000e+04
2.547400000000000000e+04
2.547500000000000000e+04
2.547700000000000000e+04
2.547900000000000000e+04
2.548000000000000000e+04
2.548100000000000000e+04
2.548200000000000000e+04
2.548300000000000000e+04
2.548500000000000000e+04
2.548800000000000000e+04
2.548900000000000000e+04
2.549000000000000000e+04
2.549500000000000000e+04
2.549600000000000000e+04
2.549700000000000000e+04
2.550100000000000000e+04
2.550300000000000000e+04
2.550800000000000000e+04
2.551600000000000000e+04
2.552000000000000000e+04
2.552200000000000000e+04
2.552300000000000000e+04
2.563000000000000000e+04
2.564100000000000000e+04
2.583700000000000000e+04
2.584900000000000000e+04
2.605000000000000000e+04
2.613700000000000000e+04
2.620400000000000000e+04
2.625100000000000000e+04
2.627800000000000000e+04
2.639600000000000000e+04
2.641500000000000000e+04
2.656100000000000000e+04
2.666200000000000000e+04
2.669300000000000000e+04
2.672100000000000000e+04
2.674000000000000000e+04
2.677700000000000000e+04
2.681200000000000000e+04
2.687300000000000000e+04
2.689000000000000000e+04
2.701900000000000000e+04
2.703700000000000000e+04
2.704300000000000000e+04
2.719100000000000000e+04
2.720000000000000000e+04
2.721200000000000000e+04
2.721700000000000000e+04
2.723700000000000000e+04
2.728100000000000000e+04
2.732700000000000000e+04
2.733500000000000000e+04
2.733700000000000000e+04
2.738700000000000000e+04
2.739900000000000000e+04
2.740200000000000000e+04
2.744100000000000000e+04
2.745300000000000000e+04
2.751100000000000000e+04
2.752400000000000000e+04
2.753300000000000000e+04
2.755300000000000000e+04
2.757000000000000000e+04
2.765100000000000000e+04
2.765700000000000000e+04
2.766500000000000000e+04
2.768100000000000000e+04
2.768500000000000000e+04
2.771900000000000000e+04
2.774400000000000000e+04
2.774500000000000000e+04
2.781200000000000000e+04
2.783300000000000000e+04
2.784200000000000000e+04
2.794100000000000000e+04
2.795100000000000000e+04
2.796200000000000000e+04
2.797600000000000000e+04
2.800800000000000000e+04
2.802400000000000000e+04
2.802700000000000000e+04
2.803900000000000000e+04
2.804100000000000000e+04
2.811700000000000000e+04
2.812700000000000000e+04
2.816500000000000000e+04
2.816900000000000000e+04
2.820000000000000000e+04
2.820700000000000000e+04
2.823700000000000000e+04
2.824900000000000000e+04
2.826000000000000000e+04
2.829300000000000000e+04
2.834200000000000000e+04
2.834700000000000000e+04
2.835900000000000000e+04
2.836300000000000000e+04
2.836900000000000000e+04
2.837000000000000000e+04
2.837200000000000000e+04
2.837700000000000000e+04
2.837800000000000000e+04
2.838500000000000000e+04
2.838900000000000000e+04
2.840200000000000000e+04
2.840500000000000000e+04
2.866000000000000000e+04
2.874300000000000000e+04
2.885400000000000000e+04
2.896200000000000000e+04
2.898000000000000000e+04
2.898100000000000000e+04
2.899100000000000000e+04
2.900700000000000000e+04
2.901100000000000000e+04
2.902500000000000000e+04
2.937000000000000000e+04
2.973900000000000000e+04
2.974500000000000000e+04
2.976300000000000000e+04
2.976800000000000000e+04
2.977300000000000000e+04
2.977800000000000000e+04
2.980200000000000000e+04
2.980300000000000000e+04
2.980400000000000000e+04
2.980500000000000000e+04
2.980600000000000000e+04
2.981000000000000000e+04
2.981100000000000000e+04
2.981200000000000000e+04
2.981300000000000000e+04
2.981400000000000000e+04
2.981500000000000000e+04
2.981600000000000000e+04
2.981700000000000000e+04
2.982100000000000000e+04
2.982200000000000000e+04
2.982300000000000000e+04
2.982400000000000000e+04
2.982500000000000000e+04
2.982600000000000000e+04
2.982700000000000000e+04
2.982800000000000000e+04
2.983100000000000000e+04
2.983200000000000000e+04
2.983300000000000000e+04
2.983400000000000000e+04
2.983500000000000000e+04
2.983600000000000000e+04
2.983700000000000000e+04
2.983800000000000000e+04
2.983900000000000000e+04
2.984000000000000000e+04
2.984100000000000000e+04
2.984400000000000000e+04
2.984500000000000000e+04
2.984600000000000000e+04
2.984900000000000000e+04
2.985000000000000000e+04
2.985100000000000000e+04
2.985200000000000000e+04
2.985300000000000000e+04
2.985400000000000000e+04
2.985600000000000000e+04
2.985700000000000000e+04
2.986000000000000000e+04
2.986300000000000000e+04
2.986400000000000000e+04
2.986500000000000000e+04
2.986700000000000000e+04
2.986800000000000000e+04
2.986900000000000000e+04
2.987200000000000000e+04
2.987300000000000000e+04
2.987400000000000000e+04
2.987800000000000000e+04
2.987900000000000000e+04
2.988200000000000000e+04
2.988500000000000000e+04
2.988600000000000000e+04
2.989700000000000000e+04
2.989800000000000000e+04
2.989900000000000000e+04
2.990100000000000000e+04
2.990200000000000000e+04
2.990300000000000000e+04
2.990500000000000000e+04
2.990600000000000000e+04
2.990800000000000000e+04
2.991200000000000000e+04
2.991300000000000000e+04
2.991600000000000000e+04
2.991800000000000000e+04
2.992000000000000000e+04
2.992800000000000000e+04
3.003900000000000000e+04
3.004000000000000000e+04
3.005300000000000000e+04
3.020900000000000000e+04
3.021000000000000000e+04
3.021200000000000000e+04
3.021400000000000000e+04
3.034100000000000000e+04
3.039400000000000000e+04
3.048900000000000000e+04
3.052500000000000000e+04
3.058800000000000000e+04
3.063800000000000000e+04
3.067300000000000000e+04
3.069200000000000000e+04
3.075800000000000000e+04
3.075900000000000000e+04
3.076200000000000000e+04
3.076500000000000000e+04
3.076800000000000000e+04
3.079200000000000000e+04
3.079900000000000000e+04
3.080200000000000000e+04
3.080600000000000000e+04
3.080800000000000000e+04
3.081100000000000000e+04
3.081400000000000000e+04
3.081600000000000000e+04
3.081900000000000000e+04
3.082100000000000000e+04
3.082200000000000000e+04
3.082400000000000000e+04
3.083800000000000000e+04
3.084100000000000000e+04
3.086100000000000000e+04
3.086800000000000000e+04
3.087300000000000000e+04
3.087600000000000000e+04
3.089300000000000000e+04
3.090600000000000000e+04
3.090900000000000000e+04
3.092400000000000000e+04
3.094100000000000000e+04
3.094900000000000000e+04
3.095600000000000000e+04
3.097300000000000000e+04
3.098000000000000000e+04
3.098800000000000000e+04
3.099900000000000000e+04
3.100200000000000000e+04
3.102900000000000000e+04
3.104800000000000000e+04
3.105800000000000000e+04
3.108300000000000000e+04
3.112300000000000000e+04
3.112400000000000000e+04
3.114000000000000000e+04
3.134600000000000000e+04
3.134700000000000000e+04
3.135400000000000000e+04
3.137400000000000000e+04
3.143700000000000000e+04
3.145600000000000000e+04
3.148000000000000000e+04
3.152800000000000000e+04
3.152900000000000000e+04
3.153500000000000000e+04
3.154700000000000000e+04
3.158600000000000000e+04
3.158900000000000000e+04
3.160700000000000000e+04
3.161100000000000000e+04
3.164700000000000000e+04
3.165100000000000000e+04
3.171500000000000000e+04
3.172600000000000000e+04
3.200000000000000000e+04
3.201400000000000000e+04
3.202500000000000000e+04
3.206600000000000000e+04
3.209000000000000000e+04
3.252600000000000000e+04
3.263700000000000000e+04
3.274400000000000000e+04
3.282500000000000000e+04
3.290000000000000000e+04
3.311100000000000000e+04
3.316900000000000000e+04
3.329400000000000000e+04
3.415000000000000000e+04
3.437000000000000000e+04
3.440500000000000000e+04
3.449000000000000000e+04
3.449500000000000000e+04
3.450000000000000000e+04
3.451000000000000000e+04
3.452200000000000000e+04
3.457100000000000000e+04
3.457200000000000000e+04
3.457300000000000000e+04
3.459200000000000000e+04
3.460100000000000000e+04
3.460200000000000000e+04
3.460300000000000000e+04
3.460400000000000000e+04
3.460700000000000000e+04
3.460800000000000000e+04
3.461100000000000000e+04
3.461700000000000000e+04
3.465100000000000000e+04
3.467400000000000000e+04
3.469000000000000000e+04
3.490100000000000000e+04
3.506600000000000000e+04
3.507600000000000000e+04
3.514200000000000000e+04
3.514400000000000000e+04
3.516900000000000000e+04
3.535300000000000000e+04
3.535900000000000000e+04
3.536800000000000000e+04
3.537000000000000000e+04
3.537800000000000000e+04
3.538200000000000000e+04
3.538400000000000000e+04
3.538500000000000000e+04
3.538600000000000000e+04
3.538800000000000000e+04
3.540200000000000000e+04
3.540900000000000000e+04
3.541700000000000000e+04
3.542100000000000000e+04
3.542200000000000000e+04
3.542900000000000000e+04
3.543000000000000000e+04
3.543100000000000000e+04
3.544300000000000000e+04
3.544900000000000000e+04
3.545300000000000000e+04
3.545900000000000000e+04
3.546800000000000000e+04
3.547000000000000000e+04
3.548000000000000000e+04
3.548100000000000000e+04
3.551300000000000000e+04
3.553900000000000000e+04
3.563200000000000000e+04
3.577800000000000000e+04
3.577900000000000000e+04
3.589600000000000000e+04
3.592800000000000000e+04
3.593500000000000000e+04
3.599100000000000000e+04
3.600400000000000000e+04
3.600500000000000000e+04
3.601700000000000000e+04
3.601900000000000000e+04
3.602400000000000000e+04
3.608500000000000000e+04
3.610600000000000000e+04
3.613200000000000000e+04
3.623600000000000000e+04
3.623700000000000000e+04
3.624100000000000000e+04
3.630100000000000000e+04
3.648900000000000000e+04
3.660800000000000000e+04
3.666100000000000000e+04
3.681100000000000000e+04
3.686800000000000000e+04
3.717200000000000000e+04
3.735400000000000000e+04
3.740400000000000000e+04
3.781400000000000000e+04
3.783300000000000000e+04
3.799700000000000000e+04
3.805300000000000000e+04
3.805900000000000000e+04
3.811200000000000000e+04
3.821400000000000000e+04
3.824000000000000000e+04
3.839800000000000000e+04
3.863400000000000000e+04
3.866300000000000000e+04
3.866400000000000000e+04
3.866500000000000000e+04
3.870100000000000000e+04
3.874200000000000000e+04
3.879800000000000000e+04
3.885300000000000000e+04
3.886700000000000000e+04
3.887200000000000000e+04
3.887900000000000000e+04
3.892700000000000000e+04
3.898900000000000000e+04
3.899600000000000000e+04
3.906600000000000000e+04
3.907000000000000000e+04
3.909400000000000000e+04
3.913800000000000000e+04
3.913900000000000000e+04
3.915900000000000000e+04
3.926700000000000000e+04
3.928100000000000000e+04
3.929500000000000000e+04
3.938700000000000000e+04
3.948700000000000000e+04
3.965100000000000000e+04
3.965300000000000000e+04
3.979000000000000000e+04
3.986000000000000000e+04
3.987500000000000000e+04
4.011200000000000000e+04
4.014200000000000000e+04
4.050100000000000000e+04
4.082900000000000000e+04
4.083200000000000000e+04
4.083400000000000000e+04
4.083500000000000000e+04
4.083600000000000000e+04
4.083700000000000000e+04
4.083800000000000000e+04
4.084100000000000000e+04
4.084300000000000000e+04
4.084500000000000000e+04
4.084800000000000000e+04
4.085600000000000000e+04
4.085900000000000000e+04
4.086000000000000000e+04
4.086200000000000000e+04
4.086500000000000000e+04
4.092300000000000000e+04
4.100300000000000000e+04
4.100600000000000000e+04
4.100700000000000000e+04
4.119400000000000000e+04
4.119500000000000000e+04
4.119600000000000000e+04
4.119700000000000000e+04
4.119800000000000000e+04
4.120300000000000000e+04
4.120400000000000000e+04
4.120600000000000000e+04
4.121200000000000000e+04
4.121900000000000000e+04
4.122000000000000000e+04
4.122200000000000000e+04
4.122300000000000000e+04
4.122400000000000000e+04
4.122700000000000000e+04
4.127300000000000000e+04
4.127800000000000000e+04
4.127900000000000000e+04
4.128000000000000000e+04
4.130900000000000000e+04
4.132700000000000000e+04
4.132800000000000000e+04
4.133000000000000000e+04
4.133600000000000000e+04
4.133800000000000000e+04
4.133900000000000000e+04
4.134400000000000000e+04
4.134700000000000000e+04
4.163700000000000000e+04
4.164000000000000000e+04
4.166400000000000000e+04
4.168600000000000000e+04
4.169800000000000000e+04
4.175300000000000000e+04
4.184200000000000000e+04
4.203300000000000000e+04
4.204700000000000000e+04
4.211700000000000000e+04
4.220500000000000000e+04
4.220600000000000000e+04
4.220700000000000000e+04
4.228100000000000000e+04
4.233900000000000000e+04
4.272000000000000000e+04
4.272200000000000000e+04
4.275400000000000000e+04
4.276200000000000000e+04
4.276300000000000000e+04
4.276400000000000000e+04
4.276700000000000000e+04
4.277100000000000000e+04
4.280600000000000000e+04
4.281000000000000000e+04
4.287300000000000000e+04
4.287400000000000000e+04
4.290500000000000000e+04
4.290600000000000000e+04
4.316600000000000000e+04
4.318400000000000000e+04
4.318600000000000000e+04
4.318700000000000000e+04
4.318800000000000000e+04
4.318900000000000000e+04
4.319100000000000000e+04
4.319200000000000000e+04
4.319600000000000000e+04
4.323000000000000000e+04
4.324200000000000000e+04
4.325900000000000000e+04
4.326500000000000000e+04
4.336300000000000000e+04
4.339100000000000000e+04
4.339600000000000000e+04
4.339700000000000000e+04
4.341400000000000000e+04
4.346400000000000000e+04
4.347600000000000000e+04
4.357300000000000000e+04
4.370700000000000000e+04
4.370900000000000000e+04
4.371000000000000000e+04
4.395800000000000000e+04
4.395900000000000000e+04
4.396300000000000000e+04
4.396500000000000000e+04
4.402800000000000000e+04
4.413600000000000000e+04
4.419500000000000000e+04
4.419600000000000000e+04
4.430400000000000000e+04
4.431200000000000000e+04
4.437900000000000000e+04
4.445200000000000000e+04
4.463000000000000000e+04
4.505100000000000000e+04
4.549000000000000000e+04
4.550400000000000000e+04
4.563600000000000000e+04
4.566300000000000000e+04
4.570700000000000000e+04
4.570900000000000000e+04
4.572600000000000000e+04
4.614600000000000000e+04
4.616400000000000000e+04
4.624200000000000000e+04
4.624500000000000000e+04
4.624700000000000000e+04
4.624800000000000000e+04
4.624900000000000000e+04
4.625000000000000000e+04
4.627800000000000000e+04
4.629900000000000000e+04
4.639600000000000000e+04
4.639800000000000000e+04
4.642300000000000000e+04
4.643800000000000000e+04
4.646200000000000000e+04
4.646700000000000000e+04
4.652900000000000000e+04
4.654700000000000000e+04
4.657500000000000000e+04
4.685400000000000000e+04
4.693400000000000000e+04
4.718200000000000000e+04
4.718700000000000000e+04
4.718800000000000000e+04
4.719100000000000000e+04
4.719200000000000000e+04
4.719400000000000000e+04
4.719600000000000000e+04
4.721700000000000000e+04
4.724400000000000000e+04
4.737000000000000000e+04
4.745800000000000000e+04
4.747900000000000000e+04
4.748700000000000000e+04
4.749300000000000000e+04
4.753200000000000000e+04
4.755200000000000000e+04
4.757600000000000000e+04
4.762000000000000000e+04
4.764100000000000000e+04
4.765800000000000000e+04
4.767000000000000000e+04
4.773200000000000000e+04
4.776200000000000000e+04
4.782300000000000000e+04
4.785100000000000000e+04
4.787300000000000000e+04
4.790700000000000000e+04
4.796100000000000000e+04
4.807100000000000000e+04
4.822500000000000000e+04
4.825800000000000000e+04
4.834400000000000000e+04
4.845600000000000000e+04
4.849100000000000000e+04
4.854000000000000000e+04
4.866700000000000000e+04
4.929000000000000000e+04
4.945600000000000000e+04
4.946400000000000000e+04
4.946600000000000000e+04
4.947500000000000000e+04
4.947600000000000000e+04
4.947800000000000000e+04
4.948600000000000000e+04
4.949600000000000000e+04
4.953400000000000000e+04
4.954600000000000000e+04
4.954800000000000000e+04
4.955900000000000000e+04
4.957400000000000000e+04
4.960200000000000000e+04
4.964300000000000000e+04
5.009600000000000000e+04
5.009800000000000000e+04
5.009900000000000000e+04
5.010400000000000000e+04
5.010500000000000000e+04
5.010600000000000000e+04
5.010800000000000000e+04
5.010900000000000000e+04
5.011000000000000000e+04
5.011300000000000000e+04
5.011500000000000000e+04
5.012200000000000000e+04
5.012500000000000000e+04
5.012600000000000000e+04
5.012700000000000000e+04
5.013000000000000000e+04
5.013500000000000000e+04
5.014800000000000000e+04
5.015400000000000000e+04
5.015500000000000000e+04
5.015600000000000000e+04
5.015800000000000000e+04
5.016000000000000000e+04
5.016100000000000000e+04
5.016300000000000000e+04
5.016400000000000000e+04
5.016500000000000000e+04
5.016900000000000000e+04
5.017100000000000000e+04
5.017300000000000000e+04
5.017400000000000000e+04
5.017900000000000000e+04
5.018000000000000000e+04
5.018200000000000000e+04
5.018300000000000000e+04
5.018600000000000000e+04
5.018800000000000000e+04
5.019000000000000000e+04
5.019100000000000000e+04
5.019200000000000000e+04
5.019800000000000000e+04
5.020400000000000000e+04
5.020900000000000000e+04
5.021100000000000000e+04
5.021200000000000000e+04
5.021300000000000000e+04
5.022000000000000000e+04
5.022200000000000000e+04
5.024100000000000000e+04
5.024500000000000000e+04
5.024600000000000000e+04
5.025000000000000000e+04
5.025100000000000000e+04
5.025900000000000000e+04
5.026100000000000000e+04
5.026400000000000000e+04
5.027500000000000000e+04
5.029300000000000000e+04
5.030100000000000000e+04
5.030300000000000000e+04
5.031000000000000000e+04
5.031200000000000000e+04
5.031400000000000000e+04
5.031900000000000000e+04
5.032300000000000000e+04
5.033000000000000000e+04
5.033400000000000000e+04
5.033700000000000000e+04
5.033800000000000000e+04
5.034400000000000000e+04
5.034500000000000000e+04
5.034600000000000000e+04
5.035100000000000000e+04
5.035200000000000000e+04
5.035300000000000000e+04
5.035400000000000000e+04
5.035500000000000000e+04
5.035700000000000000e+04
5.035900000000000000e+04
5.036200000000000000e+04
5.036500000000000000e+04
5.037100000000000000e+04
5.037200000000000000e+04
5.038000000000000000e+04
5.038700000000000000e+04
5.047600000000000000e+04
5.049500000000000000e+04
5.050100000000000000e+04
5.050700000000000000e+04
5.051000000000000000e+04
5.051500000000000000e+04
5.051900000000000000e+04
5.052200000000000000e+04
5.052700000000000000e+04
5.063400000000000000e+04
5.063800000000000000e+04
5.063900000000000000e+04
5.080100000000000000e+04
5.080200000000000000e+04
5.081700000000000000e+04
5.082400000000000000e+04
5.083100000000000000e+04
5.083300000000000000e+04
5.083500000000000000e+04
5.084300000000000000e+04
5.084500000000000000e+04
5.084700000000000000e+04
5.085300000000000000e+04
5.087300000000000000e+04
5.088500000000000000e+04
5.089700000000000000e+04
5.090400000000000000e+04
5.091100000000000000e+04
5.092300000000000000e+04
5.094200000000000000e+04
5.095300000000000000e+04
5.096100000000000000e+04
5.097200000000000000e+04
5.098500000000000000e+04
5.098700000000000000e+04
5.098900000000000000e+04
5.099000000000000000e+04
5.100100000000000000e+04
5.100300000000000000e+04
5.100900000000000000e+04
5.103000000000000000e+04
5.103200000000000000e+04
5.103600000000000000e+04
5.104000000000000000e+04
5.107200000000000000e+04
5.111900000000000000e+04
5.118600000000000000e+04
5.118900000000000000e+04
5.119500000000000000e+04
5.122000000000000000e+04
5.139400000000000000e+04
5.155900000000000000e+04
5.157600000000000000e+04
5.163900000000000000e+04
5.173400000000000000e+04
5.174600000000000000e+04
5.189100000000000000e+04
5.196800000000000000e+04
5.201700000000000000e+04
5.209900000000000000e+04
5.278200000000000000e+04
5.279200000000000000e+04
5.279600000000000000e+04
5.286500000000000000e+04
5.300500000000000000e+04
5.304000000000000000e+04
5.351500000000000000e+04
5.353500000000000000e+04
5.356400000000000000e+04
5.359400000000000000e+04
5.360400000000000000e+04
5.362000000000000000e+04
5.366500000000000000e+04
5.367000000000000000e+04
5.367200000000000000e+04
5.372300000000000000e+04
5.372500000000000000e+04
5.373300000000000000e+04
5.375400000000000000e+04
5.375800000000000000e+04
5.376800000000000000e+04
5.378400000000000000e+04
5.379100000000000000e+04
5.379500000000000000e+04
5.400000000000000000e+04
5.400800000000000000e+04
5.401200000000000000e+04
5.401300000000000000e+04
5.402000000000000000e+04
5.402600000000000000e+04
5.402700000000000000e+04
5.402800000000000000e+04
5.403000000000000000e+04
5.403600000000000000e+04
5.403700000000000000e+04
5.403800000000000000e+04
5.404300000000000000e+04
5.404800000000000000e+04
5.404900000000000000e+04
5.405200000000000000e+04
5.405700000000000000e+04
5.409000000000000000e+04
5.409300000000000000e+04
5.410700000000000000e+04
5.425600000000000000e+04
5.426300000000000000e+04
5.428000000000000000e+04
5.432000000000000000e+04
5.433100000000000000e+04
5.434300000000000000e+04
5.434600000000000000e+04
5.435600000000000000e+04
5.437200000000000000e+04
5.438100000000000000e+04
5.440200000000000000e+04
5.446000000000000000e+04
5.448900000000000000e+04
5.451100000000000000e+04
5.456500000000000000e+04
5.457200000000000000e+04
5.472600000000000000e+04
5.472700000000000000e+04
5.476300000000000000e+04
5.476900000000000000e+04
5.479600000000000000e+04
5.519500000000000000e+04
5.536400000000000000e+04
5.578000000000000000e+04
5.602500000000000000e+04
5.607500000000000000e+04
5.607600000000000000e+04
5.607800000000000000e+04
5.608300000000000000e+04
5.608900000000000000e+04
5.609300000000000000e+04
5.609400000000000000e+04
5.609600000000000000e+04
5.609700000000000000e+04
5.610500000000000000e+04
5.610700000000000000e+04
5.611000000000000000e+04
5.611100000000000000e+04
5.611300000000000000e+04
5.611700000000000000e+04
5.611800000000000000e+04
5.612200000000000000e+04
5.612300000000000000e+04
5.612500000000000000e+04
5.612700000000000000e+04
5.612800000000000000e+04
5.613500000000000000e+04
5.614000000000000000e+04
5.614100000000000000e+04
5.614400000000000000e+04
5.614500000000000000e+04
5.614600000000000000e+04
5.615200000000000000e+04
5.615400000000000000e+04
5.615800000000000000e+04
5.616100000000000000e+04
5.616300000000000000e+04
5.617400000000000000e+04
5.617500000000000000e+04
5.617700000000000000e+04
5.617800000000000000e+04
5.618100000000000000e+04
5.619300000000000000e+04
5.619400000000000000e+04
5.619600000000000000e+04
5.620000000000000000e+04
5.661800000000000000e+04
5.665200000000000000e+04
5.669400000000000000e+04
5.675900000000000000e+04
5.676000000000000000e+04
5.677800000000000000e+04
5.677900000000000000e+04
5.678100000000000000e+04
5.678300000000000000e+04
5.678600000000000000e+04
5.679100000000000000e+04
5.679200000000000000e+04
5.679800000000000000e+04
5.680100000000000000e+04
5.680500000000000000e+04
5.681200000000000000e+04
5.681500000000000000e+04
5.682300000000000000e+04
5.685100000000000000e+04
5.685400000000000000e+04
5.692800000000000000e+04
5.692900000000000000e+04
5.698200000000000000e+04
5.704300000000000000e+04
5.717200000000000000e+04
5.717500000000000000e+04
5.717600000000000000e+04
5.717700000000000000e+04
5.717800000000000000e+04
5.729700000000000000e+04
5.737200000000000000e+04
5.738400000000000000e+04
5.757800000000000000e+04
5.762400000000000000e+04
5.765600000000000000e+04
5.765800000000000000e+04
5.773800000000000000e+04
5.777500000000000000e+04
5.777600000000000000e+04
5.778200000000000000e+04
5.778600000000000000e+04
5.779200000000000000e+04
5.779400000000000000e+04
5.779600000000000000e+04
5.780900000000000000e+04
5.782800000000000000e+04
5.783000000000000000e+04
5.783700000000000000e+04
5.826900000000000000e+04
5.844000000000000000e+04
5.860300000000000000e+04
5.865500000000000000e+04
5.867200000000000000e+04
5.873700000000000000e+04
5.883200000000000000e+04
5.884100000000000000e+04
5.885400000000000000e+04
5.886500000000000000e+04
5.920900000000000000e+04
5.922000000000000000e+04
5.922900000000000000e+04
5.926400000000000000e+04
5.927200000000000000e+04
5.933700000000000000e+04
5.934000000000000000e+04
5.934300000000000000e+04
5.934600000000000000e+04
5.935100000000000000e+04
5.935400000000000000e+04
5.936400000000000000e+04
5.947800000000000000e+04
5.948800000000000000e+04
5.949600000000000000e+04
5.949900000000000000e+04
5.952200000000000000e+04
5.954900000000000000e+04
5.956400000000000000e+04
5.961400000000000000e+04
5.962100000000000000e+04
5.966400000000000000e+04
5.990800000000000000e+04
5.991000000000000000e+04
5.991100000000000000e+04
5.991400000000000000e+04
5.991700000000000000e+04
5.992200000000000000e+04
5.992300000000000000e+04
5.992700000000000000e+04
5.993100000000000000e+04
5.993200000000000000e+04
5.993300000000000000e+04
5.994200000000000000e+04
5.994300000000000000e+04
5.994400000000000000e+04
5.994600000000000000e+04
5.994700000000000000e+04
5.994800000000000000e+04
5.995100000000000000e+04
5.995200000000000000e+04
5.995300000000000000e+04
5.995600000000000000e+04
5.995800000000000000e+04
5.996000000000000000e+04
5.996100000000000000e+04
5.996200000000000000e+04
6.004200000000000000e+04
6.007400000000000000e+04
6.028100000000000000e+04
6.029300000000000000e+04
6.036700000000000000e+04
6.037700000000000000e+04
6.037800000000000000e+04
6.063400000000000000e+04
6.064400000000000000e+04
6.064500000000000000e+04
6.064600000000000000e+04
6.078300000000000000e+04
6.082400000000000000e+04
6.083100000000000000e+04
6.090500000000000000e+04
6.096100000000000000e+04
6.096600000000000000e+04
6.108800000000000000e+04
6.109300000000000000e+04
6.109500000000000000e+04
6.132200000000000000e+04
6.143400000000000000e+04
6.143600000000000000e+04
6.144400000000000000e+04
6.151200000000000000e+04
6.152100000000000000e+04
6.152400000000000000e+04
6.153000000000000000e+04
6.153900000000000000e+04
6.154200000000000000e+04
6.155000000000000000e+04
6.155100000000000000e+04
6.156500000000000000e+04
6.157000000000000000e+04
6.157800000000000000e+04
6.170300000000000000e+04
6.185000000000000000e+04
6.214900000000000000e+04
6.231100000000000000e+04
6.249000000000000000e+04
6.253400000000000000e+04
6.273900000000000000e+04
6.279200000000000000e+04
6.279400000000000000e+04
6.283600000000000000e+04
6.304400000000000000e+04
6.304700000000000000e+04
6.305000000000000000e+04
6.313800000000000000e+04
6.314200000000000000e+04
6.317200000000000000e+04
6.317600000000000000e+04
6.319200000000000000e+04
6.320800000000000000e+04
6.321500000000000000e+04
6.322100000000000000e+04
6.323300000000000000e+04
6.325800000000000000e+04
6.328200000000000000e+04
6.329000000000000000e+04
6.330300000000000000e+04
6.330500000000000000e+04
6.332100000000000000e+04
6.332700000000000000e+04
6.333300000000000000e+04
6.334300000000000000e+04
6.334400000000000000e+04
6.336700000000000000e+04
6.337600000000000000e+04
6.339200000000000000e+04
6.352500000000000000e+04
6.368300000000000000e+04
6.368700000000000000e+04
6.372900000000000000e+04
6.374600000000000000e+04
6.376800000000000000e+04
6.394800000000000000e+04
6.399300000000000000e+04
6.400700000000000000e+04
6.401600000000000000e+04
6.402400000000000000e+04
6.406100000000000000e+04
6.407500000000000000e+04
6.409700000000000000e+04
6.410300000000000000e+04
6.424300000000000000e+04
6.430300000000000000e+04
6.445800000000000000e+04
6.455900000000000000e+04
6.456900000000000000e+04
6.457900000000000000e+04
6.458000000000000000e+04
6.458500000000000000e+04
6.458600000000000000e+04
6.459200000000000000e+04
6.499300000000000000e+04
6.502200000000000000e+04
6.518300000000000000e+04
6.538000000000000000e+04
6.538300000000000000e+04
6.538500000000000000e+04
6.538600000000000000e+04
6.538800000000000000e+04
6.539600000000000000e+04
6.540200000000000000e+04
6.560500000000000000e+04
6.562000000000000000e+04
6.566400000000000000e+04
6.566700000000000000e+04
6.567700000000000000e+04
6.576200000000000000e+04
6.583700000000000000e+04
6.625200000000000000e+04
6.693800000000000000e+04
6.696500000000000000e+04
6.696800000000000000e+04
6.698300000000000000e+04
6.699100000000000000e+04
6.703200000000000000e+04
6.715900000000000000e+04
6.717100000000000000e+04
6.717400000000000000e+04
6.717500000000000000e+04
6.718000000000000000e+04
6.718200000000000000e+04
6.718300000000000000e+04
6.719100000000000000e+04
6.719300000000000000e+04
6.719500000000000000e+04
6.739600000000000000e+04
6.739700000000000000e+04
6.739900000000000000e+04
6.740100000000000000e+04
6.740200000000000000e+04
6.740300000000000000e+04
6.740500000000000000e+04
6.740700000000000000e+04
6.740900000000000000e+04
6.741000000000000000e+04
6.742800000000000000e+04
6.745000000000000000e+04
6.745100000000000000e+04
6.745200000000000000e+04
6.745600000000000000e+04
6.767500000000000000e+04
6.767600000000000000e+04
6.767700000000000000e+04
6.768100000000000000e+04
6.768200000000000000e+04
6.768300000000000000e+04
6.768500000000000000e+04
6.768800000000000000e+04
6.769300000000000000e+04
6.776000000000000000e+04
6.790100000000000000e+04
6.790900000000000000e+04
6.791400000000000000e+04
6.791800000000000000e+04
6.796800000000000000e+04
6.803700000000000000e+04
6.804100000000000000e+04
6.804700000000000000e+04
6.806500000000000000e+04
6.825200000000000000e+04
6.848000000000000000e+04
6.848400000000000000e+04
6.848600000000000000e+04
6.873500000000000000e+04
6.925100000000000000e+04
6.962400000000000000e+04
6.962800000000000000e+04
6.963100000000000000e+04
6.963300000000000000e+04
6.963700000000000000e+04
6.963900000000000000e+04
6.964200000000000000e+04
6.979300000000000000e+04
6.984800000000000000e+04
6.985600000000000000e+04
6.988200000000000000e+04
6.998200000000000000e+04
7.008500000000000000e+04
7.009200000000000000e+04
7.021300000000000000e+04
7.032000000000000000e+04
7.034000000000000000e+04
7.034300000000000000e+04
7.034400000000000000e+04
7.034600000000000000e+04
7.036300000000000000e+04
7.084800000000000000e+04
7.087800000000000000e+04
7.093500000000000000e+04
7.135100000000000000e+04
7.137900000000000000e+04
7.145700000000000000e+04
7.147300000000000000e+04
7.147700000000000000e+04
7.147900000000000000e+04
7.148400000000000000e+04
7.149200000000000000e+04
7.149400000000000000e+04
7.149600000000000000e+04
7.151100000000000000e+04
7.172000000000000000e+04
7.196500000000000000e+04
7.234600000000000000e+04
7.240600000000000000e+04
7.249600000000000000e+04
7.250200000000000000e+04
7.250400000000000000e+04
7.251300000000000000e+04
7.273400000000000000e+04
7.273500000000000000e+04
7.273600000000000000e+04
7.273700000000000000e+04
7.273800000000000000e+04
7.273900000000000000e+04
7.274000000000000000e+04
7.274100000000000000e+04
7.274200000000000000e+04
7.274300000000000000e+04
7.274400000000000000e+04
7.281700000000000000e+04
7.283500000000000000e+04
7.284100000000000000e+04
7.284400000000000000e+04
7.309600000000000000e+04
7.338200000000000000e+04
7.338300000000000000e+04
7.338400000000000000e+04
7.345000000000000000e+04
7.351000000000000000e+04
7.351500000000000000e+04
7.351700000000000000e+04
7.362200000000000000e+04
7.371600000000000000e+04
7.371700000000000000e+04
7.371800000000000000e+04
7.371900000000000000e+04
7.372000000000000000e+04
7.372100000000000000e+04
7.372200000000000000e+04
7.372300000000000000e+04
7.372400000000000000e+04
7.372500000000000000e+04
7.372600000000000000e+04
7.372700000000000000e+04
7.377900000000000000e+04
7.378700000000000000e+04
7.378800000000000000e+04
7.378900000000000000e+04
7.379000000000000000e+04
7.379100000000000000e+04
7.379200000000000000e+04
7.379300000000000000e+04
7.379400000000000000e+04
7.379500000000000000e+04
7.379600000000000000e+04
7.379700000000000000e+04
7.379800000000000000e+04
7.379900000000000000e+04
7.380000000000000000e+04
7.380100000000000000e+04
7.380200000000000000e+04
7.380300000000000000e+04
7.380400000000000000e+04
7.380500000000000000e+04
7.380600000000000000e+04
7.380700000000000000e+04
7.380800000000000000e+04
7.380900000000000000e+04
7.381000000000000000e+04
7.381100000000000000e+04
7.381200000000000000e+04
7.381300000000000000e+04
7.381400000000000000e+04
7.381500000000000000e+04
7.381600000000000000e+04
7.381700000000000000e+04
7.381800000000000000e+04
7.381900000000000000e+04
7.382000000000000000e+04
7.382100000000000000e+04
7.382200000000000000e+04
7.382300000000000000e+04
7.382400000000000000e+04
7.382500000000000000e+04
7.382600000000000000e+04
7.407300000000000000e+04
7.407500000000000000e+04
7.408300000000000000e+04
7.411300000000000000e+04
7.441700000000000000e+04
7.441800000000000000e+04
7.442000000000000000e+04
7.442100000000000000e+04
7.448900000000000000e+04
7.449000000000000000e+04
7.457500000000000000e+04
7.457600000000000000e+04
7.457700000000000000e+04
7.457800000000000000e+04
7.457900000000000000e+04
7.458000000000000000e+04
7.458100000000000000e+04
7.458200000000000000e+04
7.458300000000000000e+04
7.479700000000000000e+04
7.479800000000000000e+04
7.497200000000000000e+04
7.540600000000000000e+04
7.660400000000000000e+04
7.670500000000000000e+04
7.679900000000000000e+04
7.681300000000000000e+04
