1.530000000000000000e+02
1.710000000000000000e+02
1.720000000000000000e+02
1.730000000000000000e+02
1.740000000000000000e+02
1.750000000000000000e+02
2.000000000000000000e+02
2.010000000000000000e+02
2.020000000000000000e+02
2.030000000000000000e+02
2.040000000000000000e+02
2.050000000000000000e+02
2.060000000000000000e+02
2.070000000000000000e+02
2.080000000000000000e+02
2.090000000000000000e+02
2.100000000000000000e+02
2.110000000000000000e+02
2.120000000000000000e+02
2.130000000000000000e+02
2.140000000000000000e+02
2.150000000000000000e+02
2.160000000000000000e+02
2.170000000000000000e+02
2.180000000000000000e+02
2.190000000000000000e+02
2.200000000000000000e+02
2.230000000000000000e+02
2.250000000000000000e+02
2.260000000000000000e+02
2.270000000000000000e+02
2.280000000000000000e+02
2.290000000000000000e+02
2.300000000000000000e+02
2.310000000000000000e+02
2.320000000000000000e+02
2.330000000000000000e+02
2.340000000000000000e+02
2.350000000000000000e+02
2.360000000000000000e+02
2.370000000000000000e+02
2.380000000000000000e+02
2.390000000000000000e+02
2.400000000000000000e+02
2.410000000000000000e+02
2.430000000000000000e+02
2.440000000000000000e+02
2.450000000000000000e+02
2.460000000000000000e+02
2.470000000000000000e+02
2.480000000000000000e+02
2.490000000000000000e+02
2.500000000000000000e+02
2.510000000000000000e+02
2.520000000000000000e+02
2.530000000000000000e+02
2.540000000000000000e+02
2.550000000000000000e+02
2.560000000000000000e+02
2.570000000000000000e+02
2.580000000000000000e+02
2.590000000000000000e+02
2.600000000000000000e+02
2.610000000000000000e+02
2.620000000000000000e+02
2.630000000000000000e+02
2.650000000000000000e+02
2.660000000000000000e+02
2.670000000000000000e+02
2.690000000000000000e+02
2.710000000000000000e+02
2.720000000000000000e+02
2.730000000000000000e+02
2.740000000000000000e+02
2.750000000000000000e+02
2.760000000000000000e+02
2.770000000000000000e+02
2.780000000000000000e+02
2.790000000000000000e+02
2.800000000000000000e+02
2.810000000000000000e+02
2.820000000000000000e+02
2.830000000000000000e+02
2.840000000000000000e+02
2.850000000000000000e+02
2.860000000000000000e+02
2.870000000000000000e+02
2.880000000000000000e+02
2.890000000000000000e+02
2.900000000000000000e+02
2.910000000000000000e+02
2.920000000000000000e+02
2.930000000000000000e+02
2.940000000000000000e+02
2.950000000000000000e+02
2.960000000000000000e+02
2.970000000000000000e+02
2.980000000000000000e+02
2.990000000000000000e+02
3.000000000000000000e+02
3.010000000000000000e+02
3.020000000000000000e+02
3.030000000000000000e+02
3.070000000000000000e+02
3.090000000000000000e+02
3.100000000000000000e+02
3.120000000000000000e+02
3.130000000000000000e+02
4.070000000000000000e+02
4.080000000000000000e+02
4.090000000000000000e+02
4.110000000000000000e+02
4.120000000000000000e+02
4.130000000000000000e+02
4.180000000000000000e+02
4.200000000000000000e+02
4.230000000000000000e+02
4.260000000000000000e+02
4.280000000000000000e+02
4.300000000000000000e+02
4.310000000000000000e+02
4.380000000000000000e+02
4.400000000000000000e+02
4.420000000000000000e+02
4.450000000000000000e+02
4.480000000000000000e+02
4.490000000000000000e+02
4.530000000000000000e+02
4.580000000000000000e+02
4.610000000000000000e+02
4.620000000000000000e+02
4.630000000000000000e+02
4.640000000000000000e+02
4.650000000000000000e+02
1.698000000000000000e+03
3.433000000000000000e+03
3.436000000000000000e+03
3.438000000000000000e+03
3.457000000000000000e+03
3.460000000000000000e+03
3.467000000000000000e+03
4.300000000000000000e+03
4.989000000000000000e+03
4.990000000000000000e+03
4.993000000000000000e+03
4.994000000000000000e+03
4.995000000000000000e+03
4.996000000000000000e+03
4.997000000000000000e+03
4.998000000000000000e+03
4.999000000000000000e+03
5.000000000000000000e+03
5.001000000000000000e+03
5.002000000000000000e+03
5.003000000000000000e+03
5.009000000000000000e+03
5.011000000000000000e+03
5.014000000000000000e+03
5.015000000000000000e+03
5.017000000000000000e+03
5.019000000000000000e+03
5.020000000000000000e+03
5.021000000000000000e+03
5.022000000000000000e+03
5.024000000000000000e+03
5.025000000000000000e+03
5.029000000000000000e+03
5.031000000000000000e+03
5.032000000000000000e+03
5.033000000000000000e+03
5.035000000000000000e+03
5.036000000000000000e+03
5.037000000000000000e+03
5.042000000000000000e+03
5.044000000000000000e+03
5.048000000000000000e+03
5.051000000000000000e+03
5.076000000000000000e+03
5.081000000000000000e+03
5.085000000000000000e+03
5.087000000000000000e+03
5.089000000000000000e+03
5.090000000000000000e+03
5.091000000000000000e+03
5.092000000000000000e+03
5.094000000000000000e+03
5.095000000000000000e+03
5.097000000000000000e+03
5.099000000000000000e+03
5.100000000000000000e+03
5.101000000000000000e+03
5.104000000000000000e+03
5.110000000000000000e+03
5.169000000000000000e+03
5.170000000000000000e+03
5.171000000000000000e+03
5.172000000000000000e+03
5.173000000000000000e+03
5.176000000000000000e+03
5.780000000000000000e+03
5.784000000000000000e+03
5.789000000000000000e+03
5.792000000000000000e+03
5.794000000000000000e+03
5.801000000000000000e+03
5.803000000000000000e+03
5.812000000000000000e+03
7.159000000000000000e+03
7.824000000000000000e+03
7.827000000000000000e+03
7.832000000000000000e+03
7.834000000000000000e+03
7.835000000000000000e+03
7.836000000000000000e+03
7.838000000000000000e+03
7.839000000000000000e+03
7.841000000000000000e+03
7.843000000000000000e+03
7.845000000000000000e+03
7.846000000000000000e+03
7.847000000000000000e+03
7.849000000000000000e+03
7.850000000000000000e+03
7.851000000000000000e+03
7.852000000000000000e+03
7.853000000000000000e+03
7.854000000000000000e+03
7.855000000000000000e+03
7.856000000000000000e+03
7.857000000000000000e+03
7.858000000000000000e+03
7.859000000000000000e+03
7.860000000000000000e+03
7.861000000000000000e+03
7.862000000000000000e+03
7.863000000000000000e+03
7.864000000000000000e+03
7.865000000000000000e+03
7.870000000000000000e+03
7.871000000000000000e+03
7.872000000000000000e+03
7.873000000000000000e+03
7.874000000000000000e+03
7.875000000000000000e+03
7.877000000000000000e+03
7.878000000000000000e+03
7.880000000000000000e+03
7.881000000000000000e+03
7.882000000000000000e+03
7.883000000000000000e+03
7.884000000000000000e+03
7.885000000000000000e+03
7.886000000000000000e+03
7.887000000000000000e+03
7.888000000000000000e+03
7.889000000000000000e+03
7.890000000000000000e+03
7.891000000000000000e+03
7.892000000000000000e+03
7.893000000000000000e+03
7.894000000000000000e+03
7.895000000000000000e+03
7.896000000000000000e+03
7.897000000000000000e+03
7.898000000000000000e+03
7.899000000000000000e+03
7.900000000000000000e+03
7.901000000000000000e+03
7.902000000000000000e+03
7.903000000000000000e+03
7.905000000000000000e+03
7.906000000000000000e+03
7.907000000000000000e+03
7.908000000000000000e+03
7.909000000000000000e+03
7.910000000000000000e+03
7.911000000000000000e+03
7.912000000000000000e+03
7.913000000000000000e+03
7.914000000000000000e+03
7.915000000000000000e+03
7.916000000000000000e+03
7.917000000000000000e+03
7.918000000000000000e+03
7.919000000000000000e+03
7.920000000000000000e+03
7.921000000000000000e+03
7.922000000000000000e+03
7.923000000000000000e+03
7.924000000000000000e+03
7.925000000000000000e+03
7.926000000000000000e+03
7.927000000000000000e+03
7.928000000000000000e+03
7.929000000000000000e+03
7.930000000000000000e+03
7.931000000000000000e+03
7.932000000000000000e+03
7.933000000000000000e+03
7.934000000000000000e+03
7.935000000000000000e+03
7.936000000000000000e+03
7.937000000000000000e+03
7.938000000000000000e+03
7.939000000000000000e+03
7.940000000000000000e+03
7.941000000000000000e+03
7.942000000000000000e+03
7.943000000000000000e+03
7.944000000000000000e+03
7.945000000000000000e+03
7.946000000000000000e+03
7.948000000000000000e+03
7.950000000000000000e+03
7.951000000000000000e+03
7.952000000000000000e+03
7.953000000000000000e+03
7.954000000000000000e+03
7.955000000000000000e+03
7.956000000000000000e+03
7.957000000000000000e+03
7.958000000000000000e+03
7.959000000000000000e+03
7.960000000000000000e+03
7.962000000000000000e+03
7.964000000000000000e+03
7.965000000000000000e+03
7.967000000000000000e+03
7.968000000000000000e+03
7.969000000000000000e+03
7.970000000000000000e+03
7.971000000000000000e+03
7.972000000000000000e+03
7.973000000000000000e+03
7.974000000000000000e+03
7.975000000000000000e+03
7.976000000000000000e+03
7.977000000000000000e+03
7.978000000000000000e+03
7.980000000000000000e+03
7.981000000000000000e+03
7.982000000000000000e+03
7.983000000000000000e+03
7.984000000000000000e+03
7.986000000000000000e+03
8.041000000000000000e+03
8.108000000000000000e+03
8.109000000000000000e+03
8.110000000000000000e+03
8.112000000000000000e+03
8.135000000000000000e+03
8.136000000000000000e+03
8.137000000000000000e+03
8.138000000000000000e+03
8.143000000000000000e+03
8.157000000000000000e+03
8.175000000000000000e+03
8.176000000000000000e+03
8.177000000000000000e+03
8.204000000000000000e+03
8.206000000000000000e+03
8.207000000000000000e+03
8.208000000000000000e+03
8.210000000000000000e+03
8.212000000000000000e+03
8.215000000000000000e+03
8.216000000000000000e+03
8.217000000000000000e+03
8.218000000000000000e+03
8.220000000000000000e+03
8.223000000000000000e+03
8.224000000000000000e+03
8.321000000000000000e+03
8.322000000000000000e+03
8.325000000000000000e+03
8.326000000000000000e+03
8.327000000000000000e+03
8.333000000000000000e+03
8.334000000000000000e+03
8.336000000000000000e+03
8.342000000000000000e+03
8.401000000000000000e+03
8.402000000000000000e+03
8.403000000000000000e+03
8.404000000000000000e+03
8.405000000000000000e+03
8.406000000000000000e+03
8.407000000000000000e+03
8.408000000000000000e+03
8.412000000000000000e+03
8.414000000000000000e+03
8.416000000000000000e+03
8.549000000000000000e+03
8.553000000000000000e+03
8.554000000000000000e+03
8.559000000000000000e+03
8.563000000000000000e+03
8.566000000000000000e+03
8.568000000000000000e+03
8.570000000000000000e+03
8.571000000000000000e+03
8.572000000000000000e+03
8.576000000000000000e+03
8.577000000000000000e+03
8.578000000000000000e+03
8.581000000000000000e+03
8.582000000000000000e+03
8.584000000000000000e+03
8.585000000000000000e+03
9.218000000000000000e+03
9.542000000000000000e+03
9.543000000000000000e+03
9.579000000000000000e+03
9.586000000000000000e+03
9.670000000000000000e+03
9.685000000000000000e+03
9.686000000000000000e+03
9.687000000000000000e+03
9.690000000000000000e+03
9.692000000000000000e+03
9.694000000000000000e+03
9.698000000000000000e+03
9.701000000000000000e+03
9.702000000000000000e+03
9.707000000000000000e+03
9.717000000000000000e+03
9.723000000000000000e+03
9.725000000000000000e+03
9.729000000000000000e+03
9.733000000000000000e+03
9.741000000000000000e+03
9.751000000000000000e+03
9.767000000000000000e+03
9.769000000000000000e+03
9.770000000000000000e+03
9.775000000000000000e+03
9.790000000000000000e+03
9.791000000000000000e+03
9.794000000000000000e+03
9.795000000000000000e+03
9.810000000000000000e+03
9.826000000000000000e+03
9.831000000000000000e+03
9.832000000000000000e+03
9.840000000000000000e+03
9.847000000000000000e+03
9.858000000000000000e+03
9.863000000000000000e+03
9.864000000000000000e+03
9.867000000000000000e+03
9.879000000000000000e+03
9.887000000000000000e+03
9.891000000000000000e+03
9.893000000000000000e+03
9.899000000000000000e+03
9.902000000000000000e+03
9.910000000000000000e+03
9.916000000000000000e+03
9.922000000000000000e+03
9.924000000000000000e+03
9.928000000000000000e+03
9.929000000000000000e+03
9.930000000000000000e+03
9.934000000000000000e+03
9.936000000000000000e+03
9.937000000000000000e+03
9.939000000000000000e+03
9.942000000000000000e+03
9.943000000000000000e+03
9.945000000000000000e+03
9.954000000000000000e+03
9.955000000000000000e+03
9.957000000000000000e+03
9.959000000000000000e+03
9.961000000000000000e+03
9.966000000000000000e+03
9.971000000000000000e+03
9.972000000000000000e+03
9.973000000000000000e+03
9.977000000000000000e+03
9.981000000000000000e+03
9.985000000000000000e+03
9.991000000000000000e+03
9.992000000000000000e+03
1.000000000000000000e+04
1.000300000000000000e+04
1.000400000000000000e+04
1.000500000000000000e+04
1.001200000000000000e+04
1.001300000000000000e+04
1.001400000000000000e+04
1.002200000000000000e+04
1.002400000000000000e+04
1.002800000000000000e+04
1.002900000000000000e+04
1.003600000000000000e+04
1.004200000000000000e+04
1.004500000000000000e+04
1.004700000000000000e+04
1.004800000000000000e+04
1.005100000000000000e+04
1.005400000000000000e+04
1.006000000000000000e+04
1.006200000000000000e+04
1.022000000000000000e+04
1.045600000000000000e+04
1.106800000000000000e+04
1.107600000000000000e+04
1.109700000000000000e+04
1.121700000000000000e+04
1.128300000000000000e+04
1.129400000000000000e+04
1.129500000000000000e+04
1.129700000000000000e+04
1.130900000000000000e+04
1.132100000000000000e+04
1.154700000000000000e+04
1.155100000000000000e+04
1.157200000000000000e+04
1.165700000000000000e+04
1.173700000000000000e+04
1.173800000000000000e+04
1.177000000000000000e+04
1.177100000000000000e+04
1.177200000000000000e+04
1.177300000000000000e+04
1.177500000000000000e+04
1.177700000000000000e+04
1.178100000000000000e+04
1.178300000000000000e+04
1.178400000000000000e+04
1.178500000000000000e+04
1.178600000000000000e+04
1.251500000000000000e+04
1.251600000000000000e+04
1.251700000000000000e+04
1.251800000000000000e+04
1.251900000000000000e+04
1.252000000000000000e+04
1.252100000000000000e+04
1.252200000000000000e+04
1.252300000000000000e+04
1.252400000000000000e+04
1.252500000000000000e+04
1.252600000000000000e+04
1.252700000000000000e+04
1.252800000000000000e+04
1.252900000000000000e+04
1.253000000000000000e+04
1.253100000000000000e+04
1.253200000000000000e+04
1.253300000000000000e+04
1.253400000000000000e+04
1.253500000000000000e+04
1.253600000000000000e+04
1.253700000000000000e+04
1.253800000000000000e+04
1.253900000000000000e+04
1.254000000000000000e+04
1.254100000000000000e+04
1.255900000000000000e+04
1.341500000000000000e+04
1.347600000000000000e+04
1.415700000000000000e+04
1.421900000000000000e+04
1.423000000000000000e+04
1.428400000000000000e+04
1.428500000000000000e+04
1.487100000000000000e+04
1.535900000000000000e+04
1.537900000000000000e+04
1.540400000000000000e+04
1.543900000000000000e+04
1.555800000000000000e+04
1.560300000000000000e+04
1.560500000000000000e+04
1.560600000000000000e+04
1.561100000000000000e+04
1.562300000000000000e+04
1.562700000000000000e+04
1.564100000000000000e+04
1.564200000000000000e+04
1.568500000000000000e+04
1.569500000000000000e+04
1.570900000000000000e+04
1.571000000000000000e+04
1.572000000000000000e+04
1.572500000000000000e+04
1.693500000000000000e+04
1.693700000000000000e+04
1.706500000000000000e+04
1.707300000000000000e+04
1.709800000000000000e+04
1.709900000000000000e+04
1.710100000000000000e+04
1.711600000000000000e+04
1.711700000000000000e+04
1.714800000000000000e+04
1.721700000000000000e+04
1.723800000000000000e+04
1.725000000000000000e+04
1.725400000000000000e+04
1.734300000000000000e+04
1.739300000000000000e+04
1.743400000000000000e+04
1.745900000000000000e+04
1.747700000000000000e+04
1.753200000000000000e+04
1.753300000000000000e+04
1.753400000000000000e+04
1.753600000000000000e+04
1.755300000000000000e+04
1.770700000000000000e+04
1.772500000000000000e+04
1.834800000000000000e+04
1.837100000000000000e+04
1.837700000000000000e+04
1.838100000000000000e+04
1.838200000000000000e+04
1.839200000000000000e+04
1.839400000000000000e+04
1.839500000000000000e+04
1.840400000000000000e+04
1.843000000000000000e+04
1.843600000000000000e+04
1.844200000000000000e+04
1.844400000000000000e+04
1.964800000000000000e+04
1.967500000000000000e+04
1.968800000000000000e+04
1.970900000000000000e+04
1.983100000000000000e+04
1.983200000000000000e+04
1.984700000000000000e+04
1.986200000000000000e+04
1.986300000000000000e+04
1.987700000000000000e+04
1.989100000000000000e+04
1.989200000000000000e+04
1.989900000000000000e+04
1.991700000000000000e+04
1.991900000000000000e+04
1.992600000000000000e+04
1.992900000000000000e+04
1.993600000000000000e+04
1.993800000000000000e+04
1.994400000000000000e+04
1.994500000000000000e+04
1.994600000000000000e+04
1.994900000000000000e+04
1.995100000000000000e+04
1.995300000000000000e+04
1.995600000000000000e+04
1.996500000000000000e+04
1.996600000000000000e+04
1.996800000000000000e+04
1.996900000000000000e+04
1.997400000000000000e+04
1.998200000000000000e+04
1.998600000000000000e+04
1.999000000000000000e+04
1.999100000000000000e+04
1.999700000000000000e+04
1.999900000000000000e+04
2.000000000000000000e+04
2.000300000000000000e+04
2.000400000000000000e+04
2.000600000000000000e+04
2.001100000000000000e+04
2.001300000000000000e+04
2.001500000000000000e+04
2.001800000000000000e+04
2.002100000000000000e+04
2.002500000000000000e+04
2.002600000000000000e+04
2.002700000000000000e+04
2.002800000000000000e+04
2.002900000000000000e+04
2.003100000000000000e+04
2.003500000000000000e+04
2.004100000000000000e+04
2.004200000000000000e+04
2.004300000000000000e+04
2.005000000000000000e+04
2.005600000000000000e+04
2.007500000000000000e+04
2.007700000000000000e+04
2.008500000000000000e+04
2.008600000000000000e+04
2.008700000000000000e+04
2.008800000000000000e+04
2.009000000000000000e+04
2.009100000000000000e+04
2.009200000000000000e+04
2.010200000000000000e+04
2.011900000000000000e+04
2.012400000000000000e+04
2.012900000000000000e+04
2.014600000000000000e+04
2.014800000000000000e+04
2.015000000000000000e+04
2.016600000000000000e+04
2.016900000000000000e+04
2.017100000000000000e+04
2.017700000000000000e+04
2.017800000000000000e+04
2.019000000000000000e+04
2.021500000000000000e+04
2.021700000000000000e+04
2.022700000000000000e+04
2.022900000000000000e+04
2.023000000000000000e+04
2.023400000000000000e+04
2.023600000000000000e+04
2.023700000000000000e+04
2.023900000000000000e+04
2.024400000000000000e+04
2.024800000000000000e+04
2.025000000000000000e+04
2.025100000000000000e+04
2.030700000000000000e+04
2.133800000000000000e+04
2.135100000000000000e+04
2.135800000000000000e+04
2.136400000000000000e+04
2.137800000000000000e+04
2.137900000000000000e+04
2.138200000000000000e+04
2.138400000000000000e+04
2.145000000000000000e+04
2.145100000000000000e+04
2.145400000000000000e+04
2.145700000000000000e+04
2.145800000000000000e+04
2.145900000000000000e+04
2.146000000000000000e+04
2.146200000000000000e+04
2.146400000000000000e+04
2.146600000000000000e+04
2.146700000000000000e+04
2.146900000000000000e+04
2.147000000000000000e+04
2.147100000000000000e+04
2.147300000000000000e+04
2.147700000000000000e+04
2.147800000000000000e+04
2.148500000000000000e+04
2.148600000000000000e+04
2.148900000000000000e+04
2.149400000000000000e+04
2.151800000000000000e+04
2.155400000000000000e+04
2.156900000000000000e+04
2.157700000000000000e+04
2.163100000000000000e+04
2.195600000000000000e+04
2.196800000000000000e+04
2.197300000000000000e+04
2.207100000000000000e+04
2.211100000000000000e+04
2.212900000000000000e+04
2.213100000000000000e+04
2.214800000000000000e+04
2.216600000000000000e+04
2.229100000000000000e+04
2.233400000000000000e+04
2.243000000000000000e+04
2.243700000000000000e+04
2.249600000000000000e+04
2.272000000000000000e+04
2.272100000000000000e+04
2.277800000000000000e+04
2.282000000000000000e+04
2.291300000000000000e+04
2.293400000000000000e+04
2.293500000000000000e+04
2.293800000000000000e+04
2.295300000000000000e+04
2.298100000000000000e+04
2.301700000000000000e+04
2.302300000000000000e+04
2.302400000000000000e+04
2.303200000000000000e+04
2.303300000000000000e+04
2.303600000000000000e+04
2.304200000000000000e+04
2.304600000000000000e+04
2.304800000000000000e+04
2.304900000000000000e+04
2.305100000000000000e+04
2.305200000000000000e+04
2.305300000000000000e+04
2.305500000000000000e+04
2.305600000000000000e+04
2.305800000000000000e+04
2.306100000000000000e+04
2.306300000000000000e+04
2.307100000000000000e+04
2.307200000000000000e+04
2.307400000000000000e+04
2.307500000000000000e+04
2.309400000000000000e+04
2.309600000000000000e+04
2.309900000000000000e+04
2.311300000000000000e+04
2.311400000000000000e+04
2.311700000000000000e+04
2.312200000000000000e+04
2.312600000000000000e+04
2.313000000000000000e+04
2.313300000000000000e+04
2.313700000000000000e+04
2.314800000000000000e+04
2.314900000000000000e+04
2.315000000000000000e+04
2.315200000000000000e+04
2.315900000000000000e+04
2.316800000000000000e+04
2.317800000000000000e+04
2.317900000000000000e+04
2.318400000000000000e+04
2.318800000000000000e+04
2.319400000000000000e+04
2.319600000000000000e+04
2.319700000000000000e+04
2.319800000000000000e+04
2.320200000000000000e+04
2.320500000000000000e+04
2.320700000000000000e+04
2.320900000000000000e+04
2.321000000000000000e+04
2.321200000000000000e+04
2.321300000000000000e+04
2.321600000000000000e+04
2.321700000000000000e+04
2.322200000000000000e+04
2.322300000000000000e+04
2.322700000000000000e+04
2.322800000000000000e+04
2.323200000000000000e+04
2.324000000000000000e+04
2.324400000000000000e+04
2.324700000000000000e+04
2.327400000000000000e+04
2.327800000000000000e+04
2.328100000000000000e+04
2.329700000000000000e+04
2.330400000000000000e+04
2.331500000000000000e+04
2.331600000000000000e+04
2.331700000000000000e+04
2.331800000000000000e+04
2.331900000000000000e+04
2.332000000000000000e+04
2.332200000000000000e+04
2.332600000000000000e+04
2.333100000000000000e+04
2.333700000000000000e+04
2.334500000000000000e+04
2.370500000000000000e+04
2.383000000000000000e+04
2.397800000000000000e+04
2.440400000000000000e+04
2.441000000000000000e+04
2.441200000000000000e+04
2.441900000000000000e+04
2.460300000000000000e+04
2.466900000000000000e+04
2.467800000000000000e+04
2.485900000000000000e+04
2.486200000000000000e+04
2.486800000000000000e+04
2.487200000000000000e+04
2.487700000000000000e+04
2.487800000000000000e+04
2.488300000000000000e+04
2.489100000000000000e+04
2.489300000000000000e+04
2.489600000000000000e+04
2.489800000000000000e+04
2.489900000000000000e+04
2.490100000000000000e+04
2.491700000000000000e+04
2.492200000000000000e+04
2.492500000000000000e+04
2.492600000000000000e+04
2.492700000000000000e+04
2.492800000000000000e+04
2.493200000000000000e+04
2.496300000000000000e+04
2.497300000000000000e+04
2.497400000000000000e+04
2.497500000000000000e+04
2.497900000000000000e+04
2.498000000000000000e+04
2.498200000000000000e+04
2.498400000000000000e+04
2.498700000000000000e+04
2.498800000000000000e+04
2.499000000000000000e+04
2.499200000000000000e+04
2.499400000000000000e+04
2.499500000000000000e+04
2.502200000000000000e+04
2.502300000000000000e+04
2.503200000000000000e+04
2.503500000000000000e+04
2.503600000000000000e+04
2.504000000000000000e+04
2.504400000000000000e+04
2.504700000000000000e+04
2.505200000000000000e+04
2.505500000000000000e+04
2.505700000000000000e+04
2.506100000000000000e+04
2.506200000000000000e+04
2.506500000000000000e+04
2.507000000000000000e+04
2.507400000000000000e+04
2.507700000000000000e+04
2.507800000000000000e+04
2.508400000000000000e+04
2.509700000000000000e+04
2.509800000000000000e+04
2.510100000000000000e+04
2.510200000000000000e+04
2.510400000000000000e+04
2.510900000000000000e+04
2.511400000000000000e+04
2.511600000000000000e+04
2.511700000000000000e+04
2.511800000000000000e+04
2.511900000000000000e+04
2.512200000000000000e+04
2.512300000000000000e+04
2.512600000000000000e+04
2.513000000000000000e+04
2.513200000000000000e+04
2.513300000000000000e+04
2.513400000000000000e+04
2.513500000000000000e+04
2.513600000000000000e+04
2.513700000000000000e+04
2.514200000000000000e+04
2.514300000000000000e+04
2.514600000000000000e+04
2.514900000000000000e+04
2.515800000000000000e+04
2.516000000000000000e+04
2.516700000000000000e+04
2.517100000000000000e+04
2.517800000000000000e+04
2.518200000000000000e+04
2.518300000000000000e+04
2.518400000000000000e+04
2.518500000000000000e+04
2.518700000000000000e+04
2.519600000000000000e+04
2.520300000000000000e+04
2.521700000000000000e+04
2.522300000000000000e+04
2.522800000000000000e+04
2.523300000000000000e+04
2.524000000000000000e+04
2.524500000000000000e+04
2.524600000000000000e+04
2.525300000000000000e+04
2.525400000000000000e+04
2.525700000000000000e+04
2.525900000000000000e+04
2.526000000000000000e+04
2.532500000000000000e+04
2.532600000000000000e+04
2.532700000000000000e+04
2.532800000000000000e+04
2.533300000000000000e+04
2.535100000000000000e+04
2.554100000000000000e+04
2.554200000000000000e+04
2.554300000000000000e+04
2.554400000000000000e+04
2.554500000000000000e+04
2.554600000000000000e+04
2.554700000000000000e+04
2.554800000000000000e+04
2.554900000000000000e+04
2.555000000000000000e+04
2.555100000000000000e+04
2.555200000000000000e+04
2.555300000000000000e+04
2.555400000000000000e+04
2.555500000000000000e+04
2.556300000000000000e+04
2.556400000000000000e+04
2.556600000000000000e+04
2.556700000000000000e+04
2.557300000000000000e+04
2.557400000000000000e+04
2.557500000000000000e+04
2.595700000000000000e+04
2.613300000000000000e+04
2.613400000000000000e+04
2.613500000000000000e+04
2.613600000000000000e+04
2.613800000000000000e+04
2.613900000000000000e+04
2.672200000000000000e+04
2.839100000000000000e+04
2.850700000000000000e+04
2.870300000000000000e+04
2.872500000000000000e+04
2.878000000000000000e+04
2.918900000000000000e+04
2.924200000000000000e+04
2.924400000000000000e+04
2.924500000000000000e+04
2.925700000000000000e+04
2.926300000000000000e+04
2.926600000000000000e+04
2.927000000000000000e+04
2.927900000000000000e+04
2.928100000000000000e+04
2.951800000000000000e+04
2.954800000000000000e+04
2.964600000000000000e+04
2.965700000000000000e+04
2.966000000000000000e+04
2.966400000000000000e+04
2.966600000000000000e+04
2.968100000000000000e+04
2.968600000000000000e+04
2.969100000000000000e+04
2.969400000000000000e+04
2.969700000000000000e+04
2.969900000000000000e+04
2.970300000000000000e+04
2.970600000000000000e+04
2.971400000000000000e+04
2.971500000000000000e+04
2.972000000000000000e+04
2.972700000000000000e+04
2.973600000000000000e+04
3.001700000000000000e+04
3.011500000000000000e+04
3.011700000000000000e+04
3.011800000000000000e+04
3.012000000000000000e+04
3.012200000000000000e+04
3.012300000000000000e+04
3.012400000000000000e+04
3.012500000000000000e+04
3.012600000000000000e+04
3.012700000000000000e+04
3.012800000000000000e+04
3.012900000000000000e+04
3.013000000000000000e+04
3.013100000000000000e+04
3.013200000000000000e+04
3.013300000000000000e+04
3.013400000000000000e+04
3.013500000000000000e+04
3.013700000000000000e+04
3.021300000000000000e+04
3.025100000000000000e+04
3.025300000000000000e+04
3.025600000000000000e+04
3.026600000000000000e+04
3.029000000000000000e+04
3.030400000000000000e+04
3.033500000000000000e+04
3.035800000000000000e+04
3.040400000000000000e+04
3.042800000000000000e+04
3.044100000000000000e+04
3.045000000000000000e+04
3.083600000000000000e+04
3.084800000000000000e+04
3.085700000000000000e+04
3.085800000000000000e+04
3.086900000000000000e+04
3.090200000000000000e+04
3.090700000000000000e+04
3.091200000000000000e+04
3.092300000000000000e+04
3.092600000000000000e+04
3.092800000000000000e+04
3.094200000000000000e+04
3.094500000000000000e+04
3.094700000000000000e+04
3.094800000000000000e+04
3.096300000000000000e+04
3.096700000000000000e+04
3.097900000000000000e+04
3.099000000000000000e+04
3.099100000000000000e+04
3.099600000000000000e+04
3.101000000000000000e+04
3.101800000000000000e+04
3.102300000000000000e+04
3.102400000000000000e+04
3.102600000000000000e+04
3.102700000000000000e+04
3.103000000000000000e+04
3.103100000000000000e+04
3.103500000000000000e+04
3.104000000000000000e+04
3.104300000000000000e+04
3.104900000000000000e+04
3.105000000000000000e+04
3.105200000000000000e+04
3.105300000000000000e+04
3.105400000000000000e+04
3.105600000000000000e+04
3.106400000000000000e+04
3.107500000000000000e+04
3.107800000000000000e+04
3.108000000000000000e+04
3.108200000000000000e+04
3.113700000000000000e+04
3.117800000000000000e+04
3.118300000000000000e+04
3.118400000000000000e+04
3.119500000000000000e+04
3.119800000000000000e+04
3.119900000000000000e+04
3.120000000000000000e+04
3.120100000000000000e+04
3.120300000000000000e+04
3.120400000000000000e+04
3.120600000000000000e+04
3.120700000000000000e+04
3.120800000000000000e+04
3.121000000000000000e+04
3.121100000000000000e+04
3.121200000000000000e+04
3.121300000000000000e+04
3.121600000000000000e+04
3.122400000000000000e+04
3.123600000000000000e+04
3.123700000000000000e+04
3.124000000000000000e+04
3.124400000000000000e+04
3.124500000000000000e+04
3.125000000000000000e+04
3.125500000000000000e+04
3.125600000000000000e+04
3.125900000000000000e+04
3.126100000000000000e+04
3.126200000000000000e+04
3.126300000000000000e+04
3.126400000000000000e+04
3.126900000000000000e+04
3.127000000000000000e+04
3.127100000000000000e+04
3.127400000000000000e+04
3.127500000000000000e+04
3.127700000000000000e+04
3.127800000000000000e+04
3.127900000000000000e+04
3.128500000000000000e+04
3.128600000000000000e+04
3.128700000000000000e+04
3.128800000000000000e+04
3.128900000000000000e+04
3.129000000000000000e+04
3.129100000000000000e+04
3.129200000000000000e+04
3.129600000000000000e+04
3.129700000000000000e+04
3.130100000000000000e+04
3.130200000000000000e+04
3.130300000000000000e+04
3.130400000000000000e+04
3.130800000000000000e+04
3.131000000000000000e+04
3.131800000000000000e+04
3.132100000000000000e+04
3.132200000000000000e+04
3.132300000000000000e+04
3.132400000000000000e+04
3.132600000000000000e+04
3.132700000000000000e+04
3.133100000000000000e+04
3.134500000000000000e+04
3.135100000000000000e+04
3.182300000000000000e+04
3.219500000000000000e+04
3.252700000000000000e+04
3.261200000000000000e+04
3.291700000000000000e+04
3.293700000000000000e+04
3.320100000000000000e+04
3.384600000000000000e+04
3.385500000000000000e+04
3.385900000000000000e+04
3.389500000000000000e+04
3.410400000000000000e+04
3.410500000000000000e+04
3.411700000000000000e+04
3.413200000000000000e+04
3.414700000000000000e+04
3.416200000000000000e+04
3.444600000000000000e+04
3.444700000000000000e+04
3.452900000000000000e+04
3.453000000000000000e+04
3.453400000000000000e+04
3.454900000000000000e+04
3.455000000000000000e+04
3.504700000000000000e+04
3.516700000000000000e+04
3.519400000000000000e+04
3.519700000000000000e+04
3.520400000000000000e+04
3.521300000000000000e+04
3.521800000000000000e+04
3.522400000000000000e+04
3.523200000000000000e+04
3.524200000000000000e+04
3.524400000000000000e+04
3.526500000000000000e+04
3.528700000000000000e+04
3.529100000000000000e+04
3.530700000000000000e+04
3.542300000000000000e+04
3.542800000000000000e+04
3.543600000000000000e+04
3.555100000000000000e+04
3.555500000000000000e+04
3.556100000000000000e+04
3.557100000000000000e+04
3.557200000000000000e+04
3.557400000000000000e+04
3.557500000000000000e+04
3.557700000000000000e+04
3.557800000000000000e+04
3.557900000000000000e+04
3.558100000000000000e+04
3.558200000000000000e+04
3.558300000000000000e+04
3.558400000000000000e+04
3.560900000000000000e+04
3.561800000000000000e+04
3.562000000000000000e+04
3.562600000000000000e+04
3.563300000000000000e+04
3.563400000000000000e+04
3.564100000000000000e+04
3.564200000000000000e+04
3.564300000000000000e+04
3.564400000000000000e+04
3.564600000000000000e+04
3.564900000000000000e+04
3.565100000000000000e+04
3.565200000000000000e+04
3.565300000000000000e+04
3.565600000000000000e+04
3.565800000000000000e+04
3.566000000000000000e+04
3.566200000000000000e+04
3.566600000000000000e+04
3.566700000000000000e+04
3.567000000000000000e+04
3.567100000000000000e+04
3.567200000000000000e+04
3.567300000000000000e+04
3.567700000000000000e+04
3.567800000000000000e+04
3.567900000000000000e+04
3.568100000000000000e+04
3.568400000000000000e+04
3.568700000000000000e+04
3.568900000000000000e+04
3.569000000000000000e+04
3.569100000000000000e+04
3.569500000000000000e+04
3.569600000000000000e+04
3.569700000000000000e+04
3.570600000000000000e+04
3.571400000000000000e+04
3.620100000000000000e+04
3.664000000000000000e+04
3.664200000000000000e+04
3.707000000000000000e+04
3.708600000000000000e+04
3.713000000000000000e+04
3.721000000000000000e+04
3.721800000000000000e+04
3.723400000000000000e+04
3.823200000000000000e+04
3.823300000000000000e+04
3.823400000000000000e+04
3.823500000000000000e+04
3.823700000000000000e+04
3.823800000000000000e+04
3.823900000000000000e+04
3.824500000000000000e+04
3.845900000000000000e+04
3.857500000000000000e+04
3.858100000000000000e+04
3.858600000000000000e+04
3.859600000000000000e+04
3.865300000000000000e+04
3.872400000000000000e+04
3.873200000000000000e+04
3.873700000000000000e+04
3.873900000000000000e+04
3.874100000000000000e+04
3.875600000000000000e+04
3.880100000000000000e+04
3.880200000000000000e+04
3.880300000000000000e+04
3.880400000000000000e+04
3.880700000000000000e+04
4.002100000000000000e+04
4.002200000000000000e+04
4.002300000000000000e+04
4.002500000000000000e+04
4.002600000000000000e+04
4.003100000000000000e+04
4.010500000000000000e+04
4.010600000000000000e+04
4.010700000000000000e+04
4.010800000000000000e+04
4.010900000000000000e+04
4.011000000000000000e+04
4.011400000000000000e+04
4.011500000000000000e+04
4.011600000000000000e+04
4.011900000000000000e+04
4.012000000000000000e+04
4.012100000000000000e+04
4.012200000000000000e+04
4.012300000000000000e+04
4.012500000000000000e+04
4.012600000000000000e+04
4.012700000000000000e+04
4.012800000000000000e+04
4.012900000000000000e+04
4.013000000000000000e+04
4.013100000000000000e+04
4.013200000000000000e+04
4.013300000000000000e+04
4.013400000000000000e+04
4.013500000000000000e+04
4.013700000000000000e+04
4.013800000000000000e+04
4.013900000000000000e+04
4.014000000000000000e+04
4.014100000000000000e+04
4.014300000000000000e+04
4.014400000000000000e+04
4.014500000000000000e+04
4.023100000000000000e+04
4.023300000000000000e+04
4.023900000000000000e+04
4.031900000000000000e+04
4.039300000000000000e+04
4.049600000000000000e+04
4.055800000000000000e+04
4.056100000000000000e+04
4.056400000000000000e+04
4.056800000000000000e+04
4.062700000000000000e+04
4.063500000000000000e+04
4.088900000000000000e+04
4.117500000000000000e+04
4.117600000000000000e+04
4.123200000000000000e+04
4.157900000000000000e+04
4.158700000000000000e+04
4.158800000000000000e+04
4.159100000000000000e+04
4.159200000000000000e+04
4.159300000000000000e+04
4.159500000000000000e+04
4.159600000000000000e+04
4.159700000000000000e+04
4.159900000000000000e+04
4.160000000000000000e+04
4.160100000000000000e+04
4.160200000000000000e+04
4.160300000000000000e+04
4.160400000000000000e+04
4.160800000000000000e+04
4.160900000000000000e+04
4.161100000000000000e+04
4.161200000000000000e+04
4.161300000000000000e+04
4.161400000000000000e+04
4.161600000000000000e+04
4.161700000000000000e+04
4.161800000000000000e+04
4.161900000000000000e+04
4.162000000000000000e+04
4.162200000000000000e+04
4.162300000000000000e+04
4.162400000000000000e+04
4.162500000000000000e+04
4.162600000000000000e+04
4.162700000000000000e+04
4.162800000000000000e+04
4.162900000000000000e+04
4.163000000000000000e+04
4.163100000000000000e+04
4.163200000000000000e+04
4.163300000000000000e+04
4.163400000000000000e+04
4.163600000000000000e+04
4.163800000000000000e+04
4.164100000000000000e+04
4.185300000000000000e+04
4.187400000000000000e+04
4.187600000000000000e+04
4.205800000000000000e+04
4.206300000000000000e+04
4.206400000000000000e+04
4.206500000000000000e+04
4.206600000000000000e+04
4.206700000000000000e+04
4.206800000000000000e+04
4.206900000000000000e+04
4.207000000000000000e+04
4.207100000000000000e+04
4.207200000000000000e+04
4.207300000000000000e+04
4.207400000000000000e+04
4.207500000000000000e+04
4.207600000000000000e+04
4.207700000000000000e+04
4.207800000000000000e+04
4.207900000000000000e+04
4.208000000000000000e+04
4.208100000000000000e+04
4.208200000000000000e+04
4.208300000000000000e+04
4.208400000000000000e+04
4.208700000000000000e+04
4.210200000000000000e+04
4.211000000000000000e+04
4.214400000000000000e+04
4.214600000000000000e+04
4.214700000000000000e+04
4.219400000000000000e+04
4.219500000000000000e+04
4.235500000000000000e+04
4.235600000000000000e+04
4.235700000000000000e+04
4.235800000000000000e+04
4.236100000000000000e+04
4.236200000000000000e+04
4.236300000000000000e+04
4.236500000000000000e+04
4.236700000000000000e+04
4.243300000000000000e+04
4.243400000000000000e+04
4.243500000000000000e+04
4.243600000000000000e+04
4.243700000000000000e+04
4.243800000000000000e+04
4.243900000000000000e+04
4.244000000000000000e+04
4.244500000000000000e+04
4.244600000000000000e+04
4.245100000000000000e+04
4.247300000000000000e+04
4.247400000000000000e+04
4.247500000000000000e+04
4.247600000000000000e+04
4.247700000000000000e+04
4.247800000000000000e+04
4.247900000000000000e+04
4.248000000000000000e+04
4.248100000000000000e+04
4.248200000000000000e+04
4.248300000000000000e+04
4.248400000000000000e+04
4.248500000000000000e+04
4.248600000000000000e+04
4.248700000000000000e+04
4.248800000000000000e+04
4.248900000000000000e+04
4.249000000000000000e+04
4.249100000000000000e+04
4.249200000000000000e+04
4.249300000000000000e+04
4.249400000000000000e+04
4.249500000000000000e+04
4.249600000000000000e+04
4.250600000000000000e+04
4.257000000000000000e+04
4.257100000000000000e+04
4.273100000000000000e+04
4.286700000000000000e+04
4.286800000000000000e+04
4.293800000000000000e+04
4.294000000000000000e+04
4.294100000000000000e+04
4.294200000000000000e+04
4.294400000000000000e+04
4.294500000000000000e+04
4.297000000000000000e+04
4.297100000000000000e+04
4.297300000000000000e+04
4.297400000000000000e+04
4.297500000000000000e+04
4.297600000000000000e+04
4.298800000000000000e+04
4.307000000000000000e+04
4.333700000000000000e+04
4.333800000000000000e+04
4.333900000000000000e+04
4.334000000000000000e+04
4.334100000000000000e+04
4.334400000000000000e+04
4.342800000000000000e+04
4.343500000000000000e+04
4.360200000000000000e+04
4.360600000000000000e+04
4.360700000000000000e+04
4.360800000000000000e+04
4.360900000000000000e+04
4.392800000000000000e+04
4.393000000000000000e+04
4.393100000000000000e+04
4.404100000000000000e+04
4.404200000000000000e+04
4.406300000000000000e+04
4.406400000000000000e+04
4.407900000000000000e+04
4.470100000000000000e+04
4.473700000000000000e+04
4.474300000000000000e+04
4.491400000000000000e+04
4.492100000000000000e+04
4.492400000000000000e+04
4.498000000000000000e+04
4.498100000000000000e+04
4.498200000000000000e+04
4.498300000000000000e+04
4.498400000000000000e+04
4.498600000000000000e+04
4.522500000000000000e+04
4.522600000000000000e+04
4.522700000000000000e+04
4.523000000000000000e+04
4.523200000000000000e+04
4.562200000000000000e+04
4.565300000000000000e+04
4.571500000000000000e+04
4.599000000000000000e+04
4.599500000000000000e+04
4.599800000000000000e+04
4.599900000000000000e+04
4.600700000000000000e+04
4.617600000000000000e+04
4.640200000000000000e+04
4.689000000000000000e+04
4.690000000000000000e+04
4.690600000000000000e+04
4.692400000000000000e+04
4.693100000000000000e+04
4.693300000000000000e+04
4.703200000000000000e+04
4.705300000000000000e+04
4.721600000000000000e+04
4.721800000000000000e+04
4.728400000000000000e+04
4.736200000000000000e+04
4.779300000000000000e+04
4.843500000000000000e+04
4.843700000000000000e+04
4.843800000000000000e+04
4.849700000000000000e+04
4.851300000000000000e+04
4.873000000000000000e+04
4.873100000000000000e+04
4.873200000000000000e+04
4.873300000000000000e+04
4.893600000000000000e+04
4.922400000000000000e+04
4.944400000000000000e+04
4.944500000000000000e+04
4.944600000000000000e+04
4.944700000000000000e+04
4.944800000000000000e+04
4.944900000000000000e+04
4.945000000000000000e+04
4.952800000000000000e+04
4.959700000000000000e+04
4.967400000000000000e+04
4.972000000000000000e+04
4.972400000000000000e+04
4.973000000000000000e+04
4.982700000000000000e+04
4.983200000000000000e+04
4.985100000000000000e+04
4.985200000000000000e+04
4.985900000000000000e+04
4.986500000000000000e+04
4.990000000000000000e+04
4.991100000000000000e+04
4.992800000000000000e+04
4.993900000000000000e+04
4.994800000000000000e+04
4.994900000000000000e+04
4.997400000000000000e+04
4.998700000000000000e+04
5.004000000000000000e+04
5.004800000000000000e+04
5.019900000000000000e+04
5.055700000000000000e+04
5.081100000000000000e+04
5.081800000000000000e+04
5.084400000000000000e+04
5.088200000000000000e+04
5.090500000000000000e+04
5.090600000000000000e+04
5.102200000000000000e+04
5.103900000000000000e+04
5.104200000000000000e+04
5.104500000000000000e+04
5.104900000000000000e+04
5.105000000000000000e+04
5.105600000000000000e+04
5.106100000000000000e+04
5.106300000000000000e+04
5.106500000000000000e+04
5.106800000000000000e+04
5.112800000000000000e+04
5.113100000000000000e+04
5.113800000000000000e+04
5.114300000000000000e+04
5.194100000000000000e+04
5.205800000000000000e+04
5.213000000000000000e+04
5.213100000000000000e+04
5.213200000000000000e+04
5.213300000000000000e+04
5.213400000000000000e+04
5.213500000000000000e+04
5.213600000000000000e+04
5.213700000000000000e+04
5.216700000000000000e+04
5.219700000000000000e+04
5.220200000000000000e+04
5.220300000000000000e+04
5.220400000000000000e+04
5.221000000000000000e+04
5.221100000000000000e+04
5.222600000000000000e+04
5.223500000000000000e+04
5.227800000000000000e+04
5.228100000000000000e+04
5.228200000000000000e+04
5.228400000000000000e+04
5.229500000000000000e+04
5.229600000000000000e+04
5.247400000000000000e+04
5.251800000000000000e+04
5.253600000000000000e+04
5.257600000000000000e+04
5.267300000000000000e+04
5.267500000000000000e+04
5.267600000000000000e+04
5.269300000000000000e+04
5.269400000000000000e+04
5.270600000000000000e+04
5.294800000000000000e+04
5.299100000000000000e+04
5.302300000000000000e+04
5.302500000000000000e+04
5.303100000000000000e+04
5.303600000000000000e+04
5.303700000000000000e+04
5.303900000000000000e+04
5.304900000000000000e+04
5.305100000000000000e+04
5.305200000000000000e+04
5.306000000000000000e+04
5.306700000000000000e+04
5.307100000000000000e+04
5.307400000000000000e+04
5.307900000000000000e+04
5.308100000000000000e+04
5.308900000000000000e+04
5.309100000000000000e+04
5.309400000000000000e+04
5.309700000000000000e+04
5.310000000000000000e+04
5.310400000000000000e+04
5.310500000000000000e+04
5.310900000000000000e+04
5.311300000000000000e+04
5.311600000000000000e+04
5.311700000000000000e+04
5.312000000000000000e+04
5.312200000000000000e+04
5.312300000000000000e+04
5.312400000000000000e+04
5.312500000000000000e+04
5.312600000000000000e+04
5.313100000000000000e+04
5.313200000000000000e+04
5.313500000000000000e+04
5.313800000000000000e+04
5.313900000000000000e+04
5.314000000000000000e+04
5.314100000000000000e+04
5.314400000000000000e+04
5.314800000000000000e+04
5.315300000000000000e+04
5.315500000000000000e+04
5.315600000000000000e+04
5.315900000000000000e+04
5.316000000000000000e+04
5.316500000000000000e+04
5.316600000000000000e+04
5.316700000000000000e+04
5.316900000000000000e+04
5.317300000000000000e+04
5.317600000000000000e+04
5.317800000000000000e+04
5.319000000000000000e+04
5.319100000000000000e+04
5.319400000000000000e+04
5.319600000000000000e+04
5.320100000000000000e+04
5.320200000000000000e+04
5.320300000000000000e+04
5.320400000000000000e+04
5.320500000000000000e+04
5.320700000000000000e+04
5.320800000000000000e+04
5.320900000000000000e+04
5.321100000000000000e+04
5.321300000000000000e+04
5.321800000000000000e+04
5.322000000000000000e+04
5.322500000000000000e+04
5.322600000000000000e+04
5.322800000000000000e+04
5.323100000000000000e+04
5.323600000000000000e+04
5.323700000000000000e+04
5.323800000000000000e+04
5.324600000000000000e+04
5.324700000000000000e+04
5.324800000000000000e+04
5.324900000000000000e+04
5.325200000000000000e+04
5.325800000000000000e+04
5.326600000000000000e+04
5.326900000000000000e+04
5.327000000000000000e+04
5.327300000000000000e+04
5.327500000000000000e+04
5.327600000000000000e+04
5.327800000000000000e+04
5.327900000000000000e+04
5.328200000000000000e+04
5.328500000000000000e+04
5.328800000000000000e+04
5.329200000000000000e+04
5.329300000000000000e+04
5.329400000000000000e+04
5.329500000000000000e+04
5.329600000000000000e+04
5.329700000000000000e+04
5.329800000000000000e+04
5.329900000000000000e+04
5.330000000000000000e+04
5.330200000000000000e+04
5.330400000000000000e+04
5.330500000000000000e+04
5.330600000000000000e+04
5.331200000000000000e+04
5.331300000000000000e+04
5.331400000000000000e+04
5.332100000000000000e+04
5.332500000000000000e+04
5.332900000000000000e+04
5.333600000000000000e+04
5.334000000000000000e+04
5.334100000000000000e+04
5.334200000000000000e+04
5.334400000000000000e+04
5.334600000000000000e+04
5.334700000000000000e+04
5.334800000000000000e+04
5.335000000000000000e+04
5.335200000000000000e+04
5.335400000000000000e+04
5.335600000000000000e+04
5.335800000000000000e+04
5.336100000000000000e+04
5.336700000000000000e+04
5.337500000000000000e+04
5.337600000000000000e+04
5.337700000000000000e+04
5.337800000000000000e+04
5.338100000000000000e+04
5.339200000000000000e+04
5.339300000000000000e+04
5.339700000000000000e+04
5.340200000000000000e+04
5.340500000000000000e+04
5.340800000000000000e+04
5.340900000000000000e+04
5.341000000000000000e+04
5.341600000000000000e+04
5.341800000000000000e+04
5.342600000000000000e+04
5.342700000000000000e+04
5.342800000000000000e+04
5.343100000000000000e+04
5.343700000000000000e+04
5.344100000000000000e+04
5.345000000000000000e+04
5.345300000000000000e+04
5.345400000000000000e+04
5.345900000000000000e+04
5.347900000000000000e+04
5.348800000000000000e+04
5.349500000000000000e+04
5.371900000000000000e+04
5.372400000000000000e+04
5.382200000000000000e+04
5.382500000000000000e+04
5.382800000000000000e+04
5.389800000000000000e+04
5.389900000000000000e+04
5.390000000000000000e+04
5.390100000000000000e+04
5.390200000000000000e+04
5.390400000000000000e+04
5.390500000000000000e+04
5.390600000000000000e+04
5.390700000000000000e+04
5.390800000000000000e+04
5.390900000000000000e+04
5.391000000000000000e+04
5.391100000000000000e+04
5.391200000000000000e+04
5.391600000000000000e+04
5.391700000000000000e+04
5.391800000000000000e+04
5.391900000000000000e+04
5.392000000000000000e+04
5.392200000000000000e+04
5.392300000000000000e+04
5.392400000000000000e+04
5.392700000000000000e+04
5.392800000000000000e+04
5.392900000000000000e+04
5.393000000000000000e+04
5.393200000000000000e+04
5.393300000000000000e+04
5.393600000000000000e+04
5.393800000000000000e+04
5.394100000000000000e+04
5.394200000000000000e+04
5.394300000000000000e+04
5.394400000000000000e+04
5.394500000000000000e+04
5.394800000000000000e+04
5.394900000000000000e+04
5.395000000000000000e+04
5.395100000000000000e+04
5.395200000000000000e+04
5.395300000000000000e+04
5.395600000000000000e+04
5.395700000000000000e+04
5.395800000000000000e+04
5.395900000000000000e+04
5.396100000000000000e+04
5.396200000000000000e+04
5.396300000000000000e+04
5.396600000000000000e+04
5.397600000000000000e+04
5.399000000000000000e+04
5.407100000000000000e+04
5.407300000000000000e+04
5.419100000000000000e+04
5.419400000000000000e+04
5.440100000000000000e+04
5.441800000000000000e+04
5.453200000000000000e+04
5.495700000000000000e+04
5.515300000000000000e+04
5.533100000000000000e+04
5.533500000000000000e+04
5.543400000000000000e+04
5.558800000000000000e+04
5.564500000000000000e+04
5.564900000000000000e+04
5.565000000000000000e+04
5.565100000000000000e+04
5.565200000000000000e+04
5.565300000000000000e+04
5.565400000000000000e+04
5.565500000000000000e+04
5.565600000000000000e+04
5.565700000000000000e+04
5.565800000000000000e+04
5.565900000000000000e+04
5.566000000000000000e+04
5.566100000000000000e+04
5.566200000000000000e+04
5.566300000000000000e+04
5.566400000000000000e+04
5.566500000000000000e+04
5.566600000000000000e+04
5.566700000000000000e+04
5.566800000000000000e+04
5.566900000000000000e+04
5.567000000000000000e+04
5.567100000000000000e+04
5.567200000000000000e+04
5.567300000000000000e+04
5.567400000000000000e+04
5.567500000000000000e+04
5.567600000000000000e+04
5.567700000000000000e+04
5.567800000000000000e+04
5.567900000000000000e+04
5.568000000000000000e+04
5.568100000000000000e+04
5.568200000000000000e+04
5.568300000000000000e+04
5.568400000000000000e+04
5.568500000000000000e+04
5.568600000000000000e+04
5.568700000000000000e+04
5.568800000000000000e+04
5.568900000000000000e+04
5.569000000000000000e+04
5.569100000000000000e+04
5.569200000000000000e+04
5.569300000000000000e+04
5.569400000000000000e+04
5.569500000000000000e+04
5.569600000000000000e+04
5.569700000000000000e+04
5.569800000000000000e+04
5.569900000000000000e+04
5.570000000000000000e+04
5.570100000000000000e+04
5.570200000000000000e+04
5.570300000000000000e+04
5.570400000000000000e+04
5.570500000000000000e+04
5.570600000000000000e+04
5.570800000000000000e+04
5.570900000000000000e+04
5.571000000000000000e+04
5.571100000000000000e+04
5.571300000000000000e+04
5.571400000000000000e+04
5.571500000000000000e+04
5.571600000000000000e+04
5.571700000000000000e+04
5.571800000000000000e+04
5.571900000000000000e+04
5.572000000000000000e+04
5.572100000000000000e+04
5.572200000000000000e+04
5.572400000000000000e+04
5.572500000000000000e+04
5.572600000000000000e+04
5.572700000000000000e+04
5.572800000000000000e+04
5.572900000000000000e+04
5.573000000000000000e+04
5.573100000000000000e+04
5.573200000000000000e+04
5.573300000000000000e+04
5.573400000000000000e+04
5.573600000000000000e+04
5.573700000000000000e+04
5.573800000000000000e+04
5.573900000000000000e+04
5.574100000000000000e+04
5.574200000000000000e+04
5.574300000000000000e+04
5.574500000000000000e+04
5.575300000000000000e+04
5.579100000000000000e+04
5.580200000000000000e+04
5.580500000000000000e+04
5.580700000000000000e+04
5.581100000000000000e+04
5.581500000000000000e+04
5.581700000000000000e+04
5.590100000000000000e+04
5.591800000000000000e+04
5.592500000000000000e+04
5.592600000000000000e+04
5.594000000000000000e+04
5.594200000000000000e+04
5.594400000000000000e+04
5.596200000000000000e+04
5.597000000000000000e+04
5.603400000000000000e+04
5.622500000000000000e+04
5.622700000000000000e+04
5.627700000000000000e+04
5.638800000000000000e+04
5.665100000000000000e+04
5.667900000000000000e+04
5.669600000000000000e+04
5.670100000000000000e+04
5.672200000000000000e+04
5.672600000000000000e+04
5.697100000000000000e+04
5.706200000000000000e+04
5.707500000000000000e+04
5.709200000000000000e+04
5.715700000000000000e+04
5.715900000000000000e+04
5.729600000000000000e+04
5.732000000000000000e+04
5.741500000000000000e+04
5.743600000000000000e+04
5.748800000000000000e+04
5.753100000000000000e+04
5.767000000000000000e+04
5.767100000000000000e+04
5.767200000000000000e+04
5.767300000000000000e+04
5.771400000000000000e+04
5.776100000000000000e+04
5.802100000000000000e+04
5.802200000000000000e+04
5.802400000000000000e+04
5.802500000000000000e+04
5.803200000000000000e+04
5.804000000000000000e+04
5.807900000000000000e+04
5.808100000000000000e+04
5.809600000000000000e+04
5.813400000000000000e+04
5.823200000000000000e+04
5.823600000000000000e+04
5.823900000000000000e+04
5.830800000000000000e+04
5.831800000000000000e+04
5.838100000000000000e+04
5.842400000000000000e+04
5.861300000000000000e+04
5.875900000000000000e+04
5.881900000000000000e+04
5.882300000000000000e+04
5.882600000000000000e+04
5.883000000000000000e+04
5.883900000000000000e+04
5.884200000000000000e+04
5.884500000000000000e+04
5.884600000000000000e+04
5.884700000000000000e+04
5.885000000000000000e+04
5.885500000000000000e+04
5.886400000000000000e+04
5.887000000000000000e+04
5.901900000000000000e+04
5.902000000000000000e+04
5.910500000000000000e+04
5.929100000000000000e+04
5.951900000000000000e+04
6.008900000000000000e+04
6.009000000000000000e+04
6.064700000000000000e+04
6.064900000000000000e+04
6.069200000000000000e+04
6.069300000000000000e+04
6.069400000000000000e+04
6.073700000000000000e+04
6.073800000000000000e+04
6.074500000000000000e+04
6.074600000000000000e+04
6.076900000000000000e+04
6.080100000000000000e+04
6.093300000000000000e+04
6.093500000000000000e+04
6.093700000000000000e+04
6.093800000000000000e+04
6.093900000000000000e+04
6.107900000000000000e+04
6.108000000000000000e+04
6.108100000000000000e+04
6.111200000000000000e+04
6.112900000000000000e+04
6.137100000000000000e+04
6.137400000000000000e+04
6.137500000000000000e+04
6.177500000000000000e+04
6.196000000000000000e+04
6.198500000000000000e+04
6.198900000000000000e+04
6.199000000000000000e+04
6.199400000000000000e+04
6.199700000000000000e+04
6.199800000000000000e+04
6.199900000000000000e+04
6.200000000000000000e+04
6.200100000000000000e+04
6.200500000000000000e+04
6.221000000000000000e+04
6.221100000000000000e+04
6.221400000000000000e+04
6.221700000000000000e+04
6.221800000000000000e+04
6.234400000000000000e+04
6.276400000000000000e+04
6.276500000000000000e+04
6.276600000000000000e+04
6.276700000000000000e+04
6.293600000000000000e+04
6.294600000000000000e+04
6.296400000000000000e+04
6.306500000000000000e+04
6.344700000000000000e+04
6.348200000000000000e+04
6.353600000000000000e+04
6.357500000000000000e+04
6.359400000000000000e+04
6.362200000000000000e+04
6.363900000000000000e+04
6.364000000000000000e+04
6.364100000000000000e+04
6.364200000000000000e+04
6.364300000000000000e+04
6.364400000000000000e+04
6.364500000000000000e+04
6.364600000000000000e+04
6.364700000000000000e+04
6.364800000000000000e+04
6.364900000000000000e+04
6.365000000000000000e+04
6.365100000000000000e+04
6.365200000000000000e+04
6.365300000000000000e+04
6.365400000000000000e+04
6.365500000000000000e+04
6.365600000000000000e+04
6.365700000000000000e+04
6.365800000000000000e+04
6.366000000000000000e+04
6.366100000000000000e+04
6.366200000000000000e+04
6.366300000000000000e+04
6.366400000000000000e+04
6.366500000000000000e+04
6.366600000000000000e+04
6.366700000000000000e+04
6.366800000000000000e+04
6.366900000000000000e+04
6.367000000000000000e+04
6.367100000000000000e+04
6.367200000000000000e+04
6.367300000000000000e+04
6.367400000000000000e+04
6.367500000000000000e+04
6.367600000000000000e+04
6.367700000000000000e+04
6.367900000000000000e+04
6.368000000000000000e+04
6.368100000000000000e+04
6.368200000000000000e+04
6.406200000000000000e+04
6.406300000000000000e+04
6.406700000000000000e+04
6.407900000000000000e+04
6.409600000000000000e+04
6.413700000000000000e+04
6.413800000000000000e+04
6.413900000000000000e+04
6.414000000000000000e+04
6.441300000000000000e+04
6.443100000000000000e+04
6.443300000000000000e+04
6.443600000000000000e+04
6.443700000000000000e+04
6.443800000000000000e+04
6.443900000000000000e+04
6.444100000000000000e+04
6.444300000000000000e+04
6.444400000000000000e+04
6.444500000000000000e+04
6.444600000000000000e+04
6.444700000000000000e+04
6.444800000000000000e+04
6.444900000000000000e+04
6.445300000000000000e+04
6.445400000000000000e+04
6.445500000000000000e+04
6.445600000000000000e+04
6.445700000000000000e+04
6.446000000000000000e+04
6.446100000000000000e+04
6.446200000000000000e+04
6.446300000000000000e+04
6.446600000000000000e+04
6.446800000000000000e+04
6.447000000000000000e+04
6.447100000000000000e+04
6.447600000000000000e+04
6.447700000000000000e+04
6.447900000000000000e+04
6.448000000000000000e+04
6.448200000000000000e+04
6.455400000000000000e+04
6.457300000000000000e+04
6.458300000000000000e+04
6.460900000000000000e+04
6.462000000000000000e+04
6.463500000000000000e+04
6.464300000000000000e+04
6.464400000000000000e+04
6.464500000000000000e+04
6.464600000000000000e+04
6.464700000000000000e+04
6.465000000000000000e+04
6.465400000000000000e+04
6.465700000000000000e+04
6.465800000000000000e+04
6.466100000000000000e+04
6.466300000000000000e+04
6.466500000000000000e+04
6.466900000000000000e+04
6.467000000000000000e+04
6.467100000000000000e+04
6.467200000000000000e+04
6.467300000000000000e+04
6.467400000000000000e+04
6.467800000000000000e+04
6.468000000000000000e+04
6.468100000000000000e+04
6.468200000000000000e+04
6.468300000000000000e+04
6.468500000000000000e+04
6.468600000000000000e+04
6.468700000000000000e+04
6.468800000000000000e+04
6.468900000000000000e+04
6.471100000000000000e+04
6.528900000000000000e+04
6.529700000000000000e+04
6.530700000000000000e+04
6.531400000000000000e+04
6.531600000000000000e+04
6.531700000000000000e+04
6.532300000000000000e+04
6.532600000000000000e+04
6.534900000000000000e+04
6.535100000000000000e+04
6.536800000000000000e+04
6.537400000000000000e+04
6.537700000000000000e+04
6.545500000000000000e+04
6.545700000000000000e+04
6.566800000000000000e+04
6.567000000000000000e+04
6.567200000000000000e+04
6.567300000000000000e+04
6.567400000000000000e+04
6.567500000000000000e+04
6.567600000000000000e+04
6.572600000000000000e+04
6.586200000000000000e+04
6.586300000000000000e+04
6.586400000000000000e+04
6.586500000000000000e+04
6.586600000000000000e+04
6.586700000000000000e+04
6.586800000000000000e+04
6.586900000000000000e+04
6.587000000000000000e+04
6.587100000000000000e+04
6.587200000000000000e+04
6.587300000000000000e+04
6.587400000000000000e+04
6.587500000000000000e+04
6.587600000000000000e+04
6.587700000000000000e+04
6.587800000000000000e+04
6.587900000000000000e+04
6.588000000000000000e+04
6.588200000000000000e+04
6.588300000000000000e+04
6.588400000000000000e+04
6.588500000000000000e+04
6.588600000000000000e+04
6.588700000000000000e+04
6.588800000000000000e+04
6.588900000000000000e+04
6.589000000000000000e+04
6.589100000000000000e+04
6.589200000000000000e+04
6.589300000000000000e+04
6.589400000000000000e+04
6.589500000000000000e+04
6.589600000000000000e+04
6.589700000000000000e+04
6.589800000000000000e+04
6.589900000000000000e+04
6.590000000000000000e+04
6.590100000000000000e+04
6.590200000000000000e+04
6.590300000000000000e+04
6.590400000000000000e+04
6.590500000000000000e+04
6.590600000000000000e+04
6.590700000000000000e+04
6.590800000000000000e+04
6.590900000000000000e+04
6.591000000000000000e+04
6.591100000000000000e+04
6.591200000000000000e+04
6.591300000000000000e+04
6.591400000000000000e+04
6.591500000000000000e+04
6.591600000000000000e+04
6.591700000000000000e+04
6.591800000000000000e+04
6.591900000000000000e+04
6.592000000000000000e+04
6.592100000000000000e+04
6.592200000000000000e+04
6.592300000000000000e+04
6.592400000000000000e+04
6.592500000000000000e+04
6.592600000000000000e+04
6.592700000000000000e+04
6.592800000000000000e+04
6.592900000000000000e+04
6.593000000000000000e+04
6.593100000000000000e+04
6.593200000000000000e+04
6.593300000000000000e+04
6.593400000000000000e+04
6.593500000000000000e+04
6.593600000000000000e+04
6.593700000000000000e+04
6.593800000000000000e+04
6.593900000000000000e+04
6.594000000000000000e+04
6.594100000000000000e+04
6.594200000000000000e+04
6.594300000000000000e+04
6.594400000000000000e+04
6.594500000000000000e+04
6.594600000000000000e+04
6.594700000000000000e+04
6.594800000000000000e+04
6.594900000000000000e+04
6.595000000000000000e+04
6.595100000000000000e+04
6.595300000000000000e+04
6.595400000000000000e+04
6.601100000000000000e+04
6.601600000000000000e+04
6.602100000000000000e+04
6.602200000000000000e+04
6.602800000000000000e+04
6.603300000000000000e+04
6.604100000000000000e+04
6.611800000000000000e+04
6.620400000000000000e+04
6.625900000000000000e+04
6.626100000000000000e+04
6.626200000000000000e+04
6.627300000000000000e+04
6.629600000000000000e+04
6.629800000000000000e+04
6.629900000000000000e+04
6.630000000000000000e+04
6.630100000000000000e+04
6.630200000000000000e+04
6.630300000000000000e+04
6.630600000000000000e+04
6.630800000000000000e+04
6.631000000000000000e+04
6.631200000000000000e+04
6.631900000000000000e+04
6.632000000000000000e+04
6.632100000000000000e+04
6.632200000000000000e+04
6.632300000000000000e+04
6.632400000000000000e+04
6.632500000000000000e+04
6.632600000000000000e+04
6.632700000000000000e+04
6.632800000000000000e+04
6.632900000000000000e+04
6.633000000000000000e+04
6.633100000000000000e+04
6.633200000000000000e+04
6.633300000000000000e+04
6.633400000000000000e+04
6.633500000000000000e+04
6.640100000000000000e+04
6.640900000000000000e+04
6.645100000000000000e+04
6.645200000000000000e+04
6.645300000000000000e+04
6.645400000000000000e+04
6.645500000000000000e+04
6.645600000000000000e+04
6.645800000000000000e+04
6.653200000000000000e+04
6.654300000000000000e+04
6.654600000000000000e+04
6.662800000000000000e+04
6.672100000000000000e+04
6.672700000000000000e+04
6.673100000000000000e+04
6.681200000000000000e+04
6.682300000000000000e+04
6.683100000000000000e+04
6.686000000000000000e+04
6.686600000000000000e+04
6.691400000000000000e+04
6.694300000000000000e+04
6.695500000000000000e+04
6.695600000000000000e+04
6.697400000000000000e+04
6.698500000000000000e+04
6.701900000000000000e+04
6.702300000000000000e+04
6.702400000000000000e+04
6.714800000000000000e+04
6.714900000000000000e+04
6.715000000000000000e+04
6.715100000000000000e+04
6.715300000000000000e+04
6.715400000000000000e+04
6.715500000000000000e+04
6.731000000000000000e+04
6.734200000000000000e+04
6.734700000000000000e+04
6.744300000000000000e+04
6.774800000000000000e+04
6.775000000000000000e+04
6.775100000000000000e+04
6.775500000000000000e+04
6.775800000000000000e+04
6.775900000000000000e+04
6.776500000000000000e+04
6.776900000000000000e+04
6.777100000000000000e+04
6.777200000000000000e+04
6.777800000000000000e+04
6.780800000000000000e+04
6.780900000000000000e+04
6.786200000000000000e+04
6.786700000000000000e+04
6.786900000000000000e+04
6.787100000000000000e+04
6.801700000000000000e+04
6.803500000000000000e+04
6.803600000000000000e+04
6.815400000000000000e+04
6.818300000000000000e+04
6.822600000000000000e+04
6.822800000000000000e+04
6.823500000000000000e+04
6.823800000000000000e+04
6.823900000000000000e+04
6.824000000000000000e+04
6.824200000000000000e+04
6.824500000000000000e+04
6.824800000000000000e+04
6.825000000000000000e+04
6.825400000000000000e+04
6.826600000000000000e+04
6.827100000000000000e+04
6.827700000000000000e+04
6.827800000000000000e+04
6.828700000000000000e+04
6.829300000000000000e+04
6.829900000000000000e+04
6.831200000000000000e+04
6.831400000000000000e+04
6.833100000000000000e+04
6.838300000000000000e+04
6.838600000000000000e+04
6.842200000000000000e+04
6.854600000000000000e+04
6.854700000000000000e+04
6.854800000000000000e+04
6.855000000000000000e+04
6.855100000000000000e+04
6.855300000000000000e+04
6.855700000000000000e+04
6.856100000000000000e+04
6.856300000000000000e+04
6.858200000000000000e+04
6.858700000000000000e+04
6.858900000000000000e+04
6.859000000000000000e+04
6.859100000000000000e+04
6.859200000000000000e+04
6.859300000000000000e+04
6.859700000000000000e+04
6.859900000000000000e+04
6.860400000000000000e+04
6.861000000000000000e+04
6.861100000000000000e+04
6.861300000000000000e+04
6.861600000000000000e+04
6.861700000000000000e+04
6.861800000000000000e+04
6.861900000000000000e+04
6.862400000000000000e+04
6.862600000000000000e+04
6.862700000000000000e+04
6.863300000000000000e+04
6.863400000000000000e+04
6.863500000000000000e+04
6.863700000000000000e+04
6.863800000000000000e+04
6.864200000000000000e+04
6.864300000000000000e+04
6.864400000000000000e+04
6.864700000000000000e+04
6.864800000000000000e+04
6.865000000000000000e+04
6.865200000000000000e+04
6.865300000000000000e+04
6.865400000000000000e+04
6.865500000000000000e+04
6.865700000000000000e+04
6.866000000000000000e+04
6.866100000000000000e+04
6.866300000000000000e+04
6.866400000000000000e+04
6.866500000000000000e+04
6.866600000000000000e+04
6.866700000000000000e+04
6.866800000000000000e+04
6.866900000000000000e+04
6.867000000000000000e+04
6.867100000000000000e+04
6.867200000000000000e+04
6.867300000000000000e+04
6.867500000000000000e+04
6.867600000000000000e+04
6.869200000000000000e+04
6.869900000000000000e+04
6.872300000000000000e+04
6.904700000000000000e+04
6.904900000000000000e+04
6.910800000000000000e+04
6.911000000000000000e+04
6.912400000000000000e+04
6.912600000000000000e+04
6.914300000000000000e+04
6.914400000000000000e+04
6.915200000000000000e+04
6.916100000000000000e+04
6.917000000000000000e+04
6.917800000000000000e+04
6.918100000000000000e+04
6.918900000000000000e+04
6.919300000000000000e+04
6.919600000000000000e+04
6.924100000000000000e+04
6.925000000000000000e+04
6.925200000000000000e+04
6.925500000000000000e+04
6.927000000000000000e+04
6.927300000000000000e+04
6.929300000000000000e+04
6.934900000000000000e+04
6.935000000000000000e+04
6.953700000000000000e+04
6.959000000000000000e+04
6.959100000000000000e+04
6.959600000000000000e+04
6.959900000000000000e+04
6.960000000000000000e+04
6.960100000000000000e+04
6.960200000000000000e+04
6.960300000000000000e+04
6.960500000000000000e+04
6.960600000000000000e+04
6.961000000000000000e+04
6.961400000000000000e+04
6.961700000000000000e+04
6.961900000000000000e+04
6.962600000000000000e+04
6.962900000000000000e+04
6.963000000000000000e+04
6.965400000000000000e+04
6.965600000000000000e+04
6.965800000000000000e+04
6.966000000000000000e+04
6.966200000000000000e+04
6.966400000000000000e+04
6.966800000000000000e+04
6.966900000000000000e+04
6.967000000000000000e+04
6.967600000000000000e+04
6.967900000000000000e+04
6.968200000000000000e+04
6.971100000000000000e+04
6.974100000000000000e+04
6.974200000000000000e+04
6.974500000000000000e+04
6.974600000000000000e+04
6.974700000000000000e+04
6.974900000000000000e+04
6.975200000000000000e+04
6.975300000000000000e+04
6.975400000000000000e+04
6.975500000000000000e+04
6.975600000000000000e+04
6.975700000000000000e+04
6.975800000000000000e+04
6.975900000000000000e+04
6.976000000000000000e+04
6.976100000000000000e+04
6.976300000000000000e+04
6.976400000000000000e+04
6.976500000000000000e+04
6.976600000000000000e+04
6.976700000000000000e+04
6.976800000000000000e+04
6.976900000000000000e+04
6.977000000000000000e+04
6.977100000000000000e+04
6.977200000000000000e+04
6.977300000000000000e+04
6.977600000000000000e+04
6.977900000000000000e+04
6.978000000000000000e+04
6.978100000000000000e+04
6.978200000000000000e+04
6.978400000000000000e+04
6.978500000000000000e+04
6.978800000000000000e+04
6.979000000000000000e+04
6.979200000000000000e+04
6.979400000000000000e+04
6.979700000000000000e+04
6.979800000000000000e+04
6.980200000000000000e+04
6.980300000000000000e+04
6.981700000000000000e+04
6.982300000000000000e+04
6.982500000000000000e+04
6.982700000000000000e+04
6.982800000000000000e+04
6.983100000000000000e+04
6.983300000000000000e+04
6.983400000000000000e+04
6.983500000000000000e+04
6.983700000000000000e+04
6.988600000000000000e+04
6.991200000000000000e+04
6.991300000000000000e+04
6.991400000000000000e+04
6.991600000000000000e+04
6.991700000000000000e+04
6.991900000000000000e+04
6.992000000000000000e+04
6.992200000000000000e+04
6.993000000000000000e+04
6.993100000000000000e+04
6.993600000000000000e+04
6.994100000000000000e+04
6.994400000000000000e+04
6.995000000000000000e+04
6.995700000000000000e+04
6.996000000000000000e+04
6.996400000000000000e+04
6.996700000000000000e+04
6.997300000000000000e+04
6.997500000000000000e+04
6.997800000000000000e+04
6.998300000000000000e+04
6.998400000000000000e+04
6.998500000000000000e+04
6.998600000000000000e+04
6.998900000000000000e+04
6.999100000000000000e+04
6.999200000000000000e+04
6.999300000000000000e+04
6.999400000000000000e+04
6.999600000000000000e+04
6.999700000000000000e+04
6.999900000000000000e+04
7.000200000000000000e+04
7.000400000000000000e+04
7.000600000000000000e+04
7.000700000000000000e+04
7.000800000000000000e+04
7.000900000000000000e+04
7.001000000000000000e+04
7.001100000000000000e+04
7.001200000000000000e+04
7.001400000000000000e+04
7.001600000000000000e+04
7.001800000000000000e+04
7.001900000000000000e+04
7.002200000000000000e+04
7.002400000000000000e+04
7.002500000000000000e+04
7.002600000000000000e+04
7.002700000000000000e+04
7.002900000000000000e+04
7.003100000000000000e+04
7.003200000000000000e+04
7.003400000000000000e+04
7.003500000000000000e+04
7.003700000000000000e+04
7.004200000000000000e+04
7.004400000000000000e+04
7.004500000000000000e+04
7.004700000000000000e+04
7.005000000000000000e+04
7.005100000000000000e+04
7.005400000000000000e+04
7.005600000000000000e+04
7.005800000000000000e+04
7.006100000000000000e+04
7.006300000000000000e+04
7.006400000000000000e+04
7.008600000000000000e+04
7.009300000000000000e+04
7.009500000000000000e+04
7.009600000000000000e+04
7.010100000000000000e+04
7.010300000000000000e+04
7.010500000000000000e+04
7.010800000000000000e+04
7.011800000000000000e+04
7.011900000000000000e+04
7.012000000000000000e+04
7.012600000000000000e+04
7.013100000000000000e+04
7.013400000000000000e+04
7.014600000000000000e+04
7.015400000000000000e+04
7.015500000000000000e+04
7.015600000000000000e+04
7.020500000000000000e+04
7.020700000000000000e+04
7.024500000000000000e+04
7.049300000000000000e+04
7.065400000000000000e+04
7.066300000000000000e+04
7.071600000000000000e+04
7.078700000000000000e+04
7.078800000000000000e+04
7.078900000000000000e+04
7.079000000000000000e+04
7.079700000000000000e+04
7.079800000000000000e+04
7.080100000000000000e+04
7.080800000000000000e+04
7.097300000000000000e+04
7.099300000000000000e+04
7.104400000000000000e+04
7.105500000000000000e+04
7.106800000000000000e+04
7.110600000000000000e+04
7.111300000000000000e+04
7.112100000000000000e+04
7.132200000000000000e+04
7.177300000000000000e+04
7.180300000000000000e+04
7.180400000000000000e+04
7.181400000000000000e+04
7.183200000000000000e+04
7.183300000000000000e+04
7.183500000000000000e+04
7.183800000000000000e+04
7.190100000000000000e+04
7.203900000000000000e+04
7.220100000000000000e+04
7.229400000000000000e+04
7.229500000000000000e+04
7.229600000000000000e+04
7.229700000000000000e+04
7.229800000000000000e+04
7.229900000000000000e+04
7.230000000000000000e+04
7.238500000000000000e+04
7.238600000000000000e+04
7.239000000000000000e+04
7.262200000000000000e+04
7.262300000000000000e+04
7.281400000000000000e+04
7.295400000000000000e+04
7.303100000000000000e+04
7.304500000000000000e+04
7.313100000000000000e+04
7.314700000000000000e+04
7.338500000000000000e+04
7.345800000000000000e+04
7.345900000000000000e+04
7.348200000000000000e+04
7.348600000000000000e+04
7.348700000000000000e+04
7.348800000000000000e+04
7.348900000000000000e+04
7.349000000000000000e+04
7.349100000000000000e+04
7.368800000000000000e+04
7.368900000000000000e+04
7.372800000000000000e+04
7.374800000000000000e+04
7.374900000000000000e+04
7.375000000000000000e+04
7.375100000000000000e+04
7.375200000000000000e+04
7.375300000000000000e+04
7.375400000000000000e+04
7.375500000000000000e+04
7.375600000000000000e+04
7.375700000000000000e+04
7.375800000000000000e+04
7.375900000000000000e+04
7.376000000000000000e+04
7.376100000000000000e+04
7.376200000000000000e+04
7.376300000000000000e+04
7.376500000000000000e+04
7.389200000000000000e+04
7.389600000000000000e+04
7.412800000000000000e+04
7.412900000000000000e+04
7.413000000000000000e+04
7.413100000000000000e+04
7.413200000000000000e+04
7.413300000000000000e+04
7.413400000000000000e+04
7.413500000000000000e+04
7.413700000000000000e+04
7.429000000000000000e+04
7.429100000000000000e+04
7.429200000000000000e+04
7.429300000000000000e+04
7.429400000000000000e+04
7.429500000000000000e+04
7.429600000000000000e+04
7.429700000000000000e+04
7.430000000000000000e+04
7.430100000000000000e+04
7.431800000000000000e+04
7.432800000000000000e+04
7.432900000000000000e+04
7.433000000000000000e+04
7.433100000000000000e+04
7.433200000000000000e+04
7.433300000000000000e+04
7.433400000000000000e+04
7.433500000000000000e+04
7.433600000000000000e+04
7.433700000000000000e+04
7.433800000000000000e+04
7.434000000000000000e+04
7.434100000000000000e+04
7.434200000000000000e+04
7.434300000000000000e+04
7.434400000000000000e+04
7.434500000000000000e+04
7.434800000000000000e+04
7.434900000000000000e+04
7.435000000000000000e+04
7.435100000000000000e+04
7.435300000000000000e+04
7.435400000000000000e+04
7.439300000000000000e+04
7.439500000000000000e+04
7.441500000000000000e+04
7.441600000000000000e+04
7.444800000000000000e+04
7.445000000000000000e+04
7.471300000000000000e+04
7.484400000000000000e+04
7.489500000000000000e+04
7.490000000000000000e+04
7.490100000000000000e+04
7.495700000000000000e+04
7.495800000000000000e+04
7.495900000000000000e+04
7.496000000000000000e+04
7.496100000000000000e+04
7.496200000000000000e+04
7.501600000000000000e+04
7.501700000000000000e+04
7.501800000000000000e+04
7.501900000000000000e+04
7.502000000000000000e+04
7.502100000000000000e+04
7.502200000000000000e+04
7.506100000000000000e+04
7.509700000000000000e+04
7.513600000000000000e+04
7.523600000000000000e+04
7.524100000000000000e+04
7.524800000000000000e+04
7.531900000000000000e+04
7.532000000000000000e+04
7.532100000000000000e+04
7.532200000000000000e+04
7.532300000000000000e+04
7.532400000000000000e+04
7.532500000000000000e+04
7.532600000000000000e+04
7.532700000000000000e+04
7.532800000000000000e+04
7.532900000000000000e+04
7.533000000000000000e+04
7.533100000000000000e+04
7.533200000000000000e+04
7.533300000000000000e+04
7.533700000000000000e+04
7.563300000000000000e+04
7.564800000000000000e+04
7.565800000000000000e+04
7.566000000000000000e+04
7.566100000000000000e+04
7.566800000000000000e+04
7.570600000000000000e+04
7.570700000000000000e+04
7.571000000000000000e+04
7.571400000000000000e+04
7.572800000000000000e+04
7.574500000000000000e+04
7.574700000000000000e+04
7.574800000000000000e+04
7.576900000000000000e+04
7.584500000000000000e+04
7.584800000000000000e+04
7.604700000000000000e+04
7.607400000000000000e+04
7.607500000000000000e+04
7.607700000000000000e+04
7.607800000000000000e+04
7.607900000000000000e+04
7.608000000000000000e+04
7.608100000000000000e+04
7.608200000000000000e+04
7.608300000000000000e+04
7.608400000000000000e+04
7.608500000000000000e+04
7.608600000000000000e+04
7.608700000000000000e+04
7.608800000000000000e+04
7.608900000000000000e+04
7.609000000000000000e+04
7.609100000000000000e+04
7.609200000000000000e+04
7.609300000000000000e+04
7.609400000000000000e+04
7.609500000000000000e+04
7.609600000000000000e+04
7.609700000000000000e+04
7.610700000000000000e+04
7.610800000000000000e+04
7.610900000000000000e+04
7.611000000000000000e+04
7.611100000000000000e+04
7.611200000000000000e+04
7.611300000000000000e+04
7.611400000000000000e+04
7.611500000000000000e+04
7.615700000000000000e+04
7.632400000000000000e+04
7.639900000000000000e+04
7.641300000000000000e+04
7.652800000000000000e+04
7.652900000000000000e+04
7.653000000000000000e+04
7.653100000000000000e+04
7.664300000000000000e+04
7.670300000000000000e+04
7.672400000000000000e+04
7.674900000000000000e+04
7.676400000000000000e+04
7.676900000000000000e+04
7.678400000000000000e+04
7.679200000000000000e+04
7.685900000000000000e+04
7.686600000000000000e+04
7.686700000000000000e+04
7.687300000000000000e+04
