1.990000000000000000e+02
3.380000000000000000e+02
3.490000000000000000e+02
3.510000000000000000e+02
3.560000000000000000e+02
3.680000000000000000e+02
3.830000000000000000e+02
3.870000000000000000e+02
3.930000000000000000e+02
4.020000000000000000e+02
5.360000000000000000e+02
5.600000000000000000e+02
7.220000000000000000e+02
7.310000000000000000e+02
7.730000000000000000e+02
8.150000000000000000e+02
8.200000000000000000e+02
8.320000000000000000e+02
8.340000000000000000e+02
1.037000000000000000e+03
1.125000000000000000e+03
1.165000000000000000e+03
1.214000000000000000e+03
1.218000000000000000e+03
1.224000000000000000e+03
1.243000000000000000e+03
1.254000000000000000e+03
1.425000000000000000e+03
1.513000000000000000e+03
1.525000000000000000e+03
1.526000000000000000e+03
1.584000000000000000e+03
1.656000000000000000e+03
1.837000000000000000e+03
2.210000000000000000e+03
2.583000000000000000e+03
2.741000000000000000e+03
2.769000000000000000e+03
2.808000000000000000e+03
3.399000000000000000e+03
3.763000000000000000e+03
3.768000000000000000e+03
3.948000000000000000e+03
3.953000000000000000e+03
3.972000000000000000e+03
4.532000000000000000e+03
4.585000000000000000e+03
4.594000000000000000e+03
4.638000000000000000e+03
4.701000000000000000e+03
4.933000000000000000e+03
5.214000000000000000e+03
5.285000000000000000e+03
5.330000000000000000e+03
5.352000000000000000e+03
5.361000000000000000e+03
5.386000000000000000e+03
5.409000000000000000e+03
5.412000000000000000e+03
5.415000000000000000e+03
5.428000000000000000e+03
5.434000000000000000e+03
5.435000000000000000e+03
5.449000000000000000e+03
5.468000000000000000e+03
5.488000000000000000e+03
5.516000000000000000e+03
5.526000000000000000e+03
5.528000000000000000e+03
5.533000000000000000e+03
5.542000000000000000e+03
5.555000000000000000e+03
5.583000000000000000e+03
5.598000000000000000e+03
5.622000000000000000e+03
5.630000000000000000e+03
5.642000000000000000e+03
5.644000000000000000e+03
5.717000000000000000e+03
5.856000000000000000e+03
5.860000000000000000e+03
5.873000000000000000e+03
5.876000000000000000e+03
5.883000000000000000e+03
5.895000000000000000e+03
5.971000000000000000e+03
5.989000000000000000e+03
6.056000000000000000e+03
6.061000000000000000e+03
6.079000000000000000e+03
6.124000000000000000e+03
6.282000000000000000e+03
6.313000000000000000e+03
6.328000000000000000e+03
6.333000000000000000e+03
6.374000000000000000e+03
6.381000000000000000e+03
6.388000000000000000e+03
6.414000000000000000e+03
6.445000000000000000e+03
6.446000000000000000e+03
6.459000000000000000e+03
6.478000000000000000e+03
6.490000000000000000e+03
6.515000000000000000e+03
6.520000000000000000e+03
6.534000000000000000e+03
6.589000000000000000e+03
6.606000000000000000e+03
6.611000000000000000e+03
6.621000000000000000e+03
6.654000000000000000e+03
6.656000000000000000e+03
6.719000000000000000e+03
6.743000000000000000e+03
6.826000000000000000e+03
6.827000000000000000e+03
6.858000000000000000e+03
6.859000000000000000e+03
6.895000000000000000e+03
6.983000000000000000e+03
6.991000000000000000e+03
7.002000000000000000e+03
7.018000000000000000e+03
7.026000000000000000e+03
7.031000000000000000e+03
7.056000000000000000e+03
7.065000000000000000e+03
7.069000000000000000e+03
7.075000000000000000e+03
7.091000000000000000e+03
7.111000000000000000e+03
7.130000000000000000e+03
7.144000000000000000e+03
7.164000000000000000e+03
7.183000000000000000e+03
7.212000000000000000e+03
7.232000000000000000e+03
7.273000000000000000e+03
7.284000000000000000e+03
7.293000000000000000e+03
7.308000000000000000e+03
7.355000000000000000e+03
7.436000000000000000e+03
7.543000000000000000e+03
7.550000000000000000e+03
7.552000000000000000e+03
7.626000000000000000e+03
7.711000000000000000e+03
7.725000000000000000e+03
7.727000000000000000e+03
7.773000000000000000e+03
7.775000000000000000e+03
7.786000000000000000e+03
7.788000000000000000e+03
7.796000000000000000e+03
8.014000000000000000e+03
8.062000000000000000e+03
8.354000000000000000e+03
8.358000000000000000e+03
8.359000000000000000e+03
8.443000000000000000e+03
8.556000000000000000e+03
8.852000000000000000e+03
9.244000000000000000e+03
9.246000000000000000e+03
9.517000000000000000e+03
9.520000000000000000e+03
1.009200000000000000e+04
1.011900000000000000e+04
1.032800000000000000e+04
1.036900000000000000e+04
1.043800000000000000e+04
1.052300000000000000e+04
1.052700000000000000e+04
1.057200000000000000e+04
1.074600000000000000e+04
1.076800000000000000e+04
1.098100000000000000e+04
1.100400000000000000e+04
1.102500000000000000e+04
1.103000000000000000e+04
1.114000000000000000e+04
1.123100000000000000e+04
1.133900000000000000e+04
1.134200000000000000e+04
1.137600000000000000e+04
1.148300000000000000e+04
1.153100000000000000e+04
1.154600000000000000e+04
1.156200000000000000e+04
1.158400000000000000e+04
1.158600000000000000e+04
1.161000000000000000e+04
1.167100000000000000e+04
1.167300000000000000e+04
1.168200000000000000e+04
1.168500000000000000e+04
1.170000000000000000e+04
1.173900000000000000e+04
1.180900000000000000e+04
1.181000000000000000e+04
1.181100000000000000e+04
1.181300000000000000e+04
1.181500000000000000e+04
1.185400000000000000e+04
1.185500000000000000e+04
1.186100000000000000e+04
1.187000000000000000e+04
1.187700000000000000e+04
1.199500000000000000e+04
1.203700000000000000e+04
1.212300000000000000e+04
1.216000000000000000e+04
1.218800000000000000e+04
1.221200000000000000e+04
1.224600000000000000e+04
1.225000000000000000e+04
1.226600000000000000e+04
1.241700000000000000e+04
1.242300000000000000e+04
1.245400000000000000e+04
1.248000000000000000e+04
1.287100000000000000e+04
1.288000000000000000e+04
1.288500000000000000e+04
1.289500000000000000e+04
1.292500000000000000e+04
1.299800000000000000e+04
1.319800000000000000e+04
1.334300000000000000e+04
1.342700000000000000e+04
1.342800000000000000e+04
1.352000000000000000e+04
1.353500000000000000e+04
1.359900000000000000e+04
1.363500000000000000e+04
1.367000000000000000e+04
1.379900000000000000e+04
1.384100000000000000e+04
1.387800000000000000e+04
1.402900000000000000e+04
1.409200000000000000e+04
1.418300000000000000e+04
1.431000000000000000e+04
1.505100000000000000e+04
1.509900000000000000e+04
1.510600000000000000e+04
1.513000000000000000e+04
1.513700000000000000e+04
1.523700000000000000e+04
1.525700000000000000e+04
1.529000000000000000e+04
1.537000000000000000e+04
1.541600000000000000e+04
1.542900000000000000e+04
1.543400000000000000e+04
1.544600000000000000e+04
1.545900000000000000e+04
1.546800000000000000e+04
1.547900000000000000e+04
1.551000000000000000e+04
1.551600000000000000e+04
1.552300000000000000e+04
1.552600000000000000e+04
1.556400000000000000e+04
1.558300000000000000e+04
1.559400000000000000e+04
1.564900000000000000e+04
1.565300000000000000e+04
1.577000000000000000e+04
1.582800000000000000e+04
1.590500000000000000e+04
1.594200000000000000e+04
1.596300000000000000e+04
1.599500000000000000e+04
1.601400000000000000e+04
1.601800000000000000e+04
1.602600000000000000e+04
1.605200000000000000e+04
1.610000000000000000e+04
1.614400000000000000e+04
1.628800000000000000e+04
1.638000000000000000e+04
1.638700000000000000e+04
1.640900000000000000e+04
1.641100000000000000e+04
1.642600000000000000e+04
1.643100000000000000e+04
1.647100000000000000e+04
1.652500000000000000e+04
1.652700000000000000e+04
1.653000000000000000e+04
1.653700000000000000e+04
1.673700000000000000e+04
1.698200000000000000e+04
1.699600000000000000e+04
1.699700000000000000e+04
1.707900000000000000e+04
1.720100000000000000e+04
1.730000000000000000e+04
1.730500000000000000e+04
1.739700000000000000e+04
1.743600000000000000e+04
1.748300000000000000e+04
1.750300000000000000e+04
1.754200000000000000e+04
1.758200000000000000e+04
1.761600000000000000e+04
1.789800000000000000e+04
1.804800000000000000e+04
1.808000000000000000e+04
1.809600000000000000e+04
1.815400000000000000e+04
1.817900000000000000e+04
1.818600000000000000e+04
1.842900000000000000e+04
1.871400000000000000e+04
1.872000000000000000e+04
1.873600000000000000e+04
1.877600000000000000e+04
1.881500000000000000e+04
1.885500000000000000e+04
1.887100000000000000e+04
1.943200000000000000e+04
1.966200000000000000e+04
1.972600000000000000e+04
1.979700000000000000e+04
1.989700000000000000e+04
2.020200000000000000e+04
2.037700000000000000e+04
2.038500000000000000e+04
2.038600000000000000e+04
2.038700000000000000e+04
2.039800000000000000e+04
2.040200000000000000e+04
2.040900000000000000e+04
2.041100000000000000e+04
2.041200000000000000e+04
2.043000000000000000e+04
2.043500000000000000e+04
2.044300000000000000e+04
2.044400000000000000e+04
2.045200000000000000e+04
2.045500000000000000e+04
2.046400000000000000e+04
2.046500000000000000e+04
2.047200000000000000e+04
2.048300000000000000e+04
2.048600000000000000e+04
2.050600000000000000e+04
2.052200000000000000e+04
2.053300000000000000e+04
2.053800000000000000e+04
2.054100000000000000e+04
2.055900000000000000e+04
2.057000000000000000e+04
2.060100000000000000e+04
2.069600000000000000e+04
2.072400000000000000e+04
2.072800000000000000e+04
2.076000000000000000e+04
2.082000000000000000e+04
2.087000000000000000e+04
2.087700000000000000e+04
2.089800000000000000e+04
2.091800000000000000e+04
2.092600000000000000e+04
2.097000000000000000e+04
2.100000000000000000e+04
2.111100000000000000e+04
2.111900000000000000e+04
2.112500000000000000e+04
2.112800000000000000e+04
2.114500000000000000e+04
2.116000000000000000e+04
2.116100000000000000e+04
2.116300000000000000e+04
2.117300000000000000e+04
2.117500000000000000e+04
2.117700000000000000e+04
2.118200000000000000e+04
2.118400000000000000e+04
2.119300000000000000e+04
2.119600000000000000e+04
2.119700000000000000e+04
2.120000000000000000e+04
2.123300000000000000e+04
2.123400000000000000e+04
2.123500000000000000e+04
2.126400000000000000e+04
2.127900000000000000e+04
2.128700000000000000e+04
2.132400000000000000e+04
2.133000000000000000e+04
2.141600000000000000e+04
2.143500000000000000e+04
2.149600000000000000e+04
2.151600000000000000e+04
2.152700000000000000e+04
2.163600000000000000e+04
2.172200000000000000e+04
2.184100000000000000e+04
2.186300000000000000e+04
2.190300000000000000e+04
2.191100000000000000e+04
2.191400000000000000e+04
2.191900000000000000e+04
2.194200000000000000e+04
2.200300000000000000e+04
2.201300000000000000e+04
2.214900000000000000e+04
2.219600000000000000e+04
2.227600000000000000e+04
2.239800000000000000e+04
2.255200000000000000e+04
2.256500000000000000e+04
2.262500000000000000e+04
2.264500000000000000e+04
2.264600000000000000e+04
2.265300000000000000e+04
2.286000000000000000e+04
2.294000000000000000e+04
2.296200000000000000e+04
2.296700000000000000e+04
2.299000000000000000e+04
2.300600000000000000e+04
2.304700000000000000e+04
2.310400000000000000e+04
2.312900000000000000e+04
2.326100000000000000e+04
2.339600000000000000e+04
2.411300000000000000e+04
2.411500000000000000e+04
2.423100000000000000e+04
2.435100000000000000e+04
2.435400000000000000e+04
2.435600000000000000e+04
2.435700000000000000e+04
2.437400000000000000e+04
2.438800000000000000e+04
2.439100000000000000e+04
2.439300000000000000e+04
2.439600000000000000e+04
2.439700000000000000e+04
2.441100000000000000e+04
2.442100000000000000e+04
2.443000000000000000e+04
2.447000000000000000e+04
2.451800000000000000e+04
2.455800000000000000e+04
2.457800000000000000e+04
2.458200000000000000e+04
2.458900000000000000e+04
2.459100000000000000e+04
2.460000000000000000e+04
2.470300000000000000e+04
2.471500000000000000e+04
2.473000000000000000e+04
2.474300000000000000e+04
2.475300000000000000e+04
2.478700000000000000e+04
2.485800000000000000e+04
2.492400000000000000e+04
2.498900000000000000e+04
2.507500000000000000e+04
2.509600000000000000e+04
2.530800000000000000e+04
2.536000000000000000e+04
2.538300000000000000e+04
2.541200000000000000e+04
2.559100000000000000e+04
2.567900000000000000e+04
2.572200000000000000e+04
2.579200000000000000e+04
2.580200000000000000e+04
2.583100000000000000e+04
2.588100000000000000e+04
2.589600000000000000e+04
2.590300000000000000e+04
2.591100000000000000e+04
2.592300000000000000e+04
2.612400000000000000e+04
2.619600000000000000e+04
2.622000000000000000e+04
2.627000000000000000e+04
2.636700000000000000e+04
2.637100000000000000e+04
2.638800000000000000e+04
2.641600000000000000e+04
2.657100000000000000e+04
2.659600000000000000e+04
2.661400000000000000e+04
2.661500000000000000e+04
2.661700000000000000e+04
2.661900000000000000e+04
2.662000000000000000e+04
2.662200000000000000e+04
2.663200000000000000e+04
2.667400000000000000e+04
2.669600000000000000e+04
2.670800000000000000e+04
2.674800000000000000e+04
2.676800000000000000e+04
2.677000000000000000e+04
2.678200000000000000e+04
2.678500000000000000e+04
2.680700000000000000e+04
2.685900000000000000e+04
2.686100000000000000e+04
2.686200000000000000e+04
2.688200000000000000e+04
2.688900000000000000e+04
2.691300000000000000e+04
2.692000000000000000e+04
2.693800000000000000e+04
2.694500000000000000e+04
2.695700000000000000e+04
2.700900000000000000e+04
2.709100000000000000e+04
2.710400000000000000e+04
2.711500000000000000e+04
2.713200000000000000e+04
2.714100000000000000e+04
2.718000000000000000e+04
2.720600000000000000e+04
2.721800000000000000e+04
2.723000000000000000e+04
2.723400000000000000e+04
2.724100000000000000e+04
2.728500000000000000e+04
2.728900000000000000e+04
2.729300000000000000e+04
2.729400000000000000e+04
2.730400000000000000e+04
2.730800000000000000e+04
2.732300000000000000e+04
2.732500000000000000e+04
2.734300000000000000e+04
2.735100000000000000e+04
2.736000000000000000e+04
2.737600000000000000e+04
2.740600000000000000e+04
2.741100000000000000e+04
2.746000000000000000e+04
2.747900000000000000e+04
2.748400000000000000e+04
2.751400000000000000e+04
2.752600000000000000e+04
2.761300000000000000e+04
2.761800000000000000e+04
2.766600000000000000e+04
2.767800000000000000e+04
2.782900000000000000e+04
2.792400000000000000e+04
2.797700000000000000e+04
2.813000000000000000e+04
2.814200000000000000e+04
2.816000000000000000e+04
2.820400000000000000e+04
2.830300000000000000e+04
2.838300000000000000e+04
2.841000000000000000e+04
2.842600000000000000e+04
2.847100000000000000e+04
2.851600000000000000e+04
2.858100000000000000e+04
2.858400000000000000e+04
2.861100000000000000e+04
2.862100000000000000e+04
2.868400000000000000e+04
2.871300000000000000e+04
2.873200000000000000e+04
2.874900000000000000e+04
2.875100000000000000e+04
2.876400000000000000e+04
2.879200000000000000e+04
2.880400000000000000e+04
2.882000000000000000e+04
2.884200000000000000e+04
2.888100000000000000e+04
2.890900000000000000e+04
2.894600000000000000e+04
2.896800000000000000e+04
2.897400000000000000e+04
2.898800000000000000e+04
2.904600000000000000e+04
2.911500000000000000e+04
2.931200000000000000e+04
2.948400000000000000e+04
2.973700000000000000e+04
2.974900000000000000e+04
2.977500000000000000e+04
2.978500000000000000e+04
2.999100000000000000e+04
3.076600000000000000e+04
3.095500000000000000e+04
3.106700000000000000e+04
3.133300000000000000e+04
3.139700000000000000e+04
3.140200000000000000e+04
3.142600000000000000e+04
3.148100000000000000e+04
3.150700000000000000e+04
3.171700000000000000e+04
3.173400000000000000e+04
3.181300000000000000e+04
3.183800000000000000e+04
3.184100000000000000e+04
3.184200000000000000e+04
3.186000000000000000e+04
3.187600000000000000e+04
3.187800000000000000e+04
3.190300000000000000e+04
3.190800000000000000e+04
3.190900000000000000e+04
3.195000000000000000e+04
3.195100000000000000e+04
3.215700000000000000e+04
3.216000000000000000e+04
3.219700000000000000e+04
3.221300000000000000e+04
3.224000000000000000e+04
3.227300000000000000e+04
3.228000000000000000e+04
3.284100000000000000e+04
3.290100000000000000e+04
3.293800000000000000e+04
3.301400000000000000e+04
3.417400000000000000e+04
3.450800000000000000e+04
3.456300000000000000e+04
3.457400000000000000e+04
3.457500000000000000e+04
3.457800000000000000e+04
3.458000000000000000e+04
3.465800000000000000e+04
3.470200000000000000e+04
3.470700000000000000e+04
3.474900000000000000e+04
3.477300000000000000e+04
3.480100000000000000e+04
3.480900000000000000e+04
3.481800000000000000e+04
3.482000000000000000e+04
3.483900000000000000e+04
3.485000000000000000e+04
3.486700000000000000e+04
3.489000000000000000e+04
3.490500000000000000e+04
3.492700000000000000e+04
3.496600000000000000e+04
3.496700000000000000e+04
3.496800000000000000e+04
3.496900000000000000e+04
3.497700000000000000e+04
3.500000000000000000e+04
3.505400000000000000e+04
3.505500000000000000e+04
3.505600000000000000e+04
3.514300000000000000e+04
3.514700000000000000e+04
3.537900000000000000e+04
3.539900000000000000e+04
3.542500000000000000e+04
3.542600000000000000e+04
3.543700000000000000e+04
3.545100000000000000e+04
3.545800000000000000e+04
3.550300000000000000e+04
3.550500000000000000e+04
3.573700000000000000e+04
3.578000000000000000e+04
3.578100000000000000e+04
3.579700000000000000e+04
3.581900000000000000e+04
3.582100000000000000e+04
3.584400000000000000e+04
3.590500000000000000e+04
3.591500000000000000e+04
3.593600000000000000e+04
3.594700000000000000e+04
3.597300000000000000e+04
3.601800000000000000e+04
3.606000000000000000e+04
3.606400000000000000e+04
3.607900000000000000e+04
3.608100000000000000e+04
3.610700000000000000e+04
3.610800000000000000e+04
3.615000000000000000e+04
3.615800000000000000e+04
3.622200000000000000e+04
3.623000000000000000e+04
3.623400000000000000e+04
3.623500000000000000e+04
3.624000000000000000e+04
3.625700000000000000e+04
3.625800000000000000e+04
3.626100000000000000e+04
3.632400000000000000e+04
3.637000000000000000e+04
3.638700000000000000e+04
3.644100000000000000e+04
3.664700000000000000e+04
3.671700000000000000e+04
3.675900000000000000e+04
3.684700000000000000e+04
3.686300000000000000e+04
3.686500000000000000e+04
3.688600000000000000e+04
3.720200000000000000e+04
3.731600000000000000e+04
3.752800000000000000e+04
3.760800000000000000e+04
3.761300000000000000e+04
3.763000000000000000e+04
3.763400000000000000e+04
3.764400000000000000e+04
3.765900000000000000e+04
3.767400000000000000e+04
3.769200000000000000e+04
3.771600000000000000e+04
3.772300000000000000e+04
3.780500000000000000e+04
3.782300000000000000e+04
3.783000000000000000e+04
3.783100000000000000e+04
3.785900000000000000e+04
3.795600000000000000e+04
3.795800000000000000e+04
3.796900000000000000e+04
3.797000000000000000e+04
3.797200000000000000e+04
3.797400000000000000e+04
3.797600000000000000e+04
3.798300000000000000e+04
3.798800000000000000e+04
3.800000000000000000e+04
3.807000000000000000e+04
3.807700000000000000e+04
3.808100000000000000e+04
3.808200000000000000e+04
3.809000000000000000e+04
3.811300000000000000e+04
3.812300000000000000e+04
3.814500000000000000e+04
3.815900000000000000e+04
3.817600000000000000e+04
3.820900000000000000e+04
3.821500000000000000e+04
3.825900000000000000e+04
3.828800000000000000e+04
3.831900000000000000e+04
3.835900000000000000e+04
3.856900000000000000e+04
3.859200000000000000e+04
3.862400000000000000e+04
3.866600000000000000e+04
3.868800000000000000e+04
3.869200000000000000e+04
3.870500000000000000e+04
3.870800000000000000e+04
3.871500000000000000e+04
3.871800000000000000e+04
3.872000000000000000e+04
3.872300000000000000e+04
3.889700000000000000e+04
3.892500000000000000e+04
3.893500000000000000e+04
3.898100000000000000e+04
3.899800000000000000e+04
3.902700000000000000e+04
3.905400000000000000e+04
3.906400000000000000e+04
3.907100000000000000e+04
3.907500000000000000e+04
3.909100000000000000e+04
3.910700000000000000e+04
3.917300000000000000e+04
3.920100000000000000e+04
3.923300000000000000e+04
3.924400000000000000e+04
3.933100000000000000e+04
3.942300000000000000e+04
3.949600000000000000e+04
3.957100000000000000e+04
3.958700000000000000e+04
3.985500000000000000e+04
3.997000000000000000e+04
3.997200000000000000e+04
3.997300000000000000e+04
3.997400000000000000e+04
3.997500000000000000e+04
3.997700000000000000e+04
3.997900000000000000e+04
3.998300000000000000e+04
3.999200000000000000e+04
3.999400000000000000e+04
4.014600000000000000e+04
4.081600000000000000e+04
4.081900000000000000e+04
4.082800000000000000e+04
4.089000000000000000e+04
4.096100000000000000e+04
4.098400000000000000e+04
4.099900000000000000e+04
4.101800000000000000e+04
4.101900000000000000e+04
4.102000000000000000e+04
4.102500000000000000e+04
4.102600000000000000e+04
4.103100000000000000e+04
4.103300000000000000e+04
4.104100000000000000e+04
4.105500000000000000e+04
4.106300000000000000e+04
4.106400000000000000e+04
4.109000000000000000e+04
4.109400000000000000e+04
4.109800000000000000e+04
4.110100000000000000e+04
4.111400000000000000e+04
4.111900000000000000e+04
4.112100000000000000e+04
4.112600000000000000e+04
4.113500000000000000e+04
4.113700000000000000e+04
4.113800000000000000e+04
4.113900000000000000e+04
4.114000000000000000e+04
4.114100000000000000e+04
4.114200000000000000e+04
4.114300000000000000e+04
4.114500000000000000e+04
4.114700000000000000e+04
4.115300000000000000e+04
4.115500000000000000e+04
4.115800000000000000e+04
4.116000000000000000e+04
4.116200000000000000e+04
4.116700000000000000e+04
4.117100000000000000e+04
4.120000000000000000e+04
4.121600000000000000e+04
4.130400000000000000e+04
4.137300000000000000e+04
4.138900000000000000e+04
4.140900000000000000e+04
4.144800000000000000e+04
4.145000000000000000e+04
4.145100000000000000e+04
4.146500000000000000e+04
4.151500000000000000e+04
4.154100000000000000e+04
4.155800000000000000e+04
4.156400000000000000e+04
4.164400000000000000e+04
4.164500000000000000e+04
4.165100000000000000e+04
4.165300000000000000e+04
4.166000000000000000e+04
4.171200000000000000e+04
4.173500000000000000e+04
4.173600000000000000e+04
4.173700000000000000e+04
4.174500000000000000e+04
4.174900000000000000e+04
4.175400000000000000e+04
4.176000000000000000e+04
4.178100000000000000e+04
4.178600000000000000e+04
4.179100000000000000e+04
4.179600000000000000e+04
4.179800000000000000e+04
4.180000000000000000e+04
4.180300000000000000e+04
4.181100000000000000e+04
4.181800000000000000e+04
4.182200000000000000e+04
4.182500000000000000e+04
4.195900000000000000e+04
4.196000000000000000e+04
4.196600000000000000e+04
4.196800000000000000e+04
4.197000000000000000e+04
4.197400000000000000e+04
4.197500000000000000e+04
4.199900000000000000e+04
4.200300000000000000e+04
4.200500000000000000e+04
4.211200000000000000e+04
4.218400000000000000e+04
4.218500000000000000e+04
4.218600000000000000e+04
4.219800000000000000e+04
4.224200000000000000e+04
4.225200000000000000e+04
4.225300000000000000e+04
4.225400000000000000e+04
4.225700000000000000e+04
4.230000000000000000e+04
4.234200000000000000e+04
4.237500000000000000e+04
4.239300000000000000e+04
4.239600000000000000e+04
4.239700000000000000e+04
4.239800000000000000e+04
4.239900000000000000e+04
4.240000000000000000e+04
4.240100000000000000e+04
4.240200000000000000e+04
4.240300000000000000e+04
4.251100000000000000e+04
4.251300000000000000e+04
4.257200000000000000e+04
4.258800000000000000e+04
4.259000000000000000e+04
4.259100000000000000e+04
4.259200000000000000e+04
4.259400000000000000e+04
4.259500000000000000e+04
4.259700000000000000e+04
4.259800000000000000e+04
4.259900000000000000e+04
4.260300000000000000e+04
4.260400000000000000e+04
4.260500000000000000e+04
4.260800000000000000e+04
4.279600000000000000e+04
4.280900000000000000e+04
4.284200000000000000e+04
4.289300000000000000e+04
4.289400000000000000e+04
4.295600000000000000e+04
4.307200000000000000e+04
4.309500000000000000e+04
4.322800000000000000e+04
4.324500000000000000e+04
4.325800000000000000e+04
4.329900000000000000e+04
4.330000000000000000e+04
4.345600000000000000e+04
4.345800000000000000e+04
4.348600000000000000e+04
4.357700000000000000e+04
4.357900000000000000e+04
4.358900000000000000e+04
4.378200000000000000e+04
4.381400000000000000e+04
4.381500000000000000e+04
4.382000000000000000e+04
4.382200000000000000e+04
4.382800000000000000e+04
4.399400000000000000e+04
4.403700000000000000e+04
4.406800000000000000e+04
4.415000000000000000e+04
4.415100000000000000e+04
4.415200000000000000e+04
4.416300000000000000e+04
4.416400000000000000e+04
4.423200000000000000e+04
4.438800000000000000e+04
4.440600000000000000e+04
4.442900000000000000e+04
4.443000000000000000e+04
4.443100000000000000e+04
4.445600000000000000e+04
4.445800000000000000e+04
4.449500000000000000e+04
4.456200000000000000e+04
4.461400000000000000e+04
4.461800000000000000e+04
4.462900000000000000e+04
4.469300000000000000e+04
4.470800000000000000e+04
4.470900000000000000e+04
4.475800000000000000e+04
4.476800000000000000e+04
4.481100000000000000e+04
4.483400000000000000e+04
4.484000000000000000e+04
4.484800000000000000e+04
4.485000000000000000e+04
4.487200000000000000e+04
4.490600000000000000e+04
4.495000000000000000e+04
4.496300000000000000e+04
4.505900000000000000e+04
4.506100000000000000e+04
4.506200000000000000e+04
4.506300000000000000e+04
4.506700000000000000e+04
4.510300000000000000e+04
4.510600000000000000e+04
4.521700000000000000e+04
4.556700000000000000e+04
4.563800000000000000e+04
4.570300000000000000e+04
4.571000000000000000e+04
4.587800000000000000e+04
4.595700000000000000e+04
4.643300000000000000e+04
4.644400000000000000e+04
4.650000000000000000e+04
4.652600000000000000e+04
4.653800000000000000e+04
4.661600000000000000e+04
4.682100000000000000e+04
4.733100000000000000e+04
4.736700000000000000e+04
4.746000000000000000e+04
4.748100000000000000e+04
4.754400000000000000e+04
4.761400000000000000e+04
4.788700000000000000e+04
4.790800000000000000e+04
4.793200000000000000e+04
4.813600000000000000e+04
4.821100000000000000e+04
4.823300000000000000e+04
4.826700000000000000e+04
4.828800000000000000e+04
4.829500000000000000e+04
4.837200000000000000e+04
4.842300000000000000e+04
4.847200000000000000e+04
4.851500000000000000e+04
4.854600000000000000e+04
4.856300000000000000e+04
4.856600000000000000e+04
4.857400000000000000e+04
4.857900000000000000e+04
4.858500000000000000e+04
4.863300000000000000e+04
4.869500000000000000e+04
4.904400000000000000e+04
4.944100000000000000e+04
4.949300000000000000e+04
4.953500000000000000e+04
4.956900000000000000e+04
4.961500000000000000e+04
5.040000000000000000e+04
5.041500000000000000e+04
5.064100000000000000e+04
5.064400000000000000e+04
5.064600000000000000e+04
5.064700000000000000e+04
5.067100000000000000e+04
5.067300000000000000e+04
5.070700000000000000e+04
5.072600000000000000e+04
5.072800000000000000e+04
5.074600000000000000e+04
5.075200000000000000e+04
5.076400000000000000e+04
5.076600000000000000e+04
5.079200000000000000e+04
5.125000000000000000e+04
5.130000000000000000e+04
5.131800000000000000e+04
5.142200000000000000e+04
5.143300000000000000e+04
5.143800000000000000e+04
5.151200000000000000e+04
5.154200000000000000e+04
5.160300000000000000e+04
5.163800000000000000e+04
5.164700000000000000e+04
5.167700000000000000e+04
5.170100000000000000e+04
5.180600000000000000e+04
5.209200000000000000e+04
5.222400000000000000e+04
5.222700000000000000e+04
5.223000000000000000e+04
5.230500000000000000e+04
5.272100000000000000e+04
5.287300000000000000e+04
5.287700000000000000e+04
5.289400000000000000e+04
5.289900000000000000e+04
5.290000000000000000e+04
5.291100000000000000e+04
5.291300000000000000e+04
5.298200000000000000e+04
5.376700000000000000e+04
5.377600000000000000e+04
5.384100000000000000e+04
5.399400000000000000e+04
5.400500000000000000e+04
5.407200000000000000e+04
5.426500000000000000e+04
5.427200000000000000e+04
5.427600000000000000e+04
5.427700000000000000e+04
5.430200000000000000e+04
5.433200000000000000e+04
5.433700000000000000e+04
5.434000000000000000e+04
5.438800000000000000e+04
5.444200000000000000e+04
5.455400000000000000e+04
5.505400000000000000e+04
5.506000000000000000e+04
5.513800000000000000e+04
5.515500000000000000e+04
5.517300000000000000e+04
5.529600000000000000e+04
5.534900000000000000e+04
5.540700000000000000e+04
5.540800000000000000e+04
5.553300000000000000e+04
5.554400000000000000e+04
5.561000000000000000e+04
5.575800000000000000e+04
5.607400000000000000e+04
5.611400000000000000e+04
5.656900000000000000e+04
5.661400000000000000e+04
5.661900000000000000e+04
5.664200000000000000e+04
5.668600000000000000e+04
5.670000000000000000e+04
5.670700000000000000e+04
5.670900000000000000e+04
5.671600000000000000e+04
5.671700000000000000e+04
5.671900000000000000e+04
5.679300000000000000e+04
5.680400000000000000e+04
5.681300000000000000e+04
5.682200000000000000e+04
5.682400000000000000e+04
5.683900000000000000e+04
5.685700000000000000e+04
5.686000000000000000e+04
5.686400000000000000e+04
5.686700000000000000e+04
5.702100000000000000e+04
5.710000000000000000e+04
5.711400000000000000e+04
5.712900000000000000e+04
5.730800000000000000e+04
5.731700000000000000e+04
5.738100000000000000e+04
5.750200000000000000e+04
5.754500000000000000e+04
5.774600000000000000e+04
5.774700000000000000e+04
5.776800000000000000e+04
5.781000000000000000e+04
5.781900000000000000e+04
5.782100000000000000e+04
5.788700000000000000e+04
5.790300000000000000e+04
5.818400000000000000e+04
5.832800000000000000e+04
5.837300000000000000e+04
5.846400000000000000e+04
5.859300000000000000e+04
5.860200000000000000e+04
5.882700000000000000e+04
5.882800000000000000e+04
5.891600000000000000e+04
5.893500000000000000e+04
5.896900000000000000e+04
5.903300000000000000e+04
5.904300000000000000e+04
5.911900000000000000e+04
5.912300000000000000e+04
5.912600000000000000e+04
5.912800000000000000e+04
5.913000000000000000e+04
5.913500000000000000e+04
5.914000000000000000e+04
5.914500000000000000e+04
5.921200000000000000e+04
5.925500000000000000e+04
5.925600000000000000e+04
5.927400000000000000e+04
5.927500000000000000e+04
5.929300000000000000e+04
5.929500000000000000e+04
5.930800000000000000e+04
5.932000000000000000e+04
5.936500000000000000e+04
5.951100000000000000e+04
5.951200000000000000e+04
5.951400000000000000e+04
5.955600000000000000e+04
5.956000000000000000e+04
5.957300000000000000e+04
5.957700000000000000e+04
5.958300000000000000e+04
5.958900000000000000e+04
5.959000000000000000e+04
5.959600000000000000e+04
5.961000000000000000e+04
5.969900000000000000e+04
5.974600000000000000e+04
5.974700000000000000e+04
5.975300000000000000e+04
5.978500000000000000e+04
5.983500000000000000e+04
5.988100000000000000e+04
5.988200000000000000e+04
5.988300000000000000e+04
5.988400000000000000e+04
5.988500000000000000e+04
5.988700000000000000e+04
5.989700000000000000e+04
5.990200000000000000e+04
5.993800000000000000e+04
5.994500000000000000e+04
5.995000000000000000e+04
5.995500000000000000e+04
5.995700000000000000e+04
6.012500000000000000e+04
6.018000000000000000e+04
6.018500000000000000e+04
6.019700000000000000e+04
6.021200000000000000e+04
6.023400000000000000e+04
6.023600000000000000e+04
6.029800000000000000e+04
6.038300000000000000e+04
6.043900000000000000e+04
6.049500000000000000e+04
6.063200000000000000e+04
6.063500000000000000e+04
6.077300000000000000e+04
6.079000000000000000e+04
6.093200000000000000e+04
6.094900000000000000e+04
6.103300000000000000e+04
6.109100000000000000e+04
6.113900000000000000e+04
6.114000000000000000e+04
6.114200000000000000e+04
6.114300000000000000e+04
6.114500000000000000e+04
6.114600000000000000e+04
6.114700000000000000e+04
6.115200000000000000e+04
6.115400000000000000e+04
6.115600000000000000e+04
6.116900000000000000e+04
6.117800000000000000e+04
6.118900000000000000e+04
6.119400000000000000e+04
6.119700000000000000e+04
6.121100000000000000e+04
6.123000000000000000e+04
6.123100000000000000e+04
6.123500000000000000e+04
6.127800000000000000e+04
6.134000000000000000e+04
6.136700000000000000e+04
6.140000000000000000e+04
6.145100000000000000e+04
6.147600000000000000e+04
6.147700000000000000e+04
6.190400000000000000e+04
6.190900000000000000e+04
6.191000000000000000e+04
6.191100000000000000e+04
6.191200000000000000e+04
6.197700000000000000e+04
6.198300000000000000e+04
6.212600000000000000e+04
6.222200000000000000e+04
6.224400000000000000e+04
6.229000000000000000e+04
6.229100000000000000e+04
6.229700000000000000e+04
6.235300000000000000e+04
6.235900000000000000e+04
6.238300000000000000e+04
6.239000000000000000e+04
6.240800000000000000e+04
6.241200000000000000e+04
6.243200000000000000e+04
6.247100000000000000e+04
6.253500000000000000e+04
6.256200000000000000e+04
6.256900000000000000e+04
6.257500000000000000e+04
6.258100000000000000e+04
6.260700000000000000e+04
6.261400000000000000e+04
6.262200000000000000e+04
6.264900000000000000e+04
6.265900000000000000e+04
6.267000000000000000e+04
6.268100000000000000e+04
6.281900000000000000e+04
6.282100000000000000e+04
6.283700000000000000e+04
6.284600000000000000e+04
6.285000000000000000e+04
6.286200000000000000e+04
6.286300000000000000e+04
6.286600000000000000e+04
6.289800000000000000e+04
6.319500000000000000e+04
6.325700000000000000e+04
6.330100000000000000e+04
6.352400000000000000e+04
6.372200000000000000e+04
6.375100000000000000e+04
6.397100000000000000e+04
6.402900000000000000e+04
6.403000000000000000e+04
6.448700000000000000e+04
6.460500000000000000e+04
6.476100000000000000e+04
6.479000000000000000e+04
6.479400000000000000e+04
6.480000000000000000e+04
6.480900000000000000e+04
6.481400000000000000e+04
6.482400000000000000e+04
6.484300000000000000e+04
6.485400000000000000e+04
6.485600000000000000e+04
6.485900000000000000e+04
6.486000000000000000e+04
6.486300000000000000e+04
6.486500000000000000e+04
6.487300000000000000e+04
6.488300000000000000e+04
6.495200000000000000e+04
6.539000000000000000e+04
6.546400000000000000e+04
6.546600000000000000e+04
6.546700000000000000e+04
6.547200000000000000e+04
6.547400000000000000e+04
6.547900000000000000e+04
6.548200000000000000e+04
6.548600000000000000e+04
6.548700000000000000e+04
6.549100000000000000e+04
6.556900000000000000e+04
6.557800000000000000e+04
6.576400000000000000e+04
6.576700000000000000e+04
6.580800000000000000e+04
6.581300000000000000e+04
6.583800000000000000e+04
6.586000000000000000e+04
6.618100000000000000e+04
6.624000000000000000e+04
6.624100000000000000e+04
6.646500000000000000e+04
6.675700000000000000e+04
6.703400000000000000e+04
6.703900000000000000e+04
6.705800000000000000e+04
6.706000000000000000e+04
6.716700000000000000e+04
6.741200000000000000e+04
6.743700000000000000e+04
6.748300000000000000e+04
6.764800000000000000e+04
6.800400000000000000e+04
6.805200000000000000e+04
6.805300000000000000e+04
6.805400000000000000e+04
6.806000000000000000e+04
6.806600000000000000e+04
6.850700000000000000e+04
6.855900000000000000e+04
6.891300000000000000e+04
6.893500000000000000e+04
6.895600000000000000e+04
6.900400000000000000e+04
6.900500000000000000e+04
6.904100000000000000e+04
6.924700000000000000e+04
6.934400000000000000e+04
6.934500000000000000e+04
6.994600000000000000e+04
6.999000000000000000e+04
7.011000000000000000e+04
7.012400000000000000e+04
7.016200000000000000e+04
7.016400000000000000e+04
7.024200000000000000e+04
7.026000000000000000e+04
7.027700000000000000e+04
7.028400000000000000e+04
7.030000000000000000e+04
7.035300000000000000e+04
7.049900000000000000e+04
7.061800000000000000e+04
7.062800000000000000e+04
7.065200000000000000e+04
7.065900000000000000e+04
7.066400000000000000e+04
7.066800000000000000e+04
7.067200000000000000e+04
7.068400000000000000e+04
7.068500000000000000e+04
7.068600000000000000e+04
7.116600000000000000e+04
7.117300000000000000e+04
7.120800000000000000e+04
7.132800000000000000e+04
7.133100000000000000e+04
7.134400000000000000e+04
7.135800000000000000e+04
7.137500000000000000e+04
7.139000000000000000e+04
7.139400000000000000e+04
7.140500000000000000e+04
7.142700000000000000e+04
7.162300000000000000e+04
7.163300000000000000e+04
7.166300000000000000e+04
7.167900000000000000e+04
7.168100000000000000e+04
7.168900000000000000e+04
7.169500000000000000e+04
7.172700000000000000e+04
7.173100000000000000e+04
7.174000000000000000e+04
7.215900000000000000e+04
7.219700000000000000e+04
7.227200000000000000e+04
7.235900000000000000e+04
7.238300000000000000e+04
7.247900000000000000e+04
7.251100000000000000e+04
7.251200000000000000e+04
7.255300000000000000e+04
7.258900000000000000e+04
7.261500000000000000e+04
7.264800000000000000e+04
7.272000000000000000e+04
7.272100000000000000e+04
7.272200000000000000e+04
7.272300000000000000e+04
7.276600000000000000e+04
7.276700000000000000e+04
7.276900000000000000e+04
7.279900000000000000e+04
7.280000000000000000e+04
7.280200000000000000e+04
7.280300000000000000e+04
7.280700000000000000e+04
7.283400000000000000e+04
7.284200000000000000e+04
7.286400000000000000e+04
7.319300000000000000e+04
7.322000000000000000e+04
7.322200000000000000e+04
7.322300000000000000e+04
7.322700000000000000e+04
7.326500000000000000e+04
7.326600000000000000e+04
7.326700000000000000e+04
7.326900000000000000e+04
7.327000000000000000e+04
7.327100000000000000e+04
7.329900000000000000e+04
7.330900000000000000e+04
7.331000000000000000e+04
7.335600000000000000e+04
7.336000000000000000e+04
7.355600000000000000e+04
7.358700000000000000e+04
7.383300000000000000e+04
7.383400000000000000e+04
7.387400000000000000e+04
7.396900000000000000e+04
7.398100000000000000e+04
7.398200000000000000e+04
7.398400000000000000e+04
7.398500000000000000e+04
7.398600000000000000e+04
7.398700000000000000e+04
7.398900000000000000e+04
7.399000000000000000e+04
7.407100000000000000e+04
7.412400000000000000e+04
7.422800000000000000e+04
7.428600000000000000e+04
7.428900000000000000e+04
7.431900000000000000e+04
7.443800000000000000e+04
7.443900000000000000e+04
7.444000000000000000e+04
7.444100000000000000e+04
7.444200000000000000e+04
7.444300000000000000e+04
7.444400000000000000e+04
7.444500000000000000e+04
7.444600000000000000e+04
7.444700000000000000e+04
7.455700000000000000e+04
7.456600000000000000e+04
7.463200000000000000e+04
7.463800000000000000e+04
7.463900000000000000e+04
7.464100000000000000e+04
7.464400000000000000e+04
7.464500000000000000e+04
7.464700000000000000e+04
7.464800000000000000e+04
7.465700000000000000e+04
7.466100000000000000e+04
7.472500000000000000e+04
7.476100000000000000e+04
7.481700000000000000e+04
7.483000000000000000e+04
7.483200000000000000e+04
7.485300000000000000e+04
7.485400000000000000e+04
7.485500000000000000e+04
7.485600000000000000e+04
7.485700000000000000e+04
7.501200000000000000e+04
7.511200000000000000e+04
7.511700000000000000e+04
7.521500000000000000e+04
7.521800000000000000e+04
7.524600000000000000e+04
7.533600000000000000e+04
7.544200000000000000e+04
7.544400000000000000e+04
7.553700000000000000e+04
7.553800000000000000e+04
7.553900000000000000e+04
7.554100000000000000e+04
7.560900000000000000e+04
7.561600000000000000e+04
7.562100000000000000e+04
7.574400000000000000e+04
7.579700000000000000e+04
7.595500000000000000e+04
7.596000000000000000e+04
7.596300000000000000e+04
7.597700000000000000e+04
7.623400000000000000e+04
7.651600000000000000e+04
7.660200000000000000e+04
7.666400000000000000e+04
