1.240000000000000000e+02
1.570000000000000000e+02
1.680000000000000000e+02
1.760000000000000000e+02
1.790000000000000000e+02
2.640000000000000000e+02
2.680000000000000000e+02
2.700000000000000000e+02
4.710000000000000000e+02
5.100000000000000000e+02
5.110000000000000000e+02
5.290000000000000000e+02
5.310000000000000000e+02
5.400000000000000000e+02
5.550000000000000000e+02
6.080000000000000000e+02
6.290000000000000000e+02
6.470000000000000000e+02
8.370000000000000000e+02
8.540000000000000000e+02
8.560000000000000000e+02
8.790000000000000000e+02
1.036000000000000000e+03
1.237000000000000000e+03
1.245000000000000000e+03
1.276000000000000000e+03
1.300000000000000000e+03
1.344000000000000000e+03
1.509000000000000000e+03
1.517000000000000000e+03
1.628000000000000000e+03
1.727000000000000000e+03
1.869000000000000000e+03
1.888000000000000000e+03
1.923000000000000000e+03
1.934000000000000000e+03
1.948000000000000000e+03
1.951000000000000000e+03
1.975000000000000000e+03
1.982000000000000000e+03
2.016000000000000000e+03
2.018000000000000000e+03
2.020000000000000000e+03
2.024000000000000000e+03
2.035000000000000000e+03
2.041000000000000000e+03
2.163000000000000000e+03
2.214000000000000000e+03
2.258000000000000000e+03
2.292000000000000000e+03
2.297000000000000000e+03
2.313000000000000000e+03
2.334000000000000000e+03
2.391000000000000000e+03
2.418000000000000000e+03
2.448000000000000000e+03
2.449000000000000000e+03
2.472000000000000000e+03
2.473000000000000000e+03
2.478000000000000000e+03
2.592000000000000000e+03
2.626000000000000000e+03
2.667000000000000000e+03
2.727000000000000000e+03
2.737000000000000000e+03
2.799000000000000000e+03
3.954000000000000000e+03
4.218000000000000000e+03
4.573000000000000000e+03
4.582000000000000000e+03
4.586000000000000000e+03
4.597000000000000000e+03
4.620000000000000000e+03
4.622000000000000000e+03
4.628000000000000000e+03
4.670000000000000000e+03
4.675000000000000000e+03
4.695000000000000000e+03
4.726000000000000000e+03
4.761000000000000000e+03
4.919000000000000000e+03
4.925000000000000000e+03
4.956000000000000000e+03
4.957000000000000000e+03
4.958000000000000000e+03
4.959000000000000000e+03
4.960000000000000000e+03
4.961000000000000000e+03
4.965000000000000000e+03
4.966000000000000000e+03
4.967000000000000000e+03
4.968000000000000000e+03
4.971000000000000000e+03
4.972000000000000000e+03
4.975000000000000000e+03
4.976000000000000000e+03
4.977000000000000000e+03
4.978000000000000000e+03
4.979000000000000000e+03
4.980000000000000000e+03
4.981000000000000000e+03
4.982000000000000000e+03
4.983000000000000000e+03
4.984000000000000000e+03
4.985000000000000000e+03
4.988000000000000000e+03
4.991000000000000000e+03
4.992000000000000000e+03
5.004000000000000000e+03
5.007000000000000000e+03
5.080000000000000000e+03
5.093000000000000000e+03
5.400000000000000000e+03
5.402000000000000000e+03
5.411000000000000000e+03
5.423000000000000000e+03
5.442000000000000000e+03
5.463000000000000000e+03
5.483000000000000000e+03
5.489000000000000000e+03
5.490000000000000000e+03
5.493000000000000000e+03
5.515000000000000000e+03
5.537000000000000000e+03
5.539000000000000000e+03
5.549000000000000000e+03
5.550000000000000000e+03
5.565000000000000000e+03
5.576000000000000000e+03
5.866000000000000000e+03
5.932000000000000000e+03
5.954000000000000000e+03
5.988000000000000000e+03
6.179000000000000000e+03
6.216000000000000000e+03
6.670000000000000000e+03
6.901000000000000000e+03
6.912000000000000000e+03
6.913000000000000000e+03
6.921000000000000000e+03
6.972000000000000000e+03
6.984000000000000000e+03
6.996000000000000000e+03
7.029000000000000000e+03
7.081000000000000000e+03
7.084000000000000000e+03
7.089000000000000000e+03
7.117000000000000000e+03
7.153000000000000000e+03
7.170000000000000000e+03
7.260000000000000000e+03
7.312000000000000000e+03
7.446000000000000000e+03
7.460000000000000000e+03
7.493000000000000000e+03
7.510000000000000000e+03
7.576000000000000000e+03
7.591000000000000000e+03
7.595000000000000000e+03
7.605000000000000000e+03
7.650000000000000000e+03
7.651000000000000000e+03
7.683000000000000000e+03
7.749000000000000000e+03
7.751000000000000000e+03
7.763000000000000000e+03
7.769000000000000000e+03
7.790000000000000000e+03
7.987000000000000000e+03
8.045000000000000000e+03
8.094000000000000000e+03
8.310000000000000000e+03
8.316000000000000000e+03
8.318000000000000000e+03
8.320000000000000000e+03
8.486000000000000000e+03
8.494000000000000000e+03
8.518000000000000000e+03
8.586000000000000000e+03
8.587000000000000000e+03
9.147000000000000000e+03
9.157000000000000000e+03
9.204000000000000000e+03
9.213000000000000000e+03
9.232000000000000000e+03
9.250000000000000000e+03
9.672000000000000000e+03
9.684000000000000000e+03
9.724000000000000000e+03
9.727000000000000000e+03
9.731000000000000000e+03
9.732000000000000000e+03
9.749000000000000000e+03
9.758000000000000000e+03
9.850000000000000000e+03
9.872000000000000000e+03
1.000700000000000000e+04
1.000900000000000000e+04
1.003100000000000000e+04
1.003400000000000000e+04
1.022400000000000000e+04
1.023000000000000000e+04
1.023900000000000000e+04
1.024300000000000000e+04
1.041500000000000000e+04
1.043600000000000000e+04
1.045800000000000000e+04
1.058700000000000000e+04
1.073400000000000000e+04
1.074300000000000000e+04
1.074700000000000000e+04
1.075000000000000000e+04
1.075500000000000000e+04
1.092100000000000000e+04
1.092400000000000000e+04
1.092800000000000000e+04
1.094100000000000000e+04
1.097300000000000000e+04
1.120600000000000000e+04
1.127800000000000000e+04
1.129300000000000000e+04
1.176800000000000000e+04
1.199000000000000000e+04
1.205800000000000000e+04
1.208000000000000000e+04
1.208200000000000000e+04
1.210200000000000000e+04
1.227600000000000000e+04
1.230100000000000000e+04
1.235700000000000000e+04
1.237600000000000000e+04
1.250200000000000000e+04
1.264300000000000000e+04
1.269000000000000000e+04
1.282000000000000000e+04
1.285900000000000000e+04
1.286700000000000000e+04
1.290100000000000000e+04
1.298500000000000000e+04
1.312400000000000000e+04
1.353800000000000000e+04
1.363800000000000000e+04
1.410700000000000000e+04
1.423200000000000000e+04
1.431800000000000000e+04
1.504900000000000000e+04
1.505800000000000000e+04
1.506400000000000000e+04
1.508800000000000000e+04
1.509700000000000000e+04
1.516200000000000000e+04
1.516600000000000000e+04
1.516700000000000000e+04
1.530500000000000000e+04
1.542200000000000000e+04
1.545400000000000000e+04
1.546000000000000000e+04
1.548300000000000000e+04
1.549100000000000000e+04
1.555000000000000000e+04
1.555500000000000000e+04
1.563500000000000000e+04
1.565900000000000000e+04
1.570800000000000000e+04
1.579600000000000000e+04
1.591900000000000000e+04
1.596000000000000000e+04
1.598200000000000000e+04
1.600300000000000000e+04
1.601300000000000000e+04
1.606400000000000000e+04
1.613100000000000000e+04
1.614300000000000000e+04
1.615100000000000000e+04
1.615600000000000000e+04
1.616000000000000000e+04
1.617600000000000000e+04
1.623400000000000000e+04
1.624400000000000000e+04
1.624900000000000000e+04
1.626400000000000000e+04
1.632800000000000000e+04
1.635100000000000000e+04
1.639900000000000000e+04
1.641200000000000000e+04
1.643000000000000000e+04
1.648400000000000000e+04
1.653800000000000000e+04
1.669500000000000000e+04
1.685400000000000000e+04
1.685500000000000000e+04
1.697200000000000000e+04
1.698800000000000000e+04
1.717500000000000000e+04
1.718100000000000000e+04
1.718900000000000000e+04
1.723100000000000000e+04
1.725800000000000000e+04
1.726700000000000000e+04
1.727700000000000000e+04
1.730600000000000000e+04
1.738500000000000000e+04
1.739100000000000000e+04
1.744700000000000000e+04
1.746000000000000000e+04
1.748100000000000000e+04
1.758000000000000000e+04
1.758400000000000000e+04
1.768100000000000000e+04
1.768900000000000000e+04
1.772800000000000000e+04
1.782900000000000000e+04
1.791900000000000000e+04
1.792000000000000000e+04
1.792200000000000000e+04
1.809200000000000000e+04
1.812000000000000000e+04
1.812500000000000000e+04
1.813100000000000000e+04
1.833400000000000000e+04
1.877300000000000000e+04
1.895400000000000000e+04
1.897600000000000000e+04
1.901100000000000000e+04
1.905600000000000000e+04
1.910700000000000000e+04
1.990600000000000000e+04
2.010900000000000000e+04
2.011600000000000000e+04
2.020400000000000000e+04
2.040400000000000000e+04
2.040500000000000000e+04
2.041900000000000000e+04
2.044000000000000000e+04
2.046000000000000000e+04
2.054800000000000000e+04
2.057900000000000000e+04
2.061600000000000000e+04
2.084400000000000000e+04
2.087800000000000000e+04
2.100200000000000000e+04
2.105300000000000000e+04
2.107000000000000000e+04
2.110000000000000000e+04
2.111500000000000000e+04
2.111800000000000000e+04
2.112100000000000000e+04
2.123600000000000000e+04
2.136500000000000000e+04
2.144400000000000000e+04
2.144800000000000000e+04
2.149300000000000000e+04
2.155500000000000000e+04
2.159800000000000000e+04
2.163300000000000000e+04
2.167200000000000000e+04
2.174200000000000000e+04
2.175800000000000000e+04
2.178100000000000000e+04
2.183000000000000000e+04
2.220300000000000000e+04
2.226000000000000000e+04
2.232400000000000000e+04
2.241100000000000000e+04
2.241400000000000000e+04
2.251900000000000000e+04
2.252400000000000000e+04
2.254400000000000000e+04
2.266900000000000000e+04
2.272400000000000000e+04
2.286200000000000000e+04
2.287300000000000000e+04
2.291500000000000000e+04
2.291700000000000000e+04
2.292500000000000000e+04
2.293200000000000000e+04
2.307800000000000000e+04
2.309100000000000000e+04
2.316700000000000000e+04
2.318000000000000000e+04
2.319300000000000000e+04
2.320300000000000000e+04
2.325000000000000000e+04
2.325400000000000000e+04
2.325800000000000000e+04
2.326600000000000000e+04
2.326700000000000000e+04
2.328900000000000000e+04
2.330900000000000000e+04
2.331300000000000000e+04
2.331400000000000000e+04
2.335500000000000000e+04
2.337400000000000000e+04
2.372700000000000000e+04
2.393400000000000000e+04
2.394400000000000000e+04
2.401100000000000000e+04
2.403300000000000000e+04
2.410900000000000000e+04
2.414900000000000000e+04
2.433000000000000000e+04
2.437500000000000000e+04
2.437900000000000000e+04
2.443400000000000000e+04
2.451400000000000000e+04
2.459000000000000000e+04
2.465200000000000000e+04
2.465800000000000000e+04
2.466500000000000000e+04
2.466800000000000000e+04
2.467400000000000000e+04
2.473200000000000000e+04
2.473300000000000000e+04
2.474500000000000000e+04
2.477200000000000000e+04
2.488700000000000000e+04
2.493300000000000000e+04
2.494100000000000000e+04
2.495600000000000000e+04
2.501200000000000000e+04
2.502500000000000000e+04
2.508700000000000000e+04
2.532300000000000000e+04
2.534300000000000000e+04
2.534600000000000000e+04
2.539000000000000000e+04
2.539500000000000000e+04
2.542100000000000000e+04
2.543300000000000000e+04
2.553200000000000000e+04
2.561900000000000000e+04
2.570600000000000000e+04
2.577500000000000000e+04
2.585400000000000000e+04
2.586000000000000000e+04
2.587200000000000000e+04
2.587400000000000000e+04
2.606500000000000000e+04
2.607400000000000000e+04
2.619700000000000000e+04
2.623500000000000000e+04
2.625500000000000000e+04
2.628200000000000000e+04
2.647600000000000000e+04
2.648900000000000000e+04
2.680400000000000000e+04
2.683000000000000000e+04
2.684100000000000000e+04
2.688700000000000000e+04
2.689400000000000000e+04
2.690200000000000000e+04
2.692300000000000000e+04
2.692500000000000000e+04
2.694400000000000000e+04
2.695000000000000000e+04
2.698200000000000000e+04
2.699000000000000000e+04
2.699100000000000000e+04
2.699600000000000000e+04
2.700600000000000000e+04
2.701300000000000000e+04
2.714400000000000000e+04
2.715600000000000000e+04
2.716200000000000000e+04
2.716800000000000000e+04
2.726900000000000000e+04
2.728400000000000000e+04
2.730500000000000000e+04
2.731500000000000000e+04
2.732100000000000000e+04
2.733900000000000000e+04
2.734200000000000000e+04
2.740800000000000000e+04
2.741300000000000000e+04
2.742200000000000000e+04
2.746700000000000000e+04
2.751800000000000000e+04
2.760600000000000000e+04
2.812500000000000000e+04
2.820800000000000000e+04
2.822400000000000000e+04
2.822600000000000000e+04
2.823600000000000000e+04
2.826600000000000000e+04
2.829900000000000000e+04
2.830600000000000000e+04
2.835200000000000000e+04
2.835300000000000000e+04
2.835500000000000000e+04
2.852300000000000000e+04
2.857100000000000000e+04
2.884800000000000000e+04
2.894300000000000000e+04
2.900100000000000000e+04
2.901500000000000000e+04
2.914000000000000000e+04
2.914200000000000000e+04
2.915500000000000000e+04
2.916200000000000000e+04
2.918600000000000000e+04
2.934800000000000000e+04
2.937200000000000000e+04
2.937600000000000000e+04
2.938000000000000000e+04
2.940100000000000000e+04
2.947500000000000000e+04
2.949400000000000000e+04
2.977100000000000000e+04
2.984800000000000000e+04
2.989200000000000000e+04
3.019600000000000000e+04
3.020800000000000000e+04
3.028800000000000000e+04
3.029800000000000000e+04
3.034300000000000000e+04
3.035300000000000000e+04
3.037600000000000000e+04
3.056600000000000000e+04
3.059400000000000000e+04
3.064100000000000000e+04
3.077200000000000000e+04
3.082800000000000000e+04
3.083300000000000000e+04
3.088300000000000000e+04
3.139600000000000000e+04
3.166400000000000000e+04
3.171800000000000000e+04
3.174900000000000000e+04
3.181200000000000000e+04
3.183400000000000000e+04
3.189600000000000000e+04
3.229300000000000000e+04
3.239400000000000000e+04
3.279000000000000000e+04
3.282600000000000000e+04
3.284400000000000000e+04
3.285100000000000000e+04
3.288100000000000000e+04
3.310400000000000000e+04
3.319700000000000000e+04
3.331400000000000000e+04
3.334700000000000000e+04
3.347000000000000000e+04
3.352800000000000000e+04
3.364000000000000000e+04
3.370400000000000000e+04
3.381600000000000000e+04
3.403300000000000000e+04
3.403400000000000000e+04
3.403500000000000000e+04
3.403600000000000000e+04
3.403800000000000000e+04
3.404100000000000000e+04
3.405400000000000000e+04
3.405500000000000000e+04
3.405600000000000000e+04
3.405800000000000000e+04
3.406700000000000000e+04
3.408400000000000000e+04
3.413900000000000000e+04
3.414200000000000000e+04
3.414300000000000000e+04
3.414400000000000000e+04
3.414800000000000000e+04
3.415100000000000000e+04
3.415300000000000000e+04
3.415900000000000000e+04
3.417500000000000000e+04
3.417700000000000000e+04
3.418000000000000000e+04
3.450100000000000000e+04
3.450600000000000000e+04
3.451100000000000000e+04
3.453700000000000000e+04
3.453800000000000000e+04
3.454400000000000000e+04
3.454500000000000000e+04
3.461400000000000000e+04
3.461900000000000000e+04
3.462600000000000000e+04
3.470800000000000000e+04
3.471000000000000000e+04
3.472100000000000000e+04
3.478300000000000000e+04
3.482400000000000000e+04
3.490700000000000000e+04
3.493200000000000000e+04
3.493500000000000000e+04
3.532200000000000000e+04
3.532400000000000000e+04
3.532600000000000000e+04
3.534600000000000000e+04
3.535000000000000000e+04
3.535100000000000000e+04
3.535200000000000000e+04
3.536300000000000000e+04
3.560000000000000000e+04
3.562800000000000000e+04
3.563500000000000000e+04
3.571300000000000000e+04
3.599000000000000000e+04
3.625400000000000000e+04
3.625600000000000000e+04
3.640600000000000000e+04
3.649200000000000000e+04
3.664500000000000000e+04
3.666900000000000000e+04
3.667100000000000000e+04
3.667200000000000000e+04
3.668300000000000000e+04
3.668400000000000000e+04
3.668500000000000000e+04
3.670400000000000000e+04
3.671100000000000000e+04
3.671300000000000000e+04
3.672600000000000000e+04
3.677800000000000000e+04
3.678700000000000000e+04
3.683100000000000000e+04
3.690200000000000000e+04
3.690800000000000000e+04
3.691900000000000000e+04
3.696300000000000000e+04
3.700800000000000000e+04
3.705600000000000000e+04
3.727000000000000000e+04
3.728400000000000000e+04
3.753700000000000000e+04
3.761000000000000000e+04
3.784700000000000000e+04
3.785100000000000000e+04
3.796100000000000000e+04
3.797700000000000000e+04
3.800200000000000000e+04
3.807100000000000000e+04
3.813100000000000000e+04
3.822000000000000000e+04
3.825300000000000000e+04
3.826200000000000000e+04
3.827100000000000000e+04
3.827300000000000000e+04
3.828300000000000000e+04
3.831600000000000000e+04
3.832700000000000000e+04
3.832900000000000000e+04
3.833800000000000000e+04
3.834800000000000000e+04
3.837900000000000000e+04
3.838000000000000000e+04
3.839300000000000000e+04
3.839900000000000000e+04
3.862500000000000000e+04
3.862700000000000000e+04
3.862800000000000000e+04
3.863100000000000000e+04
3.867500000000000000e+04
3.874300000000000000e+04
3.897400000000000000e+04
3.912800000000000000e+04
3.932400000000000000e+04
3.933400000000000000e+04
3.937500000000000000e+04
3.938500000000000000e+04
3.945000000000000000e+04
3.953900000000000000e+04
3.959000000000000000e+04
3.977100000000000000e+04
3.977500000000000000e+04
3.978600000000000000e+04
3.979100000000000000e+04
3.980400000000000000e+04
3.982900000000000000e+04
3.988000000000000000e+04
3.988100000000000000e+04
3.988200000000000000e+04
3.988300000000000000e+04
3.993300000000000000e+04
3.996900000000000000e+04
3.997100000000000000e+04
3.997800000000000000e+04
3.998000000000000000e+04
3.998600000000000000e+04
3.998800000000000000e+04
4.000200000000000000e+04
4.002800000000000000e+04
4.002900000000000000e+04
4.003000000000000000e+04
4.003200000000000000e+04
4.003300000000000000e+04
4.003400000000000000e+04
4.003500000000000000e+04
4.003600000000000000e+04
4.003700000000000000e+04
4.003800000000000000e+04
4.003900000000000000e+04
4.004000000000000000e+04
4.004100000000000000e+04
4.004200000000000000e+04
4.004300000000000000e+04
4.004400000000000000e+04
4.004500000000000000e+04
4.037400000000000000e+04
4.055900000000000000e+04
4.056000000000000000e+04
4.056200000000000000e+04
4.056500000000000000e+04
4.056700000000000000e+04
4.056900000000000000e+04
4.103400000000000000e+04
4.104400000000000000e+04
4.104900000000000000e+04
4.105100000000000000e+04
4.105300000000000000e+04
4.105600000000000000e+04
4.105800000000000000e+04
4.106000000000000000e+04
4.109700000000000000e+04
4.110600000000000000e+04
4.112400000000000000e+04
4.114600000000000000e+04
4.116500000000000000e+04
4.120200000000000000e+04
4.122900000000000000e+04
4.124600000000000000e+04
4.136800000000000000e+04
4.140400000000000000e+04
4.150400000000000000e+04
4.174800000000000000e+04
4.175700000000000000e+04
4.175900000000000000e+04
4.176200000000000000e+04
4.176300000000000000e+04
4.177100000000000000e+04
4.177400000000000000e+04
4.177900000000000000e+04
4.178200000000000000e+04
4.178300000000000000e+04
4.179000000000000000e+04
4.180700000000000000e+04
4.183200000000000000e+04
4.183300000000000000e+04
4.195800000000000000e+04
4.196100000000000000e+04
4.196200000000000000e+04
4.196300000000000000e+04
4.196700000000000000e+04
4.196900000000000000e+04
4.197100000000000000e+04
4.197700000000000000e+04
4.197800000000000000e+04
4.197900000000000000e+04
4.198100000000000000e+04
4.198200000000000000e+04
4.198300000000000000e+04
4.198400000000000000e+04
4.198600000000000000e+04
4.198800000000000000e+04
4.198900000000000000e+04
4.199000000000000000e+04
4.199400000000000000e+04
4.199500000000000000e+04
4.199800000000000000e+04
4.200000000000000000e+04
4.200100000000000000e+04
4.200400000000000000e+04
4.200600000000000000e+04
4.200700000000000000e+04
4.200900000000000000e+04
4.201000000000000000e+04
4.201100000000000000e+04
4.201200000000000000e+04
4.201400000000000000e+04
4.201500000000000000e+04
4.201600000000000000e+04
4.201700000000000000e+04
4.201800000000000000e+04
4.202000000000000000e+04
4.202200000000000000e+04
4.202300000000000000e+04
4.202400000000000000e+04
4.209100000000000000e+04
4.223700000000000000e+04
4.227700000000000000e+04
4.233600000000000000e+04
4.241200000000000000e+04
4.249800000000000000e+04
4.250000000000000000e+04
4.250100000000000000e+04
4.250200000000000000e+04
4.250300000000000000e+04
4.250400000000000000e+04
4.250700000000000000e+04
4.250800000000000000e+04
4.251200000000000000e+04
4.251900000000000000e+04
4.268300000000000000e+04
4.268400000000000000e+04
4.270400000000000000e+04
4.277700000000000000e+04
4.277800000000000000e+04
4.277900000000000000e+04
4.278000000000000000e+04
4.285200000000000000e+04
4.285300000000000000e+04
4.286500000000000000e+04
4.295000000000000000e+04
4.295100000000000000e+04
4.295200000000000000e+04
4.295300000000000000e+04
4.295400000000000000e+04
4.295500000000000000e+04
4.296000000000000000e+04
4.310700000000000000e+04
4.313900000000000000e+04
4.321100000000000000e+04
4.337900000000000000e+04
4.339300000000000000e+04
4.342200000000000000e+04
4.342300000000000000e+04
4.371900000000000000e+04
4.377500000000000000e+04
4.384700000000000000e+04
4.385000000000000000e+04
4.385900000000000000e+04
4.386000000000000000e+04
4.387000000000000000e+04
4.387300000000000000e+04
4.392700000000000000e+04
4.404500000000000000e+04
4.411400000000000000e+04
4.411500000000000000e+04
4.411600000000000000e+04
4.411700000000000000e+04
4.411800000000000000e+04
4.411900000000000000e+04
4.412100000000000000e+04
4.412300000000000000e+04
4.417700000000000000e+04
4.418900000000000000e+04
4.445500000000000000e+04
4.477000000000000000e+04
4.477100000000000000e+04
4.477300000000000000e+04
4.477500000000000000e+04
4.480500000000000000e+04
4.480700000000000000e+04
4.480800000000000000e+04
4.481000000000000000e+04
4.481200000000000000e+04
4.481400000000000000e+04
4.503400000000000000e+04
4.509900000000000000e+04
4.511800000000000000e+04
4.544500000000000000e+04
4.568600000000000000e+04
4.571600000000000000e+04
4.572000000000000000e+04
4.580300000000000000e+04
4.590700000000000000e+04
4.593100000000000000e+04
4.593400000000000000e+04
4.594100000000000000e+04
4.594400000000000000e+04
4.595800000000000000e+04
4.598300000000000000e+04
4.615700000000000000e+04
4.635000000000000000e+04
4.660900000000000000e+04
4.665400000000000000e+04
4.668800000000000000e+04
4.669100000000000000e+04
4.675800000000000000e+04
4.685700000000000000e+04
4.688000000000000000e+04
4.688600000000000000e+04
4.689200000000000000e+04
4.696200000000000000e+04
4.703600000000000000e+04
4.720600000000000000e+04
4.723600000000000000e+04
4.727400000000000000e+04
4.727700000000000000e+04
4.730200000000000000e+04
4.731400000000000000e+04
4.738200000000000000e+04
4.749800000000000000e+04
4.755900000000000000e+04
4.770800000000000000e+04
4.777500000000000000e+04
4.794900000000000000e+04
4.797200000000000000e+04
4.840500000000000000e+04
4.840800000000000000e+04
4.841000000000000000e+04
4.842800000000000000e+04
4.843600000000000000e+04
4.843900000000000000e+04
4.844000000000000000e+04
4.844100000000000000e+04
4.844200000000000000e+04
4.847300000000000000e+04
4.847900000000000000e+04
4.849000000000000000e+04
4.854200000000000000e+04
4.865400000000000000e+04
4.867600000000000000e+04
4.871800000000000000e+04
4.893400000000000000e+04
4.911900000000000000e+04
4.912500000000000000e+04
4.934400000000000000e+04
4.953700000000000000e+04
4.991300000000000000e+04
4.992600000000000000e+04
4.993200000000000000e+04
4.993400000000000000e+04
4.994100000000000000e+04
4.994200000000000000e+04
4.997100000000000000e+04
5.001300000000000000e+04
5.001800000000000000e+04
5.003300000000000000e+04
5.006600000000000000e+04
5.015300000000000000e+04
5.042700000000000000e+04
5.044700000000000000e+04
5.045600000000000000e+04
5.046800000000000000e+04
5.046900000000000000e+04
5.048900000000000000e+04
5.049400000000000000e+04
5.049700000000000000e+04
5.068700000000000000e+04
5.070000000000000000e+04
5.070100000000000000e+04
5.070400000000000000e+04
5.072200000000000000e+04
5.114800000000000000e+04
5.124700000000000000e+04
5.125200000000000000e+04
5.134800000000000000e+04
5.140600000000000000e+04
5.141300000000000000e+04
5.219800000000000000e+04
5.220600000000000000e+04
5.222300000000000000e+04
5.236500000000000000e+04
5.239800000000000000e+04
5.271300000000000000e+04
5.278300000000000000e+04
5.281300000000000000e+04
5.283000000000000000e+04
5.284700000000000000e+04
5.294200000000000000e+04
5.371400000000000000e+04
5.386000000000000000e+04
5.416800000000000000e+04
5.439200000000000000e+04
5.445600000000000000e+04
5.468500000000000000e+04
5.470300000000000000e+04
5.476600000000000000e+04
5.488500000000000000e+04
5.499300000000000000e+04
5.517700000000000000e+04
5.529100000000000000e+04
5.538300000000000000e+04
5.539000000000000000e+04
5.541000000000000000e+04
5.544000000000000000e+04
5.559700000000000000e+04
5.570700000000000000e+04
5.585300000000000000e+04
5.586800000000000000e+04
5.595000000000000000e+04
5.602400000000000000e+04
5.606800000000000000e+04
5.622300000000000000e+04
5.623500000000000000e+04
5.627200000000000000e+04
5.655600000000000000e+04
5.655900000000000000e+04
5.657100000000000000e+04
5.657800000000000000e+04
5.658100000000000000e+04
5.658200000000000000e+04
5.658300000000000000e+04
5.658400000000000000e+04
5.659000000000000000e+04
5.659100000000000000e+04
5.660300000000000000e+04
5.660900000000000000e+04
5.665300000000000000e+04
5.665400000000000000e+04
5.665800000000000000e+04
5.665900000000000000e+04
5.666100000000000000e+04
5.666300000000000000e+04
5.666400000000000000e+04
5.666700000000000000e+04
5.667600000000000000e+04
5.668100000000000000e+04
5.668200000000000000e+04
5.668300000000000000e+04
5.671400000000000000e+04
5.684700000000000000e+04
5.684900000000000000e+04
5.686100000000000000e+04
5.686200000000000000e+04
5.689100000000000000e+04
5.713200000000000000e+04
5.715800000000000000e+04
5.718600000000000000e+04
5.718700000000000000e+04
5.723900000000000000e+04
5.729800000000000000e+04
5.738900000000000000e+04
5.740500000000000000e+04
5.741000000000000000e+04
5.756000000000000000e+04
5.756400000000000000e+04
5.757700000000000000e+04
5.758500000000000000e+04
5.769100000000000000e+04
5.775700000000000000e+04
5.783800000000000000e+04
5.784500000000000000e+04
5.786100000000000000e+04
5.787000000000000000e+04
5.802700000000000000e+04
5.837100000000000000e+04
5.839200000000000000e+04
5.839800000000000000e+04
5.843800000000000000e+04
5.849800000000000000e+04
5.863100000000000000e+04
5.870700000000000000e+04
5.881200000000000000e+04
5.881800000000000000e+04
5.883100000000000000e+04
5.884000000000000000e+04
5.887100000000000000e+04
5.891300000000000000e+04
5.892200000000000000e+04
5.895000000000000000e+04
5.895100000000000000e+04
5.901500000000000000e+04
5.913900000000000000e+04
5.915200000000000000e+04
5.916500000000000000e+04
5.917000000000000000e+04
5.919000000000000000e+04
5.919100000000000000e+04
5.919600000000000000e+04
5.920200000000000000e+04
5.959900000000000000e+04
5.974900000000000000e+04
5.979700000000000000e+04
5.982400000000000000e+04
5.983300000000000000e+04
5.992800000000000000e+04
5.995400000000000000e+04
6.013900000000000000e+04
6.014000000000000000e+04
6.014100000000000000e+04
6.014200000000000000e+04
6.014400000000000000e+04
6.014500000000000000e+04
6.014600000000000000e+04
6.014700000000000000e+04
6.014800000000000000e+04
6.014900000000000000e+04
6.015000000000000000e+04
6.015100000000000000e+04
6.015200000000000000e+04
6.015300000000000000e+04
6.015400000000000000e+04
6.015600000000000000e+04
6.015700000000000000e+04
6.015800000000000000e+04
6.015900000000000000e+04
6.016000000000000000e+04
6.016200000000000000e+04
6.016300000000000000e+04
6.016400000000000000e+04
6.016500000000000000e+04
6.016600000000000000e+04
6.016700000000000000e+04
6.016800000000000000e+04
6.016900000000000000e+04
6.017100000000000000e+04
6.017400000000000000e+04
6.017500000000000000e+04
6.017600000000000000e+04
6.017700000000000000e+04
6.018100000000000000e+04
6.018200000000000000e+04
6.018300000000000000e+04
6.018400000000000000e+04
6.018600000000000000e+04
6.018700000000000000e+04
6.018800000000000000e+04
6.018900000000000000e+04
6.019000000000000000e+04
6.019100000000000000e+04
6.019200000000000000e+04
6.019300000000000000e+04
6.019600000000000000e+04
6.039700000000000000e+04
6.043300000000000000e+04
6.069800000000000000e+04
6.070100000000000000e+04
6.070800000000000000e+04
6.070900000000000000e+04
6.086400000000000000e+04
6.094500000000000000e+04
6.094800000000000000e+04
6.108500000000000000e+04
6.109400000000000000e+04
6.127200000000000000e+04
6.127300000000000000e+04
6.134200000000000000e+04
6.136200000000000000e+04
6.140100000000000000e+04
6.145300000000000000e+04
6.147900000000000000e+04
6.155600000000000000e+04
6.156800000000000000e+04
6.166200000000000000e+04
6.168200000000000000e+04
6.168300000000000000e+04
6.177400000000000000e+04
6.185600000000000000e+04
6.195800000000000000e+04
6.195900000000000000e+04
6.213700000000000000e+04
6.225000000000000000e+04
6.227700000000000000e+04
6.227900000000000000e+04
6.233700000000000000e+04
6.236200000000000000e+04
6.240500000000000000e+04
6.257000000000000000e+04
6.260000000000000000e+04
6.261200000000000000e+04
6.265400000000000000e+04
6.266500000000000000e+04
6.266600000000000000e+04
6.267400000000000000e+04
6.269000000000000000e+04
6.270400000000000000e+04
6.279900000000000000e+04
6.281500000000000000e+04
6.281700000000000000e+04
6.285200000000000000e+04
6.285700000000000000e+04
6.320600000000000000e+04
6.321300000000000000e+04
6.351700000000000000e+04
6.365900000000000000e+04
6.367800000000000000e+04
6.398300000000000000e+04
6.399500000000000000e+04
6.400900000000000000e+04
6.411100000000000000e+04
6.413200000000000000e+04
6.414700000000000000e+04
6.448100000000000000e+04
6.448400000000000000e+04
6.460800000000000000e+04
6.477700000000000000e+04
6.477800000000000000e+04
6.478000000000000000e+04
6.479700000000000000e+04
6.480300000000000000e+04
6.480500000000000000e+04
6.480600000000000000e+04
6.480700000000000000e+04
6.481200000000000000e+04
6.481500000000000000e+04
6.481600000000000000e+04
6.482200000000000000e+04
6.482900000000000000e+04
6.483000000000000000e+04
6.483400000000000000e+04
6.484000000000000000e+04
6.484500000000000000e+04
6.484700000000000000e+04
6.485700000000000000e+04
6.485800000000000000e+04
6.486400000000000000e+04
6.486900000000000000e+04
6.494700000000000000e+04
6.498100000000000000e+04
6.519700000000000000e+04
6.519800000000000000e+04
6.519900000000000000e+04
6.520400000000000000e+04
6.539900000000000000e+04
6.540800000000000000e+04
6.542500000000000000e+04
6.542600000000000000e+04
6.542700000000000000e+04
6.542900000000000000e+04
6.543000000000000000e+04
6.543400000000000000e+04
6.543500000000000000e+04
6.545300000000000000e+04
6.552200000000000000e+04
6.552300000000000000e+04
6.552400000000000000e+04
6.568200000000000000e+04
6.577000000000000000e+04
6.577100000000000000e+04
6.578400000000000000e+04
6.578500000000000000e+04
6.580600000000000000e+04
6.585000000000000000e+04
6.606700000000000000e+04
6.610800000000000000e+04
6.616400000000000000e+04
6.618200000000000000e+04
6.624500000000000000e+04
6.624600000000000000e+04
6.624700000000000000e+04
6.624800000000000000e+04
6.624900000000000000e+04
6.625000000000000000e+04
6.625100000000000000e+04
6.627000000000000000e+04
6.692600000000000000e+04
6.710500000000000000e+04
6.710800000000000000e+04
6.710900000000000000e+04
6.711000000000000000e+04
6.722800000000000000e+04
6.724100000000000000e+04
6.738500000000000000e+04
6.763200000000000000e+04
6.781100000000000000e+04
6.802000000000000000e+04
6.814800000000000000e+04
6.876800000000000000e+04
6.877200000000000000e+04
6.879000000000000000e+04
6.880200000000000000e+04
6.898000000000000000e+04
6.903200000000000000e+04
6.903800000000000000e+04
6.913800000000000000e+04
6.918500000000000000e+04
6.919400000000000000e+04
6.920500000000000000e+04
6.934200000000000000e+04
6.977700000000000000e+04
6.978300000000000000e+04
6.993300000000000000e+04
6.996100000000000000e+04
7.008800000000000000e+04
7.023100000000000000e+04
7.065500000000000000e+04
7.065700000000000000e+04
7.065800000000000000e+04
7.066000000000000000e+04
7.066100000000000000e+04
7.066500000000000000e+04
7.067400000000000000e+04
7.067500000000000000e+04
7.067600000000000000e+04
7.067700000000000000e+04
7.067800000000000000e+04
7.096000000000000000e+04
7.100000000000000000e+04
7.100100000000000000e+04
7.100200000000000000e+04
7.100300000000000000e+04
7.100400000000000000e+04
7.100500000000000000e+04
7.109700000000000000e+04
7.110200000000000000e+04
7.113500000000000000e+04
7.113600000000000000e+04
7.113700000000000000e+04
7.113800000000000000e+04
7.113900000000000000e+04
7.114000000000000000e+04
7.114100000000000000e+04
7.114300000000000000e+04
7.114400000000000000e+04
7.114500000000000000e+04
7.114600000000000000e+04
7.114700000000000000e+04
7.114900000000000000e+04
7.115000000000000000e+04
7.115100000000000000e+04
7.115200000000000000e+04
7.115300000000000000e+04
7.115500000000000000e+04
7.115600000000000000e+04
7.115700000000000000e+04
7.115800000000000000e+04
7.115900000000000000e+04
7.116000000000000000e+04
7.116100000000000000e+04
7.116200000000000000e+04
7.116300000000000000e+04
7.116400000000000000e+04
7.119600000000000000e+04
7.119800000000000000e+04
7.123400000000000000e+04
7.123500000000000000e+04
7.128700000000000000e+04
7.132000000000000000e+04
7.135500000000000000e+04
7.138800000000000000e+04
7.139500000000000000e+04
7.142100000000000000e+04
7.151700000000000000e+04
7.157800000000000000e+04
7.158100000000000000e+04
7.158200000000000000e+04
7.159600000000000000e+04
7.160100000000000000e+04
7.161400000000000000e+04
7.163400000000000000e+04
7.163700000000000000e+04
7.164800000000000000e+04
7.165300000000000000e+04
7.166400000000000000e+04
7.166500000000000000e+04
7.168200000000000000e+04
7.226900000000000000e+04
7.227300000000000000e+04
7.227400000000000000e+04
7.227500000000000000e+04
7.228700000000000000e+04
7.230200000000000000e+04
7.230300000000000000e+04
7.230400000000000000e+04
7.230600000000000000e+04
7.230700000000000000e+04
7.230900000000000000e+04
7.231000000000000000e+04
7.231400000000000000e+04
7.248100000000000000e+04
7.252300000000000000e+04
7.252400000000000000e+04
7.254500000000000000e+04
7.254800000000000000e+04
7.254900000000000000e+04
7.255000000000000000e+04
7.255100000000000000e+04
7.255200000000000000e+04
7.255400000000000000e+04
7.258700000000000000e+04
7.260600000000000000e+04
7.291500000000000000e+04
7.295000000000000000e+04
7.314900000000000000e+04
7.320700000000000000e+04
7.335500000000000000e+04
7.336200000000000000e+04
7.343900000000000000e+04
7.344100000000000000e+04
7.344200000000000000e+04
7.344300000000000000e+04
7.344400000000000000e+04
7.344500000000000000e+04
7.344600000000000000e+04
7.344700000000000000e+04
7.348300000000000000e+04
7.350000000000000000e+04
7.350100000000000000e+04
7.350300000000000000e+04
7.350400000000000000e+04
7.350500000000000000e+04
7.350600000000000000e+04
7.350700000000000000e+04
7.350800000000000000e+04
7.350900000000000000e+04
7.351100000000000000e+04
7.351300000000000000e+04
7.351400000000000000e+04
7.355800000000000000e+04
7.357000000000000000e+04
7.357400000000000000e+04
7.357500000000000000e+04
7.357700000000000000e+04
7.358300000000000000e+04
7.359200000000000000e+04
7.367100000000000000e+04
7.367200000000000000e+04
7.367400000000000000e+04
7.367500000000000000e+04
7.367600000000000000e+04
7.367700000000000000e+04
7.367800000000000000e+04
7.367900000000000000e+04
7.368000000000000000e+04
7.368100000000000000e+04
7.368200000000000000e+04
7.368300000000000000e+04
7.368400000000000000e+04
7.368500000000000000e+04
7.368600000000000000e+04
7.386000000000000000e+04
7.386100000000000000e+04
7.386200000000000000e+04
7.386800000000000000e+04
7.386900000000000000e+04
7.387000000000000000e+04
7.387100000000000000e+04
7.389400000000000000e+04
7.390200000000000000e+04
7.401500000000000000e+04
7.416400000000000000e+04
7.423200000000000000e+04
7.423300000000000000e+04
7.431300000000000000e+04
7.431400000000000000e+04
7.431500000000000000e+04
7.432000000000000000e+04
7.432200000000000000e+04
7.432400000000000000e+04
7.432600000000000000e+04
7.494500000000000000e+04
7.500400000000000000e+04
7.501300000000000000e+04
7.501500000000000000e+04
7.511800000000000000e+04
7.546100000000000000e+04
7.546200000000000000e+04
7.546300000000000000e+04
7.546400000000000000e+04
7.546500000000000000e+04
7.546600000000000000e+04
7.546700000000000000e+04
7.558700000000000000e+04
7.561300000000000000e+04
7.586200000000000000e+04
7.586800000000000000e+04
7.588500000000000000e+04
7.588700000000000000e+04
7.588800000000000000e+04
7.591600000000000000e+04
7.591800000000000000e+04
7.591900000000000000e+04
7.595600000000000000e+04
7.595800000000000000e+04
7.596800000000000000e+04
7.597200000000000000e+04
7.597300000000000000e+04
7.597400000000000000e+04
7.597500000000000000e+04
7.597600000000000000e+04
7.614200000000000000e+04
7.614400000000000000e+04
7.615000000000000000e+04
7.615100000000000000e+04
7.615200000000000000e+04
7.615300000000000000e+04
7.615400000000000000e+04
7.615500000000000000e+04
7.615600000000000000e+04
7.615800000000000000e+04
7.615900000000000000e+04
7.616100000000000000e+04
7.616200000000000000e+04
7.616400000000000000e+04
7.616500000000000000e+04
7.616600000000000000e+04
7.616700000000000000e+04
7.616800000000000000e+04
7.616900000000000000e+04
7.620800000000000000e+04
7.621300000000000000e+04
7.621600000000000000e+04
7.621700000000000000e+04
7.621900000000000000e+04
7.622100000000000000e+04
7.622600000000000000e+04
7.623000000000000000e+04
7.623100000000000000e+04
7.623500000000000000e+04
7.623700000000000000e+04
7.623800000000000000e+04
7.623900000000000000e+04
7.624000000000000000e+04
7.624300000000000000e+04
7.624500000000000000e+04
7.624600000000000000e+04
7.625100000000000000e+04
7.625200000000000000e+04
7.625600000000000000e+04
7.625700000000000000e+04
7.625800000000000000e+04
7.625900000000000000e+04
7.626100000000000000e+04
7.626200000000000000e+04
7.626500000000000000e+04
7.626600000000000000e+04
7.626700000000000000e+04
7.627100000000000000e+04
7.627200000000000000e+04
7.627300000000000000e+04
7.627400000000000000e+04
7.627500000000000000e+04
7.627600000000000000e+04
7.627700000000000000e+04
7.627800000000000000e+04
7.627900000000000000e+04
7.629400000000000000e+04
7.629500000000000000e+04
7.629600000000000000e+04
7.629700000000000000e+04
7.629800000000000000e+04
7.629900000000000000e+04
7.630100000000000000e+04
7.630500000000000000e+04
7.630600000000000000e+04
7.630700000000000000e+04
7.630800000000000000e+04
7.630900000000000000e+04
7.631000000000000000e+04
7.631100000000000000e+04
7.631200000000000000e+04
7.631300000000000000e+04
7.631400000000000000e+04
7.631500000000000000e+04
7.632200000000000000e+04
7.632300000000000000e+04
7.632500000000000000e+04
7.632600000000000000e+04
7.632700000000000000e+04
7.632800000000000000e+04
7.632900000000000000e+04
7.633000000000000000e+04
7.633100000000000000e+04
7.633800000000000000e+04
7.634000000000000000e+04
7.634100000000000000e+04
7.634200000000000000e+04
7.634300000000000000e+04
7.634400000000000000e+04
7.634500000000000000e+04
7.634600000000000000e+04
7.634900000000000000e+04
7.635000000000000000e+04
7.635100000000000000e+04
7.635200000000000000e+04
7.635500000000000000e+04
7.635800000000000000e+04
7.636000000000000000e+04
7.636400000000000000e+04
7.636600000000000000e+04
7.637000000000000000e+04
7.637100000000000000e+04
7.637200000000000000e+04
7.637600000000000000e+04
7.637700000000000000e+04
7.637800000000000000e+04
7.637900000000000000e+04
7.638200000000000000e+04
7.641800000000000000e+04
7.648100000000000000e+04
7.650700000000000000e+04
7.650800000000000000e+04
7.650900000000000000e+04
7.651000000000000000e+04
7.651100000000000000e+04
7.651200000000000000e+04
7.651300000000000000e+04
7.651800000000000000e+04
7.651900000000000000e+04
7.652000000000000000e+04
7.652100000000000000e+04
7.652200000000000000e+04
7.652300000000000000e+04
7.652400000000000000e+04
7.652500000000000000e+04
7.652600000000000000e+04
7.652700000000000000e+04
7.653800000000000000e+04
7.654000000000000000e+04
7.654100000000000000e+04
7.654300000000000000e+04
7.654500000000000000e+04
7.654600000000000000e+04
7.654700000000000000e+04
7.655000000000000000e+04
7.655200000000000000e+04
7.655300000000000000e+04
7.655400000000000000e+04
7.665900000000000000e+04
7.666300000000000000e+04
7.672300000000000000e+04
7.677300000000000000e+04
7.679800000000000000e+04
7.682100000000000000e+04
7.682800000000000000e+04
