5.000000000000000000e+01
3.810000000000000000e+02
3.950000000000000000e+02
4.030000000000000000e+02
6.440000000000000000e+02
8.400000000000000000e+02
8.450000000000000000e+02
9.290000000000000000e+02
9.320000000000000000e+02
1.003000000000000000e+03
1.201000000000000000e+03
1.331000000000000000e+03
1.535000000000000000e+03
1.706000000000000000e+03
2.502000000000000000e+03
2.548000000000000000e+03
3.570000000000000000e+03
3.929000000000000000e+03
4.859000000000000000e+03
4.962000000000000000e+03
4.964000000000000000e+03
5.429000000000000000e+03
5.608000000000000000e+03
5.713000000000000000e+03
5.891000000000000000e+03
5.900000000000000000e+03
5.916000000000000000e+03
6.144000000000000000e+03
6.969000000000000000e+03
6.998000000000000000e+03
7.178000000000000000e+03
7.193000000000000000e+03
7.495000000000000000e+03
7.715000000000000000e+03
8.047000000000000000e+03
8.180000000000000000e+03
8.555000000000000000e+03
8.714000000000000000e+03
9.978000000000000000e+03
1.008100000000000000e+04
1.008500000000000000e+04
1.080900000000000000e+04
1.137300000000000000e+04
1.190600000000000000e+04
1.197100000000000000e+04
1.224100000000000000e+04
1.231700000000000000e+04
1.242400000000000000e+04
1.246300000000000000e+04
1.258900000000000000e+04
1.269100000000000000e+04
1.279400000000000000e+04
1.285700000000000000e+04
1.286200000000000000e+04
1.293700000000000000e+04
1.319400000000000000e+04
1.332100000000000000e+04
1.352300000000000000e+04
1.372000000000000000e+04
1.373000000000000000e+04
1.380400000000000000e+04
1.394700000000000000e+04
1.399600000000000000e+04
1.413100000000000000e+04
1.439100000000000000e+04
1.455100000000000000e+04
1.455500000000000000e+04
1.485300000000000000e+04
1.486800000000000000e+04
1.488000000000000000e+04
1.505300000000000000e+04
1.545000000000000000e+04
1.548200000000000000e+04
1.549700000000000000e+04
1.550900000000000000e+04
1.557500000000000000e+04
1.564600000000000000e+04
1.598900000000000000e+04
1.630200000000000000e+04
1.632400000000000000e+04
1.704600000000000000e+04
1.722400000000000000e+04
1.738100000000000000e+04
1.740100000000000000e+04
1.757100000000000000e+04
1.768700000000000000e+04
1.769000000000000000e+04
1.773100000000000000e+04
1.785800000000000000e+04
1.790600000000000000e+04
1.805500000000000000e+04
1.808100000000000000e+04
1.872300000000000000e+04
1.872500000000000000e+04
1.922600000000000000e+04
1.988200000000000000e+04
2.013800000000000000e+04
2.048400000000000000e+04
2.054300000000000000e+04
2.073000000000000000e+04
2.095700000000000000e+04
2.096100000000000000e+04
2.097500000000000000e+04
2.105500000000000000e+04
2.107200000000000000e+04
2.114400000000000000e+04
2.128200000000000000e+04
2.172300000000000000e+04
2.202700000000000000e+04
2.211700000000000000e+04
2.215300000000000000e+04
2.222800000000000000e+04
2.230800000000000000e+04
2.238300000000000000e+04
2.248000000000000000e+04
2.248100000000000000e+04
2.279700000000000000e+04
2.299400000000000000e+04
2.309800000000000000e+04
2.327000000000000000e+04
2.379300000000000000e+04
2.411700000000000000e+04
2.428800000000000000e+04
2.435500000000000000e+04
2.438400000000000000e+04
2.438700000000000000e+04
2.442900000000000000e+04
2.456100000000000000e+04
2.479900000000000000e+04
2.481600000000000000e+04
2.482700000000000000e+04
2.485400000000000000e+04
2.489000000000000000e+04
2.490800000000000000e+04
2.492300000000000000e+04
2.508100000000000000e+04
2.508300000000000000e+04
2.514100000000000000e+04
2.515500000000000000e+04
2.525500000000000000e+04
2.540600000000000000e+04
2.559900000000000000e+04
2.560100000000000000e+04
2.570900000000000000e+04
2.573100000000000000e+04
2.574200000000000000e+04
2.584300000000000000e+04
2.587000000000000000e+04
2.587600000000000000e+04
2.676000000000000000e+04
2.676700000000000000e+04
2.693200000000000000e+04
2.698600000000000000e+04
2.728200000000000000e+04
2.744000000000000000e+04
2.745200000000000000e+04
2.748300000000000000e+04
2.758900000000000000e+04
2.761200000000000000e+04
2.769600000000000000e+04
2.776200000000000000e+04
2.778600000000000000e+04
2.779500000000000000e+04
2.788100000000000000e+04
2.789000000000000000e+04
2.790700000000000000e+04
2.792000000000000000e+04
2.800900000000000000e+04
2.804400000000000000e+04
2.806400000000000000e+04
2.826300000000000000e+04
2.843600000000000000e+04
2.855500000000000000e+04
2.869300000000000000e+04
2.869700000000000000e+04
2.870500000000000000e+04
2.878100000000000000e+04
2.886200000000000000e+04
2.888000000000000000e+04
2.900500000000000000e+04
2.918400000000000000e+04
2.937900000000000000e+04
2.938200000000000000e+04
2.943600000000000000e+04
3.017100000000000000e+04
3.017900000000000000e+04
3.091000000000000000e+04
3.095300000000000000e+04
3.096100000000000000e+04
3.109200000000000000e+04
3.133400000000000000e+04
3.133700000000000000e+04
3.134800000000000000e+04
3.141700000000000000e+04
3.142100000000000000e+04
3.142300000000000000e+04
3.144200000000000000e+04
3.145200000000000000e+04
3.145800000000000000e+04
3.146700000000000000e+04
3.147000000000000000e+04
3.147800000000000000e+04
3.147900000000000000e+04
3.148200000000000000e+04
3.148300000000000000e+04
3.149000000000000000e+04
3.149300000000000000e+04
3.149600000000000000e+04
3.150100000000000000e+04
3.150500000000000000e+04
3.150600000000000000e+04
3.150900000000000000e+04
3.151000000000000000e+04
3.151500000000000000e+04
3.151800000000000000e+04
3.151900000000000000e+04
3.152100000000000000e+04
3.153100000000000000e+04
3.153200000000000000e+04
3.153300000000000000e+04
3.153700000000000000e+04
3.154600000000000000e+04
3.154800000000000000e+04
3.155300000000000000e+04
3.157700000000000000e+04
3.157800000000000000e+04
3.158000000000000000e+04
3.158200000000000000e+04
3.158500000000000000e+04
3.158800000000000000e+04
3.159900000000000000e+04
3.160100000000000000e+04
3.160400000000000000e+04
3.160600000000000000e+04
3.160800000000000000e+04
3.162000000000000000e+04
3.163200000000000000e+04
3.163600000000000000e+04
3.164000000000000000e+04
3.165000000000000000e+04
3.165200000000000000e+04
3.165400000000000000e+04
3.165500000000000000e+04
3.165800000000000000e+04
3.165900000000000000e+04
3.166300000000000000e+04
3.166500000000000000e+04
3.166800000000000000e+04
3.167100000000000000e+04
3.167300000000000000e+04
3.167800000000000000e+04
3.168200000000000000e+04
3.168500000000000000e+04
3.168900000000000000e+04
3.169300000000000000e+04
3.169600000000000000e+04
3.170700000000000000e+04
3.171000000000000000e+04
3.171400000000000000e+04
3.171900000000000000e+04
3.172800000000000000e+04
3.173900000000000000e+04
3.174600000000000000e+04
3.175000000000000000e+04
3.176900000000000000e+04
3.178800000000000000e+04
3.178900000000000000e+04
3.180600000000000000e+04
3.185200000000000000e+04
3.187300000000000000e+04
3.188600000000000000e+04
3.194300000000000000e+04
3.195300000000000000e+04
3.197000000000000000e+04
3.197400000000000000e+04
3.211800000000000000e+04
3.249200000000000000e+04
3.250700000000000000e+04
3.280900000000000000e+04
3.299500000000000000e+04
3.300100000000000000e+04
3.302700000000000000e+04
3.306200000000000000e+04
3.312300000000000000e+04
3.313200000000000000e+04
3.335400000000000000e+04
3.339100000000000000e+04
3.339400000000000000e+04
3.339900000000000000e+04
3.401600000000000000e+04
3.404400000000000000e+04
3.406300000000000000e+04
3.406500000000000000e+04
3.418600000000000000e+04
3.451200000000000000e+04
3.462200000000000000e+04
3.473700000000000000e+04
3.489600000000000000e+04
3.498100000000000000e+04
3.513600000000000000e+04
3.527900000000000000e+04
3.531500000000000000e+04
3.532000000000000000e+04
3.539200000000000000e+04
3.539300000000000000e+04
3.561100000000000000e+04
3.571600000000000000e+04
3.571700000000000000e+04
3.583400000000000000e+04
3.614300000000000000e+04
3.614700000000000000e+04
3.616300000000000000e+04
3.620700000000000000e+04
3.621100000000000000e+04
3.621400000000000000e+04
3.622400000000000000e+04
3.640200000000000000e+04
3.659400000000000000e+04
3.660600000000000000e+04
3.665100000000000000e+04
3.666000000000000000e+04
3.666300000000000000e+04
3.666400000000000000e+04
3.666500000000000000e+04
3.666600000000000000e+04
3.666700000000000000e+04
3.666800000000000000e+04
3.667000000000000000e+04
3.667300000000000000e+04
3.667500000000000000e+04
3.667600000000000000e+04
3.667700000000000000e+04
3.667800000000000000e+04
3.668000000000000000e+04
3.668100000000000000e+04
3.668200000000000000e+04
3.668600000000000000e+04
3.668700000000000000e+04
3.668800000000000000e+04
3.668900000000000000e+04
3.669000000000000000e+04
3.669200000000000000e+04
3.669300000000000000e+04
3.669800000000000000e+04
3.670000000000000000e+04
3.670100000000000000e+04
3.670200000000000000e+04
3.670300000000000000e+04
3.670500000000000000e+04
3.670600000000000000e+04
3.670900000000000000e+04
3.671200000000000000e+04
3.671400000000000000e+04
3.671500000000000000e+04
3.671600000000000000e+04
3.672400000000000000e+04
3.676200000000000000e+04
3.686100000000000000e+04
3.693200000000000000e+04
3.694800000000000000e+04
3.704300000000000000e+04
3.729100000000000000e+04
3.731000000000000000e+04
3.738500000000000000e+04
3.738600000000000000e+04
3.746800000000000000e+04
3.750200000000000000e+04
3.757500000000000000e+04
3.758200000000000000e+04
3.759900000000000000e+04
3.761400000000000000e+04
3.763600000000000000e+04
3.767000000000000000e+04
3.770300000000000000e+04
3.774500000000000000e+04
3.775600000000000000e+04
3.783400000000000000e+04
3.784000000000000000e+04
3.786200000000000000e+04
3.787300000000000000e+04
3.788200000000000000e+04
3.789100000000000000e+04
3.789400000000000000e+04
3.790300000000000000e+04
3.791900000000000000e+04
3.792100000000000000e+04
3.794300000000000000e+04
3.794800000000000000e+04
3.799600000000000000e+04
3.804200000000000000e+04
3.804700000000000000e+04
3.813700000000000000e+04
3.822700000000000000e+04
3.830400000000000000e+04
3.831400000000000000e+04
3.833200000000000000e+04
3.833300000000000000e+04
3.834000000000000000e+04
3.843400000000000000e+04
3.847000000000000000e+04
3.860500000000000000e+04
3.889600000000000000e+04
3.891800000000000000e+04
3.892400000000000000e+04
3.893000000000000000e+04
3.893100000000000000e+04
3.893600000000000000e+04
3.894300000000000000e+04
3.895500000000000000e+04
3.895600000000000000e+04
3.896400000000000000e+04
3.896500000000000000e+04
3.896600000000000000e+04
3.896800000000000000e+04
3.896900000000000000e+04
3.897300000000000000e+04
3.898300000000000000e+04
3.898600000000000000e+04
3.899400000000000000e+04
3.899900000000000000e+04
3.910200000000000000e+04
3.911000000000000000e+04
3.911700000000000000e+04
3.912400000000000000e+04
3.913000000000000000e+04
3.917200000000000000e+04
3.917400000000000000e+04
3.919900000000000000e+04
3.921100000000000000e+04
3.921700000000000000e+04
3.921800000000000000e+04
3.926500000000000000e+04
3.926900000000000000e+04
3.927800000000000000e+04
3.928500000000000000e+04
3.929400000000000000e+04
3.929600000000000000e+04
3.929800000000000000e+04
3.938200000000000000e+04
3.940200000000000000e+04
3.941400000000000000e+04
3.945100000000000000e+04
3.948500000000000000e+04
3.952300000000000000e+04
3.952600000000000000e+04
3.962400000000000000e+04
3.963900000000000000e+04
3.965900000000000000e+04
3.966000000000000000e+04
3.966600000000000000e+04
3.987100000000000000e+04
4.000400000000000000e+04
4.000500000000000000e+04
4.000700000000000000e+04
4.000800000000000000e+04
4.000900000000000000e+04
4.001000000000000000e+04
4.001100000000000000e+04
4.001300000000000000e+04
4.001500000000000000e+04
4.006800000000000000e+04
4.025000000000000000e+04
4.035600000000000000e+04
4.042400000000000000e+04
4.049900000000000000e+04
4.050300000000000000e+04
4.053200000000000000e+04
4.057000000000000000e+04
4.067200000000000000e+04
4.067400000000000000e+04
4.067500000000000000e+04
4.067600000000000000e+04
4.067700000000000000e+04
4.067900000000000000e+04
4.068000000000000000e+04
4.068100000000000000e+04
4.068200000000000000e+04
4.068300000000000000e+04
4.068400000000000000e+04
4.068500000000000000e+04
4.068600000000000000e+04
4.068700000000000000e+04
4.068800000000000000e+04
4.069000000000000000e+04
4.069100000000000000e+04
4.069200000000000000e+04
4.069300000000000000e+04
4.069400000000000000e+04
4.069500000000000000e+04
4.089700000000000000e+04
4.090000000000000000e+04
4.094900000000000000e+04
4.095000000000000000e+04
4.095100000000000000e+04
4.106700000000000000e+04
4.106800000000000000e+04
4.106900000000000000e+04
4.107000000000000000e+04
4.107100000000000000e+04
4.107200000000000000e+04
4.107300000000000000e+04
4.107400000000000000e+04
4.107600000000000000e+04
4.107700000000000000e+04
4.107800000000000000e+04
4.107900000000000000e+04
4.108000000000000000e+04
4.108100000000000000e+04
4.108200000000000000e+04
4.108300000000000000e+04
4.108400000000000000e+04
4.108500000000000000e+04
4.108600000000000000e+04
4.108700000000000000e+04
4.108800000000000000e+04
4.108900000000000000e+04
4.115700000000000000e+04
4.131700000000000000e+04
4.136000000000000000e+04
4.139200000000000000e+04
4.143900000000000000e+04
4.149300000000000000e+04
4.156000000000000000e+04
4.173300000000000000e+04
4.174600000000000000e+04
4.199700000000000000e+04
4.205300000000000000e+04
4.216400000000000000e+04
4.216500000000000000e+04
4.228700000000000000e+04
4.228800000000000000e+04
4.228900000000000000e+04
4.229000000000000000e+04
4.229100000000000000e+04
4.229200000000000000e+04
4.229300000000000000e+04
4.229400000000000000e+04
4.229500000000000000e+04
4.229600000000000000e+04
4.230700000000000000e+04
4.230800000000000000e+04
4.230900000000000000e+04
4.231000000000000000e+04
4.231100000000000000e+04
4.231200000000000000e+04
4.231300000000000000e+04
4.231400000000000000e+04
4.231500000000000000e+04
4.231600000000000000e+04
4.232200000000000000e+04
4.233800000000000000e+04
4.234400000000000000e+04
4.252400000000000000e+04
4.261900000000000000e+04
4.262000000000000000e+04
4.262200000000000000e+04
4.262400000000000000e+04
4.262500000000000000e+04
4.265600000000000000e+04
4.269200000000000000e+04
4.274900000000000000e+04
4.281300000000000000e+04
4.288800000000000000e+04
4.289000000000000000e+04
4.300500000000000000e+04
4.302600000000000000e+04
4.309300000000000000e+04
4.312100000000000000e+04
4.359000000000000000e+04
4.359100000000000000e+04
4.361400000000000000e+04
4.370100000000000000e+04
4.370200000000000000e+04
4.370300000000000000e+04
4.370500000000000000e+04
4.371400000000000000e+04
4.372000000000000000e+04
4.377200000000000000e+04
4.411000000000000000e+04
4.417600000000000000e+04
4.421400000000000000e+04
4.421700000000000000e+04
4.423400000000000000e+04
4.424300000000000000e+04
4.424500000000000000e+04
4.424600000000000000e+04
4.428500000000000000e+04
4.428800000000000000e+04
4.429100000000000000e+04
4.435900000000000000e+04
4.436300000000000000e+04
4.439600000000000000e+04
4.441300000000000000e+04
4.449100000000000000e+04
4.449300000000000000e+04
4.449400000000000000e+04
4.450400000000000000e+04
4.450600000000000000e+04
4.452000000000000000e+04
4.452100000000000000e+04
4.456400000000000000e+04
4.457800000000000000e+04
4.462100000000000000e+04
4.464500000000000000e+04
4.464600000000000000e+04
4.466500000000000000e+04
4.480600000000000000e+04
4.488600000000000000e+04
4.488900000000000000e+04
4.489200000000000000e+04
4.490900000000000000e+04
4.498800000000000000e+04
4.499100000000000000e+04
4.516000000000000000e+04
4.516200000000000000e+04
4.518800000000000000e+04
4.519900000000000000e+04
4.520700000000000000e+04
4.520900000000000000e+04
4.527700000000000000e+04
4.529700000000000000e+04
4.547900000000000000e+04
4.584800000000000000e+04
4.642400000000000000e+04
4.662200000000000000e+04
4.663900000000000000e+04
4.667500000000000000e+04
4.668300000000000000e+04
4.673200000000000000e+04
4.688500000000000000e+04
4.689700000000000000e+04
4.692100000000000000e+04
4.706600000000000000e+04
4.771200000000000000e+04
4.818500000000000000e+04
4.823400000000000000e+04
4.827700000000000000e+04
4.862300000000000000e+04
4.893200000000000000e+04
4.916300000000000000e+04
4.932500000000000000e+04
4.946300000000000000e+04
4.948500000000000000e+04
4.950200000000000000e+04
4.951300000000000000e+04
4.952900000000000000e+04
4.970300000000000000e+04
4.975900000000000000e+04
4.996600000000000000e+04
5.017000000000000000e+04
5.042800000000000000e+04
5.045800000000000000e+04
5.046500000000000000e+04
5.047300000000000000e+04
5.101500000000000000e+04
5.108100000000000000e+04
5.108200000000000000e+04
5.108300000000000000e+04
5.110400000000000000e+04
5.120200000000000000e+04
5.125300000000000000e+04
5.225700000000000000e+04
5.283200000000000000e+04
5.285900000000000000e+04
5.288100000000000000e+04
5.290500000000000000e+04
5.292200000000000000e+04
5.292300000000000000e+04
5.299300000000000000e+04
5.300700000000000000e+04
5.300800000000000000e+04
5.318800000000000000e+04
5.349400000000000000e+04
5.350300000000000000e+04
5.350700000000000000e+04
5.350800000000000000e+04
5.352500000000000000e+04
5.352700000000000000e+04
5.353300000000000000e+04
5.354500000000000000e+04
5.355500000000000000e+04
5.356000000000000000e+04
5.356100000000000000e+04
5.357000000000000000e+04
5.357200000000000000e+04
5.357500000000000000e+04
5.358800000000000000e+04
5.359300000000000000e+04
5.359900000000000000e+04
5.360100000000000000e+04
5.360200000000000000e+04
5.360300000000000000e+04
5.361700000000000000e+04
5.362900000000000000e+04
5.366200000000000000e+04
5.367300000000000000e+04
5.368200000000000000e+04
5.368500000000000000e+04
5.369200000000000000e+04
5.369600000000000000e+04
5.369800000000000000e+04
5.369900000000000000e+04
5.370100000000000000e+04
5.370200000000000000e+04
5.370500000000000000e+04
5.370800000000000000e+04
5.372000000000000000e+04
5.373000000000000000e+04
5.373200000000000000e+04
5.374200000000000000e+04
5.374600000000000000e+04
5.374900000000000000e+04
5.375600000000000000e+04
5.375700000000000000e+04
5.376300000000000000e+04
5.376500000000000000e+04
5.377300000000000000e+04
5.377700000000000000e+04
5.377800000000000000e+04
5.378200000000000000e+04
5.378300000000000000e+04
5.379300000000000000e+04
5.380200000000000000e+04
5.380700000000000000e+04
5.381000000000000000e+04
5.381100000000000000e+04
5.381200000000000000e+04
5.381700000000000000e+04
5.381900000000000000e+04
5.398300000000000000e+04
5.400100000000000000e+04
5.409200000000000000e+04
5.411500000000000000e+04
5.416200000000000000e+04
5.442100000000000000e+04
5.574600000000000000e+04
5.597800000000000000e+04
5.602700000000000000e+04
5.603700000000000000e+04
5.604500000000000000e+04
5.621400000000000000e+04
5.622600000000000000e+04
5.654200000000000000e+04
5.655100000000000000e+04
5.656400000000000000e+04
5.658800000000000000e+04
5.658900000000000000e+04
5.659200000000000000e+04
5.666900000000000000e+04
5.667000000000000000e+04
5.667300000000000000e+04
5.669500000000000000e+04
5.669700000000000000e+04
5.671100000000000000e+04
5.672700000000000000e+04
5.684800000000000000e+04
5.685500000000000000e+04
5.685800000000000000e+04
5.689000000000000000e+04
5.689200000000000000e+04
5.689300000000000000e+04
5.712000000000000000e+04
5.712600000000000000e+04
5.713400000000000000e+04
5.716000000000000000e+04
5.718800000000000000e+04
5.730500000000000000e+04
5.741600000000000000e+04
5.742000000000000000e+04
5.745700000000000000e+04
5.758700000000000000e+04
5.759300000000000000e+04
5.759500000000000000e+04
5.760100000000000000e+04
5.760700000000000000e+04
5.760900000000000000e+04
5.761000000000000000e+04
5.761300000000000000e+04
5.761800000000000000e+04
5.762800000000000000e+04
5.762900000000000000e+04
5.763000000000000000e+04
5.764500000000000000e+04
5.766000000000000000e+04
5.766200000000000000e+04
5.766400000000000000e+04
5.766500000000000000e+04
5.766900000000000000e+04
5.767500000000000000e+04
5.770200000000000000e+04
5.774900000000000000e+04
5.786200000000000000e+04
5.795100000000000000e+04
5.798400000000000000e+04
5.800500000000000000e+04
5.800600000000000000e+04
5.801500000000000000e+04
5.836900000000000000e+04
5.840000000000000000e+04
5.840200000000000000e+04
5.844500000000000000e+04
5.848500000000000000e+04
5.856100000000000000e+04
5.857200000000000000e+04
5.863000000000000000e+04
5.865100000000000000e+04
5.867400000000000000e+04
5.867500000000000000e+04
5.873800000000000000e+04
5.875200000000000000e+04
5.878900000000000000e+04
5.891100000000000000e+04
5.900700000000000000e+04
5.911500000000000000e+04
5.911800000000000000e+04
5.932300000000000000e+04
5.981900000000000000e+04
5.982100000000000000e+04
6.009600000000000000e+04
6.094100000000000000e+04
6.094200000000000000e+04
6.095400000000000000e+04
6.099200000000000000e+04
6.099300000000000000e+04
6.107100000000000000e+04
6.123300000000000000e+04
6.130700000000000000e+04
6.142400000000000000e+04
6.142700000000000000e+04
6.142800000000000000e+04
6.142900000000000000e+04
6.144200000000000000e+04
6.145500000000000000e+04
6.154700000000000000e+04
6.155400000000000000e+04
6.158000000000000000e+04
6.195200000000000000e+04
6.195400000000000000e+04
6.195500000000000000e+04
6.197100000000000000e+04
6.197600000000000000e+04
6.208500000000000000e+04
6.208600000000000000e+04
6.208700000000000000e+04
6.208800000000000000e+04
6.208900000000000000e+04
6.209000000000000000e+04
6.209100000000000000e+04
6.209300000000000000e+04
6.209400000000000000e+04
6.209500000000000000e+04
6.209600000000000000e+04
6.209700000000000000e+04
6.209800000000000000e+04
6.209900000000000000e+04
6.210000000000000000e+04
6.210100000000000000e+04
6.210200000000000000e+04
6.210300000000000000e+04
6.210400000000000000e+04
6.210500000000000000e+04
6.210600000000000000e+04
6.210700000000000000e+04
6.211000000000000000e+04
6.211100000000000000e+04
6.211200000000000000e+04
6.211300000000000000e+04
6.211400000000000000e+04
6.211500000000000000e+04
6.211600000000000000e+04
6.211700000000000000e+04
6.211800000000000000e+04
6.212100000000000000e+04
6.212200000000000000e+04
6.212300000000000000e+04
6.212900000000000000e+04
6.213200000000000000e+04
6.213400000000000000e+04
6.213500000000000000e+04
6.213800000000000000e+04
6.214300000000000000e+04
6.214500000000000000e+04
6.216000000000000000e+04
6.216600000000000000e+04
6.216800000000000000e+04
6.217200000000000000e+04
6.217400000000000000e+04
6.219900000000000000e+04
6.220000000000000000e+04
6.220100000000000000e+04
6.220600000000000000e+04
6.220700000000000000e+04
6.220800000000000000e+04
6.220900000000000000e+04
6.233300000000000000e+04
6.234200000000000000e+04
6.234800000000000000e+04
6.235200000000000000e+04
6.246400000000000000e+04
6.246500000000000000e+04
6.256000000000000000e+04
6.259800000000000000e+04
6.260500000000000000e+04
6.266200000000000000e+04
6.269600000000000000e+04
6.269900000000000000e+04
6.272500000000000000e+04
6.285100000000000000e+04
6.319000000000000000e+04
6.352900000000000000e+04
6.353400000000000000e+04
6.379700000000000000e+04
6.396800000000000000e+04
6.401100000000000000e+04
6.402200000000000000e+04
6.403600000000000000e+04
6.408300000000000000e+04
6.414100000000000000e+04
6.414200000000000000e+04
6.414300000000000000e+04
6.414400000000000000e+04
6.414500000000000000e+04
6.414600000000000000e+04
6.414800000000000000e+04
6.414900000000000000e+04
6.435400000000000000e+04
6.439800000000000000e+04
6.480200000000000000e+04
6.481700000000000000e+04
6.481900000000000000e+04
6.483800000000000000e+04
6.483900000000000000e+04
6.487500000000000000e+04
6.487600000000000000e+04
6.488000000000000000e+04
6.488400000000000000e+04
6.493300000000000000e+04
6.495600000000000000e+04
6.516300000000000000e+04
6.521200000000000000e+04
6.521300000000000000e+04
6.521500000000000000e+04
6.521600000000000000e+04
6.521700000000000000e+04
6.521800000000000000e+04
6.522200000000000000e+04
6.522300000000000000e+04
6.522500000000000000e+04
6.522600000000000000e+04
6.522700000000000000e+04
6.523100000000000000e+04
6.541000000000000000e+04
6.541100000000000000e+04
6.541300000000000000e+04
6.546100000000000000e+04
6.577400000000000000e+04
6.606100000000000000e+04
6.614700000000000000e+04
6.614900000000000000e+04
6.615200000000000000e+04
6.615600000000000000e+04
6.615800000000000000e+04
6.615900000000000000e+04
6.616100000000000000e+04
6.616200000000000000e+04
6.616300000000000000e+04
6.616500000000000000e+04
6.616600000000000000e+04
6.616700000000000000e+04
6.616900000000000000e+04
6.617000000000000000e+04
6.617100000000000000e+04
6.617300000000000000e+04
6.617500000000000000e+04
6.638600000000000000e+04
6.662300000000000000e+04
6.673400000000000000e+04
6.673500000000000000e+04
6.674100000000000000e+04
6.678200000000000000e+04
6.706100000000000000e+04
6.751400000000000000e+04
6.806400000000000000e+04
6.853200000000000000e+04
6.864500000000000000e+04
6.891900000000000000e+04
6.892200000000000000e+04
6.892300000000000000e+04
6.893700000000000000e+04
6.894100000000000000e+04
6.894200000000000000e+04
6.895200000000000000e+04
6.933600000000000000e+04
6.936800000000000000e+04
6.949300000000000000e+04
6.949400000000000000e+04
6.949500000000000000e+04
6.949600000000000000e+04
6.949700000000000000e+04
6.949800000000000000e+04
6.949900000000000000e+04
6.950000000000000000e+04
6.950100000000000000e+04
6.950200000000000000e+04
6.950300000000000000e+04
6.950400000000000000e+04
6.950500000000000000e+04
6.950600000000000000e+04
6.950700000000000000e+04
6.950800000000000000e+04
6.950900000000000000e+04
6.951000000000000000e+04
6.951100000000000000e+04
6.951800000000000000e+04
6.952900000000000000e+04
6.974800000000000000e+04
6.980600000000000000e+04
6.990800000000000000e+04
6.992900000000000000e+04
6.994200000000000000e+04
7.001700000000000000e+04
7.006600000000000000e+04
7.006800000000000000e+04
7.025000000000000000e+04
7.028500000000000000e+04
7.044800000000000000e+04
7.065300000000000000e+04
7.065600000000000000e+04
7.066200000000000000e+04
7.066600000000000000e+04
7.067100000000000000e+04
7.067300000000000000e+04
7.068700000000000000e+04
7.097000000000000000e+04
7.107000000000000000e+04
7.115400000000000000e+04
7.117200000000000000e+04
7.117600000000000000e+04
7.120000000000000000e+04
7.120500000000000000e+04
7.121800000000000000e+04
7.122400000000000000e+04
7.133400000000000000e+04
7.133700000000000000e+04
7.134500000000000000e+04
7.139800000000000000e+04
7.140200000000000000e+04
7.158400000000000000e+04
7.158500000000000000e+04
7.159300000000000000e+04
7.160400000000000000e+04
7.161000000000000000e+04
7.164600000000000000e+04
7.165400000000000000e+04
7.166100000000000000e+04
7.170800000000000000e+04
7.171000000000000000e+04
7.216500000000000000e+04
7.229300000000000000e+04
7.243500000000000000e+04
7.243800000000000000e+04
7.244300000000000000e+04
7.245400000000000000e+04
7.251700000000000000e+04
7.252100000000000000e+04
7.256400000000000000e+04
7.288400000000000000e+04
7.289000000000000000e+04
7.294600000000000000e+04
7.294700000000000000e+04
7.294800000000000000e+04
7.294900000000000000e+04
7.295100000000000000e+04
7.295200000000000000e+04
7.295500000000000000e+04
7.318400000000000000e+04
7.337900000000000000e+04
7.338000000000000000e+04
7.338100000000000000e+04
7.356800000000000000e+04
7.358200000000000000e+04
7.363400000000000000e+04
7.364500000000000000e+04
7.364900000000000000e+04
7.377100000000000000e+04
7.384200000000000000e+04
7.385300000000000000e+04
7.388400000000000000e+04
7.388500000000000000e+04
7.397700000000000000e+04
7.409500000000000000e+04
7.444900000000000000e+04
7.463300000000000000e+04
7.464200000000000000e+04
7.465000000000000000e+04
7.469700000000000000e+04
7.479600000000000000e+04
7.483300000000000000e+04
7.499300000000000000e+04
7.517000000000000000e+04
7.524000000000000000e+04
7.541900000000000000e+04
7.542000000000000000e+04
7.542300000000000000e+04
7.542400000000000000e+04
7.542500000000000000e+04
7.542600000000000000e+04
7.542700000000000000e+04
7.542800000000000000e+04
7.542900000000000000e+04
7.543000000000000000e+04
7.543100000000000000e+04
7.543300000000000000e+04
7.543600000000000000e+04
7.543700000000000000e+04
7.544000000000000000e+04
7.544900000000000000e+04
7.548200000000000000e+04
7.548300000000000000e+04
7.548400000000000000e+04
7.548500000000000000e+04
7.549100000000000000e+04
7.565100000000000000e+04
7.565900000000000000e+04
7.610100000000000000e+04
7.610200000000000000e+04
7.610300000000000000e+04
7.610400000000000000e+04
7.611600000000000000e+04
7.611700000000000000e+04
7.611800000000000000e+04
7.611900000000000000e+04
7.612000000000000000e+04
7.612200000000000000e+04
7.612400000000000000e+04
7.612500000000000000e+04
7.612700000000000000e+04
7.613300000000000000e+04
7.613500000000000000e+04
7.613800000000000000e+04
7.613900000000000000e+04
7.614800000000000000e+04
7.618000000000000000e+04
7.618100000000000000e+04
7.618200000000000000e+04
7.618300000000000000e+04
7.618400000000000000e+04
7.618500000000000000e+04
7.618600000000000000e+04
7.618700000000000000e+04
7.618800000000000000e+04
7.618900000000000000e+04
7.619000000000000000e+04
7.619100000000000000e+04
7.619800000000000000e+04
7.647100000000000000e+04
7.647200000000000000e+04
7.648400000000000000e+04
7.648500000000000000e+04
7.648600000000000000e+04
7.649400000000000000e+04
7.649500000000000000e+04
7.649600000000000000e+04
7.649900000000000000e+04
7.650000000000000000e+04
7.650100000000000000e+04
7.650200000000000000e+04
7.650300000000000000e+04
7.650400000000000000e+04
7.650600000000000000e+04
7.654900000000000000e+04
7.655500000000000000e+04
7.655600000000000000e+04
7.655700000000000000e+04
7.655800000000000000e+04
7.655900000000000000e+04
7.656000000000000000e+04
7.656100000000000000e+04
7.656300000000000000e+04
7.659300000000000000e+04
7.659400000000000000e+04
7.659500000000000000e+04
7.664900000000000000e+04
7.683000000000000000e+04
