4.000000000000000000e+00
4.700000000000000000e+01
3.420000000000000000e+02
5.410000000000000000e+02
6.530000000000000000e+02
6.580000000000000000e+02
7.770000000000000000e+02
7.970000000000000000e+02
8.050000000000000000e+02
8.100000000000000000e+02
8.260000000000000000e+02
9.030000000000000000e+02
9.670000000000000000e+02
9.730000000000000000e+02
9.740000000000000000e+02
9.820000000000000000e+02
1.002000000000000000e+03
1.019000000000000000e+03
1.081000000000000000e+03
1.082000000000000000e+03
1.086000000000000000e+03
1.087000000000000000e+03
1.108000000000000000e+03
1.160000000000000000e+03
1.173000000000000000e+03
1.357000000000000000e+03
1.364000000000000000e+03
1.384000000000000000e+03
1.424000000000000000e+03
1.435000000000000000e+03
1.540000000000000000e+03
1.543000000000000000e+03
1.550000000000000000e+03
1.567000000000000000e+03
1.579000000000000000e+03
1.589000000000000000e+03
1.625000000000000000e+03
1.638000000000000000e+03
1.657000000000000000e+03
1.699000000000000000e+03
1.721000000000000000e+03
1.771000000000000000e+03
1.789000000000000000e+03
1.809000000000000000e+03
1.876000000000000000e+03
1.884000000000000000e+03
1.936000000000000000e+03
1.948000000000000000e+03
1.963000000000000000e+03
2.008000000000000000e+03
2.070000000000000000e+03
2.080000000000000000e+03
2.104000000000000000e+03
2.135000000000000000e+03
2.151000000000000000e+03
2.155000000000000000e+03
2.180000000000000000e+03
2.282000000000000000e+03
2.378000000000000000e+03
2.394000000000000000e+03
2.402000000000000000e+03
2.459000000000000000e+03
2.465000000000000000e+03
2.474000000000000000e+03
2.579000000000000000e+03
2.602000000000000000e+03
2.625000000000000000e+03
2.647000000000000000e+03
2.663000000000000000e+03
2.806000000000000000e+03
2.892000000000000000e+03
2.914000000000000000e+03
2.915000000000000000e+03
2.923000000000000000e+03
2.929000000000000000e+03
3.063000000000000000e+03
3.094000000000000000e+03
3.191000000000000000e+03
3.299000000000000000e+03
3.310000000000000000e+03
3.354000000000000000e+03
3.425000000000000000e+03
3.427000000000000000e+03
3.462000000000000000e+03
3.525000000000000000e+03
3.543000000000000000e+03
3.596000000000000000e+03
3.603000000000000000e+03
3.621000000000000000e+03
3.641000000000000000e+03
3.665000000000000000e+03
3.702000000000000000e+03
3.741000000000000000e+03
3.742000000000000000e+03
3.817000000000000000e+03
3.846000000000000000e+03
3.882000000000000000e+03
3.976000000000000000e+03
4.024000000000000000e+03
4.093000000000000000e+03
4.107000000000000000e+03
4.140000000000000000e+03
4.142000000000000000e+03
4.143000000000000000e+03
4.144000000000000000e+03
4.234000000000000000e+03
4.238000000000000000e+03
4.281000000000000000e+03
4.371000000000000000e+03
4.406000000000000000e+03
4.455000000000000000e+03
4.526000000000000000e+03
4.556000000000000000e+03
4.561000000000000000e+03
4.566000000000000000e+03
4.570000000000000000e+03
4.595000000000000000e+03
4.607000000000000000e+03
4.619000000000000000e+03
4.662000000000000000e+03
4.783000000000000000e+03
4.827000000000000000e+03
4.831000000000000000e+03
4.874000000000000000e+03
4.910000000000000000e+03
4.946000000000000000e+03
4.963000000000000000e+03
4.979000000000000000e+03
4.995000000000000000e+03
4.996000000000000000e+03
4.998000000000000000e+03
5.016000000000000000e+03
5.074000000000000000e+03
5.098000000000000000e+03
5.108000000000000000e+03
5.154000000000000000e+03
5.178000000000000000e+03
5.182000000000000000e+03
5.210000000000000000e+03
5.217000000000000000e+03
5.222000000000000000e+03
5.311000000000000000e+03
5.383000000000000000e+03
5.444000000000000000e+03
5.472000000000000000e+03
5.492000000000000000e+03
5.500000000000000000e+03
5.506000000000000000e+03
5.622000000000000000e+03
5.631000000000000000e+03
5.662000000000000000e+03
5.687000000000000000e+03
5.736000000000000000e+03
5.758000000000000000e+03
5.759000000000000000e+03
5.760000000000000000e+03
5.782000000000000000e+03
5.817000000000000000e+03
5.822000000000000000e+03
5.939000000000000000e+03
5.966000000000000000e+03
5.979000000000000000e+03
6.025000000000000000e+03
6.100000000000000000e+03
6.198000000000000000e+03
6.199000000000000000e+03
6.235000000000000000e+03
6.241000000000000000e+03
6.312000000000000000e+03
6.333000000000000000e+03
6.338000000000000000e+03
6.378000000000000000e+03
6.401000000000000000e+03
6.429000000000000000e+03
6.444000000000000000e+03
6.450000000000000000e+03
6.495000000000000000e+03
6.550000000000000000e+03
6.564000000000000000e+03
6.622000000000000000e+03
6.631000000000000000e+03
6.661000000000000000e+03
6.699000000000000000e+03
6.752000000000000000e+03
6.766000000000000000e+03
6.800000000000000000e+03
6.823000000000000000e+03
6.826000000000000000e+03
6.830000000000000000e+03
6.836000000000000000e+03
6.888000000000000000e+03
6.916000000000000000e+03
6.928000000000000000e+03
6.934000000000000000e+03
6.940000000000000000e+03
6.948000000000000000e+03
6.964000000000000000e+03
6.995000000000000000e+03
7.058000000000000000e+03
7.073000000000000000e+03
7.115000000000000000e+03
7.165000000000000000e+03
7.207000000000000000e+03
7.334000000000000000e+03
7.431000000000000000e+03
7.467000000000000000e+03
7.621000000000000000e+03
7.702000000000000000e+03
7.738000000000000000e+03
7.776000000000000000e+03
7.780000000000000000e+03
7.804000000000000000e+03
7.805000000000000000e+03
7.870000000000000000e+03
7.897000000000000000e+03
7.901000000000000000e+03
7.955000000000000000e+03
7.961000000000000000e+03
8.000000000000000000e+03
8.021000000000000000e+03
8.186000000000000000e+03
8.271000000000000000e+03
8.313000000000000000e+03
8.361000000000000000e+03
8.407000000000000000e+03
8.420000000000000000e+03
8.450000000000000000e+03
8.468000000000000000e+03
8.471000000000000000e+03
8.504000000000000000e+03
8.552000000000000000e+03
8.595000000000000000e+03
8.756000000000000000e+03
8.774000000000000000e+03
8.892000000000000000e+03
8.989000000000000000e+03
9.004000000000000000e+03
9.035000000000000000e+03
9.036000000000000000e+03
9.096000000000000000e+03
9.109000000000000000e+03
9.110000000000000000e+03
9.167000000000000000e+03
9.168000000000000000e+03
9.189000000000000000e+03
9.190000000000000000e+03
9.212000000000000000e+03
9.290000000000000000e+03
9.332000000000000000e+03
9.371000000000000000e+03
9.447000000000000000e+03
9.472000000000000000e+03
9.495000000000000000e+03
9.497000000000000000e+03
9.510000000000000000e+03
9.543000000000000000e+03
9.551000000000000000e+03
9.659000000000000000e+03
9.755000000000000000e+03
9.833000000000000000e+03
9.871000000000000000e+03
9.886000000000000000e+03
9.918000000000000000e+03
9.919000000000000000e+03
1.010200000000000000e+04
1.016200000000000000e+04
1.022600000000000000e+04
1.022700000000000000e+04
1.022900000000000000e+04
1.024000000000000000e+04
1.041100000000000000e+04
1.041300000000000000e+04
1.043700000000000000e+04
1.047700000000000000e+04
1.052400000000000000e+04
1.054300000000000000e+04
1.057300000000000000e+04
1.058400000000000000e+04
1.059300000000000000e+04
1.061900000000000000e+04
1.066000000000000000e+04
1.071700000000000000e+04
1.076700000000000000e+04
1.077200000000000000e+04
1.078800000000000000e+04
1.080900000000000000e+04
1.081500000000000000e+04
1.086300000000000000e+04
1.087300000000000000e+04
1.087400000000000000e+04
1.090400000000000000e+04
1.091500000000000000e+04
1.092700000000000000e+04
1.098300000000000000e+04
1.098600000000000000e+04
1.103500000000000000e+04
1.104000000000000000e+04
1.106700000000000000e+04
1.108700000000000000e+04
1.116900000000000000e+04
1.117900000000000000e+04
1.120000000000000000e+04
1.120600000000000000e+04
1.127000000000000000e+04
1.129400000000000000e+04
1.131400000000000000e+04
1.138900000000000000e+04
1.141200000000000000e+04
1.144100000000000000e+04
1.155800000000000000e+04
1.157000000000000000e+04
1.159000000000000000e+04
1.169500000000000000e+04
1.178000000000000000e+04
1.194600000000000000e+04
1.198500000000000000e+04
1.198900000000000000e+04
1.199100000000000000e+04
1.199500000000000000e+04
1.200700000000000000e+04
1.202600000000000000e+04
1.205100000000000000e+04
1.205500000000000000e+04
1.205700000000000000e+04
1.208700000000000000e+04
1.208900000000000000e+04
1.213000000000000000e+04
1.217800000000000000e+04
1.218500000000000000e+04
1.221900000000000000e+04
1.223600000000000000e+04
1.227800000000000000e+04
1.229500000000000000e+04
1.233800000000000000e+04
1.234600000000000000e+04
1.234800000000000000e+04
1.234900000000000000e+04
1.235300000000000000e+04
1.235400000000000000e+04
1.240000000000000000e+04
1.244200000000000000e+04
1.245300000000000000e+04
1.249900000000000000e+04
1.250300000000000000e+04
1.250600000000000000e+04
1.263800000000000000e+04
1.271400000000000000e+04
1.272700000000000000e+04
1.276200000000000000e+04
1.279700000000000000e+04
1.280300000000000000e+04
1.286400000000000000e+04
1.286600000000000000e+04
1.287200000000000000e+04
1.288300000000000000e+04
1.289400000000000000e+04
1.293100000000000000e+04
1.293300000000000000e+04
1.294000000000000000e+04
1.295300000000000000e+04
1.296300000000000000e+04
1.299000000000000000e+04
1.302700000000000000e+04
1.305700000000000000e+04
1.305800000000000000e+04
1.309000000000000000e+04
1.315600000000000000e+04
1.318100000000000000e+04
1.318200000000000000e+04
1.326800000000000000e+04
1.327000000000000000e+04
1.330800000000000000e+04
1.331100000000000000e+04
1.347600000000000000e+04
1.362000000000000000e+04
1.362700000000000000e+04
1.363100000000000000e+04
1.363200000000000000e+04
1.365700000000000000e+04
1.365900000000000000e+04
1.366900000000000000e+04
1.367200000000000000e+04
1.371500000000000000e+04
1.373200000000000000e+04
1.373800000000000000e+04
1.378200000000000000e+04
1.381400000000000000e+04
1.381600000000000000e+04
1.386600000000000000e+04
1.391100000000000000e+04
1.393900000000000000e+04
1.399200000000000000e+04
1.402400000000000000e+04
1.411400000000000000e+04
1.413600000000000000e+04
1.417200000000000000e+04
1.417800000000000000e+04
1.436200000000000000e+04
1.441700000000000000e+04
1.444500000000000000e+04
1.448800000000000000e+04
1.448900000000000000e+04
1.449400000000000000e+04
1.450700000000000000e+04
1.460000000000000000e+04
1.467400000000000000e+04
1.471200000000000000e+04
1.476900000000000000e+04
1.480000000000000000e+04
1.480300000000000000e+04
1.494400000000000000e+04
1.498100000000000000e+04
1.500400000000000000e+04
1.503300000000000000e+04
1.504500000000000000e+04
1.514600000000000000e+04
1.515600000000000000e+04
1.520600000000000000e+04
1.528200000000000000e+04
1.530100000000000000e+04
1.535800000000000000e+04
1.536200000000000000e+04
1.542600000000000000e+04
1.548900000000000000e+04
1.550300000000000000e+04
1.550900000000000000e+04
1.552600000000000000e+04
1.555300000000000000e+04
1.558000000000000000e+04
1.561500000000000000e+04
1.561700000000000000e+04
1.566400000000000000e+04
1.569200000000000000e+04
1.573800000000000000e+04
1.577300000000000000e+04
1.586100000000000000e+04
1.593000000000000000e+04
1.594500000000000000e+04
1.601000000000000000e+04
1.607200000000000000e+04
1.608400000000000000e+04
1.624700000000000000e+04
1.631800000000000000e+04
1.633500000000000000e+04
1.648700000000000000e+04
1.652500000000000000e+04
1.659800000000000000e+04
1.662900000000000000e+04
1.666100000000000000e+04
1.670200000000000000e+04
1.671200000000000000e+04
1.701200000000000000e+04
1.701900000000000000e+04
1.704600000000000000e+04
1.706300000000000000e+04
1.709900000000000000e+04
1.712800000000000000e+04
1.712900000000000000e+04
1.713000000000000000e+04
1.713400000000000000e+04
1.718700000000000000e+04
1.725400000000000000e+04
1.734000000000000000e+04
1.736300000000000000e+04
1.740000000000000000e+04
1.741800000000000000e+04
1.747600000000000000e+04
1.748100000000000000e+04
1.749500000000000000e+04
1.753600000000000000e+04
1.755800000000000000e+04
1.762400000000000000e+04
1.769800000000000000e+04
1.771700000000000000e+04
1.783800000000000000e+04
1.793100000000000000e+04
1.798800000000000000e+04
1.808900000000000000e+04
1.813500000000000000e+04
1.816300000000000000e+04
1.816900000000000000e+04
1.817200000000000000e+04
1.821400000000000000e+04
1.821500000000000000e+04
1.822200000000000000e+04
1.831300000000000000e+04
1.841000000000000000e+04
1.841300000000000000e+04
1.847400000000000000e+04
1.853300000000000000e+04
1.853400000000000000e+04
1.855200000000000000e+04
1.856900000000000000e+04
1.858800000000000000e+04
1.876200000000000000e+04
1.876400000000000000e+04
1.877700000000000000e+04
1.884700000000000000e+04
1.895000000000000000e+04
1.899700000000000000e+04
1.904500000000000000e+04
1.910200000000000000e+04
1.912700000000000000e+04
1.921200000000000000e+04
1.921400000000000000e+04
1.937400000000000000e+04
1.942900000000000000e+04
1.943600000000000000e+04
1.955800000000000000e+04
1.959200000000000000e+04
1.969000000000000000e+04
1.969200000000000000e+04
1.972100000000000000e+04
1.974400000000000000e+04
1.974700000000000000e+04
1.977500000000000000e+04
1.977700000000000000e+04
1.979000000000000000e+04
1.979900000000000000e+04
1.980400000000000000e+04
1.981500000000000000e+04
1.982300000000000000e+04
1.982700000000000000e+04
1.983800000000000000e+04
1.993400000000000000e+04
1.995400000000000000e+04
1.996500000000000000e+04
1.996600000000000000e+04
1.996700000000000000e+04
1.999500000000000000e+04
1.999600000000000000e+04
2.005100000000000000e+04
2.013900000000000000e+04
2.014100000000000000e+04
2.014200000000000000e+04
2.021000000000000000e+04
2.021200000000000000e+04
2.021300000000000000e+04
2.021400000000000000e+04
2.021500000000000000e+04
2.021600000000000000e+04
2.022300000000000000e+04
2.022600000000000000e+04
2.024700000000000000e+04
2.026800000000000000e+04
2.027400000000000000e+04
2.037500000000000000e+04
2.037700000000000000e+04
2.037800000000000000e+04
2.038000000000000000e+04
2.047000000000000000e+04
2.047400000000000000e+04
2.048700000000000000e+04
2.053600000000000000e+04
2.055000000000000000e+04
2.072600000000000000e+04
2.074300000000000000e+04
2.076000000000000000e+04
2.077200000000000000e+04
2.077400000000000000e+04
2.091700000000000000e+04
2.095200000000000000e+04
2.095400000000000000e+04
2.095900000000000000e+04
2.096100000000000000e+04
2.097800000000000000e+04
2.098000000000000000e+04
2.100300000000000000e+04
2.102800000000000000e+04
2.115900000000000000e+04
2.119100000000000000e+04
2.126400000000000000e+04
2.127100000000000000e+04
2.135300000000000000e+04
2.142200000000000000e+04
2.155800000000000000e+04
2.156400000000000000e+04
2.156700000000000000e+04
2.159100000000000000e+04
2.161200000000000000e+04
2.168100000000000000e+04
2.168200000000000000e+04
2.174700000000000000e+04
2.179500000000000000e+04
2.183900000000000000e+04
2.188200000000000000e+04
2.193000000000000000e+04
2.193200000000000000e+04
2.200300000000000000e+04
2.200400000000000000e+04
2.200500000000000000e+04
2.203500000000000000e+04
2.204600000000000000e+04
2.209900000000000000e+04
2.210200000000000000e+04
2.220700000000000000e+04
2.221600000000000000e+04
2.222400000000000000e+04
2.227900000000000000e+04
2.244600000000000000e+04
2.249300000000000000e+04
2.255100000000000000e+04
2.258700000000000000e+04
2.260100000000000000e+04
2.260600000000000000e+04
2.261000000000000000e+04
2.278500000000000000e+04
2.287400000000000000e+04
2.287500000000000000e+04
2.288900000000000000e+04
2.290500000000000000e+04
2.293300000000000000e+04
2.294700000000000000e+04
2.296200000000000000e+04
2.299700000000000000e+04
2.303100000000000000e+04
2.315100000000000000e+04
2.317100000000000000e+04
2.323900000000000000e+04
2.325600000000000000e+04
2.328300000000000000e+04
2.328400000000000000e+04
2.330500000000000000e+04
2.345200000000000000e+04
2.357000000000000000e+04
2.374200000000000000e+04
2.375800000000000000e+04
2.376100000000000000e+04
2.379200000000000000e+04
2.393000000000000000e+04
2.395400000000000000e+04
2.397000000000000000e+04
2.399500000000000000e+04
2.400400000000000000e+04
2.402800000000000000e+04
2.407800000000000000e+04
2.416400000000000000e+04
2.427200000000000000e+04
2.431500000000000000e+04
2.446800000000000000e+04
2.463200000000000000e+04
2.469000000000000000e+04
2.475900000000000000e+04
2.477900000000000000e+04
2.480600000000000000e+04
2.480800000000000000e+04
2.481800000000000000e+04
2.484300000000000000e+04
2.484700000000000000e+04
2.496200000000000000e+04
2.510200000000000000e+04
2.517200000000000000e+04
2.519200000000000000e+04
2.526800000000000000e+04
2.531000000000000000e+04
2.531200000000000000e+04
2.533800000000000000e+04
2.542100000000000000e+04
2.543100000000000000e+04
2.544500000000000000e+04
2.544600000000000000e+04
2.545400000000000000e+04
2.548300000000000000e+04
2.553300000000000000e+04
2.566300000000000000e+04
2.568800000000000000e+04
2.570200000000000000e+04
2.570700000000000000e+04
2.571700000000000000e+04
2.575100000000000000e+04
2.579100000000000000e+04
2.579200000000000000e+04
2.583600000000000000e+04
2.584800000000000000e+04
2.585900000000000000e+04
2.595200000000000000e+04
2.596100000000000000e+04
2.596600000000000000e+04
2.596800000000000000e+04
2.602800000000000000e+04
2.604900000000000000e+04
2.618500000000000000e+04
2.624600000000000000e+04
2.637400000000000000e+04
2.638700000000000000e+04
2.641100000000000000e+04
2.644000000000000000e+04
2.646400000000000000e+04
2.646500000000000000e+04
2.646600000000000000e+04
2.647900000000000000e+04
2.649800000000000000e+04
2.650500000000000000e+04
2.652000000000000000e+04
2.654700000000000000e+04
2.654800000000000000e+04
2.654900000000000000e+04
2.658600000000000000e+04
2.661500000000000000e+04
2.662600000000000000e+04
2.662700000000000000e+04
2.675300000000000000e+04
2.675700000000000000e+04
2.683500000000000000e+04
2.692100000000000000e+04
2.692300000000000000e+04
2.701200000000000000e+04
2.703100000000000000e+04
2.707200000000000000e+04
2.707400000000000000e+04
2.708300000000000000e+04
2.710000000000000000e+04
2.718600000000000000e+04
2.725100000000000000e+04
2.727600000000000000e+04
2.727900000000000000e+04
2.728500000000000000e+04
2.732300000000000000e+04
2.732400000000000000e+04
2.740400000000000000e+04
2.752000000000000000e+04
2.752900000000000000e+04
2.756000000000000000e+04
2.767300000000000000e+04
2.767400000000000000e+04
2.767600000000000000e+04
2.770800000000000000e+04
2.790200000000000000e+04
2.796200000000000000e+04
2.796800000000000000e+04
2.804100000000000000e+04
2.808000000000000000e+04
2.809700000000000000e+04
2.813300000000000000e+04
2.828900000000000000e+04
2.831200000000000000e+04
2.832300000000000000e+04
2.845700000000000000e+04
2.845900000000000000e+04
2.846700000000000000e+04
2.847100000000000000e+04
2.847400000000000000e+04
2.849700000000000000e+04
2.850900000000000000e+04
2.851800000000000000e+04
2.851900000000000000e+04
2.854100000000000000e+04
2.854200000000000000e+04
2.854300000000000000e+04
2.857200000000000000e+04
2.862100000000000000e+04
2.869600000000000000e+04
2.878700000000000000e+04
2.882900000000000000e+04
2.886900000000000000e+04
2.893500000000000000e+04
2.894100000000000000e+04
2.900600000000000000e+04
2.901200000000000000e+04
2.902900000000000000e+04
2.907900000000000000e+04
2.919600000000000000e+04
2.920400000000000000e+04
2.932400000000000000e+04
2.933500000000000000e+04
2.933700000000000000e+04
2.938400000000000000e+04
2.943000000000000000e+04
2.943600000000000000e+04
2.958100000000000000e+04
2.959300000000000000e+04
2.966500000000000000e+04
2.966800000000000000e+04
2.968200000000000000e+04
2.969200000000000000e+04
2.969800000000000000e+04
2.971300000000000000e+04
2.972600000000000000e+04
2.975900000000000000e+04
2.977300000000000000e+04
2.982000000000000000e+04
2.985300000000000000e+04
2.992000000000000000e+04
2.992100000000000000e+04
2.993600000000000000e+04
2.996700000000000000e+04
2.999300000000000000e+04
3.001300000000000000e+04
3.001400000000000000e+04
3.005100000000000000e+04
3.006800000000000000e+04
3.008100000000000000e+04
3.008600000000000000e+04
3.010500000000000000e+04
3.015300000000000000e+04
3.016800000000000000e+04
3.018700000000000000e+04
3.026000000000000000e+04
3.031400000000000000e+04
3.035600000000000000e+04
3.043300000000000000e+04
3.046900000000000000e+04
3.049000000000000000e+04
3.049100000000000000e+04
3.049200000000000000e+04
3.053800000000000000e+04
3.056100000000000000e+04
3.058600000000000000e+04
3.067100000000000000e+04
3.067400000000000000e+04
3.069500000000000000e+04
3.071800000000000000e+04
3.076900000000000000e+04
3.077400000000000000e+04
3.081800000000000000e+04
3.082500000000000000e+04
3.089300000000000000e+04
3.093400000000000000e+04
3.100000000000000000e+04
3.105900000000000000e+04
3.107000000000000000e+04
3.115100000000000000e+04
3.119400000000000000e+04
3.122600000000000000e+04
3.122900000000000000e+04
3.123400000000000000e+04
3.123600000000000000e+04
3.124000000000000000e+04
3.124700000000000000e+04
3.124900000000000000e+04
3.125700000000000000e+04
3.126600000000000000e+04
3.134500000000000000e+04
3.136300000000000000e+04
3.137200000000000000e+04
3.142600000000000000e+04
3.143200000000000000e+04
3.149500000000000000e+04
3.150200000000000000e+04
3.151200000000000000e+04
3.151300000000000000e+04
3.158300000000000000e+04
3.161300000000000000e+04
3.165700000000000000e+04
3.169500000000000000e+04
3.176400000000000000e+04
3.177200000000000000e+04
3.178600000000000000e+04
3.178700000000000000e+04
3.184800000000000000e+04
3.187600000000000000e+04
3.189900000000000000e+04
3.191900000000000000e+04
3.194400000000000000e+04
3.201200000000000000e+04
3.203700000000000000e+04
3.208200000000000000e+04
3.211600000000000000e+04
3.215900000000000000e+04
3.218100000000000000e+04
3.222200000000000000e+04
3.225000000000000000e+04
3.226800000000000000e+04
3.232500000000000000e+04
3.233000000000000000e+04
3.233500000000000000e+04
3.243200000000000000e+04
3.244400000000000000e+04
3.245900000000000000e+04
3.247000000000000000e+04
3.249800000000000000e+04
3.256800000000000000e+04
3.256900000000000000e+04
3.258400000000000000e+04
3.258700000000000000e+04
3.260400000000000000e+04
3.267600000000000000e+04
3.271800000000000000e+04
3.274500000000000000e+04
3.275900000000000000e+04
3.276100000000000000e+04
3.277800000000000000e+04
3.279400000000000000e+04
3.279700000000000000e+04
3.285000000000000000e+04
3.286100000000000000e+04
3.289300000000000000e+04
3.293300000000000000e+04
3.296000000000000000e+04
3.304100000000000000e+04
3.309900000000000000e+04
3.315300000000000000e+04
3.323300000000000000e+04
3.328300000000000000e+04
3.329400000000000000e+04
3.330500000000000000e+04
3.343000000000000000e+04
3.343400000000000000e+04
3.345100000000000000e+04
3.345200000000000000e+04
3.349000000000000000e+04
3.350100000000000000e+04
3.358700000000000000e+04
3.358800000000000000e+04
3.360100000000000000e+04
3.379400000000000000e+04
3.379900000000000000e+04
3.381600000000000000e+04
3.382000000000000000e+04
3.387700000000000000e+04
3.387900000000000000e+04
3.395300000000000000e+04
3.404100000000000000e+04
3.414800000000000000e+04
3.415500000000000000e+04
3.415800000000000000e+04
3.416400000000000000e+04
3.418500000000000000e+04
3.422400000000000000e+04
3.422600000000000000e+04
3.423100000000000000e+04
3.428100000000000000e+04
3.432000000000000000e+04
3.433500000000000000e+04
3.437300000000000000e+04
3.438600000000000000e+04
3.438700000000000000e+04
3.439600000000000000e+04
3.439900000000000000e+04
3.452800000000000000e+04
3.454100000000000000e+04
3.464000000000000000e+04
3.468200000000000000e+04
3.468400000000000000e+04
3.477700000000000000e+04
3.478400000000000000e+04
3.480000000000000000e+04
3.482200000000000000e+04
3.482700000000000000e+04
3.484400000000000000e+04
3.485400000000000000e+04
3.490400000000000000e+04
3.499900000000000000e+04
3.500100000000000000e+04
3.505000000000000000e+04
3.512600000000000000e+04
3.518500000000000000e+04
3.523000000000000000e+04
3.529800000000000000e+04
3.530300000000000000e+04
3.542000000000000000e+04
3.550700000000000000e+04
3.553800000000000000e+04
3.554500000000000000e+04
3.560800000000000000e+04
3.561600000000000000e+04
3.562600000000000000e+04
3.566100000000000000e+04
3.566500000000000000e+04
3.571700000000000000e+04
3.573000000000000000e+04
3.577400000000000000e+04
3.578400000000000000e+04
3.581300000000000000e+04
3.583800000000000000e+04
3.584100000000000000e+04
3.584700000000000000e+04
3.595700000000000000e+04
3.610900000000000000e+04
3.611500000000000000e+04
3.617900000000000000e+04
3.618000000000000000e+04
3.619600000000000000e+04
3.619700000000000000e+04
3.620500000000000000e+04
3.620600000000000000e+04
3.620700000000000000e+04
3.628200000000000000e+04
3.630200000000000000e+04
3.632600000000000000e+04
3.632800000000000000e+04
3.633800000000000000e+04
3.635400000000000000e+04
3.635800000000000000e+04
3.637800000000000000e+04
3.638200000000000000e+04
3.642200000000000000e+04
3.644400000000000000e+04
3.644800000000000000e+04
3.647600000000000000e+04
3.648000000000000000e+04
3.648100000000000000e+04
3.648200000000000000e+04
3.648400000000000000e+04
3.649800000000000000e+04
3.660500000000000000e+04
3.667500000000000000e+04
3.674500000000000000e+04
3.676000000000000000e+04
3.676100000000000000e+04
3.677800000000000000e+04
3.678900000000000000e+04
3.680200000000000000e+04
3.681300000000000000e+04
3.694000000000000000e+04
3.695000000000000000e+04
3.696200000000000000e+04
3.698600000000000000e+04
3.704600000000000000e+04
3.705200000000000000e+04
3.707500000000000000e+04
3.709600000000000000e+04
3.709700000000000000e+04
3.713700000000000000e+04
3.720700000000000000e+04
3.725600000000000000e+04
3.726000000000000000e+04
3.728900000000000000e+04
3.729000000000000000e+04
3.729100000000000000e+04
3.729700000000000000e+04
3.732600000000000000e+04
3.733200000000000000e+04
3.733700000000000000e+04
3.734100000000000000e+04
3.735400000000000000e+04
3.737200000000000000e+04
3.740100000000000000e+04
3.746000000000000000e+04
3.746100000000000000e+04
3.746300000000000000e+04
3.748500000000000000e+04
3.752800000000000000e+04
3.758800000000000000e+04
3.760700000000000000e+04
3.760800000000000000e+04
3.763100000000000000e+04
3.764100000000000000e+04
3.764200000000000000e+04
3.765200000000000000e+04
3.765800000000000000e+04
3.769800000000000000e+04
3.769900000000000000e+04
3.784000000000000000e+04
3.784300000000000000e+04
3.785400000000000000e+04
3.786900000000000000e+04
3.791700000000000000e+04
3.793200000000000000e+04
3.797000000000000000e+04
3.802500000000000000e+04
3.820300000000000000e+04
3.821200000000000000e+04
3.821300000000000000e+04
3.821900000000000000e+04
3.827900000000000000e+04
3.828300000000000000e+04
3.842000000000000000e+04
3.842100000000000000e+04
3.845300000000000000e+04
3.845700000000000000e+04
3.847900000000000000e+04
3.857300000000000000e+04
3.858200000000000000e+04
3.860000000000000000e+04
3.860600000000000000e+04
3.861800000000000000e+04
3.865900000000000000e+04
3.866000000000000000e+04
3.866300000000000000e+04
3.870700000000000000e+04
3.875100000000000000e+04
3.881700000000000000e+04
3.890400000000000000e+04
3.890800000000000000e+04
3.893500000000000000e+04
3.907300000000000000e+04
3.922700000000000000e+04
3.926900000000000000e+04
3.928100000000000000e+04
3.934200000000000000e+04
3.938200000000000000e+04
3.946500000000000000e+04
3.950200000000000000e+04
3.951500000000000000e+04
3.953100000000000000e+04
3.957700000000000000e+04
3.959600000000000000e+04
3.960800000000000000e+04
3.961000000000000000e+04
3.961400000000000000e+04
3.963100000000000000e+04
3.966500000000000000e+04
3.967100000000000000e+04
3.967800000000000000e+04
3.971900000000000000e+04
3.979200000000000000e+04
3.979900000000000000e+04
3.985000000000000000e+04
3.988400000000000000e+04
3.992800000000000000e+04
3.992900000000000000e+04
3.993700000000000000e+04
3.994000000000000000e+04
3.999200000000000000e+04
3.999800000000000000e+04
4.007200000000000000e+04
4.008700000000000000e+04
4.013100000000000000e+04
4.014500000000000000e+04
4.023300000000000000e+04
4.034900000000000000e+04
4.035500000000000000e+04
4.037000000000000000e+04
4.044100000000000000e+04
4.050300000000000000e+04
4.052700000000000000e+04
4.055900000000000000e+04
4.057100000000000000e+04
4.057600000000000000e+04
4.058500000000000000e+04
4.061500000000000000e+04
4.071700000000000000e+04
4.089600000000000000e+04
4.091900000000000000e+04
4.105800000000000000e+04
4.105900000000000000e+04
4.110200000000000000e+04
4.110600000000000000e+04
4.115000000000000000e+04
4.118500000000000000e+04
4.120700000000000000e+04
4.120900000000000000e+04
4.138900000000000000e+04
4.139900000000000000e+04
4.142600000000000000e+04
4.151300000000000000e+04
4.162000000000000000e+04
4.165000000000000000e+04
4.166700000000000000e+04
4.170600000000000000e+04
4.171600000000000000e+04
4.186800000000000000e+04
4.187400000000000000e+04
4.188200000000000000e+04
4.191200000000000000e+04
4.191600000000000000e+04
4.200200000000000000e+04
4.205200000000000000e+04
4.209500000000000000e+04
4.219400000000000000e+04
4.220200000000000000e+04
4.220800000000000000e+04
4.221000000000000000e+04
4.227200000000000000e+04
4.227300000000000000e+04
4.227500000000000000e+04
4.227700000000000000e+04
4.227900000000000000e+04
4.229200000000000000e+04
4.231600000000000000e+04
4.237600000000000000e+04
4.244300000000000000e+04
4.246000000000000000e+04
4.246400000000000000e+04
4.250200000000000000e+04
4.252000000000000000e+04
4.257300000000000000e+04
4.260000000000000000e+04
4.269100000000000000e+04
4.271600000000000000e+04
4.273100000000000000e+04
4.277900000000000000e+04
4.280900000000000000e+04
4.281200000000000000e+04
4.281800000000000000e+04
4.282200000000000000e+04
4.282300000000000000e+04
4.288800000000000000e+04
4.295700000000000000e+04
4.296300000000000000e+04
4.307400000000000000e+04
4.310500000000000000e+04
4.312900000000000000e+04
4.324500000000000000e+04
4.324800000000000000e+04
4.328700000000000000e+04
4.331000000000000000e+04
4.335000000000000000e+04
4.348700000000000000e+04
4.350200000000000000e+04
4.350900000000000000e+04
4.351200000000000000e+04
4.352100000000000000e+04
4.352400000000000000e+04
4.362000000000000000e+04
4.371100000000000000e+04
4.382000000000000000e+04
4.384400000000000000e+04
4.386300000000000000e+04
4.398100000000000000e+04
4.407100000000000000e+04
4.407300000000000000e+04
4.410800000000000000e+04
4.422700000000000000e+04
4.423500000000000000e+04
4.423800000000000000e+04
4.424200000000000000e+04
4.424500000000000000e+04
4.431300000000000000e+04
4.432600000000000000e+04
4.432800000000000000e+04
4.436300000000000000e+04
4.436900000000000000e+04
4.439900000000000000e+04
4.441000000000000000e+04
4.444200000000000000e+04
4.452600000000000000e+04
4.453100000000000000e+04
4.454200000000000000e+04
4.460200000000000000e+04
4.461200000000000000e+04
4.464700000000000000e+04
4.468500000000000000e+04
4.468600000000000000e+04
4.468900000000000000e+04
4.470300000000000000e+04
4.472600000000000000e+04
4.473000000000000000e+04
4.475500000000000000e+04
4.475800000000000000e+04
4.476000000000000000e+04
4.476300000000000000e+04
4.476400000000000000e+04
4.477300000000000000e+04
4.477500000000000000e+04
4.479000000000000000e+04
4.480800000000000000e+04
4.482500000000000000e+04
4.505300000000000000e+04
4.505800000000000000e+04
4.506000000000000000e+04
4.506400000000000000e+04
4.515400000000000000e+04
4.519700000000000000e+04
4.523600000000000000e+04
4.529800000000000000e+04
4.531000000000000000e+04
4.531600000000000000e+04
4.533300000000000000e+04
4.533500000000000000e+04
4.539900000000000000e+04
4.541600000000000000e+04
4.542500000000000000e+04
4.546300000000000000e+04
4.547000000000000000e+04
4.554500000000000000e+04
4.557900000000000000e+04
4.562400000000000000e+04
4.571900000000000000e+04
4.577500000000000000e+04
4.578200000000000000e+04
4.582200000000000000e+04
4.582300000000000000e+04
4.585600000000000000e+04
4.604100000000000000e+04
4.607400000000000000e+04
4.607500000000000000e+04
4.616000000000000000e+04
4.629500000000000000e+04
4.629600000000000000e+04
4.632100000000000000e+04
4.638700000000000000e+04
4.639700000000000000e+04
4.640100000000000000e+04
4.640600000000000000e+04
4.640700000000000000e+04
4.643800000000000000e+04
4.643900000000000000e+04
4.644000000000000000e+04
4.644500000000000000e+04
4.646000000000000000e+04
4.647200000000000000e+04
4.647500000000000000e+04
4.654500000000000000e+04
4.655200000000000000e+04
4.655400000000000000e+04
4.663000000000000000e+04
4.663100000000000000e+04
4.663400000000000000e+04
4.666500000000000000e+04
4.668000000000000000e+04
4.671900000000000000e+04
4.673000000000000000e+04
4.674000000000000000e+04
4.675300000000000000e+04
4.677900000000000000e+04
4.679500000000000000e+04
4.680100000000000000e+04
4.687600000000000000e+04
4.690600000000000000e+04
4.692800000000000000e+04
4.699400000000000000e+04
4.703200000000000000e+04
4.709500000000000000e+04
4.716300000000000000e+04
4.724900000000000000e+04
4.725200000000000000e+04
4.726600000000000000e+04
4.729000000000000000e+04
4.732600000000000000e+04
4.737900000000000000e+04
4.752600000000000000e+04
4.753400000000000000e+04
4.775700000000000000e+04
4.778600000000000000e+04
4.782900000000000000e+04
4.786000000000000000e+04
4.796400000000000000e+04
4.798000000000000000e+04
4.798600000000000000e+04
4.799100000000000000e+04
4.800700000000000000e+04
4.803800000000000000e+04
4.805600000000000000e+04
4.806400000000000000e+04
4.810600000000000000e+04
4.822300000000000000e+04
4.822500000000000000e+04
4.827000000000000000e+04
4.832900000000000000e+04
4.833300000000000000e+04
4.835800000000000000e+04
4.839400000000000000e+04
4.839800000000000000e+04
4.842400000000000000e+04
4.844000000000000000e+04
4.845800000000000000e+04
4.845900000000000000e+04
4.847800000000000000e+04
4.850000000000000000e+04
4.851000000000000000e+04
4.853700000000000000e+04
4.863900000000000000e+04
4.872200000000000000e+04
4.875700000000000000e+04
4.877400000000000000e+04
4.877500000000000000e+04
4.879500000000000000e+04
4.879700000000000000e+04
4.890400000000000000e+04
4.891100000000000000e+04
4.897200000000000000e+04
4.898600000000000000e+04
4.909400000000000000e+04
4.910400000000000000e+04
4.910700000000000000e+04
4.913200000000000000e+04
4.913400000000000000e+04
4.918000000000000000e+04
4.924800000000000000e+04
4.925200000000000000e+04
4.925300000000000000e+04
4.926100000000000000e+04
4.927300000000000000e+04
4.930400000000000000e+04
4.931600000000000000e+04
4.931900000000000000e+04
4.932000000000000000e+04
4.932400000000000000e+04
4.934400000000000000e+04
4.940600000000000000e+04
4.948400000000000000e+04
4.950800000000000000e+04
4.956400000000000000e+04
4.960000000000000000e+04
4.964700000000000000e+04
4.968700000000000000e+04
4.972300000000000000e+04
4.978400000000000000e+04
4.979300000000000000e+04
4.979400000000000000e+04
4.979900000000000000e+04
4.995300000000000000e+04
4.996500000000000000e+04
5.014100000000000000e+04
5.014400000000000000e+04
5.024500000000000000e+04
5.029200000000000000e+04
5.037300000000000000e+04
5.038100000000000000e+04
5.041700000000000000e+04
5.048600000000000000e+04
5.053900000000000000e+04
5.059000000000000000e+04
5.071400000000000000e+04
5.072500000000000000e+04
5.074200000000000000e+04
5.076000000000000000e+04
5.076200000000000000e+04
5.098200000000000000e+04
5.100100000000000000e+04
5.109700000000000000e+04
5.111100000000000000e+04
5.115100000000000000e+04
5.115500000000000000e+04
5.120300000000000000e+04
5.120500000000000000e+04
5.121000000000000000e+04
5.121500000000000000e+04
5.122800000000000000e+04
5.122900000000000000e+04
5.123200000000000000e+04
5.123500000000000000e+04
5.125400000000000000e+04
5.125900000000000000e+04
5.127800000000000000e+04
5.130000000000000000e+04
5.131300000000000000e+04
5.133500000000000000e+04
5.134300000000000000e+04
5.134700000000000000e+04
5.139600000000000000e+04
5.141200000000000000e+04
5.144500000000000000e+04
5.155300000000000000e+04
5.160900000000000000e+04
5.162800000000000000e+04
5.163000000000000000e+04
5.163200000000000000e+04
5.165200000000000000e+04
5.166200000000000000e+04
5.169200000000000000e+04
5.193000000000000000e+04
5.194700000000000000e+04
5.195000000000000000e+04
5.195400000000000000e+04
5.196500000000000000e+04
5.197300000000000000e+04
5.198500000000000000e+04
5.200000000000000000e+04
5.200600000000000000e+04
5.202600000000000000e+04
5.209200000000000000e+04
5.212600000000000000e+04
5.213900000000000000e+04
5.216200000000000000e+04
5.219200000000000000e+04
5.226300000000000000e+04
5.227200000000000000e+04
5.240700000000000000e+04
5.242300000000000000e+04
5.242900000000000000e+04
5.249400000000000000e+04
5.268300000000000000e+04
5.270000000000000000e+04
5.278500000000000000e+04
5.282200000000000000e+04
5.284800000000000000e+04
5.285000000000000000e+04
5.287300000000000000e+04
5.287900000000000000e+04
5.289900000000000000e+04
5.290000000000000000e+04
5.293100000000000000e+04
5.300700000000000000e+04
5.300900000000000000e+04
5.302500000000000000e+04
5.304200000000000000e+04
5.306500000000000000e+04
5.311200000000000000e+04
5.315900000000000000e+04
5.318300000000000000e+04
5.321800000000000000e+04
5.323600000000000000e+04
5.324200000000000000e+04
5.325600000000000000e+04
5.326200000000000000e+04
5.326800000000000000e+04
5.327300000000000000e+04
5.327400000000000000e+04
5.330000000000000000e+04
5.332100000000000000e+04
5.334300000000000000e+04
5.350800000000000000e+04
5.355000000000000000e+04
5.355100000000000000e+04
5.359600000000000000e+04
5.360800000000000000e+04
5.366200000000000000e+04
5.366600000000000000e+04
5.373200000000000000e+04
5.377600000000000000e+04
5.387200000000000000e+04
5.387700000000000000e+04
5.390100000000000000e+04
5.390600000000000000e+04
5.400800000000000000e+04
5.402300000000000000e+04
5.402800000000000000e+04
5.406100000000000000e+04
5.410700000000000000e+04
5.413600000000000000e+04
5.415000000000000000e+04
5.417100000000000000e+04
5.420300000000000000e+04
5.428600000000000000e+04
5.428800000000000000e+04
5.436200000000000000e+04
5.441100000000000000e+04
5.442700000000000000e+04
5.442800000000000000e+04
5.443300000000000000e+04
5.454500000000000000e+04
5.454900000000000000e+04
5.456200000000000000e+04
5.456900000000000000e+04
5.462000000000000000e+04
5.462200000000000000e+04
5.462900000000000000e+04
5.470800000000000000e+04
5.474500000000000000e+04
5.474700000000000000e+04
5.480000000000000000e+04
5.490300000000000000e+04
5.493300000000000000e+04
5.496100000000000000e+04
5.500400000000000000e+04
5.501100000000000000e+04
5.502600000000000000e+04
5.509400000000000000e+04
5.511000000000000000e+04
5.512900000000000000e+04
5.517600000000000000e+04
5.518800000000000000e+04
5.519000000000000000e+04
5.520800000000000000e+04
5.523300000000000000e+04
5.526000000000000000e+04
5.530600000000000000e+04
5.531800000000000000e+04
5.544500000000000000e+04
5.544800000000000000e+04
5.556700000000000000e+04
5.561200000000000000e+04
5.563100000000000000e+04
5.577900000000000000e+04
5.581300000000000000e+04
5.585800000000000000e+04
5.586900000000000000e+04
5.592500000000000000e+04
5.593000000000000000e+04
5.599000000000000000e+04
5.600200000000000000e+04
5.602200000000000000e+04
5.613400000000000000e+04
5.614600000000000000e+04
5.615800000000000000e+04
5.615900000000000000e+04
5.616600000000000000e+04
5.620300000000000000e+04
5.620400000000000000e+04
5.622900000000000000e+04
5.624000000000000000e+04
5.627800000000000000e+04
5.629700000000000000e+04
5.634500000000000000e+04
5.639500000000000000e+04
5.640600000000000000e+04
5.646600000000000000e+04
5.647300000000000000e+04
5.649400000000000000e+04
5.650000000000000000e+04
5.660100000000000000e+04
5.660800000000000000e+04
5.669500000000000000e+04
5.675400000000000000e+04
5.677600000000000000e+04
5.680000000000000000e+04
5.680400000000000000e+04
5.681100000000000000e+04
5.681700000000000000e+04
5.682700000000000000e+04
5.683900000000000000e+04
5.686300000000000000e+04
5.688000000000000000e+04
5.694300000000000000e+04
5.694400000000000000e+04
5.694600000000000000e+04
5.699100000000000000e+04
5.701100000000000000e+04
5.703400000000000000e+04
5.707800000000000000e+04
5.709200000000000000e+04
5.711700000000000000e+04
5.717900000000000000e+04
5.718800000000000000e+04
5.719600000000000000e+04
5.721800000000000000e+04
5.722000000000000000e+04
5.734200000000000000e+04
5.740700000000000000e+04
5.751200000000000000e+04
5.753200000000000000e+04
5.756800000000000000e+04
5.763300000000000000e+04
5.765100000000000000e+04
5.767800000000000000e+04
5.773000000000000000e+04
5.773200000000000000e+04
5.773800000000000000e+04
5.784000000000000000e+04
5.784200000000000000e+04
5.785600000000000000e+04
5.786200000000000000e+04
5.795400000000000000e+04
5.796300000000000000e+04
5.803500000000000000e+04
5.806500000000000000e+04
5.807400000000000000e+04
5.807700000000000000e+04
5.808000000000000000e+04
5.809700000000000000e+04
5.810400000000000000e+04
5.811300000000000000e+04
5.816700000000000000e+04
5.817200000000000000e+04
5.818400000000000000e+04
5.819500000000000000e+04
5.819600000000000000e+04
5.819700000000000000e+04
5.822300000000000000e+04
5.825500000000000000e+04
5.826000000000000000e+04
5.838200000000000000e+04
5.844700000000000000e+04
5.846000000000000000e+04
5.846800000000000000e+04
5.849900000000000000e+04
5.852500000000000000e+04
5.855300000000000000e+04
5.855500000000000000e+04
5.861500000000000000e+04
5.861700000000000000e+04
5.863100000000000000e+04
5.866000000000000000e+04
5.868700000000000000e+04
5.869400000000000000e+04
5.874600000000000000e+04
5.875500000000000000e+04
5.875600000000000000e+04
5.882600000000000000e+04
5.887600000000000000e+04
5.888700000000000000e+04
5.889100000000000000e+04
5.889300000000000000e+04
5.891900000000000000e+04
5.895600000000000000e+04
5.897600000000000000e+04
5.898800000000000000e+04
5.898900000000000000e+04
5.909400000000000000e+04
5.918600000000000000e+04
5.918700000000000000e+04
5.922300000000000000e+04
5.923000000000000000e+04
5.923300000000000000e+04
5.924400000000000000e+04
5.925600000000000000e+04
5.927000000000000000e+04
5.927600000000000000e+04
5.927700000000000000e+04
5.934600000000000000e+04
5.935300000000000000e+04
5.936800000000000000e+04
5.943500000000000000e+04
5.946200000000000000e+04
5.949700000000000000e+04
5.951300000000000000e+04
5.952400000000000000e+04
5.952800000000000000e+04
5.954200000000000000e+04
5.954300000000000000e+04
5.955000000000000000e+04
5.959200000000000000e+04
5.959600000000000000e+04
5.959800000000000000e+04
5.960200000000000000e+04
5.961700000000000000e+04
5.972300000000000000e+04
5.976900000000000000e+04
5.977200000000000000e+04
5.977400000000000000e+04
5.980500000000000000e+04
5.986300000000000000e+04
5.986600000000000000e+04
5.989000000000000000e+04
5.990800000000000000e+04
6.000500000000000000e+04
6.003800000000000000e+04
6.006500000000000000e+04
6.008900000000000000e+04
6.013300000000000000e+04
6.025200000000000000e+04
6.026300000000000000e+04
6.026500000000000000e+04
6.028000000000000000e+04
6.028800000000000000e+04
6.035300000000000000e+04
6.036200000000000000e+04
6.040000000000000000e+04
6.040600000000000000e+04
6.042700000000000000e+04
6.043300000000000000e+04
6.043400000000000000e+04
6.043600000000000000e+04
6.048600000000000000e+04
6.053200000000000000e+04
6.056100000000000000e+04
6.057200000000000000e+04
6.057500000000000000e+04
6.059900000000000000e+04
6.062700000000000000e+04
6.064300000000000000e+04
6.069200000000000000e+04
6.069800000000000000e+04
6.086300000000000000e+04
6.086900000000000000e+04
6.088700000000000000e+04
6.090100000000000000e+04
6.090800000000000000e+04
6.092300000000000000e+04
6.095100000000000000e+04
6.095700000000000000e+04
6.096300000000000000e+04
6.104200000000000000e+04
6.105600000000000000e+04
6.109100000000000000e+04
6.109200000000000000e+04
6.113000000000000000e+04
6.114900000000000000e+04
6.116600000000000000e+04
6.118500000000000000e+04
6.118700000000000000e+04
6.120700000000000000e+04
6.125900000000000000e+04
6.126100000000000000e+04
6.129700000000000000e+04
6.131100000000000000e+04
6.133000000000000000e+04
6.134700000000000000e+04
6.138800000000000000e+04
6.139200000000000000e+04
6.145900000000000000e+04
6.149100000000000000e+04
6.157900000000000000e+04
6.161300000000000000e+04
6.161800000000000000e+04
6.162900000000000000e+04
6.168600000000000000e+04
6.169500000000000000e+04
6.171700000000000000e+04
6.173200000000000000e+04
6.173600000000000000e+04
6.174000000000000000e+04
6.179500000000000000e+04
6.181000000000000000e+04
6.182000000000000000e+04
6.188100000000000000e+04
6.191100000000000000e+04
6.192000000000000000e+04
6.192600000000000000e+04
6.192900000000000000e+04
6.203600000000000000e+04
6.210000000000000000e+04
6.212000000000000000e+04
6.213200000000000000e+04
6.214600000000000000e+04
6.226600000000000000e+04
6.227200000000000000e+04
6.228800000000000000e+04
6.231800000000000000e+04
6.234200000000000000e+04
6.236000000000000000e+04
6.236200000000000000e+04
6.236900000000000000e+04
6.238300000000000000e+04
6.239700000000000000e+04
6.241200000000000000e+04
6.242500000000000000e+04
6.248400000000000000e+04
6.257300000000000000e+04
6.258200000000000000e+04
6.259500000000000000e+04
6.260400000000000000e+04
6.263300000000000000e+04
6.264300000000000000e+04
6.266600000000000000e+04
6.267200000000000000e+04
6.267900000000000000e+04
6.269100000000000000e+04
6.273500000000000000e+04
6.274400000000000000e+04
6.282800000000000000e+04
6.285000000000000000e+04
6.287400000000000000e+04
6.289500000000000000e+04
6.292000000000000000e+04
6.295900000000000000e+04
6.297000000000000000e+04
6.299000000000000000e+04
6.300700000000000000e+04
6.306400000000000000e+04
6.320600000000000000e+04
6.325500000000000000e+04
6.338100000000000000e+04
6.338500000000000000e+04
6.339900000000000000e+04
6.346300000000000000e+04
6.347300000000000000e+04
6.350900000000000000e+04
6.353200000000000000e+04
6.353700000000000000e+04
6.354000000000000000e+04
6.357100000000000000e+04
6.366300000000000000e+04
6.367000000000000000e+04
6.367800000000000000e+04
6.367900000000000000e+04
6.373300000000000000e+04
6.375900000000000000e+04
6.380900000000000000e+04
6.384000000000000000e+04
6.389400000000000000e+04
6.392900000000000000e+04
6.398100000000000000e+04
6.400300000000000000e+04
6.420200000000000000e+04
6.423600000000000000e+04
6.426500000000000000e+04
6.427900000000000000e+04
6.428000000000000000e+04
6.436800000000000000e+04
6.442600000000000000e+04
6.449000000000000000e+04
6.450200000000000000e+04
6.452100000000000000e+04
6.455000000000000000e+04
6.456900000000000000e+04
6.463400000000000000e+04
6.464400000000000000e+04
6.470000000000000000e+04
6.476600000000000000e+04
6.477600000000000000e+04
6.480800000000000000e+04
6.483900000000000000e+04
6.515300000000000000e+04
6.519800000000000000e+04
6.522500000000000000e+04
6.535800000000000000e+04
6.537000000000000000e+04
6.543000000000000000e+04
6.545000000000000000e+04
6.558500000000000000e+04
6.573900000000000000e+04
6.574200000000000000e+04
6.575500000000000000e+04
6.577700000000000000e+04
6.584300000000000000e+04
6.598200000000000000e+04
6.613600000000000000e+04
6.614500000000000000e+04
6.621000000000000000e+04
6.630000000000000000e+04
6.642500000000000000e+04
6.646400000000000000e+04
6.651900000000000000e+04
6.653300000000000000e+04
6.656300000000000000e+04
6.658200000000000000e+04
6.662200000000000000e+04
6.664900000000000000e+04
6.669200000000000000e+04
6.680100000000000000e+04
6.684100000000000000e+04
6.687600000000000000e+04
6.687700000000000000e+04
6.689800000000000000e+04
6.696400000000000000e+04
6.697100000000000000e+04
6.697900000000000000e+04
6.698500000000000000e+04
6.698700000000000000e+04
6.699600000000000000e+04
6.699700000000000000e+04
6.699800000000000000e+04
6.703500000000000000e+04
6.709800000000000000e+04
6.716800000000000000e+04
6.720700000000000000e+04
6.724000000000000000e+04
6.732900000000000000e+04
6.733100000000000000e+04
6.735600000000000000e+04
6.736100000000000000e+04
6.737100000000000000e+04
6.737500000000000000e+04
6.741600000000000000e+04
6.771300000000000000e+04
6.773200000000000000e+04
6.776200000000000000e+04
6.779400000000000000e+04
6.779600000000000000e+04
6.785500000000000000e+04
6.788000000000000000e+04
6.808100000000000000e+04
6.811300000000000000e+04
6.814700000000000000e+04
6.817600000000000000e+04
6.819000000000000000e+04
6.819700000000000000e+04
6.821700000000000000e+04
6.824600000000000000e+04
6.828800000000000000e+04
6.830200000000000000e+04
6.832700000000000000e+04
6.834800000000000000e+04
6.841800000000000000e+04
6.843400000000000000e+04
6.847800000000000000e+04
6.848200000000000000e+04
6.853000000000000000e+04
6.856400000000000000e+04
6.862200000000000000e+04
6.868500000000000000e+04
6.880600000000000000e+04
6.893600000000000000e+04
6.901100000000000000e+04
6.906300000000000000e+04
6.906600000000000000e+04
6.909100000000000000e+04
6.910800000000000000e+04
6.920700000000000000e+04
6.921700000000000000e+04
6.921800000000000000e+04
6.926300000000000000e+04
6.944100000000000000e+04
6.945100000000000000e+04
6.945800000000000000e+04
6.947000000000000000e+04
6.949800000000000000e+04
6.954100000000000000e+04
6.959900000000000000e+04
6.962300000000000000e+04
6.962500000000000000e+04
6.970600000000000000e+04
6.979100000000000000e+04
6.988100000000000000e+04
6.992700000000000000e+04
6.994400000000000000e+04
6.997400000000000000e+04
7.001200000000000000e+04
7.003600000000000000e+04
7.004000000000000000e+04
7.004500000000000000e+04
7.004600000000000000e+04
7.006900000000000000e+04
7.009500000000000000e+04
7.011800000000000000e+04
7.012300000000000000e+04
7.014900000000000000e+04
7.020700000000000000e+04
7.022200000000000000e+04
7.022700000000000000e+04
7.024400000000000000e+04
7.027700000000000000e+04
7.029200000000000000e+04
7.030100000000000000e+04
7.036200000000000000e+04
7.037500000000000000e+04
7.046900000000000000e+04
7.067800000000000000e+04
7.076800000000000000e+04
7.085900000000000000e+04
7.088000000000000000e+04
7.090700000000000000e+04
7.092900000000000000e+04
7.093400000000000000e+04
7.101300000000000000e+04
7.104600000000000000e+04
7.113300000000000000e+04
7.123300000000000000e+04
7.126300000000000000e+04
7.126600000000000000e+04
7.130200000000000000e+04
7.131700000000000000e+04
7.135100000000000000e+04
7.136300000000000000e+04
7.136700000000000000e+04
7.136800000000000000e+04
7.137500000000000000e+04
7.138700000000000000e+04
7.140500000000000000e+04
7.146000000000000000e+04
7.149400000000000000e+04
7.150700000000000000e+04
7.159700000000000000e+04
7.161500000000000000e+04
7.166300000000000000e+04
7.168500000000000000e+04
7.173400000000000000e+04
7.186000000000000000e+04
7.192200000000000000e+04
7.196300000000000000e+04
7.196400000000000000e+04
7.199200000000000000e+04
7.200900000000000000e+04
7.201100000000000000e+04
7.207100000000000000e+04
7.208500000000000000e+04
7.210200000000000000e+04
7.213100000000000000e+04
7.215100000000000000e+04
7.221800000000000000e+04
7.225700000000000000e+04
7.229600000000000000e+04
7.232800000000000000e+04
7.234500000000000000e+04
7.235600000000000000e+04
7.243700000000000000e+04
7.255800000000000000e+04
7.258200000000000000e+04
7.266600000000000000e+04
7.269600000000000000e+04
7.273500000000000000e+04
7.274300000000000000e+04
7.275000000000000000e+04
7.277700000000000000e+04
7.279900000000000000e+04
7.287100000000000000e+04
7.287400000000000000e+04
7.287500000000000000e+04
7.304100000000000000e+04
7.307700000000000000e+04
7.313100000000000000e+04
7.316600000000000000e+04
7.316800000000000000e+04
7.319200000000000000e+04
7.319300000000000000e+04
7.325200000000000000e+04
7.336100000000000000e+04
7.339000000000000000e+04
7.344100000000000000e+04
7.345000000000000000e+04
7.346800000000000000e+04
7.353500000000000000e+04
7.357900000000000000e+04
7.358500000000000000e+04
7.361700000000000000e+04
7.362200000000000000e+04
7.365600000000000000e+04
7.365900000000000000e+04
7.367300000000000000e+04
7.373100000000000000e+04
7.395900000000000000e+04
7.400200000000000000e+04
7.406100000000000000e+04
7.408900000000000000e+04
7.414700000000000000e+04
7.415100000000000000e+04
7.415400000000000000e+04
7.416300000000000000e+04
7.417200000000000000e+04
7.420100000000000000e+04
7.421800000000000000e+04
7.422300000000000000e+04
7.425000000000000000e+04
7.433400000000000000e+04
7.439800000000000000e+04
7.441300000000000000e+04
7.454600000000000000e+04
7.454700000000000000e+04
7.454800000000000000e+04
7.454900000000000000e+04
7.455900000000000000e+04
7.462800000000000000e+04
7.474300000000000000e+04
7.500600000000000000e+04
7.504500000000000000e+04
7.505000000000000000e+04
7.528600000000000000e+04
7.528800000000000000e+04
7.533400000000000000e+04
7.541100000000000000e+04
7.546100000000000000e+04
7.549800000000000000e+04
7.563200000000000000e+04
7.563800000000000000e+04
7.572700000000000000e+04
7.581300000000000000e+04
7.600100000000000000e+04
7.601600000000000000e+04
7.611800000000000000e+04
7.612600000000000000e+04
7.613300000000000000e+04
7.619100000000000000e+04
7.624400000000000000e+04
7.636500000000000000e+04
7.646600000000000000e+04
7.648900000000000000e+04
7.652500000000000000e+04
7.652700000000000000e+04
7.653400000000000000e+04
7.658000000000000000e+04
7.664400000000000000e+04
7.669500000000000000e+04
7.673300000000000000e+04
7.683300000000000000e+04
7.688100000000000000e+04
7.689700000000000000e+04
7.692800000000000000e+04
7.693100000000000000e+04
7.696400000000000000e+04
7.700500000000000000e+04
7.704500000000000000e+04
7.713400000000000000e+04
7.713700000000000000e+04
7.720000000000000000e+04
7.729200000000000000e+04
7.734300000000000000e+04
7.735900000000000000e+04
7.736000000000000000e+04
7.738700000000000000e+04
7.739300000000000000e+04
7.755600000000000000e+04
7.759000000000000000e+04
7.766000000000000000e+04
7.771700000000000000e+04
7.782600000000000000e+04
7.802600000000000000e+04
7.804300000000000000e+04
7.806400000000000000e+04
7.806600000000000000e+04
7.809500000000000000e+04
7.814400000000000000e+04
7.830300000000000000e+04
7.830600000000000000e+04
7.834500000000000000e+04
7.836100000000000000e+04
7.838300000000000000e+04
7.844400000000000000e+04
7.846800000000000000e+04
7.851800000000000000e+04
7.857200000000000000e+04
7.861700000000000000e+04
7.861900000000000000e+04
7.878300000000000000e+04
7.888200000000000000e+04
7.888900000000000000e+04
7.889500000000000000e+04
7.897300000000000000e+04
7.901900000000000000e+04
7.906900000000000000e+04
7.912300000000000000e+04
7.919100000000000000e+04
7.920400000000000000e+04
7.935300000000000000e+04
7.944600000000000000e+04
7.946400000000000000e+04
7.951300000000000000e+04
7.952600000000000000e+04
7.953300000000000000e+04
7.956600000000000000e+04
7.957300000000000000e+04
7.958700000000000000e+04
7.967600000000000000e+04
7.968900000000000000e+04
7.970000000000000000e+04
7.976600000000000000e+04
7.992900000000000000e+04
8.000900000000000000e+04
8.003200000000000000e+04
8.013100000000000000e+04
8.014900000000000000e+04
8.019100000000000000e+04
8.027000000000000000e+04
8.034500000000000000e+04
8.037700000000000000e+04
8.048700000000000000e+04
8.052300000000000000e+04
8.055900000000000000e+04
8.070700000000000000e+04
8.085300000000000000e+04
8.092900000000000000e+04
8.108000000000000000e+04
8.108500000000000000e+04
8.112000000000000000e+04
8.116600000000000000e+04
8.118300000000000000e+04
8.119100000000000000e+04
8.119900000000000000e+04
8.120500000000000000e+04
8.120600000000000000e+04
8.121100000000000000e+04
8.121200000000000000e+04
8.121700000000000000e+04
8.123000000000000000e+04
8.123800000000000000e+04
8.130000000000000000e+04
8.131300000000000000e+04
8.134200000000000000e+04
8.140400000000000000e+04
8.140800000000000000e+04
8.147100000000000000e+04
8.158300000000000000e+04
8.162200000000000000e+04
8.164000000000000000e+04
8.167900000000000000e+04
8.176300000000000000e+04
8.177200000000000000e+04
8.178700000000000000e+04
8.180400000000000000e+04
8.187700000000000000e+04
8.190600000000000000e+04
8.209400000000000000e+04
8.211100000000000000e+04
8.214700000000000000e+04
8.217900000000000000e+04
8.241300000000000000e+04
8.270200000000000000e+04
8.270500000000000000e+04
8.271100000000000000e+04
8.279500000000000000e+04
8.280200000000000000e+04
8.282300000000000000e+04
8.296700000000000000e+04
8.303500000000000000e+04
8.305000000000000000e+04
8.312900000000000000e+04
8.313000000000000000e+04
8.316900000000000000e+04
8.317700000000000000e+04
8.325100000000000000e+04
8.354200000000000000e+04
8.359300000000000000e+04
8.363700000000000000e+04
8.367800000000000000e+04
8.368100000000000000e+04
8.382500000000000000e+04
8.382700000000000000e+04
8.383500000000000000e+04
8.393100000000000000e+04
8.403800000000000000e+04
8.409100000000000000e+04
8.410300000000000000e+04
8.411700000000000000e+04
8.421400000000000000e+04
8.433200000000000000e+04
8.438400000000000000e+04
8.441000000000000000e+04
8.441300000000000000e+04
8.442400000000000000e+04
8.445400000000000000e+04
8.451300000000000000e+04
8.458400000000000000e+04
8.459800000000000000e+04
8.470100000000000000e+04
8.475200000000000000e+04
8.475900000000000000e+04
8.492000000000000000e+04
8.494000000000000000e+04
8.505300000000000000e+04
8.507700000000000000e+04
8.514700000000000000e+04
8.520400000000000000e+04
8.520800000000000000e+04
8.521300000000000000e+04
8.523500000000000000e+04
8.526900000000000000e+04
8.543700000000000000e+04
8.550400000000000000e+04
8.567100000000000000e+04
8.606300000000000000e+04
8.607600000000000000e+04
8.617500000000000000e+04
8.629400000000000000e+04
8.632200000000000000e+04
8.632300000000000000e+04
8.639600000000000000e+04
8.651800000000000000e+04
8.662500000000000000e+04
8.664800000000000000e+04
8.682600000000000000e+04
8.683200000000000000e+04
8.693800000000000000e+04
8.695800000000000000e+04
8.700700000000000000e+04
8.701500000000000000e+04
8.702700000000000000e+04
8.705800000000000000e+04
8.709500000000000000e+04
