2.941000000000000000e+03
2.974000000000000000e+03
4.302000000000000000e+03
4.593000000000000000e+03
4.933000000000000000e+03
6.447000000000000000e+03
6.552000000000000000e+03
6.865000000000000000e+03
6.960000000000000000e+03
7.366000000000000000e+03
7.446000000000000000e+03
7.447000000000000000e+03
7.448000000000000000e+03
7.502000000000000000e+03
7.517000000000000000e+03
7.522000000000000000e+03
7.527000000000000000e+03
7.588000000000000000e+03
7.614000000000000000e+03
7.629000000000000000e+03
7.635000000000000000e+03
7.636000000000000000e+03
7.789000000000000000e+03
7.799000000000000000e+03
7.811000000000000000e+03
7.814000000000000000e+03
8.281000000000000000e+03
8.355000000000000000e+03
8.430000000000000000e+03
8.448000000000000000e+03
8.528000000000000000e+03
8.553000000000000000e+03
8.555000000000000000e+03
8.659000000000000000e+03
8.693000000000000000e+03
8.704000000000000000e+03
8.750000000000000000e+03
8.833000000000000000e+03
8.834000000000000000e+03
8.835000000000000000e+03
8.888000000000000000e+03
8.897000000000000000e+03
9.018000000000000000e+03
9.107000000000000000e+03
9.191000000000000000e+03
9.254000000000000000e+03
9.268000000000000000e+03
9.355000000000000000e+03
9.379000000000000000e+03
9.401000000000000000e+03
9.499000000000000000e+03
9.553000000000000000e+03
9.592000000000000000e+03
9.670000000000000000e+03
9.672000000000000000e+03
9.693000000000000000e+03
9.697000000000000000e+03
9.744000000000000000e+03
9.752000000000000000e+03
9.794000000000000000e+03
9.800000000000000000e+03
9.858000000000000000e+03
9.861000000000000000e+03
9.862000000000000000e+03
9.913000000000000000e+03
9.946000000000000000e+03
9.948000000000000000e+03
1.001300000000000000e+04
1.003100000000000000e+04
1.003300000000000000e+04
1.003800000000000000e+04
1.009300000000000000e+04
1.010000000000000000e+04
1.016400000000000000e+04
1.018400000000000000e+04
1.024300000000000000e+04
1.027400000000000000e+04
1.031200000000000000e+04
1.059800000000000000e+04
1.060300000000000000e+04
1.061000000000000000e+04
1.076600000000000000e+04
1.090900000000000000e+04
1.099700000000000000e+04
1.110100000000000000e+04
1.115500000000000000e+04
1.121400000000000000e+04
1.121700000000000000e+04
1.172600000000000000e+04
1.211800000000000000e+04
1.220300000000000000e+04
1.236900000000000000e+04
1.250100000000000000e+04
1.253600000000000000e+04
1.261000000000000000e+04
1.261800000000000000e+04
1.263100000000000000e+04
1.265700000000000000e+04
1.289300000000000000e+04
1.290500000000000000e+04
1.292600000000000000e+04
1.293700000000000000e+04
1.300700000000000000e+04
1.307300000000000000e+04
1.311000000000000000e+04
1.316400000000000000e+04
1.317400000000000000e+04
1.317500000000000000e+04
1.317600000000000000e+04
1.324800000000000000e+04
1.328700000000000000e+04
1.330700000000000000e+04
1.333200000000000000e+04
1.336500000000000000e+04
1.342000000000000000e+04
1.343500000000000000e+04
1.344100000000000000e+04
1.344400000000000000e+04
1.344500000000000000e+04
1.344600000000000000e+04
1.344800000000000000e+04
1.345100000000000000e+04
1.345200000000000000e+04
1.345300000000000000e+04
1.345400000000000000e+04
1.345600000000000000e+04
1.345800000000000000e+04
1.345900000000000000e+04
1.346200000000000000e+04
1.346300000000000000e+04
1.346500000000000000e+04
1.346600000000000000e+04
1.346900000000000000e+04
1.347000000000000000e+04
1.347100000000000000e+04
1.347700000000000000e+04
1.348100000000000000e+04
1.350800000000000000e+04
1.365600000000000000e+04
1.376400000000000000e+04
1.376500000000000000e+04
1.376600000000000000e+04
1.376700000000000000e+04
1.376800000000000000e+04
1.378000000000000000e+04
1.396700000000000000e+04
1.403300000000000000e+04
1.414900000000000000e+04
1.415000000000000000e+04
1.418200000000000000e+04
1.419100000000000000e+04
1.419200000000000000e+04
1.419300000000000000e+04
1.421900000000000000e+04
1.422500000000000000e+04
1.423200000000000000e+04
1.427300000000000000e+04
1.427400000000000000e+04
1.430800000000000000e+04
1.435700000000000000e+04
1.444300000000000000e+04
1.445500000000000000e+04
1.446900000000000000e+04
1.447000000000000000e+04
1.448000000000000000e+04
1.450200000000000000e+04
1.463100000000000000e+04
1.464100000000000000e+04
1.475700000000000000e+04
1.486400000000000000e+04
1.512800000000000000e+04
1.550600000000000000e+04
1.564100000000000000e+04
1.567300000000000000e+04
1.567800000000000000e+04
1.573900000000000000e+04
1.579900000000000000e+04
1.582700000000000000e+04
1.584700000000000000e+04
1.586400000000000000e+04
1.588600000000000000e+04
1.595700000000000000e+04
1.599300000000000000e+04
1.601900000000000000e+04
1.603300000000000000e+04
1.609000000000000000e+04
1.624900000000000000e+04
1.633700000000000000e+04
1.646900000000000000e+04
1.647100000000000000e+04
1.653200000000000000e+04
1.674600000000000000e+04
1.681500000000000000e+04
1.692000000000000000e+04
1.695200000000000000e+04
1.700900000000000000e+04
1.702300000000000000e+04
1.705200000000000000e+04
1.717600000000000000e+04
1.717900000000000000e+04
1.724100000000000000e+04
1.730200000000000000e+04
1.737500000000000000e+04
1.758400000000000000e+04
1.771600000000000000e+04
1.789000000000000000e+04
1.801400000000000000e+04
1.807800000000000000e+04
1.813800000000000000e+04
1.826900000000000000e+04
1.827500000000000000e+04
1.829900000000000000e+04
1.831100000000000000e+04
1.832500000000000000e+04
1.833400000000000000e+04
1.849700000000000000e+04
1.863300000000000000e+04
1.865800000000000000e+04
1.868700000000000000e+04
1.868900000000000000e+04
1.870000000000000000e+04
1.884100000000000000e+04
1.884200000000000000e+04
1.884400000000000000e+04
1.885600000000000000e+04
1.887600000000000000e+04
1.888200000000000000e+04
1.907600000000000000e+04
1.950100000000000000e+04
1.990200000000000000e+04
1.993100000000000000e+04
1.997500000000000000e+04
1.999000000000000000e+04
2.019300000000000000e+04
2.024200000000000000e+04
2.031600000000000000e+04
2.032300000000000000e+04
2.032400000000000000e+04
2.081800000000000000e+04
2.108400000000000000e+04
2.114000000000000000e+04
2.116200000000000000e+04
2.118200000000000000e+04
2.122800000000000000e+04
2.127400000000000000e+04
2.172900000000000000e+04
2.232700000000000000e+04
2.248700000000000000e+04
2.249000000000000000e+04
2.293900000000000000e+04
2.324500000000000000e+04
2.324700000000000000e+04
2.337200000000000000e+04
2.342000000000000000e+04
2.344100000000000000e+04
2.349800000000000000e+04
2.360500000000000000e+04
2.367500000000000000e+04
2.378700000000000000e+04
2.378800000000000000e+04
2.390000000000000000e+04
2.390600000000000000e+04
2.403600000000000000e+04
2.403800000000000000e+04
2.404300000000000000e+04
2.404600000000000000e+04
2.404700000000000000e+04
2.406800000000000000e+04
2.416500000000000000e+04
2.430800000000000000e+04
2.431200000000000000e+04
2.432100000000000000e+04
2.436500000000000000e+04
2.436800000000000000e+04
2.437200000000000000e+04
2.437300000000000000e+04
2.439800000000000000e+04
2.439900000000000000e+04
2.443100000000000000e+04
2.443300000000000000e+04
2.443500000000000000e+04
2.445200000000000000e+04
2.445500000000000000e+04
2.451300000000000000e+04
2.479200000000000000e+04
2.491600000000000000e+04
2.498200000000000000e+04
2.512700000000000000e+04
2.518500000000000000e+04
2.540100000000000000e+04
2.541700000000000000e+04
2.543300000000000000e+04
2.543400000000000000e+04
2.551500000000000000e+04
2.556100000000000000e+04
2.558100000000000000e+04
2.561100000000000000e+04
2.565300000000000000e+04
2.569900000000000000e+04
2.576300000000000000e+04
2.576500000000000000e+04
2.589000000000000000e+04
2.589700000000000000e+04
2.594100000000000000e+04
2.597400000000000000e+04
2.599900000000000000e+04
2.621100000000000000e+04
2.629300000000000000e+04
2.629500000000000000e+04
2.633000000000000000e+04
2.633300000000000000e+04
2.634200000000000000e+04
2.634300000000000000e+04
2.646700000000000000e+04
2.646800000000000000e+04
2.647700000000000000e+04
2.651400000000000000e+04
2.651500000000000000e+04
2.651600000000000000e+04
2.651700000000000000e+04
2.652400000000000000e+04
2.654500000000000000e+04
2.655300000000000000e+04
2.656400000000000000e+04
2.656500000000000000e+04
2.656700000000000000e+04
2.657000000000000000e+04
2.657300000000000000e+04
2.674400000000000000e+04
2.682800000000000000e+04
2.684200000000000000e+04
2.685400000000000000e+04
2.693200000000000000e+04
2.695600000000000000e+04
2.696900000000000000e+04
2.697400000000000000e+04
2.697500000000000000e+04
2.697600000000000000e+04
2.697900000000000000e+04
2.698700000000000000e+04
2.698800000000000000e+04
2.709300000000000000e+04
2.725000000000000000e+04
2.726800000000000000e+04
2.741700000000000000e+04
2.742600000000000000e+04
2.742800000000000000e+04
2.755300000000000000e+04
2.755400000000000000e+04
2.765900000000000000e+04
2.767800000000000000e+04
2.768500000000000000e+04
2.769000000000000000e+04
2.769300000000000000e+04
2.769400000000000000e+04
2.769700000000000000e+04
2.769800000000000000e+04
2.770000000000000000e+04
2.770100000000000000e+04
2.772600000000000000e+04
2.775500000000000000e+04
2.775600000000000000e+04
2.776300000000000000e+04
2.801400000000000000e+04
2.801500000000000000e+04
2.802100000000000000e+04
2.808300000000000000e+04
2.810100000000000000e+04
2.810200000000000000e+04
2.810300000000000000e+04
2.810600000000000000e+04
2.810700000000000000e+04
2.811100000000000000e+04
2.811200000000000000e+04
2.811500000000000000e+04
2.811900000000000000e+04
2.813100000000000000e+04
2.813900000000000000e+04
2.820000000000000000e+04
2.820600000000000000e+04
2.820800000000000000e+04
2.821500000000000000e+04
2.822100000000000000e+04
2.822800000000000000e+04
2.822900000000000000e+04
2.823700000000000000e+04
2.831600000000000000e+04
2.836500000000000000e+04
2.836600000000000000e+04
2.836700000000000000e+04
2.837200000000000000e+04
2.837300000000000000e+04
2.837400000000000000e+04
2.837700000000000000e+04
2.837900000000000000e+04
2.840300000000000000e+04
2.840900000000000000e+04
2.868300000000000000e+04
2.874400000000000000e+04
2.874800000000000000e+04
2.878100000000000000e+04
2.879800000000000000e+04
2.879900000000000000e+04
2.886400000000000000e+04
2.886500000000000000e+04
2.893700000000000000e+04
2.908900000000000000e+04
2.909100000000000000e+04
2.911400000000000000e+04
2.911500000000000000e+04
2.911600000000000000e+04
2.911700000000000000e+04
2.911800000000000000e+04
2.912200000000000000e+04
2.912500000000000000e+04
2.921600000000000000e+04
2.921700000000000000e+04
2.921800000000000000e+04
2.925600000000000000e+04
2.925700000000000000e+04
2.941600000000000000e+04
2.942700000000000000e+04
2.944700000000000000e+04
2.956200000000000000e+04
2.982700000000000000e+04
2.992700000000000000e+04
3.004400000000000000e+04
3.015200000000000000e+04
3.020800000000000000e+04
3.038000000000000000e+04
3.044300000000000000e+04
3.046800000000000000e+04
3.065700000000000000e+04
3.067500000000000000e+04
3.067600000000000000e+04
3.075200000000000000e+04
3.076300000000000000e+04
3.091600000000000000e+04
3.111200000000000000e+04
3.112100000000000000e+04
3.139700000000000000e+04
3.150300000000000000e+04
3.153200000000000000e+04
3.156500000000000000e+04
3.159100000000000000e+04
3.180900000000000000e+04
3.181600000000000000e+04
3.188300000000000000e+04
3.200500000000000000e+04
3.212900000000000000e+04
3.218900000000000000e+04
3.221100000000000000e+04
3.224700000000000000e+04
3.225500000000000000e+04
3.235400000000000000e+04
3.244800000000000000e+04
3.257200000000000000e+04
3.257800000000000000e+04
3.264400000000000000e+04
3.264900000000000000e+04
3.268400000000000000e+04
3.272400000000000000e+04
3.272800000000000000e+04
3.273500000000000000e+04
3.284300000000000000e+04
3.291300000000000000e+04
3.293200000000000000e+04
3.297600000000000000e+04
3.297700000000000000e+04
3.301500000000000000e+04
3.301900000000000000e+04
3.302500000000000000e+04
3.302600000000000000e+04
3.314600000000000000e+04
3.316900000000000000e+04
3.324300000000000000e+04
3.325100000000000000e+04
3.341600000000000000e+04
3.350300000000000000e+04
3.351900000000000000e+04
3.359600000000000000e+04
3.377900000000000000e+04
3.378200000000000000e+04
3.380500000000000000e+04
3.380700000000000000e+04
3.383000000000000000e+04
3.383100000000000000e+04
3.383200000000000000e+04
3.408900000000000000e+04
3.409200000000000000e+04
3.412900000000000000e+04
3.413000000000000000e+04
3.419400000000000000e+04
3.420300000000000000e+04
3.420400000000000000e+04
3.423200000000000000e+04
3.427700000000000000e+04
3.427800000000000000e+04
3.428600000000000000e+04
3.428700000000000000e+04
3.428800000000000000e+04
3.429500000000000000e+04
3.434600000000000000e+04
3.434700000000000000e+04
3.438100000000000000e+04
3.438300000000000000e+04
3.438800000000000000e+04
3.438900000000000000e+04
3.460500000000000000e+04
3.498600000000000000e+04
3.507600000000000000e+04
3.517700000000000000e+04
3.517800000000000000e+04
3.518100000000000000e+04
3.518200000000000000e+04
3.547900000000000000e+04
3.551700000000000000e+04
3.552600000000000000e+04
3.565900000000000000e+04
3.604100000000000000e+04
3.618300000000000000e+04
3.619800000000000000e+04
3.628300000000000000e+04
3.632500000000000000e+04
3.635100000000000000e+04
3.642600000000000000e+04
3.644300000000000000e+04
3.660300000000000000e+04
3.673100000000000000e+04
3.699400000000000000e+04
3.700200000000000000e+04
3.701000000000000000e+04
3.701200000000000000e+04
3.705000000000000000e+04
3.705300000000000000e+04
3.738300000000000000e+04
3.755200000000000000e+04
3.756500000000000000e+04
3.756700000000000000e+04
3.758000000000000000e+04
3.758100000000000000e+04
3.758200000000000000e+04
3.759500000000000000e+04
3.761300000000000000e+04
3.762000000000000000e+04
3.774200000000000000e+04
3.836000000000000000e+04
3.843200000000000000e+04
3.843300000000000000e+04
3.859000000000000000e+04
3.876100000000000000e+04
3.880500000000000000e+04
3.908600000000000000e+04
3.924400000000000000e+04
3.924700000000000000e+04
3.940000000000000000e+04
3.964300000000000000e+04
4.013300000000000000e+04
4.013400000000000000e+04
4.020800000000000000e+04
4.029400000000000000e+04
4.037700000000000000e+04
4.039600000000000000e+04
4.042100000000000000e+04
4.071600000000000000e+04
4.076700000000000000e+04
4.083400000000000000e+04
4.087600000000000000e+04
4.089700000000000000e+04
4.091400000000000000e+04
4.113200000000000000e+04
4.122300000000000000e+04
4.136400000000000000e+04
4.137300000000000000e+04
4.195400000000000000e+04
4.197900000000000000e+04
4.198800000000000000e+04
4.199100000000000000e+04
4.201000000000000000e+04
4.201400000000000000e+04
4.203300000000000000e+04
4.203400000000000000e+04
4.205500000000000000e+04
4.206500000000000000e+04
4.206700000000000000e+04
4.212500000000000000e+04
4.250700000000000000e+04
4.293000000000000000e+04
4.308900000000000000e+04
4.315200000000000000e+04
4.362600000000000000e+04
4.382600000000000000e+04
4.399800000000000000e+04
4.418100000000000000e+04
4.423100000000000000e+04
4.426300000000000000e+04
4.435900000000000000e+04
4.437800000000000000e+04
4.439200000000000000e+04
4.446900000000000000e+04
4.453500000000000000e+04
4.457300000000000000e+04
4.462200000000000000e+04
4.462300000000000000e+04
4.475700000000000000e+04
4.478100000000000000e+04
4.486500000000000000e+04
4.488900000000000000e+04
4.491000000000000000e+04
4.497600000000000000e+04
4.505000000000000000e+04
4.507000000000000000e+04
4.509500000000000000e+04
4.512300000000000000e+04
4.514700000000000000e+04
4.538200000000000000e+04
4.543600000000000000e+04
4.546800000000000000e+04
4.551300000000000000e+04
4.552500000000000000e+04
4.558100000000000000e+04
4.558500000000000000e+04
4.558700000000000000e+04
4.559100000000000000e+04
4.559200000000000000e+04
4.559500000000000000e+04
4.561300000000000000e+04
4.561400000000000000e+04
4.561500000000000000e+04
4.563600000000000000e+04
4.567700000000000000e+04
4.572700000000000000e+04
4.574100000000000000e+04
4.584200000000000000e+04
4.584300000000000000e+04
4.588600000000000000e+04
4.588700000000000000e+04
4.623100000000000000e+04
4.624200000000000000e+04
4.625300000000000000e+04
4.636700000000000000e+04
4.637800000000000000e+04
4.646400000000000000e+04
4.680300000000000000e+04
4.700300000000000000e+04
4.748400000000000000e+04
4.750600000000000000e+04
4.776200000000000000e+04
4.792600000000000000e+04
4.804200000000000000e+04
4.817300000000000000e+04
4.849500000000000000e+04
4.860400000000000000e+04
4.869200000000000000e+04
4.900400000000000000e+04
4.914600000000000000e+04
4.919000000000000000e+04
4.919400000000000000e+04
4.923900000000000000e+04
4.935700000000000000e+04
4.945200000000000000e+04
4.965400000000000000e+04
4.969900000000000000e+04
4.970900000000000000e+04
4.987600000000000000e+04
4.994000000000000000e+04
5.012300000000000000e+04
5.043800000000000000e+04
5.048300000000000000e+04
5.115900000000000000e+04
5.134900000000000000e+04
5.142700000000000000e+04
5.143400000000000000e+04
5.143500000000000000e+04
5.146400000000000000e+04
5.155200000000000000e+04
5.164700000000000000e+04
5.167200000000000000e+04
5.168000000000000000e+04
5.186500000000000000e+04
5.194800000000000000e+04
5.198100000000000000e+04
5.198200000000000000e+04
5.202200000000000000e+04
5.208300000000000000e+04
5.216800000000000000e+04
5.225400000000000000e+04
5.239100000000000000e+04
5.239800000000000000e+04
5.249300000000000000e+04
5.253200000000000000e+04
5.255600000000000000e+04
5.258100000000000000e+04
5.258200000000000000e+04
5.276800000000000000e+04
5.277800000000000000e+04
5.277900000000000000e+04
5.295900000000000000e+04
5.298900000000000000e+04
5.313600000000000000e+04
5.314400000000000000e+04
5.334900000000000000e+04
5.337300000000000000e+04
5.351000000000000000e+04
5.354000000000000000e+04
5.358400000000000000e+04
5.358800000000000000e+04
5.378200000000000000e+04
5.384500000000000000e+04
5.384700000000000000e+04
5.389100000000000000e+04
5.397100000000000000e+04
5.397200000000000000e+04
5.403900000000000000e+04
5.416800000000000000e+04
5.424700000000000000e+04
5.425200000000000000e+04
5.428900000000000000e+04
5.431700000000000000e+04
5.444600000000000000e+04
5.445000000000000000e+04
5.445200000000000000e+04
5.452100000000000000e+04
5.452200000000000000e+04
5.452300000000000000e+04
5.461200000000000000e+04
5.461300000000000000e+04
5.461700000000000000e+04
5.469600000000000000e+04
5.475100000000000000e+04
5.475600000000000000e+04
5.495700000000000000e+04
5.496200000000000000e+04
5.496300000000000000e+04
5.496400000000000000e+04
5.497500000000000000e+04
5.497800000000000000e+04
5.498200000000000000e+04
5.502000000000000000e+04
5.503900000000000000e+04
5.509100000000000000e+04
5.509200000000000000e+04
5.509800000000000000e+04
5.511300000000000000e+04
5.511900000000000000e+04
5.512000000000000000e+04
5.512100000000000000e+04
5.518500000000000000e+04
5.518900000000000000e+04
5.519400000000000000e+04
5.520300000000000000e+04
5.524100000000000000e+04
5.525200000000000000e+04
5.535300000000000000e+04
5.536100000000000000e+04
5.541600000000000000e+04
5.547000000000000000e+04
5.547600000000000000e+04
5.549200000000000000e+04
5.554300000000000000e+04
5.562700000000000000e+04
5.563400000000000000e+04
5.576400000000000000e+04
5.577000000000000000e+04
5.584100000000000000e+04
5.592400000000000000e+04
5.594800000000000000e+04
5.605600000000000000e+04
5.606600000000000000e+04
5.612100000000000000e+04
5.621000000000000000e+04
5.621800000000000000e+04
5.623200000000000000e+04
5.624400000000000000e+04
5.624900000000000000e+04
5.626100000000000000e+04
5.628900000000000000e+04
5.636600000000000000e+04
5.637000000000000000e+04
5.638300000000000000e+04
5.638700000000000000e+04
5.638800000000000000e+04
5.651700000000000000e+04
5.663300000000000000e+04
5.684300000000000000e+04
5.696000000000000000e+04
5.696900000000000000e+04
5.697000000000000000e+04
5.697100000000000000e+04
5.700500000000000000e+04
5.703000000000000000e+04
5.712500000000000000e+04
5.727400000000000000e+04
5.750500000000000000e+04
5.760600000000000000e+04
5.789700000000000000e+04
5.790400000000000000e+04
5.794700000000000000e+04
5.794900000000000000e+04
5.796000000000000000e+04
5.798400000000000000e+04
5.799700000000000000e+04
5.801800000000000000e+04
5.815600000000000000e+04
5.817500000000000000e+04
5.864400000000000000e+04
5.885000000000000000e+04
5.890000000000000000e+04
5.907600000000000000e+04
5.908500000000000000e+04
5.908600000000000000e+04
5.913400000000000000e+04
5.913500000000000000e+04
5.915200000000000000e+04
5.915500000000000000e+04
5.915700000000000000e+04
5.936700000000000000e+04
5.952200000000000000e+04
5.961300000000000000e+04
5.964800000000000000e+04
5.978200000000000000e+04
5.993400000000000000e+04
5.995300000000000000e+04
6.000300000000000000e+04
6.002100000000000000e+04
6.006300000000000000e+04
6.021500000000000000e+04
6.028500000000000000e+04
6.028600000000000000e+04
6.060700000000000000e+04
6.075900000000000000e+04
6.084100000000000000e+04
6.102300000000000000e+04
6.113900000000000000e+04
6.137100000000000000e+04
6.186800000000000000e+04
6.187200000000000000e+04
6.189000000000000000e+04
6.200500000000000000e+04
6.200600000000000000e+04
6.200900000000000000e+04
6.201800000000000000e+04
6.207300000000000000e+04
6.208300000000000000e+04
6.211000000000000000e+04
6.217200000000000000e+04
6.237800000000000000e+04
6.242300000000000000e+04
6.244100000000000000e+04
6.275300000000000000e+04
6.376800000000000000e+04
6.386700000000000000e+04
6.398300000000000000e+04
6.400000000000000000e+04
6.407400000000000000e+04
6.423700000000000000e+04
6.430000000000000000e+04
6.435800000000000000e+04
6.481800000000000000e+04
6.497700000000000000e+04
6.500900000000000000e+04
6.521000000000000000e+04
6.534400000000000000e+04
6.541200000000000000e+04
6.558600000000000000e+04
6.575200000000000000e+04
6.600200000000000000e+04
6.615400000000000000e+04
6.618100000000000000e+04
6.618200000000000000e+04
6.618300000000000000e+04
6.618900000000000000e+04
6.619100000000000000e+04
6.624100000000000000e+04
6.632500000000000000e+04
6.653100000000000000e+04
6.661000000000000000e+04
6.666900000000000000e+04
6.667600000000000000e+04
6.668800000000000000e+04
6.677700000000000000e+04
6.678400000000000000e+04
6.683700000000000000e+04
6.686900000000000000e+04
6.708900000000000000e+04
6.713900000000000000e+04
6.715300000000000000e+04
6.719800000000000000e+04
6.723200000000000000e+04
6.740500000000000000e+04
6.756400000000000000e+04
6.770800000000000000e+04
6.793300000000000000e+04
6.827000000000000000e+04
6.857300000000000000e+04
6.875200000000000000e+04
6.904900000000000000e+04
6.905200000000000000e+04
6.910400000000000000e+04
6.933700000000000000e+04
6.954400000000000000e+04
6.954500000000000000e+04
6.955300000000000000e+04
6.977200000000000000e+04
6.978000000000000000e+04
7.006500000000000000e+04
7.007200000000000000e+04
7.010500000000000000e+04
7.017100000000000000e+04
7.017500000000000000e+04
7.043200000000000000e+04
7.053600000000000000e+04
7.071000000000000000e+04
7.090900000000000000e+04
7.113200000000000000e+04
7.115800000000000000e+04
7.116600000000000000e+04
7.116700000000000000e+04
7.120100000000000000e+04
7.146700000000000000e+04
7.146800000000000000e+04
7.150500000000000000e+04
7.171200000000000000e+04
7.185700000000000000e+04
7.186200000000000000e+04
7.186600000000000000e+04
7.189800000000000000e+04
7.191700000000000000e+04
7.192400000000000000e+04
7.200200000000000000e+04
7.209300000000000000e+04
7.213600000000000000e+04
7.215700000000000000e+04
7.231400000000000000e+04
7.236600000000000000e+04
7.238300000000000000e+04
7.241800000000000000e+04
7.262700000000000000e+04
7.262900000000000000e+04
7.268600000000000000e+04
7.282500000000000000e+04
7.286300000000000000e+04
7.286400000000000000e+04
7.318800000000000000e+04
7.320600000000000000e+04
7.322500000000000000e+04
7.329200000000000000e+04
7.336400000000000000e+04
7.338100000000000000e+04
7.341100000000000000e+04
7.359500000000000000e+04
7.434800000000000000e+04
7.447700000000000000e+04
7.513200000000000000e+04
7.521000000000000000e+04
7.560300000000000000e+04
7.568700000000000000e+04
7.570300000000000000e+04
7.580100000000000000e+04
7.602800000000000000e+04
7.605600000000000000e+04
7.609200000000000000e+04
7.626800000000000000e+04
7.645500000000000000e+04
7.670500000000000000e+04
7.717000000000000000e+04
7.719600000000000000e+04
7.754800000000000000e+04
7.756000000000000000e+04
7.763800000000000000e+04
7.766700000000000000e+04
7.784200000000000000e+04
7.798800000000000000e+04
7.803800000000000000e+04
7.809000000000000000e+04
7.827900000000000000e+04
7.839400000000000000e+04
7.850600000000000000e+04
7.870700000000000000e+04
7.879700000000000000e+04
7.889800000000000000e+04
7.920800000000000000e+04
7.924400000000000000e+04
7.925800000000000000e+04
7.925900000000000000e+04
7.926000000000000000e+04
7.926100000000000000e+04
7.943000000000000000e+04
7.944800000000000000e+04
7.962800000000000000e+04
7.970100000000000000e+04
7.972400000000000000e+04
8.017900000000000000e+04
8.053700000000000000e+04
8.068500000000000000e+04
8.079500000000000000e+04
8.096000000000000000e+04
8.103000000000000000e+04
8.106200000000000000e+04
8.111400000000000000e+04
8.127300000000000000e+04
8.128900000000000000e+04
8.134700000000000000e+04
8.139300000000000000e+04
8.172000000000000000e+04
8.175200000000000000e+04
8.202000000000000000e+04
8.215700000000000000e+04
8.219100000000000000e+04
8.220000000000000000e+04
8.220800000000000000e+04
8.234700000000000000e+04
8.236200000000000000e+04
8.239700000000000000e+04
8.271700000000000000e+04
8.276100000000000000e+04
8.292500000000000000e+04
8.319400000000000000e+04
8.338500000000000000e+04
8.351000000000000000e+04
8.361700000000000000e+04
8.382300000000000000e+04
8.385800000000000000e+04
8.390400000000000000e+04
8.394600000000000000e+04
8.408700000000000000e+04
8.445800000000000000e+04
8.460100000000000000e+04
8.474800000000000000e+04
8.487600000000000000e+04
8.488800000000000000e+04
8.524200000000000000e+04
8.524600000000000000e+04
8.525100000000000000e+04
8.526000000000000000e+04
8.535200000000000000e+04
8.557500000000000000e+04
8.575200000000000000e+04
8.579500000000000000e+04
8.655400000000000000e+04
8.682400000000000000e+04
8.698400000000000000e+04
8.701300000000000000e+04
8.703000000000000000e+04
8.710100000000000000e+04
8.713000000000000000e+04
8.716800000000000000e+04
