3.250000000000000000e+02
4.440000000000000000e+02
5.640000000000000000e+02
8.490000000000000000e+02
9.400000000000000000e+02
1.104000000000000000e+03
1.278000000000000000e+03
1.311000000000000000e+03
1.442000000000000000e+03
1.786000000000000000e+03
1.878000000000000000e+03
1.906000000000000000e+03
1.970000000000000000e+03
1.973000000000000000e+03
2.049000000000000000e+03
2.128000000000000000e+03
2.164000000000000000e+03
2.271000000000000000e+03
2.353000000000000000e+03
2.357000000000000000e+03
2.419000000000000000e+03
2.461000000000000000e+03
3.051000000000000000e+03
3.401000000000000000e+03
3.407000000000000000e+03
3.430000000000000000e+03
3.721000000000000000e+03
3.762000000000000000e+03
3.963000000000000000e+03
3.996000000000000000e+03
4.533000000000000000e+03
4.751000000000000000e+03
4.755000000000000000e+03
4.973000000000000000e+03
5.037000000000000000e+03
5.101000000000000000e+03
5.537000000000000000e+03
5.691000000000000000e+03
5.807000000000000000e+03
5.866000000000000000e+03
6.440000000000000000e+03
6.497000000000000000e+03
6.523000000000000000e+03
6.595000000000000000e+03
6.674000000000000000e+03
6.758000000000000000e+03
7.091000000000000000e+03
7.092000000000000000e+03
7.099000000000000000e+03
7.180000000000000000e+03
7.293000000000000000e+03
7.339000000000000000e+03
7.360000000000000000e+03
7.441000000000000000e+03
7.539000000000000000e+03
7.543000000000000000e+03
7.572000000000000000e+03
7.725000000000000000e+03
7.736000000000000000e+03
7.773000000000000000e+03
7.946000000000000000e+03
7.966000000000000000e+03
8.002000000000000000e+03
8.047000000000000000e+03
8.066000000000000000e+03
8.164000000000000000e+03
8.206000000000000000e+03
8.216000000000000000e+03
8.249000000000000000e+03
8.254000000000000000e+03
8.261000000000000000e+03
8.291000000000000000e+03
8.366000000000000000e+03
8.419000000000000000e+03
8.434000000000000000e+03
8.513000000000000000e+03
8.544000000000000000e+03
8.656000000000000000e+03
8.668000000000000000e+03
8.717000000000000000e+03
8.867000000000000000e+03
8.873000000000000000e+03
8.959000000000000000e+03
8.996000000000000000e+03
9.014000000000000000e+03
9.047000000000000000e+03
9.083000000000000000e+03
9.155000000000000000e+03
9.171000000000000000e+03
9.179000000000000000e+03
9.198000000000000000e+03
9.202000000000000000e+03
9.244000000000000000e+03
9.264000000000000000e+03
9.730000000000000000e+03
9.786000000000000000e+03
1.004200000000000000e+04
1.008500000000000000e+04
1.043100000000000000e+04
1.048100000000000000e+04
1.050100000000000000e+04
1.057700000000000000e+04
1.062000000000000000e+04
1.071000000000000000e+04
1.079400000000000000e+04
1.082500000000000000e+04
1.087100000000000000e+04
1.106100000000000000e+04
1.107100000000000000e+04
1.109800000000000000e+04
1.113600000000000000e+04
1.115300000000000000e+04
1.119500000000000000e+04
1.126600000000000000e+04
1.126800000000000000e+04
1.129100000000000000e+04
1.129500000000000000e+04
1.129900000000000000e+04
1.133300000000000000e+04
1.135600000000000000e+04
1.140400000000000000e+04
1.142000000000000000e+04
1.142800000000000000e+04
1.142900000000000000e+04
1.156000000000000000e+04
1.163600000000000000e+04
1.165000000000000000e+04
1.174000000000000000e+04
1.178500000000000000e+04
1.182000000000000000e+04
1.182700000000000000e+04
1.182800000000000000e+04
1.182900000000000000e+04
1.186800000000000000e+04
1.192500000000000000e+04
1.198400000000000000e+04
1.210400000000000000e+04
1.215300000000000000e+04
1.218000000000000000e+04
1.219200000000000000e+04
1.228000000000000000e+04
1.231600000000000000e+04
1.239200000000000000e+04
1.240200000000000000e+04
1.248400000000000000e+04
1.252500000000000000e+04
1.262900000000000000e+04
1.264000000000000000e+04
1.267400000000000000e+04
1.270100000000000000e+04
1.275800000000000000e+04
1.294900000000000000e+04
1.303600000000000000e+04
1.315200000000000000e+04
1.315300000000000000e+04
1.315700000000000000e+04
1.317700000000000000e+04
1.317900000000000000e+04
1.319500000000000000e+04
1.325900000000000000e+04
1.326700000000000000e+04
1.332000000000000000e+04
1.334600000000000000e+04
1.341900000000000000e+04
1.343200000000000000e+04
1.349100000000000000e+04
1.369500000000000000e+04
1.378500000000000000e+04
1.380800000000000000e+04
1.395000000000000000e+04
1.410600000000000000e+04
1.427700000000000000e+04
1.434600000000000000e+04
1.435500000000000000e+04
1.436000000000000000e+04
1.475900000000000000e+04
1.483000000000000000e+04
1.505800000000000000e+04
1.513400000000000000e+04
1.515300000000000000e+04
1.515400000000000000e+04
1.515500000000000000e+04
1.516200000000000000e+04
1.522600000000000000e+04
1.526500000000000000e+04
1.537400000000000000e+04
1.548600000000000000e+04
1.549000000000000000e+04
1.556900000000000000e+04
1.564900000000000000e+04
1.565700000000000000e+04
1.577800000000000000e+04
1.578200000000000000e+04
1.593300000000000000e+04
1.596500000000000000e+04
1.604700000000000000e+04
1.605000000000000000e+04
1.611700000000000000e+04
1.616700000000000000e+04
1.629900000000000000e+04
1.633000000000000000e+04
1.638800000000000000e+04
1.642700000000000000e+04
1.649100000000000000e+04
1.652900000000000000e+04
1.653800000000000000e+04
1.654800000000000000e+04
1.657500000000000000e+04
1.661300000000000000e+04
1.663200000000000000e+04
1.665300000000000000e+04
1.669800000000000000e+04
1.670100000000000000e+04
1.670600000000000000e+04
1.677800000000000000e+04
1.689600000000000000e+04
1.693100000000000000e+04
1.704100000000000000e+04
1.711100000000000000e+04
1.717200000000000000e+04
1.719000000000000000e+04
1.720000000000000000e+04
1.722400000000000000e+04
1.731900000000000000e+04
1.736400000000000000e+04
1.739200000000000000e+04
1.742000000000000000e+04
1.742200000000000000e+04
1.746500000000000000e+04
1.749900000000000000e+04
1.756400000000000000e+04
1.757100000000000000e+04
1.763500000000000000e+04
1.763800000000000000e+04
1.767000000000000000e+04
1.772200000000000000e+04
1.790600000000000000e+04
1.790800000000000000e+04
1.792300000000000000e+04
1.795900000000000000e+04
1.798000000000000000e+04
1.799100000000000000e+04
1.801500000000000000e+04
1.808000000000000000e+04
1.819000000000000000e+04
1.819400000000000000e+04
1.822600000000000000e+04
1.822700000000000000e+04
1.832600000000000000e+04
1.832900000000000000e+04
1.842100000000000000e+04
1.846800000000000000e+04
1.853500000000000000e+04
1.856500000000000000e+04
1.858400000000000000e+04
1.858500000000000000e+04
1.874400000000000000e+04
1.879100000000000000e+04
1.884600000000000000e+04
1.887500000000000000e+04
1.887900000000000000e+04
1.892100000000000000e+04
1.894500000000000000e+04
1.904300000000000000e+04
1.908900000000000000e+04
1.909400000000000000e+04
1.924200000000000000e+04
1.925700000000000000e+04
1.925800000000000000e+04
1.931200000000000000e+04
1.932200000000000000e+04
1.935700000000000000e+04
1.936700000000000000e+04
1.958200000000000000e+04
1.963400000000000000e+04
1.963700000000000000e+04
1.965200000000000000e+04
1.987000000000000000e+04
1.994500000000000000e+04
2.009800000000000000e+04
2.022500000000000000e+04
2.025000000000000000e+04
2.034200000000000000e+04
2.034900000000000000e+04
2.043600000000000000e+04
2.043700000000000000e+04
2.049800000000000000e+04
2.060500000000000000e+04
2.061000000000000000e+04
2.066700000000000000e+04
2.067000000000000000e+04
2.068100000000000000e+04
2.073500000000000000e+04
2.078600000000000000e+04
2.078700000000000000e+04
2.087800000000000000e+04
2.095100000000000000e+04
2.101000000000000000e+04
2.103400000000000000e+04
2.104100000000000000e+04
2.106700000000000000e+04
2.106800000000000000e+04
2.106900000000000000e+04
2.107200000000000000e+04
2.111400000000000000e+04
2.127300000000000000e+04
2.128600000000000000e+04
2.142600000000000000e+04
2.143700000000000000e+04
2.156500000000000000e+04
2.164700000000000000e+04
2.167300000000000000e+04
2.179900000000000000e+04
2.182100000000000000e+04
2.182300000000000000e+04
2.191700000000000000e+04
2.198200000000000000e+04
2.215300000000000000e+04
2.217300000000000000e+04
2.218400000000000000e+04
2.221300000000000000e+04
2.234200000000000000e+04
2.239900000000000000e+04
2.242300000000000000e+04
2.245400000000000000e+04
2.246700000000000000e+04
2.246900000000000000e+04
2.249800000000000000e+04
2.299200000000000000e+04
2.312900000000000000e+04
2.313000000000000000e+04
2.321900000000000000e+04
2.327700000000000000e+04
2.329100000000000000e+04
2.343500000000000000e+04
2.361700000000000000e+04
2.379700000000000000e+04
2.379800000000000000e+04
2.383300000000000000e+04
2.389300000000000000e+04
2.409100000000000000e+04
2.429500000000000000e+04
2.442300000000000000e+04
2.443800000000000000e+04
2.455000000000000000e+04
2.462000000000000000e+04
2.470300000000000000e+04
2.473100000000000000e+04
2.474000000000000000e+04
2.475000000000000000e+04
2.482600000000000000e+04
2.483300000000000000e+04
2.485300000000000000e+04
2.492000000000000000e+04
2.495100000000000000e+04
2.508700000000000000e+04
2.510700000000000000e+04
2.528000000000000000e+04
2.531300000000000000e+04
2.533300000000000000e+04
2.534300000000000000e+04
2.541400000000000000e+04
2.543200000000000000e+04
2.552900000000000000e+04
2.553100000000000000e+04
2.564200000000000000e+04
2.571500000000000000e+04
2.573200000000000000e+04
2.576600000000000000e+04
2.587600000000000000e+04
2.604000000000000000e+04
2.606600000000000000e+04
2.613000000000000000e+04
2.614500000000000000e+04
2.616400000000000000e+04
2.625800000000000000e+04
2.638500000000000000e+04
2.645200000000000000e+04
2.647600000000000000e+04
2.648200000000000000e+04
2.662800000000000000e+04
2.663100000000000000e+04
2.670000000000000000e+04
2.671100000000000000e+04
2.675800000000000000e+04
2.686200000000000000e+04
2.687800000000000000e+04
2.687900000000000000e+04
2.692900000000000000e+04
2.696500000000000000e+04
2.696600000000000000e+04
2.706500000000000000e+04
2.706700000000000000e+04
2.713000000000000000e+04
2.713100000000000000e+04
2.713200000000000000e+04
2.721700000000000000e+04
2.725900000000000000e+04
2.735000000000000000e+04
2.738900000000000000e+04
2.739700000000000000e+04
2.742100000000000000e+04
2.755700000000000000e+04
2.755800000000000000e+04
2.756500000000000000e+04
2.777700000000000000e+04
2.779600000000000000e+04
2.782400000000000000e+04
2.784500000000000000e+04
2.784600000000000000e+04
2.787100000000000000e+04
2.790300000000000000e+04
2.790400000000000000e+04
2.790800000000000000e+04
2.795700000000000000e+04
2.800100000000000000e+04
2.802800000000000000e+04
2.810000000000000000e+04
2.814900000000000000e+04
2.821700000000000000e+04
2.825300000000000000e+04
2.827600000000000000e+04
2.827800000000000000e+04
2.828600000000000000e+04
2.843200000000000000e+04
2.843400000000000000e+04
2.848400000000000000e+04
2.852800000000000000e+04
2.855400000000000000e+04
2.865100000000000000e+04
2.883200000000000000e+04
2.889300000000000000e+04
2.899700000000000000e+04
2.901700000000000000e+04
2.908600000000000000e+04
2.910300000000000000e+04
2.917300000000000000e+04
2.919200000000000000e+04
2.929200000000000000e+04
2.930000000000000000e+04
2.938100000000000000e+04
2.945400000000000000e+04
2.947100000000000000e+04
2.949500000000000000e+04
2.969600000000000000e+04
2.969900000000000000e+04
2.974700000000000000e+04
2.981400000000000000e+04
2.983400000000000000e+04
2.986700000000000000e+04
2.988600000000000000e+04
2.996200000000000000e+04
3.010000000000000000e+04
3.014300000000000000e+04
3.017400000000000000e+04
3.019000000000000000e+04
3.021000000000000000e+04
3.024600000000000000e+04
3.029900000000000000e+04
3.033000000000000000e+04
3.036900000000000000e+04
3.045800000000000000e+04
3.047500000000000000e+04
3.055100000000000000e+04
3.055700000000000000e+04
3.069600000000000000e+04
3.070700000000000000e+04
3.074000000000000000e+04
3.075000000000000000e+04
3.079700000000000000e+04
3.081200000000000000e+04
3.082800000000000000e+04
3.085400000000000000e+04
3.101500000000000000e+04
3.107300000000000000e+04
3.127700000000000000e+04
3.150000000000000000e+04
3.153900000000000000e+04
3.157400000000000000e+04
3.165300000000000000e+04
3.168700000000000000e+04
3.169600000000000000e+04
3.182200000000000000e+04
3.188500000000000000e+04
3.193700000000000000e+04
3.195900000000000000e+04
3.198600000000000000e+04
3.199000000000000000e+04
3.201400000000000000e+04
3.201700000000000000e+04
3.215100000000000000e+04
3.218500000000000000e+04
3.234400000000000000e+04
3.236000000000000000e+04
3.238500000000000000e+04
3.257100000000000000e+04
3.263500000000000000e+04
3.266900000000000000e+04
3.271400000000000000e+04
3.272700000000000000e+04
3.274200000000000000e+04
3.285600000000000000e+04
3.287600000000000000e+04
3.300300000000000000e+04
3.311300000000000000e+04
3.312500000000000000e+04
3.318200000000000000e+04
3.320100000000000000e+04
3.322500000000000000e+04
3.327500000000000000e+04
3.332200000000000000e+04
3.342000000000000000e+04
3.358000000000000000e+04
3.361200000000000000e+04
3.368100000000000000e+04
3.375300000000000000e+04
3.377300000000000000e+04
3.392600000000000000e+04
3.393500000000000000e+04
3.396700000000000000e+04
3.403200000000000000e+04
3.404700000000000000e+04
3.409500000000000000e+04
3.433900000000000000e+04
3.439400000000000000e+04
3.444100000000000000e+04
3.456000000000000000e+04
3.459900000000000000e+04
3.467500000000000000e+04
3.467700000000000000e+04
3.483500000000000000e+04
3.487700000000000000e+04
3.487900000000000000e+04
3.494000000000000000e+04
3.499400000000000000e+04
3.513800000000000000e+04
3.533700000000000000e+04
3.539300000000000000e+04
3.542200000000000000e+04
3.542900000000000000e+04
3.548900000000000000e+04
3.552300000000000000e+04
3.556000000000000000e+04
3.557000000000000000e+04
3.558700000000000000e+04
3.580400000000000000e+04
3.584000000000000000e+04
3.584300000000000000e+04
3.593000000000000000e+04
3.599200000000000000e+04
3.599700000000000000e+04
3.600200000000000000e+04
3.600300000000000000e+04
3.604300000000000000e+04
3.605800000000000000e+04
3.620800000000000000e+04
3.629100000000000000e+04
3.630100000000000000e+04
3.636900000000000000e+04
3.637900000000000000e+04
3.643200000000000000e+04
3.656500000000000000e+04
3.659500000000000000e+04
3.662300000000000000e+04
3.689400000000000000e+04
3.690100000000000000e+04
3.727000000000000000e+04
3.727200000000000000e+04
3.727400000000000000e+04
3.728800000000000000e+04
3.742600000000000000e+04
3.748200000000000000e+04
3.752200000000000000e+04
3.772800000000000000e+04
3.783500000000000000e+04
3.791500000000000000e+04
3.801100000000000000e+04
3.823600000000000000e+04
3.823800000000000000e+04
3.829800000000000000e+04
3.834000000000000000e+04
3.834200000000000000e+04
3.839600000000000000e+04
3.841800000000000000e+04
3.842600000000000000e+04
3.842700000000000000e+04
3.851700000000000000e+04
3.864100000000000000e+04
3.864200000000000000e+04
3.866200000000000000e+04
3.874400000000000000e+04
3.880400000000000000e+04
3.882200000000000000e+04
3.887100000000000000e+04
3.896700000000000000e+04
3.897100000000000000e+04
3.897500000000000000e+04
3.897600000000000000e+04
3.909800000000000000e+04
3.913500000000000000e+04
3.919100000000000000e+04
3.921800000000000000e+04
3.929100000000000000e+04
3.955900000000000000e+04
3.969900000000000000e+04
3.970000000000000000e+04
3.970300000000000000e+04
3.989600000000000000e+04
3.994800000000000000e+04
3.997600000000000000e+04
4.002700000000000000e+04
4.004000000000000000e+04
4.004200000000000000e+04
4.009700000000000000e+04
4.012600000000000000e+04
4.029300000000000000e+04
4.029500000000000000e+04
4.029800000000000000e+04
4.031300000000000000e+04
4.031400000000000000e+04
4.033400000000000000e+04
4.033600000000000000e+04
4.044300000000000000e+04
4.049200000000000000e+04
4.051000000000000000e+04
4.059100000000000000e+04
4.059200000000000000e+04
4.059500000000000000e+04
4.059700000000000000e+04
4.059800000000000000e+04
4.060000000000000000e+04
4.061600000000000000e+04
4.070200000000000000e+04
4.077400000000000000e+04
4.082500000000000000e+04
4.085100000000000000e+04
4.091500000000000000e+04
4.094500000000000000e+04
4.094600000000000000e+04
4.096500000000000000e+04
4.096900000000000000e+04
4.097900000000000000e+04
4.099100000000000000e+04
4.107600000000000000e+04
4.108900000000000000e+04
4.109500000000000000e+04
4.117400000000000000e+04
4.123200000000000000e+04
4.146600000000000000e+04
4.153800000000000000e+04
4.165700000000000000e+04
4.171100000000000000e+04
4.179300000000000000e+04
4.193800000000000000e+04
4.200300000000000000e+04
4.205300000000000000e+04
4.231000000000000000e+04
4.239300000000000000e+04
4.259200000000000000e+04
4.263900000000000000e+04
4.270900000000000000e+04
4.271100000000000000e+04
4.271900000000000000e+04
4.272400000000000000e+04
4.274100000000000000e+04
4.281700000000000000e+04
4.281900000000000000e+04
4.291600000000000000e+04
4.295900000000000000e+04
4.304900000000000000e+04
4.307000000000000000e+04
4.310900000000000000e+04
4.312500000000000000e+04
4.316100000000000000e+04
4.320500000000000000e+04
4.329000000000000000e+04
4.368000000000000000e+04
4.368200000000000000e+04
4.371700000000000000e+04
4.373900000000000000e+04
4.382100000000000000e+04
4.382700000000000000e+04
4.386700000000000000e+04
4.394500000000000000e+04
4.400900000000000000e+04
4.402800000000000000e+04
4.407200000000000000e+04
4.410100000000000000e+04
4.416000000000000000e+04
4.442200000000000000e+04
4.446700000000000000e+04
4.464500000000000000e+04
4.465500000000000000e+04
4.472800000000000000e+04
4.492300000000000000e+04
4.516300000000000000e+04
4.519600000000000000e+04
4.525000000000000000e+04
4.525100000000000000e+04
4.536800000000000000e+04
4.549000000000000000e+04
4.555900000000000000e+04
4.556000000000000000e+04
4.576900000000000000e+04
4.579800000000000000e+04
4.592800000000000000e+04
4.598700000000000000e+04
4.600500000000000000e+04
4.605000000000000000e+04
4.631800000000000000e+04
4.635600000000000000e+04
4.648200000000000000e+04
4.654300000000000000e+04
4.674900000000000000e+04
4.675000000000000000e+04
4.678500000000000000e+04
4.696000000000000000e+04
4.713100000000000000e+04
4.717100000000000000e+04
4.717900000000000000e+04
4.725600000000000000e+04
4.730500000000000000e+04
4.734500000000000000e+04
4.735900000000000000e+04
4.736800000000000000e+04
4.744300000000000000e+04
4.745300000000000000e+04
4.763200000000000000e+04
4.770900000000000000e+04
4.772100000000000000e+04
4.772500000000000000e+04
4.775800000000000000e+04
4.788400000000000000e+04
4.793900000000000000e+04
4.806200000000000000e+04
4.827700000000000000e+04
4.839000000000000000e+04
4.851500000000000000e+04
4.861600000000000000e+04
4.865600000000000000e+04
4.879000000000000000e+04
4.881700000000000000e+04
4.883100000000000000e+04
4.883200000000000000e+04
4.883700000000000000e+04
4.891900000000000000e+04
4.900900000000000000e+04
4.928200000000000000e+04
4.930600000000000000e+04
4.932300000000000000e+04
4.939600000000000000e+04
4.940100000000000000e+04
4.942600000000000000e+04
4.947500000000000000e+04
4.955600000000000000e+04
4.980400000000000000e+04
4.994300000000000000e+04
5.002300000000000000e+04
5.010700000000000000e+04
5.026400000000000000e+04
5.036500000000000000e+04
5.039600000000000000e+04
5.049500000000000000e+04
5.061400000000000000e+04
5.061900000000000000e+04
5.080300000000000000e+04
5.094100000000000000e+04
5.094400000000000000e+04
5.095000000000000000e+04
5.097800000000000000e+04
5.099300000000000000e+04
5.102000000000000000e+04
5.106000000000000000e+04
5.106200000000000000e+04
5.109100000000000000e+04
5.110800000000000000e+04
5.111500000000000000e+04
5.111900000000000000e+04
5.122400000000000000e+04
5.129900000000000000e+04
5.137800000000000000e+04
5.139300000000000000e+04
5.140100000000000000e+04
5.148300000000000000e+04
5.160000000000000000e+04
5.164800000000000000e+04
5.184600000000000000e+04
5.191100000000000000e+04
5.191900000000000000e+04
5.200900000000000000e+04
5.203800000000000000e+04
5.209000000000000000e+04
5.215200000000000000e+04
5.219900000000000000e+04
5.220700000000000000e+04
5.225300000000000000e+04
5.230800000000000000e+04
5.247300000000000000e+04
5.267900000000000000e+04
5.279300000000000000e+04
5.285600000000000000e+04
5.312800000000000000e+04
5.313900000000000000e+04
5.320600000000000000e+04
5.326000000000000000e+04
5.342200000000000000e+04
5.344700000000000000e+04
5.346300000000000000e+04
5.348700000000000000e+04
5.365200000000000000e+04
5.369100000000000000e+04
5.388600000000000000e+04
5.395400000000000000e+04
5.400300000000000000e+04
5.410900000000000000e+04
5.422700000000000000e+04
5.424100000000000000e+04
5.431000000000000000e+04
5.436000000000000000e+04
5.448900000000000000e+04
5.453400000000000000e+04
5.455900000000000000e+04
5.458300000000000000e+04
5.476400000000000000e+04
5.476700000000000000e+04
5.478500000000000000e+04
5.486700000000000000e+04
5.491500000000000000e+04
5.491900000000000000e+04
5.501900000000000000e+04
5.505900000000000000e+04
5.507800000000000000e+04
5.522100000000000000e+04
5.522600000000000000e+04
5.533500000000000000e+04
5.536200000000000000e+04
5.543800000000000000e+04
5.549800000000000000e+04
5.554400000000000000e+04
5.566500000000000000e+04
5.582700000000000000e+04
5.583700000000000000e+04
5.611900000000000000e+04
5.635000000000000000e+04
5.640800000000000000e+04
5.645700000000000000e+04
5.648500000000000000e+04
5.653800000000000000e+04
5.654300000000000000e+04
5.659600000000000000e+04
5.667400000000000000e+04
5.671100000000000000e+04
5.673100000000000000e+04
5.688400000000000000e+04
5.692300000000000000e+04
5.692900000000000000e+04
5.701900000000000000e+04
5.702100000000000000e+04
5.707500000000000000e+04
5.711600000000000000e+04
5.748800000000000000e+04
5.750600000000000000e+04
5.756000000000000000e+04
5.797700000000000000e+04
5.818100000000000000e+04
5.823700000000000000e+04
5.827800000000000000e+04
5.832600000000000000e+04
5.839000000000000000e+04
5.858800000000000000e+04
5.870400000000000000e+04
5.871200000000000000e+04
5.873800000000000000e+04
5.873900000000000000e+04
5.874100000000000000e+04
5.874200000000000000e+04
5.875300000000000000e+04
5.881100000000000000e+04
5.882200000000000000e+04
5.883100000000000000e+04
5.884100000000000000e+04
5.887500000000000000e+04
5.889400000000000000e+04
5.891100000000000000e+04
5.897700000000000000e+04
5.901300000000000000e+04
5.902900000000000000e+04
5.926600000000000000e+04
5.928300000000000000e+04
5.928400000000000000e+04
5.929700000000000000e+04
5.935500000000000000e+04
5.936900000000000000e+04
5.937900000000000000e+04
5.941100000000000000e+04
5.952300000000000000e+04
5.998200000000000000e+04
6.033200000000000000e+04
6.041800000000000000e+04
6.059100000000000000e+04
6.068800000000000000e+04
6.081000000000000000e+04
6.081200000000000000e+04
6.081900000000000000e+04
6.120800000000000000e+04
6.123800000000000000e+04
6.128800000000000000e+04
6.165500000000000000e+04
6.194400000000000000e+04
6.208600000000000000e+04
6.216600000000000000e+04
6.221300000000000000e+04
6.224300000000000000e+04
6.224400000000000000e+04
6.232100000000000000e+04
6.239600000000000000e+04
6.239800000000000000e+04
6.239900000000000000e+04
6.248900000000000000e+04
6.259600000000000000e+04
6.261700000000000000e+04
6.265300000000000000e+04
6.267800000000000000e+04
6.281500000000000000e+04
6.283100000000000000e+04
6.285800000000000000e+04
6.286000000000000000e+04
6.289400000000000000e+04
6.292900000000000000e+04
6.294800000000000000e+04
6.295700000000000000e+04
6.295800000000000000e+04
6.296000000000000000e+04
6.296200000000000000e+04
6.324300000000000000e+04
6.331100000000000000e+04
6.331300000000000000e+04
6.331400000000000000e+04
6.332600000000000000e+04
6.365900000000000000e+04
6.373000000000000000e+04
6.377300000000000000e+04
6.381100000000000000e+04
6.381700000000000000e+04
6.383900000000000000e+04
6.406300000000000000e+04
6.409900000000000000e+04
6.410400000000000000e+04
6.411000000000000000e+04
6.470200000000000000e+04
6.477000000000000000e+04
6.482100000000000000e+04
6.485100000000000000e+04
6.487100000000000000e+04
6.491800000000000000e+04
6.497100000000000000e+04
6.497200000000000000e+04
6.497900000000000000e+04
6.498500000000000000e+04
6.498600000000000000e+04
6.498800000000000000e+04
6.503000000000000000e+04
6.504000000000000000e+04
6.507300000000000000e+04
6.514800000000000000e+04
6.520000000000000000e+04
6.522000000000000000e+04
6.527100000000000000e+04
6.531700000000000000e+04
6.533300000000000000e+04
6.539000000000000000e+04
6.542000000000000000e+04
6.560600000000000000e+04
6.565700000000000000e+04
6.569300000000000000e+04
6.573200000000000000e+04
6.574400000000000000e+04
6.574600000000000000e+04
6.582500000000000000e+04
6.585100000000000000e+04
6.593200000000000000e+04
6.596100000000000000e+04
6.606000000000000000e+04
6.620800000000000000e+04
6.636500000000000000e+04
6.642900000000000000e+04
6.649400000000000000e+04
6.651000000000000000e+04
6.661100000000000000e+04
6.676700000000000000e+04
6.676900000000000000e+04
6.689900000000000000e+04
6.690700000000000000e+04
6.700900000000000000e+04
6.706900000000000000e+04
6.709000000000000000e+04
6.714100000000000000e+04
6.718400000000000000e+04
6.738700000000000000e+04
6.748000000000000000e+04
6.765500000000000000e+04
6.766000000000000000e+04
6.772300000000000000e+04
6.780900000000000000e+04
6.789500000000000000e+04
6.800900000000000000e+04
6.804600000000000000e+04
6.815900000000000000e+04
6.819500000000000000e+04
6.840900000000000000e+04
6.848000000000000000e+04
6.849900000000000000e+04
6.851300000000000000e+04
6.879300000000000000e+04
6.894200000000000000e+04
6.910100000000000000e+04
6.925700000000000000e+04
6.931100000000000000e+04
6.939900000000000000e+04
6.955400000000000000e+04
6.956100000000000000e+04
6.969400000000000000e+04
6.987200000000000000e+04
7.016700000000000000e+04
7.016800000000000000e+04
7.090400000000000000e+04
7.120500000000000000e+04
7.130900000000000000e+04
7.148500000000000000e+04
7.165200000000000000e+04
7.175200000000000000e+04
7.191600000000000000e+04
7.199300000000000000e+04
7.203200000000000000e+04
7.206200000000000000e+04
7.210400000000000000e+04
7.213900000000000000e+04
7.216900000000000000e+04
7.247200000000000000e+04
7.258900000000000000e+04
7.284700000000000000e+04
7.285000000000000000e+04
7.291600000000000000e+04
7.292400000000000000e+04
7.294200000000000000e+04
7.300400000000000000e+04
7.308900000000000000e+04
7.309100000000000000e+04
7.310400000000000000e+04
7.330300000000000000e+04
7.332200000000000000e+04
7.332600000000000000e+04
7.335700000000000000e+04
7.343700000000000000e+04
7.371500000000000000e+04
7.378700000000000000e+04
7.390900000000000000e+04
7.402700000000000000e+04
7.407500000000000000e+04
7.409500000000000000e+04
7.425500000000000000e+04
7.445600000000000000e+04
7.471600000000000000e+04
7.475700000000000000e+04
7.476000000000000000e+04
7.492700000000000000e+04
7.496300000000000000e+04
7.498300000000000000e+04
7.502600000000000000e+04
7.504000000000000000e+04
7.517000000000000000e+04
7.526000000000000000e+04
7.539300000000000000e+04
7.539400000000000000e+04
7.539500000000000000e+04
7.542600000000000000e+04
7.543600000000000000e+04
7.556700000000000000e+04
7.568900000000000000e+04
7.580600000000000000e+04
7.585200000000000000e+04
7.587000000000000000e+04
7.597000000000000000e+04
7.603200000000000000e+04
7.605700000000000000e+04
7.635500000000000000e+04
7.650000000000000000e+04
7.653300000000000000e+04
7.670300000000000000e+04
7.680600000000000000e+04
7.692200000000000000e+04
7.692400000000000000e+04
7.708400000000000000e+04
7.710400000000000000e+04
7.737400000000000000e+04
7.739100000000000000e+04
7.751400000000000000e+04
7.751800000000000000e+04
7.767000000000000000e+04
7.805600000000000000e+04
7.809600000000000000e+04
7.816700000000000000e+04
7.817700000000000000e+04
7.833200000000000000e+04
7.837600000000000000e+04
7.847700000000000000e+04
7.848000000000000000e+04
7.851600000000000000e+04
7.855100000000000000e+04
7.862300000000000000e+04
7.862400000000000000e+04
7.864400000000000000e+04
7.873700000000000000e+04
7.881300000000000000e+04
7.901300000000000000e+04
7.904700000000000000e+04
7.905500000000000000e+04
7.912000000000000000e+04
7.914400000000000000e+04
7.914600000000000000e+04
7.920700000000000000e+04
7.920900000000000000e+04
7.921600000000000000e+04
7.935400000000000000e+04
7.943500000000000000e+04
7.946700000000000000e+04
7.947000000000000000e+04
7.959000000000000000e+04
7.977000000000000000e+04
7.989500000000000000e+04
7.995600000000000000e+04
7.997000000000000000e+04
7.998400000000000000e+04
8.018800000000000000e+04
8.023700000000000000e+04
8.024600000000000000e+04
8.030800000000000000e+04
8.030900000000000000e+04
8.031500000000000000e+04
8.034100000000000000e+04
8.042700000000000000e+04
8.049400000000000000e+04
8.076400000000000000e+04
8.082600000000000000e+04
8.082800000000000000e+04
8.109100000000000000e+04
8.113600000000000000e+04
8.116500000000000000e+04
8.116900000000000000e+04
8.119000000000000000e+04
8.127500000000000000e+04
8.133100000000000000e+04
8.134100000000000000e+04
8.152600000000000000e+04
8.161600000000000000e+04
8.181200000000000000e+04
8.186600000000000000e+04
8.193500000000000000e+04
8.195400000000000000e+04
8.217300000000000000e+04
8.248600000000000000e+04
8.248700000000000000e+04
8.255900000000000000e+04
8.271600000000000000e+04
8.277900000000000000e+04
8.287600000000000000e+04
8.287900000000000000e+04
8.304200000000000000e+04
8.313400000000000000e+04
8.314900000000000000e+04
8.315100000000000000e+04
8.329400000000000000e+04
8.332900000000000000e+04
8.334900000000000000e+04
8.336000000000000000e+04
8.337900000000000000e+04
8.339600000000000000e+04
8.413000000000000000e+04
8.418300000000000000e+04
8.435900000000000000e+04
8.454200000000000000e+04
8.461300000000000000e+04
8.509300000000000000e+04
8.514000000000000000e+04
8.520300000000000000e+04
8.522700000000000000e+04
8.533900000000000000e+04
8.543600000000000000e+04
8.548400000000000000e+04
8.556400000000000000e+04
8.559900000000000000e+04
8.567800000000000000e+04
8.581500000000000000e+04
8.588200000000000000e+04
8.589800000000000000e+04
8.591100000000000000e+04
8.595300000000000000e+04
8.597000000000000000e+04
8.598300000000000000e+04
8.609600000000000000e+04
8.619000000000000000e+04
8.641600000000000000e+04
8.649200000000000000e+04
8.654600000000000000e+04
8.676800000000000000e+04
8.685200000000000000e+04
8.701400000000000000e+04
8.716700000000000000e+04
