6.930000000000000000e+02
1.196000000000000000e+03
1.329000000000000000e+03
1.391000000000000000e+03
1.446000000000000000e+03
1.456000000000000000e+03
1.486000000000000000e+03
1.521000000000000000e+03
1.524000000000000000e+03
1.560000000000000000e+03
1.580000000000000000e+03
1.642000000000000000e+03
1.688000000000000000e+03
1.737000000000000000e+03
1.756000000000000000e+03
1.780000000000000000e+03
2.041000000000000000e+03
2.266000000000000000e+03
2.277000000000000000e+03
2.382000000000000000e+03
2.556000000000000000e+03
2.693000000000000000e+03
2.735000000000000000e+03
2.736000000000000000e+03
2.773000000000000000e+03
2.803000000000000000e+03
2.937000000000000000e+03
3.046000000000000000e+03
3.092000000000000000e+03
3.111000000000000000e+03
3.175000000000000000e+03
3.350000000000000000e+03
3.357000000000000000e+03
3.629000000000000000e+03
3.679000000000000000e+03
3.680000000000000000e+03
3.825000000000000000e+03
3.889000000000000000e+03
3.890000000000000000e+03
3.899000000000000000e+03
3.900000000000000000e+03
3.918000000000000000e+03
3.960000000000000000e+03
4.000000000000000000e+03
4.017000000000000000e+03
4.040000000000000000e+03
4.133000000000000000e+03
4.152000000000000000e+03
4.231000000000000000e+03
4.240000000000000000e+03
4.268000000000000000e+03
4.378000000000000000e+03
4.386000000000000000e+03
4.417000000000000000e+03
4.484000000000000000e+03
4.520000000000000000e+03
4.528000000000000000e+03
4.544000000000000000e+03
4.596000000000000000e+03
4.621000000000000000e+03
4.736000000000000000e+03
4.739000000000000000e+03
4.799000000000000000e+03
4.906000000000000000e+03
4.909000000000000000e+03
4.926000000000000000e+03
5.068000000000000000e+03
5.100000000000000000e+03
5.149000000000000000e+03
5.165000000000000000e+03
5.201000000000000000e+03
5.218000000000000000e+03
5.268000000000000000e+03
5.333000000000000000e+03
5.385000000000000000e+03
5.507000000000000000e+03
5.517000000000000000e+03
5.588000000000000000e+03
5.696000000000000000e+03
5.925000000000000000e+03
6.001000000000000000e+03
6.035000000000000000e+03
6.067000000000000000e+03
6.112000000000000000e+03
6.172000000000000000e+03
6.205000000000000000e+03
6.247000000000000000e+03
6.248000000000000000e+03
6.286000000000000000e+03
6.318000000000000000e+03
6.329000000000000000e+03
6.341000000000000000e+03
6.520000000000000000e+03
6.592000000000000000e+03
6.606000000000000000e+03
6.630000000000000000e+03
6.739000000000000000e+03
6.909000000000000000e+03
6.955000000000000000e+03
6.985000000000000000e+03
6.999000000000000000e+03
7.009000000000000000e+03
7.083000000000000000e+03
7.250000000000000000e+03
7.258000000000000000e+03
7.386000000000000000e+03
7.451000000000000000e+03
7.652000000000000000e+03
7.695000000000000000e+03
7.801000000000000000e+03
7.831000000000000000e+03
7.892000000000000000e+03
7.917000000000000000e+03
7.945000000000000000e+03
8.158000000000000000e+03
8.189000000000000000e+03
8.205000000000000000e+03
8.241000000000000000e+03
8.243000000000000000e+03
8.256000000000000000e+03
8.277000000000000000e+03
8.280000000000000000e+03
8.319000000000000000e+03
8.356000000000000000e+03
8.397000000000000000e+03
8.403000000000000000e+03
8.472000000000000000e+03
8.477000000000000000e+03
8.479000000000000000e+03
8.539000000000000000e+03
8.546000000000000000e+03
8.581000000000000000e+03
8.589000000000000000e+03
8.599000000000000000e+03
8.695000000000000000e+03
8.763000000000000000e+03
8.764000000000000000e+03
8.797000000000000000e+03
8.812000000000000000e+03
8.850000000000000000e+03
8.860000000000000000e+03
8.861000000000000000e+03
8.862000000000000000e+03
8.925000000000000000e+03
9.013000000000000000e+03
9.016000000000000000e+03
9.043000000000000000e+03
9.049000000000000000e+03
9.074000000000000000e+03
9.114000000000000000e+03
9.125000000000000000e+03
9.144000000000000000e+03
9.169000000000000000e+03
9.170000000000000000e+03
9.181000000000000000e+03
9.280000000000000000e+03
9.304000000000000000e+03
9.369000000000000000e+03
9.393000000000000000e+03
9.397000000000000000e+03
9.466000000000000000e+03
9.469000000000000000e+03
9.513000000000000000e+03
9.518000000000000000e+03
9.576000000000000000e+03
9.627000000000000000e+03
9.677000000000000000e+03
9.725000000000000000e+03
9.729000000000000000e+03
9.860000000000000000e+03
9.863000000000000000e+03
9.965000000000000000e+03
9.985000000000000000e+03
9.999000000000000000e+03
1.001800000000000000e+04
1.013100000000000000e+04
1.013900000000000000e+04
1.025300000000000000e+04
1.033600000000000000e+04
1.045500000000000000e+04
1.046800000000000000e+04
1.061500000000000000e+04
1.070700000000000000e+04
1.071200000000000000e+04
1.071300000000000000e+04
1.071400000000000000e+04
1.071500000000000000e+04
1.072900000000000000e+04
1.079500000000000000e+04
1.083200000000000000e+04
1.085700000000000000e+04
1.099200000000000000e+04
1.105600000000000000e+04
1.109700000000000000e+04
1.110700000000000000e+04
1.111800000000000000e+04
1.120300000000000000e+04
1.120700000000000000e+04
1.128700000000000000e+04
1.130500000000000000e+04
1.132400000000000000e+04
1.138500000000000000e+04
1.139500000000000000e+04
1.140900000000000000e+04
1.148700000000000000e+04
1.151700000000000000e+04
1.154000000000000000e+04
1.171700000000000000e+04
1.173200000000000000e+04
1.173500000000000000e+04
1.174200000000000000e+04
1.180300000000000000e+04
1.182500000000000000e+04
1.184500000000000000e+04
1.184900000000000000e+04
1.185100000000000000e+04
1.191700000000000000e+04
1.193900000000000000e+04
1.194000000000000000e+04
1.196200000000000000e+04
1.205600000000000000e+04
1.214800000000000000e+04
1.222100000000000000e+04
1.223900000000000000e+04
1.230100000000000000e+04
1.230600000000000000e+04
1.231400000000000000e+04
1.233100000000000000e+04
1.237500000000000000e+04
1.242200000000000000e+04
1.244700000000000000e+04
1.253300000000000000e+04
1.258700000000000000e+04
1.258800000000000000e+04
1.262300000000000000e+04
1.264500000000000000e+04
1.269100000000000000e+04
1.274800000000000000e+04
1.280000000000000000e+04
1.281200000000000000e+04
1.283000000000000000e+04
1.287900000000000000e+04
1.288600000000000000e+04
1.303100000000000000e+04
1.310800000000000000e+04
1.313300000000000000e+04
1.313600000000000000e+04
1.314700000000000000e+04
1.321000000000000000e+04
1.325600000000000000e+04
1.336600000000000000e+04
1.343300000000000000e+04
1.351500000000000000e+04
1.356800000000000000e+04
1.372200000000000000e+04
1.373100000000000000e+04
1.382600000000000000e+04
1.383400000000000000e+04
1.386700000000000000e+04
1.390300000000000000e+04
1.391000000000000000e+04
1.391700000000000000e+04
1.392300000000000000e+04
1.392400000000000000e+04
1.399900000000000000e+04
1.403800000000000000e+04
1.423900000000000000e+04
1.443900000000000000e+04
1.445800000000000000e+04
1.475300000000000000e+04
1.476300000000000000e+04
1.478400000000000000e+04
1.495000000000000000e+04
1.495100000000000000e+04
1.515700000000000000e+04
1.522000000000000000e+04
1.535000000000000000e+04
1.537300000000000000e+04
1.540400000000000000e+04
1.546800000000000000e+04
1.547600000000000000e+04
1.558900000000000000e+04
1.559500000000000000e+04
1.560600000000000000e+04
1.562100000000000000e+04
1.575300000000000000e+04
1.576200000000000000e+04
1.578300000000000000e+04
1.579400000000000000e+04
1.582800000000000000e+04
1.583400000000000000e+04
1.584100000000000000e+04
1.584300000000000000e+04
1.587800000000000000e+04
1.591000000000000000e+04
1.595300000000000000e+04
1.599600000000000000e+04
1.602100000000000000e+04
1.603000000000000000e+04
1.610800000000000000e+04
1.611800000000000000e+04
1.621800000000000000e+04
1.632000000000000000e+04
1.633100000000000000e+04
1.634800000000000000e+04
1.639100000000000000e+04
1.641200000000000000e+04
1.649900000000000000e+04
1.654600000000000000e+04
1.664500000000000000e+04
1.664900000000000000e+04
1.667900000000000000e+04
1.684700000000000000e+04
1.689000000000000000e+04
1.690000000000000000e+04
1.690900000000000000e+04
1.692400000000000000e+04
1.694400000000000000e+04
1.706400000000000000e+04
1.709200000000000000e+04
1.711200000000000000e+04
1.712000000000000000e+04
1.716000000000000000e+04
1.720800000000000000e+04
1.721000000000000000e+04
1.729400000000000000e+04
1.744100000000000000e+04
1.744200000000000000e+04
1.745300000000000000e+04
1.745800000000000000e+04
1.746700000000000000e+04
1.750700000000000000e+04
1.755900000000000000e+04
1.765400000000000000e+04
1.776800000000000000e+04
1.777800000000000000e+04
1.780800000000000000e+04
1.781600000000000000e+04
1.787600000000000000e+04
1.790400000000000000e+04
1.799600000000000000e+04
1.809500000000000000e+04
1.820500000000000000e+04
1.821100000000000000e+04
1.834800000000000000e+04
1.837400000000000000e+04
1.837700000000000000e+04
1.838800000000000000e+04
1.845800000000000000e+04
1.853600000000000000e+04
1.854000000000000000e+04
1.861500000000000000e+04
1.869500000000000000e+04
1.870300000000000000e+04
1.870700000000000000e+04
1.871300000000000000e+04
1.887000000000000000e+04
1.887200000000000000e+04
1.888600000000000000e+04
1.905300000000000000e+04
1.905600000000000000e+04
1.909000000000000000e+04
1.909700000000000000e+04
1.918700000000000000e+04
1.923400000000000000e+04
1.928500000000000000e+04
1.938500000000000000e+04
1.941000000000000000e+04
1.941800000000000000e+04
1.943500000000000000e+04
1.960000000000000000e+04
1.964700000000000000e+04
1.966800000000000000e+04
1.995900000000000000e+04
2.010500000000000000e+04
2.013700000000000000e+04
2.015200000000000000e+04
2.015800000000000000e+04
2.019200000000000000e+04
2.024900000000000000e+04
2.026100000000000000e+04
2.035200000000000000e+04
2.037300000000000000e+04
2.037400000000000000e+04
2.040100000000000000e+04
2.049600000000000000e+04
2.055700000000000000e+04
2.067900000000000000e+04
2.070200000000000000e+04
2.076300000000000000e+04
2.088100000000000000e+04
2.109800000000000000e+04
2.120000000000000000e+04
2.123200000000000000e+04
2.123400000000000000e+04
2.123700000000000000e+04
2.125300000000000000e+04
2.127200000000000000e+04
2.128000000000000000e+04
2.134000000000000000e+04
2.140800000000000000e+04
2.142300000000000000e+04
2.151100000000000000e+04
2.152300000000000000e+04
2.153900000000000000e+04
2.158700000000000000e+04
2.159500000000000000e+04
2.165000000000000000e+04
2.165800000000000000e+04
2.170300000000000000e+04
2.171300000000000000e+04
2.173200000000000000e+04
2.174800000000000000e+04
2.186900000000000000e+04
2.194800000000000000e+04
2.201100000000000000e+04
2.201400000000000000e+04
2.207400000000000000e+04
2.208200000000000000e+04
2.210900000000000000e+04
2.214700000000000000e+04
2.217800000000000000e+04
2.232000000000000000e+04
2.259300000000000000e+04
2.262000000000000000e+04
2.266900000000000000e+04
2.268800000000000000e+04
2.273000000000000000e+04
2.283500000000000000e+04
2.284700000000000000e+04
2.292400000000000000e+04
2.321000000000000000e+04
2.321500000000000000e+04
2.321600000000000000e+04
2.322800000000000000e+04
2.323000000000000000e+04
2.325400000000000000e+04
2.336300000000000000e+04
2.336400000000000000e+04
2.338800000000000000e+04
2.345400000000000000e+04
2.350800000000000000e+04
2.351700000000000000e+04
2.354000000000000000e+04
2.354500000000000000e+04
2.357100000000000000e+04
2.370200000000000000e+04
2.370500000000000000e+04
2.374700000000000000e+04
2.375900000000000000e+04
2.380100000000000000e+04
2.384700000000000000e+04
2.386900000000000000e+04
2.389700000000000000e+04
2.392300000000000000e+04
2.402200000000000000e+04
2.411400000000000000e+04
2.412400000000000000e+04
2.412500000000000000e+04
2.415400000000000000e+04
2.415700000000000000e+04
2.417500000000000000e+04
2.418600000000000000e+04
2.420800000000000000e+04
2.422600000000000000e+04
2.430400000000000000e+04
2.437900000000000000e+04
2.446700000000000000e+04
2.455200000000000000e+04
2.460800000000000000e+04
2.464400000000000000e+04
2.465200000000000000e+04
2.471700000000000000e+04
2.478700000000000000e+04
2.485900000000000000e+04
2.487400000000000000e+04
2.496800000000000000e+04
2.508300000000000000e+04
2.510900000000000000e+04
2.512800000000000000e+04
2.514600000000000000e+04
2.517600000000000000e+04
2.519900000000000000e+04
2.520300000000000000e+04
2.521800000000000000e+04
2.524100000000000000e+04
2.527100000000000000e+04
2.527300000000000000e+04
2.537600000000000000e+04
2.545600000000000000e+04
2.547100000000000000e+04
2.548100000000000000e+04
2.549200000000000000e+04
2.549700000000000000e+04
2.551100000000000000e+04
2.554100000000000000e+04
2.554700000000000000e+04
2.556600000000000000e+04
2.559000000000000000e+04
2.559500000000000000e+04
2.563000000000000000e+04
2.563600000000000000e+04
2.566100000000000000e+04
2.577300000000000000e+04
2.586500000000000000e+04
2.589200000000000000e+04
2.591800000000000000e+04
2.592700000000000000e+04
2.595500000000000000e+04
2.605600000000000000e+04
2.605700000000000000e+04
2.607400000000000000e+04
2.608900000000000000e+04
2.617500000000000000e+04
2.619900000000000000e+04
2.621700000000000000e+04
2.624200000000000000e+04
2.630900000000000000e+04
2.637800000000000000e+04
2.638900000000000000e+04
2.639000000000000000e+04
2.639100000000000000e+04
2.642400000000000000e+04
2.649900000000000000e+04
2.659300000000000000e+04
2.674300000000000000e+04
2.677600000000000000e+04
2.677700000000000000e+04
2.684900000000000000e+04
2.688200000000000000e+04
2.688500000000000000e+04
2.699100000000000000e+04
2.703400000000000000e+04
2.703500000000000000e+04
2.703600000000000000e+04
2.703700000000000000e+04
2.704200000000000000e+04
2.707000000000000000e+04
2.721400000000000000e+04
2.726900000000000000e+04
2.727000000000000000e+04
2.745900000000000000e+04
2.748200000000000000e+04
2.758200000000000000e+04
2.758700000000000000e+04
2.758800000000000000e+04
2.758900000000000000e+04
2.763100000000000000e+04
2.763800000000000000e+04
2.764900000000000000e+04
2.766000000000000000e+04
2.766700000000000000e+04
2.769200000000000000e+04
2.771600000000000000e+04
2.777400000000000000e+04
2.782100000000000000e+04
2.786300000000000000e+04
2.786700000000000000e+04
2.787000000000000000e+04
2.803900000000000000e+04
2.804900000000000000e+04
2.805400000000000000e+04
2.805600000000000000e+04
2.805800000000000000e+04
2.808700000000000000e+04
2.809600000000000000e+04
2.817400000000000000e+04
2.829900000000000000e+04
2.839900000000000000e+04
2.841600000000000000e+04
2.851000000000000000e+04
2.854900000000000000e+04
2.863500000000000000e+04
2.866300000000000000e+04
2.867500000000000000e+04
2.868500000000000000e+04
2.873000000000000000e+04
2.874100000000000000e+04
2.876300000000000000e+04
2.891100000000000000e+04
2.907800000000000000e+04
2.913800000000000000e+04
2.928100000000000000e+04
2.933100000000000000e+04
2.937700000000000000e+04
2.939100000000000000e+04
2.947500000000000000e+04
2.948100000000000000e+04
2.954400000000000000e+04
2.954500000000000000e+04
2.958900000000000000e+04
2.960000000000000000e+04
2.965900000000000000e+04
2.970700000000000000e+04
2.971800000000000000e+04
2.972300000000000000e+04
2.977400000000000000e+04
2.981100000000000000e+04
2.985600000000000000e+04
2.985700000000000000e+04
2.986400000000000000e+04
2.987300000000000000e+04
2.993000000000000000e+04
2.994900000000000000e+04
3.002600000000000000e+04
3.002700000000000000e+04
3.010100000000000000e+04
3.013100000000000000e+04
3.033600000000000000e+04
3.037900000000000000e+04
3.041300000000000000e+04
3.043800000000000000e+04
3.048900000000000000e+04
3.050900000000000000e+04
3.057400000000000000e+04
3.061200000000000000e+04
3.063900000000000000e+04
3.070900000000000000e+04
3.086400000000000000e+04
3.097600000000000000e+04
3.098900000000000000e+04
3.105600000000000000e+04
3.105800000000000000e+04
3.115300000000000000e+04
3.118500000000000000e+04
3.125900000000000000e+04
3.126000000000000000e+04
3.126200000000000000e+04
3.130600000000000000e+04
3.133800000000000000e+04
3.134700000000000000e+04
3.138700000000000000e+04
3.145700000000000000e+04
3.150900000000000000e+04
3.165900000000000000e+04
3.168000000000000000e+04
3.168500000000000000e+04
3.173600000000000000e+04
3.175400000000000000e+04
3.185800000000000000e+04
3.187100000000000000e+04
3.188100000000000000e+04
3.197500000000000000e+04
3.200100000000000000e+04
3.202200000000000000e+04
3.215800000000000000e+04
3.222500000000000000e+04
3.222600000000000000e+04
3.226400000000000000e+04
3.230300000000000000e+04
3.231400000000000000e+04
3.236500000000000000e+04
3.238800000000000000e+04
3.240400000000000000e+04
3.242800000000000000e+04
3.243300000000000000e+04
3.244000000000000000e+04
3.248200000000000000e+04
3.250100000000000000e+04
3.254500000000000000e+04
3.255200000000000000e+04
3.256200000000000000e+04
3.276000000000000000e+04
3.276500000000000000e+04
3.276700000000000000e+04
3.277400000000000000e+04
3.277600000000000000e+04
3.287900000000000000e+04
3.299600000000000000e+04
3.309700000000000000e+04
3.322200000000000000e+04
3.324400000000000000e+04
3.329100000000000000e+04
3.335900000000000000e+04
3.336200000000000000e+04
3.338800000000000000e+04
3.346500000000000000e+04
3.346700000000000000e+04
3.347600000000000000e+04
3.348800000000000000e+04
3.355800000000000000e+04
3.357500000000000000e+04
3.377800000000000000e+04
3.378800000000000000e+04
3.384600000000000000e+04
3.394000000000000000e+04
3.400600000000000000e+04
3.405900000000000000e+04
3.407300000000000000e+04
3.409900000000000000e+04
3.414000000000000000e+04
3.423300000000000000e+04
3.424300000000000000e+04
3.432300000000000000e+04
3.457100000000000000e+04
3.458700000000000000e+04
3.459100000000000000e+04
3.459700000000000000e+04
3.470300000000000000e+04
3.475700000000000000e+04
3.479100000000000000e+04
3.479700000000000000e+04
3.484100000000000000e+04
3.486100000000000000e+04
3.486300000000000000e+04
3.489200000000000000e+04
3.491800000000000000e+04
3.495900000000000000e+04
3.496000000000000000e+04
3.499200000000000000e+04
3.499600000000000000e+04
3.500900000000000000e+04
3.508500000000000000e+04
3.510500000000000000e+04
3.518800000000000000e+04
3.530000000000000000e+04
3.535900000000000000e+04
3.547500000000000000e+04
3.550300000000000000e+04
3.550500000000000000e+04
3.565200000000000000e+04
3.565700000000000000e+04
3.569800000000000000e+04
3.571000000000000000e+04
3.574600000000000000e+04
3.579600000000000000e+04
3.580600000000000000e+04
3.581800000000000000e+04
3.583300000000000000e+04
3.592700000000000000e+04
3.592800000000000000e+04
3.597000000000000000e+04
3.608300000000000000e+04
3.612300000000000000e+04
3.613700000000000000e+04
3.618800000000000000e+04
3.624600000000000000e+04
3.626100000000000000e+04
3.629900000000000000e+04
3.631600000000000000e+04
3.632900000000000000e+04
3.634800000000000000e+04
3.634900000000000000e+04
3.645400000000000000e+04
3.660600000000000000e+04
3.665200000000000000e+04
3.665300000000000000e+04
3.666700000000000000e+04
3.680700000000000000e+04
3.684200000000000000e+04
3.685800000000000000e+04
3.685900000000000000e+04
3.686600000000000000e+04
3.686800000000000000e+04
3.691700000000000000e+04
3.696900000000000000e+04
3.709400000000000000e+04
3.719100000000000000e+04
3.723000000000000000e+04
3.726500000000000000e+04
3.728000000000000000e+04
3.731400000000000000e+04
3.735000000000000000e+04
3.735600000000000000e+04
3.739400000000000000e+04
3.740700000000000000e+04
3.741100000000000000e+04
3.741200000000000000e+04
3.741500000000000000e+04
3.742900000000000000e+04
3.743700000000000000e+04
3.744700000000000000e+04
3.756900000000000000e+04
3.757000000000000000e+04
3.759900000000000000e+04
3.771800000000000000e+04
3.772200000000000000e+04
3.785000000000000000e+04
3.790000000000000000e+04
3.794200000000000000e+04
3.798700000000000000e+04
3.807300000000000000e+04
3.810300000000000000e+04
3.811200000000000000e+04
3.814700000000000000e+04
3.818200000000000000e+04
3.820100000000000000e+04
3.824100000000000000e+04
3.826600000000000000e+04
3.834100000000000000e+04
3.849900000000000000e+04
3.862300000000000000e+04
3.863900000000000000e+04
3.876700000000000000e+04
3.879000000000000000e+04
3.880900000000000000e+04
3.881000000000000000e+04
3.881100000000000000e+04
3.881300000000000000e+04
3.881600000000000000e+04
3.882500000000000000e+04
3.882700000000000000e+04
3.906200000000000000e+04
3.906500000000000000e+04
3.906800000000000000e+04
3.917400000000000000e+04
3.925800000000000000e+04
3.930800000000000000e+04
3.934900000000000000e+04
3.937500000000000000e+04
3.937600000000000000e+04
3.951900000000000000e+04
3.955700000000000000e+04
3.956000000000000000e+04
3.959900000000000000e+04
3.972700000000000000e+04
3.986000000000000000e+04
3.986100000000000000e+04
3.986500000000000000e+04
4.023600000000000000e+04
4.032600000000000000e+04
4.037600000000000000e+04
4.038300000000000000e+04
4.038400000000000000e+04
4.041400000000000000e+04
4.053300000000000000e+04
4.054700000000000000e+04
4.056300000000000000e+04
4.058900000000000000e+04
4.060900000000000000e+04
4.068600000000000000e+04
4.071800000000000000e+04
4.074700000000000000e+04
4.079700000000000000e+04
4.082600000000000000e+04
4.083900000000000000e+04
4.085400000000000000e+04
4.088400000000000000e+04
4.095900000000000000e+04
4.097300000000000000e+04
4.122500000000000000e+04
4.128500000000000000e+04
4.129100000000000000e+04
4.136500000000000000e+04
4.136900000000000000e+04
4.137000000000000000e+04
4.138500000000000000e+04
4.138600000000000000e+04
4.138800000000000000e+04
4.144700000000000000e+04
4.147900000000000000e+04
4.152400000000000000e+04
4.154100000000000000e+04
4.158100000000000000e+04
4.176200000000000000e+04
4.178200000000000000e+04
4.179700000000000000e+04
4.180600000000000000e+04
4.180800000000000000e+04
4.183100000000000000e+04
4.183500000000000000e+04
4.183700000000000000e+04
4.184200000000000000e+04
4.184500000000000000e+04
4.190600000000000000e+04
4.193900000000000000e+04
4.201200000000000000e+04
4.201900000000000000e+04
4.202000000000000000e+04
4.211100000000000000e+04
4.230800000000000000e+04
4.231300000000000000e+04
4.241000000000000000e+04
4.253800000000000000e+04
4.257600000000000000e+04
4.263400000000000000e+04
4.265000000000000000e+04
4.265100000000000000e+04
4.265300000000000000e+04
4.267800000000000000e+04
4.272800000000000000e+04
4.272900000000000000e+04
4.278900000000000000e+04
4.281600000000000000e+04
4.284800000000000000e+04
4.285000000000000000e+04
4.286500000000000000e+04
4.286600000000000000e+04
4.290300000000000000e+04
4.291000000000000000e+04
4.301800000000000000e+04
4.347100000000000000e+04
4.359400000000000000e+04
4.365700000000000000e+04
4.368300000000000000e+04
4.376100000000000000e+04
4.385200000000000000e+04
4.389800000000000000e+04
4.393900000000000000e+04
4.398500000000000000e+04
4.407600000000000000e+04
4.408600000000000000e+04
4.413700000000000000e+04
4.441700000000000000e+04
4.449000000000000000e+04
4.453000000000000000e+04
4.456900000000000000e+04
4.457400000000000000e+04
4.458500000000000000e+04
4.459000000000000000e+04
4.460400000000000000e+04
4.460700000000000000e+04
4.462700000000000000e+04
4.468100000000000000e+04
4.475400000000000000e+04
4.488200000000000000e+04
4.490100000000000000e+04
4.490200000000000000e+04
4.490400000000000000e+04
4.497800000000000000e+04
4.499900000000000000e+04
4.502100000000000000e+04
4.507600000000000000e+04
4.511400000000000000e+04
4.515200000000000000e+04
4.516800000000000000e+04
4.519000000000000000e+04
4.519100000000000000e+04
4.524300000000000000e+04
4.525200000000000000e+04
4.539500000000000000e+04
4.546400000000000000e+04
4.550800000000000000e+04
4.557300000000000000e+04
4.564000000000000000e+04
4.566700000000000000e+04
4.572200000000000000e+04
4.580100000000000000e+04
4.583800000000000000e+04
4.588500000000000000e+04
4.590300000000000000e+04
4.594700000000000000e+04
4.603000000000000000e+04
4.603200000000000000e+04
4.605400000000000000e+04
4.605600000000000000e+04
4.616900000000000000e+04
4.626500000000000000e+04
4.635200000000000000e+04
4.635400000000000000e+04
4.636200000000000000e+04
4.642500000000000000e+04
4.656900000000000000e+04
4.657900000000000000e+04
4.665800000000000000e+04
4.673800000000000000e+04
4.680900000000000000e+04
4.700500000000000000e+04
4.701200000000000000e+04
4.703600000000000000e+04
4.725500000000000000e+04
4.736600000000000000e+04
4.738600000000000000e+04
4.742900000000000000e+04
4.743200000000000000e+04
4.745100000000000000e+04
4.745800000000000000e+04
4.746100000000000000e+04
4.773600000000000000e+04
4.775300000000000000e+04
4.782600000000000000e+04
4.800300000000000000e+04
4.805700000000000000e+04
4.806000000000000000e+04
4.813300000000000000e+04
4.815100000000000000e+04
4.816000000000000000e+04
4.824400000000000000e+04
4.825100000000000000e+04
4.826600000000000000e+04
4.832400000000000000e+04
4.844100000000000000e+04
4.846100000000000000e+04
4.846700000000000000e+04
4.857400000000000000e+04
4.866200000000000000e+04
4.876500000000000000e+04
4.890100000000000000e+04
4.892900000000000000e+04
4.893700000000000000e+04
4.901000000000000000e+04
4.909900000000000000e+04
4.911200000000000000e+04
4.914800000000000000e+04
4.917000000000000000e+04
4.920200000000000000e+04
4.926300000000000000e+04
4.932600000000000000e+04
4.935400000000000000e+04
4.936900000000000000e+04
4.937000000000000000e+04
4.937500000000000000e+04
4.937600000000000000e+04
4.945100000000000000e+04
4.955400000000000000e+04
4.957000000000000000e+04
4.966200000000000000e+04
4.968300000000000000e+04
4.969300000000000000e+04
4.971500000000000000e+04
4.973000000000000000e+04
4.983400000000000000e+04
4.992200000000000000e+04
4.992300000000000000e+04
4.993300000000000000e+04
4.994500000000000000e+04
4.995400000000000000e+04
4.996400000000000000e+04
4.997200000000000000e+04
5.017000000000000000e+04
5.019200000000000000e+04
5.021600000000000000e+04
5.023100000000000000e+04
5.025100000000000000e+04
5.035800000000000000e+04
5.046400000000000000e+04
5.053200000000000000e+04
5.053500000000000000e+04
5.056200000000000000e+04
5.057500000000000000e+04
5.059100000000000000e+04
5.060800000000000000e+04
5.062100000000000000e+04
5.063500000000000000e+04
5.063800000000000000e+04
5.086800000000000000e+04
5.088100000000000000e+04
5.090200000000000000e+04
5.090900000000000000e+04
5.100200000000000000e+04
5.105200000000000000e+04
5.107000000000000000e+04
5.112900000000000000e+04
5.113500000000000000e+04
5.114600000000000000e+04
5.120200000000000000e+04
5.133900000000000000e+04
5.137000000000000000e+04
5.139800000000000000e+04
5.147800000000000000e+04
5.150100000000000000e+04
5.165000000000000000e+04
5.176500000000000000e+04
5.189100000000000000e+04
5.207400000000000000e+04
5.208400000000000000e+04
5.211800000000000000e+04
5.227500000000000000e+04
5.233500000000000000e+04
5.234700000000000000e+04
5.235000000000000000e+04
5.235900000000000000e+04
5.236700000000000000e+04
5.239600000000000000e+04
5.241500000000000000e+04
5.243800000000000000e+04
5.246000000000000000e+04
5.249600000000000000e+04
5.257600000000000000e+04
5.264600000000000000e+04
5.269500000000000000e+04
5.281800000000000000e+04
5.287000000000000000e+04
5.288000000000000000e+04
5.288800000000000000e+04
5.303800000000000000e+04
5.315100000000000000e+04
5.316900000000000000e+04
5.317100000000000000e+04
5.319700000000000000e+04
5.324900000000000000e+04
5.331000000000000000e+04
5.331100000000000000e+04
5.331300000000000000e+04
5.335300000000000000e+04
5.339100000000000000e+04
5.339200000000000000e+04
5.348500000000000000e+04
5.354800000000000000e+04
5.355200000000000000e+04
5.363900000000000000e+04
5.370000000000000000e+04
5.374500000000000000e+04
5.375100000000000000e+04
5.375300000000000000e+04
5.375500000000000000e+04
5.376100000000000000e+04
5.379800000000000000e+04
5.382700000000000000e+04
5.383800000000000000e+04
5.385800000000000000e+04
5.389700000000000000e+04
5.400700000000000000e+04
5.403500000000000000e+04
5.409900000000000000e+04
5.411300000000000000e+04
5.414900000000000000e+04
5.417200000000000000e+04
5.423300000000000000e+04
5.434200000000000000e+04
5.435200000000000000e+04
5.436400000000000000e+04
5.437000000000000000e+04
5.437800000000000000e+04
5.438800000000000000e+04
5.439300000000000000e+04
5.439800000000000000e+04
5.442900000000000000e+04
5.450500000000000000e+04
5.459400000000000000e+04
5.459800000000000000e+04
5.459900000000000000e+04
5.469100000000000000e+04
5.481600000000000000e+04
5.486300000000000000e+04
5.494100000000000000e+04
5.495400000000000000e+04
5.510900000000000000e+04
5.524700000000000000e+04
5.530700000000000000e+04
5.545500000000000000e+04
5.549400000000000000e+04
5.552100000000000000e+04
5.553200000000000000e+04
5.554500000000000000e+04
5.555800000000000000e+04
5.556800000000000000e+04
5.562300000000000000e+04
5.567300000000000000e+04
5.582600000000000000e+04
5.584600000000000000e+04
5.596500000000000000e+04
5.597000000000000000e+04
5.598400000000000000e+04
5.604400000000000000e+04
5.604600000000000000e+04
5.608000000000000000e+04
5.609100000000000000e+04
5.610100000000000000e+04
5.611200000000000000e+04
5.612900000000000000e+04
5.621300000000000000e+04
5.622500000000000000e+04
5.632100000000000000e+04
5.634200000000000000e+04
5.640700000000000000e+04
5.641000000000000000e+04
5.641500000000000000e+04
5.644200000000000000e+04
5.645100000000000000e+04
5.655400000000000000e+04
5.657500000000000000e+04
5.658500000000000000e+04
5.662000000000000000e+04
5.671700000000000000e+04
5.673200000000000000e+04
5.674000000000000000e+04
5.676400000000000000e+04
5.684500000000000000e+04
5.687100000000000000e+04
5.687700000000000000e+04
5.691200000000000000e+04
5.695100000000000000e+04
5.695400000000000000e+04
5.697700000000000000e+04
5.699400000000000000e+04
5.703600000000000000e+04
5.711300000000000000e+04
5.715500000000000000e+04
5.731200000000000000e+04
5.736000000000000000e+04
5.741800000000000000e+04
5.744200000000000000e+04
5.747500000000000000e+04
5.770600000000000000e+04
5.771100000000000000e+04
5.771300000000000000e+04
5.772000000000000000e+04
5.774000000000000000e+04
5.776200000000000000e+04
5.780500000000000000e+04
5.784300000000000000e+04
5.784800000000000000e+04
5.785900000000000000e+04
5.786100000000000000e+04
5.786300000000000000e+04
5.793200000000000000e+04
5.795100000000000000e+04
5.799100000000000000e+04
5.799500000000000000e+04
5.800000000000000000e+04
5.800100000000000000e+04
5.802600000000000000e+04
5.805500000000000000e+04
5.809100000000000000e+04
5.810100000000000000e+04
5.811900000000000000e+04
5.818800000000000000e+04
5.818900000000000000e+04
5.821100000000000000e+04
5.822400000000000000e+04
5.822500000000000000e+04
5.823100000000000000e+04
5.825100000000000000e+04
5.828400000000000000e+04
5.829500000000000000e+04
5.833100000000000000e+04
5.833300000000000000e+04
5.838600000000000000e+04
5.839900000000000000e+04
5.840800000000000000e+04
5.843400000000000000e+04
5.847300000000000000e+04
5.848500000000000000e+04
5.850700000000000000e+04
5.850800000000000000e+04
5.857800000000000000e+04
5.858900000000000000e+04
5.865100000000000000e+04
5.870000000000000000e+04
5.870200000000000000e+04
5.880500000000000000e+04
5.881200000000000000e+04
5.883800000000000000e+04
5.884300000000000000e+04
5.884400000000000000e+04
5.886800000000000000e+04
5.892000000000000000e+04
5.892700000000000000e+04
5.900200000000000000e+04
5.916500000000000000e+04
5.929000000000000000e+04
5.937600000000000000e+04
5.943300000000000000e+04
5.943700000000000000e+04
5.944000000000000000e+04
5.950200000000000000e+04
5.956400000000000000e+04
5.957000000000000000e+04
5.960600000000000000e+04
5.963800000000000000e+04
5.964100000000000000e+04
5.970000000000000000e+04
5.986200000000000000e+04
5.987200000000000000e+04
5.987900000000000000e+04
5.989600000000000000e+04
5.990400000000000000e+04
5.992800000000000000e+04
5.993200000000000000e+04
5.996200000000000000e+04
5.997000000000000000e+04
5.998100000000000000e+04
6.005500000000000000e+04
6.005600000000000000e+04
6.007200000000000000e+04
6.012900000000000000e+04
6.017300000000000000e+04
6.049700000000000000e+04
6.052500000000000000e+04
6.052600000000000000e+04
6.055600000000000000e+04
6.055700000000000000e+04
6.060000000000000000e+04
6.062300000000000000e+04
6.072900000000000000e+04
6.076500000000000000e+04
6.079200000000000000e+04
6.079300000000000000e+04
6.083300000000000000e+04
6.084800000000000000e+04
6.085500000000000000e+04
6.090900000000000000e+04
6.091000000000000000e+04
6.091300000000000000e+04
6.093900000000000000e+04
6.094100000000000000e+04
6.094200000000000000e+04
6.110500000000000000e+04
6.116200000000000000e+04
6.132500000000000000e+04
6.134800000000000000e+04
6.135000000000000000e+04
6.145500000000000000e+04
6.155300000000000000e+04
6.163500000000000000e+04
6.165800000000000000e+04
6.170500000000000000e+04
6.172100000000000000e+04
6.172200000000000000e+04
6.172900000000000000e+04
6.173900000000000000e+04
6.175500000000000000e+04
6.175600000000000000e+04
6.176500000000000000e+04
6.176800000000000000e+04
6.197200000000000000e+04
6.201000000000000000e+04
6.204600000000000000e+04
6.204700000000000000e+04
6.205000000000000000e+04
6.207800000000000000e+04
6.217800000000000000e+04
6.217900000000000000e+04
6.218900000000000000e+04
6.222100000000000000e+04
6.222800000000000000e+04
6.223600000000000000e+04
6.225600000000000000e+04
6.228000000000000000e+04
6.229600000000000000e+04
6.230300000000000000e+04
6.241000000000000000e+04
6.244800000000000000e+04
6.251000000000000000e+04
6.253500000000000000e+04
6.253600000000000000e+04
6.257400000000000000e+04
6.257600000000000000e+04
6.257700000000000000e+04
6.268500000000000000e+04
6.277400000000000000e+04
6.292100000000000000e+04
6.292200000000000000e+04
6.293800000000000000e+04
6.294200000000000000e+04
6.295200000000000000e+04
6.297300000000000000e+04
6.299500000000000000e+04
6.301300000000000000e+04
6.306900000000000000e+04
6.307200000000000000e+04
6.310500000000000000e+04
6.319400000000000000e+04
6.324100000000000000e+04
6.333500000000000000e+04
6.334000000000000000e+04
6.334900000000000000e+04
6.341300000000000000e+04
6.344300000000000000e+04
6.349600000000000000e+04
6.349900000000000000e+04
6.352200000000000000e+04
6.352900000000000000e+04
6.358000000000000000e+04
6.359700000000000000e+04
6.360500000000000000e+04
6.360600000000000000e+04
6.360700000000000000e+04
6.373100000000000000e+04
6.375200000000000000e+04
6.388500000000000000e+04
6.389600000000000000e+04
6.390000000000000000e+04
6.395200000000000000e+04
6.399300000000000000e+04
6.399500000000000000e+04
6.401600000000000000e+04
6.401700000000000000e+04
6.402800000000000000e+04
6.403100000000000000e+04
6.403400000000000000e+04
6.403500000000000000e+04
6.405100000000000000e+04
6.405700000000000000e+04
6.405800000000000000e+04
6.405900000000000000e+04
6.408000000000000000e+04
6.410900000000000000e+04
6.411700000000000000e+04
6.412000000000000000e+04
6.417400000000000000e+04
6.425500000000000000e+04
6.429100000000000000e+04
6.433000000000000000e+04
6.434900000000000000e+04
6.442800000000000000e+04
6.446800000000000000e+04
6.452000000000000000e+04
6.454600000000000000e+04
6.455100000000000000e+04
6.455200000000000000e+04
6.456600000000000000e+04
6.457700000000000000e+04
6.460700000000000000e+04
6.461900000000000000e+04
6.464300000000000000e+04
6.466500000000000000e+04
6.466600000000000000e+04
6.468600000000000000e+04
6.472700000000000000e+04
6.477900000000000000e+04
6.482300000000000000e+04
6.486100000000000000e+04
6.486300000000000000e+04
6.486400000000000000e+04
6.489400000000000000e+04
6.490000000000000000e+04
6.492700000000000000e+04
6.492800000000000000e+04
6.496700000000000000e+04
6.500800000000000000e+04
6.503400000000000000e+04
6.507600000000000000e+04
6.508000000000000000e+04
6.508600000000000000e+04
6.509800000000000000e+04
6.514400000000000000e+04
6.518600000000000000e+04
6.519600000000000000e+04
6.523500000000000000e+04
6.526600000000000000e+04
6.534300000000000000e+04
6.534900000000000000e+04
6.543400000000000000e+04
6.545600000000000000e+04
6.546300000000000000e+04
6.551800000000000000e+04
6.557100000000000000e+04
6.559700000000000000e+04
6.564400000000000000e+04
6.572300000000000000e+04
6.575900000000000000e+04
6.577600000000000000e+04
6.581600000000000000e+04
6.583600000000000000e+04
6.583700000000000000e+04
6.594600000000000000e+04
6.594700000000000000e+04
6.597600000000000000e+04
6.602500000000000000e+04
6.603100000000000000e+04
6.603500000000000000e+04
6.603900000000000000e+04
6.605000000000000000e+04
6.605300000000000000e+04
6.617000000000000000e+04
6.621300000000000000e+04
6.621500000000000000e+04
6.623700000000000000e+04
6.623900000000000000e+04
6.625200000000000000e+04
6.631400000000000000e+04
6.631600000000000000e+04
6.639100000000000000e+04
6.640200000000000000e+04
6.643900000000000000e+04
6.648600000000000000e+04
6.650800000000000000e+04
6.659300000000000000e+04
6.664300000000000000e+04
6.666100000000000000e+04
6.667100000000000000e+04
6.668500000000000000e+04
6.670800000000000000e+04
6.671600000000000000e+04
6.671800000000000000e+04
6.672100000000000000e+04
6.672500000000000000e+04
6.672900000000000000e+04
6.673200000000000000e+04
6.676100000000000000e+04
6.677600000000000000e+04
6.678200000000000000e+04
6.678900000000000000e+04
6.689200000000000000e+04
6.699400000000000000e+04
6.701900000000000000e+04
6.702600000000000000e+04
6.702800000000000000e+04
6.710500000000000000e+04
6.710600000000000000e+04
6.711400000000000000e+04
6.712000000000000000e+04
6.727000000000000000e+04
6.730800000000000000e+04
6.732500000000000000e+04
6.734400000000000000e+04
6.736000000000000000e+04
6.737700000000000000e+04
6.751700000000000000e+04
6.756700000000000000e+04
6.758300000000000000e+04
6.780400000000000000e+04
6.787400000000000000e+04
6.798700000000000000e+04
6.800200000000000000e+04
6.804100000000000000e+04
6.806000000000000000e+04
6.810100000000000000e+04
6.810300000000000000e+04
6.810400000000000000e+04
6.812100000000000000e+04
6.812200000000000000e+04
6.812500000000000000e+04
6.817000000000000000e+04
6.818800000000000000e+04
6.820400000000000000e+04
6.827200000000000000e+04
6.837700000000000000e+04
6.838800000000000000e+04
6.844500000000000000e+04
6.844600000000000000e+04
6.844700000000000000e+04
6.846700000000000000e+04
6.847600000000000000e+04
6.849100000000000000e+04
6.871700000000000000e+04
6.880700000000000000e+04
6.880800000000000000e+04
6.882700000000000000e+04
6.883000000000000000e+04
6.883500000000000000e+04
6.885900000000000000e+04
6.889500000000000000e+04
6.890800000000000000e+04
6.896200000000000000e+04
6.902100000000000000e+04
6.903100000000000000e+04
6.907900000000000000e+04
6.909800000000000000e+04
6.921000000000000000e+04
6.923500000000000000e+04
6.924800000000000000e+04
6.926500000000000000e+04
6.935500000000000000e+04
6.935700000000000000e+04
6.946500000000000000e+04
6.948700000000000000e+04
6.952700000000000000e+04
6.956900000000000000e+04
6.964600000000000000e+04
6.965400000000000000e+04
6.965700000000000000e+04
6.965800000000000000e+04
6.965900000000000000e+04
6.966000000000000000e+04
6.966700000000000000e+04
6.967100000000000000e+04
6.970200000000000000e+04
6.972400000000000000e+04
6.975800000000000000e+04
6.978300000000000000e+04
6.978600000000000000e+04
6.978900000000000000e+04
6.981800000000000000e+04
6.985200000000000000e+04
6.988500000000000000e+04
6.989600000000000000e+04
7.008000000000000000e+04
7.012000000000000000e+04
7.027500000000000000e+04
7.028400000000000000e+04
7.029900000000000000e+04
7.032000000000000000e+04
7.050400000000000000e+04
7.060400000000000000e+04
7.063000000000000000e+04
7.063800000000000000e+04
7.065500000000000000e+04
7.066500000000000000e+04
7.066800000000000000e+04
7.067300000000000000e+04
7.069100000000000000e+04
7.070600000000000000e+04
7.073200000000000000e+04
7.084900000000000000e+04
7.094600000000000000e+04
7.095900000000000000e+04
7.096500000000000000e+04
7.101100000000000000e+04
7.103300000000000000e+04
7.114100000000000000e+04
7.119600000000000000e+04
7.126200000000000000e+04
7.128700000000000000e+04
7.129200000000000000e+04
7.129300000000000000e+04
7.129400000000000000e+04
7.134100000000000000e+04
7.136000000000000000e+04
7.137800000000000000e+04
7.137900000000000000e+04
7.145700000000000000e+04
7.152300000000000000e+04
7.153400000000000000e+04
7.156500000000000000e+04
7.156600000000000000e+04
7.156700000000000000e+04
7.164100000000000000e+04
7.183300000000000000e+04
7.185500000000000000e+04
7.187500000000000000e+04
7.190000000000000000e+04
7.190500000000000000e+04
7.192800000000000000e+04
7.194300000000000000e+04
7.211000000000000000e+04
7.211900000000000000e+04
7.216100000000000000e+04
7.218800000000000000e+04
7.229000000000000000e+04
7.229100000000000000e+04
7.230500000000000000e+04
7.262500000000000000e+04
7.263200000000000000e+04
7.266400000000000000e+04
7.268000000000000000e+04
7.272000000000000000e+04
7.273200000000000000e+04
7.273300000000000000e+04
7.274500000000000000e+04
7.292300000000000000e+04
7.293200000000000000e+04
7.311000000000000000e+04
7.311900000000000000e+04
7.312200000000000000e+04
7.313300000000000000e+04
7.320300000000000000e+04
7.324100000000000000e+04
7.326400000000000000e+04
7.332700000000000000e+04
7.355000000000000000e+04
7.362400000000000000e+04
7.372600000000000000e+04
7.373000000000000000e+04
7.378900000000000000e+04
7.391800000000000000e+04
7.398700000000000000e+04
7.400400000000000000e+04
7.400500000000000000e+04
7.400700000000000000e+04
7.405700000000000000e+04
7.411600000000000000e+04
7.415900000000000000e+04
7.416400000000000000e+04
7.416800000000000000e+04
7.416900000000000000e+04
7.424000000000000000e+04
7.432000000000000000e+04
7.432100000000000000e+04
7.432300000000000000e+04
7.435700000000000000e+04
7.436100000000000000e+04
7.436300000000000000e+04
7.441000000000000000e+04
7.449700000000000000e+04
7.455400000000000000e+04
7.463300000000000000e+04
7.463400000000000000e+04
7.470300000000000000e+04
7.473800000000000000e+04
7.473900000000000000e+04
7.474500000000000000e+04
7.474700000000000000e+04
7.475000000000000000e+04
7.478900000000000000e+04
7.479900000000000000e+04
7.483600000000000000e+04
7.484200000000000000e+04
7.485800000000000000e+04
7.486700000000000000e+04
7.492400000000000000e+04
7.522300000000000000e+04
7.522400000000000000e+04
7.522500000000000000e+04
7.522900000000000000e+04
7.523400000000000000e+04
7.523800000000000000e+04
7.528500000000000000e+04
7.535900000000000000e+04
7.536500000000000000e+04
7.540400000000000000e+04
7.549900000000000000e+04
7.553300000000000000e+04
7.555600000000000000e+04
7.567500000000000000e+04
7.573400000000000000e+04
7.576700000000000000e+04
7.581400000000000000e+04
7.588800000000000000e+04
7.591600000000000000e+04
7.592600000000000000e+04
7.608600000000000000e+04
7.621500000000000000e+04
7.621800000000000000e+04
7.626700000000000000e+04
7.636800000000000000e+04
7.641800000000000000e+04
7.645700000000000000e+04
7.648300000000000000e+04
7.649600000000000000e+04
7.650100000000000000e+04
7.653800000000000000e+04
7.663500000000000000e+04
7.670600000000000000e+04
7.677300000000000000e+04
7.680500000000000000e+04
7.692700000000000000e+04
7.693300000000000000e+04
7.693400000000000000e+04
7.693500000000000000e+04
7.699100000000000000e+04
7.699400000000000000e+04
7.699800000000000000e+04
7.704800000000000000e+04
7.710500000000000000e+04
7.721000000000000000e+04
7.736500000000000000e+04
7.740100000000000000e+04
7.740200000000000000e+04
7.742800000000000000e+04
7.747100000000000000e+04
7.748300000000000000e+04
7.749200000000000000e+04
7.750900000000000000e+04
7.755000000000000000e+04
7.759600000000000000e+04
7.760500000000000000e+04
7.761300000000000000e+04
7.761600000000000000e+04
7.767600000000000000e+04
7.782300000000000000e+04
7.785500000000000000e+04
7.790800000000000000e+04
7.804500000000000000e+04
7.807600000000000000e+04
7.808800000000000000e+04
7.811600000000000000e+04
7.811900000000000000e+04
7.815200000000000000e+04
7.817100000000000000e+04
7.825300000000000000e+04
7.837700000000000000e+04
7.838500000000000000e+04
7.839100000000000000e+04
7.839300000000000000e+04
7.840700000000000000e+04
7.841300000000000000e+04
7.843200000000000000e+04
7.848100000000000000e+04
7.858300000000000000e+04
7.858700000000000000e+04
7.860200000000000000e+04
7.867300000000000000e+04
7.867600000000000000e+04
7.873000000000000000e+04
7.874000000000000000e+04
7.881700000000000000e+04
7.881800000000000000e+04
7.886600000000000000e+04
7.890700000000000000e+04
7.892400000000000000e+04
7.892500000000000000e+04
7.893100000000000000e+04
7.894000000000000000e+04
7.894600000000000000e+04
7.897500000000000000e+04
7.897800000000000000e+04
7.904100000000000000e+04
7.905000000000000000e+04
7.905700000000000000e+04
7.909000000000000000e+04
7.909100000000000000e+04
7.933200000000000000e+04
7.933300000000000000e+04
7.935600000000000000e+04
7.942500000000000000e+04
7.945400000000000000e+04
7.946800000000000000e+04
7.947100000000000000e+04
7.949700000000000000e+04
7.950000000000000000e+04
7.952300000000000000e+04
7.954600000000000000e+04
7.954900000000000000e+04
7.955400000000000000e+04
7.956400000000000000e+04
7.957200000000000000e+04
7.961300000000000000e+04
7.972900000000000000e+04
7.975500000000000000e+04
7.976200000000000000e+04
7.976300000000000000e+04
7.999300000000000000e+04
7.999800000000000000e+04
8.003700000000000000e+04
8.019200000000000000e+04
8.021200000000000000e+04
8.022000000000000000e+04
8.023100000000000000e+04
8.024700000000000000e+04
8.025800000000000000e+04
8.032800000000000000e+04
8.033200000000000000e+04
8.033300000000000000e+04
8.034700000000000000e+04
8.035400000000000000e+04
8.036300000000000000e+04
8.042800000000000000e+04
8.043800000000000000e+04
8.044500000000000000e+04
8.045400000000000000e+04
8.050200000000000000e+04
8.050400000000000000e+04
8.051400000000000000e+04
8.051900000000000000e+04
8.052200000000000000e+04
8.053800000000000000e+04
8.054700000000000000e+04
8.054800000000000000e+04
8.055200000000000000e+04
8.055300000000000000e+04
8.055400000000000000e+04
8.055600000000000000e+04
8.055700000000000000e+04
8.055800000000000000e+04
8.056100000000000000e+04
8.056200000000000000e+04
8.057600000000000000e+04
8.058400000000000000e+04
8.060600000000000000e+04
8.061000000000000000e+04
8.062100000000000000e+04
8.062400000000000000e+04
8.062500000000000000e+04
8.062700000000000000e+04
8.063400000000000000e+04
8.063500000000000000e+04
8.063700000000000000e+04
8.063800000000000000e+04
8.064000000000000000e+04
8.064100000000000000e+04
8.064600000000000000e+04
8.066100000000000000e+04
8.066300000000000000e+04
8.067000000000000000e+04
8.067100000000000000e+04
8.067300000000000000e+04
8.072200000000000000e+04
8.081200000000000000e+04
8.081600000000000000e+04
8.087000000000000000e+04
8.090200000000000000e+04
8.091300000000000000e+04
8.100200000000000000e+04
8.101500000000000000e+04
8.103900000000000000e+04
8.105100000000000000e+04
8.107600000000000000e+04
8.108300000000000000e+04
8.109000000000000000e+04
8.118900000000000000e+04
8.119600000000000000e+04
8.120300000000000000e+04
8.122300000000000000e+04
8.123300000000000000e+04
8.130800000000000000e+04
8.132500000000000000e+04
8.134900000000000000e+04
8.135100000000000000e+04
8.138600000000000000e+04
8.153300000000000000e+04
8.154500000000000000e+04
8.158800000000000000e+04
8.161900000000000000e+04
8.162900000000000000e+04
8.167400000000000000e+04
8.167500000000000000e+04
8.167600000000000000e+04
8.173900000000000000e+04
8.177700000000000000e+04
8.180700000000000000e+04
8.184000000000000000e+04
8.185500000000000000e+04
8.189000000000000000e+04
8.194700000000000000e+04
8.196000000000000000e+04
8.199800000000000000e+04
8.200500000000000000e+04
8.205100000000000000e+04
8.211900000000000000e+04
8.212100000000000000e+04
8.221000000000000000e+04
8.221400000000000000e+04
8.221500000000000000e+04
8.235300000000000000e+04
8.238900000000000000e+04
8.240500000000000000e+04
8.241800000000000000e+04
8.242000000000000000e+04
8.245700000000000000e+04
8.248900000000000000e+04
8.252200000000000000e+04
8.268000000000000000e+04
8.271500000000000000e+04
8.284700000000000000e+04
8.295000000000000000e+04
8.298000000000000000e+04
8.320600000000000000e+04
8.326100000000000000e+04
8.331700000000000000e+04
8.333300000000000000e+04
8.334000000000000000e+04
8.361600000000000000e+04
8.361800000000000000e+04
8.362900000000000000e+04
8.374400000000000000e+04
8.377000000000000000e+04
8.385500000000000000e+04
8.393200000000000000e+04
8.397300000000000000e+04
8.402800000000000000e+04
8.405000000000000000e+04
8.408400000000000000e+04
8.432300000000000000e+04
8.437500000000000000e+04
8.438100000000000000e+04
8.445000000000000000e+04
8.447000000000000000e+04
8.456000000000000000e+04
8.457300000000000000e+04
8.458900000000000000e+04
8.460700000000000000e+04
8.481200000000000000e+04
8.491700000000000000e+04
8.493300000000000000e+04
8.504300000000000000e+04
8.512000000000000000e+04
8.518300000000000000e+04
8.523400000000000000e+04
8.529100000000000000e+04
8.546900000000000000e+04
8.548200000000000000e+04
8.561400000000000000e+04
8.566100000000000000e+04
8.569300000000000000e+04
8.572900000000000000e+04
8.573900000000000000e+04
8.576400000000000000e+04
8.578800000000000000e+04
8.585600000000000000e+04
8.587000000000000000e+04
8.587100000000000000e+04
8.590000000000000000e+04
8.591800000000000000e+04
8.592700000000000000e+04
8.594200000000000000e+04
8.600100000000000000e+04
8.606900000000000000e+04
8.607400000000000000e+04
8.611100000000000000e+04
8.611800000000000000e+04
8.612300000000000000e+04
8.612700000000000000e+04
8.613000000000000000e+04
8.613100000000000000e+04
8.619400000000000000e+04
8.622800000000000000e+04
8.631900000000000000e+04
8.633700000000000000e+04
8.643400000000000000e+04
8.647500000000000000e+04
8.653300000000000000e+04
8.653700000000000000e+04
8.653800000000000000e+04
8.663500000000000000e+04
8.663700000000000000e+04
8.663800000000000000e+04
8.664300000000000000e+04
8.665700000000000000e+04
8.665800000000000000e+04
8.666100000000000000e+04
8.667100000000000000e+04
8.674900000000000000e+04
8.676100000000000000e+04
8.677900000000000000e+04
8.678800000000000000e+04
8.679100000000000000e+04
8.680100000000000000e+04
8.687500000000000000e+04
8.687600000000000000e+04
8.689500000000000000e+04
8.691600000000000000e+04
8.695200000000000000e+04
8.699200000000000000e+04
8.702300000000000000e+04
8.702500000000000000e+04
8.713800000000000000e+04
8.721700000000000000e+04
