9.100000000000000000e+01
1.950000000000000000e+02
3.200000000000000000e+02
4.280000000000000000e+02
4.450000000000000000e+02
5.030000000000000000e+02
5.940000000000000000e+02
6.170000000000000000e+02
7.120000000000000000e+02
8.040000000000000000e+02
9.330000000000000000e+02
9.930000000000000000e+02
1.068000000000000000e+03
1.075000000000000000e+03
1.119000000000000000e+03
1.133000000000000000e+03
1.195000000000000000e+03
1.198000000000000000e+03
1.204000000000000000e+03
1.275000000000000000e+03
1.333000000000000000e+03
1.334000000000000000e+03
1.336000000000000000e+03
1.343000000000000000e+03
1.382000000000000000e+03
1.400000000000000000e+03
1.765000000000000000e+03
1.800000000000000000e+03
1.896000000000000000e+03
1.899000000000000000e+03
2.002000000000000000e+03
2.026000000000000000e+03
2.206000000000000000e+03
2.221000000000000000e+03
2.280000000000000000e+03
2.375000000000000000e+03
2.376000000000000000e+03
2.420000000000000000e+03
2.434000000000000000e+03
2.483000000000000000e+03
2.552000000000000000e+03
2.612000000000000000e+03
2.634000000000000000e+03
2.730000000000000000e+03
2.731000000000000000e+03
2.854000000000000000e+03
2.862000000000000000e+03
2.877000000000000000e+03
2.936000000000000000e+03
2.940000000000000000e+03
3.049000000000000000e+03
3.140000000000000000e+03
3.202000000000000000e+03
3.272000000000000000e+03
3.645000000000000000e+03
3.647000000000000000e+03
3.648000000000000000e+03
3.788000000000000000e+03
3.789000000000000000e+03
3.799000000000000000e+03
3.844000000000000000e+03
3.928000000000000000e+03
4.053000000000000000e+03
4.115000000000000000e+03
4.175000000000000000e+03
4.330000000000000000e+03
4.478000000000000000e+03
4.592000000000000000e+03
4.707000000000000000e+03
4.711000000000000000e+03
4.746000000000000000e+03
4.802000000000000000e+03
4.861000000000000000e+03
4.870000000000000000e+03
4.898000000000000000e+03
5.081000000000000000e+03
5.193000000000000000e+03
5.310000000000000000e+03
5.404000000000000000e+03
5.455000000000000000e+03
5.532000000000000000e+03
5.558000000000000000e+03
5.697000000000000000e+03
5.790000000000000000e+03
5.803000000000000000e+03
6.003000000000000000e+03
6.039000000000000000e+03
6.044000000000000000e+03
6.046000000000000000e+03
6.212000000000000000e+03
6.244000000000000000e+03
6.380000000000000000e+03
6.610000000000000000e+03
6.662000000000000000e+03
6.695000000000000000e+03
6.914000000000000000e+03
6.921000000000000000e+03
7.011000000000000000e+03
7.105000000000000000e+03
7.321000000000000000e+03
7.343000000000000000e+03
7.377000000000000000e+03
7.385000000000000000e+03
7.392000000000000000e+03
7.405000000000000000e+03
7.520000000000000000e+03
7.528000000000000000e+03
7.541000000000000000e+03
7.558000000000000000e+03
7.578000000000000000e+03
7.584000000000000000e+03
7.596000000000000000e+03
7.597000000000000000e+03
7.598000000000000000e+03
7.600000000000000000e+03
7.607000000000000000e+03
7.642000000000000000e+03
7.674000000000000000e+03
7.694000000000000000e+03
7.721000000000000000e+03
7.744000000000000000e+03
7.765000000000000000e+03
7.784000000000000000e+03
7.800000000000000000e+03
7.927000000000000000e+03
7.930000000000000000e+03
8.004000000000000000e+03
8.016000000000000000e+03
8.076000000000000000e+03
8.079000000000000000e+03
8.105000000000000000e+03
8.120000000000000000e+03
8.145000000000000000e+03
8.208000000000000000e+03
8.392000000000000000e+03
8.585000000000000000e+03
8.593000000000000000e+03
8.615000000000000000e+03
8.660000000000000000e+03
8.662000000000000000e+03
8.663000000000000000e+03
8.664000000000000000e+03
8.665000000000000000e+03
8.708000000000000000e+03
8.793000000000000000e+03
8.914000000000000000e+03
8.968000000000000000e+03
9.104000000000000000e+03
9.146000000000000000e+03
9.213000000000000000e+03
9.214000000000000000e+03
9.232000000000000000e+03
9.261000000000000000e+03
9.265000000000000000e+03
9.274000000000000000e+03
9.403000000000000000e+03
9.478000000000000000e+03
9.577000000000000000e+03
9.619000000000000000e+03
9.654000000000000000e+03
9.673000000000000000e+03
9.690000000000000000e+03
9.809000000000000000e+03
9.975000000000000000e+03
1.004600000000000000e+04
1.006200000000000000e+04
1.008200000000000000e+04
1.029700000000000000e+04
1.031600000000000000e+04
1.036100000000000000e+04
1.036200000000000000e+04
1.048600000000000000e+04
1.048700000000000000e+04
1.049400000000000000e+04
1.060400000000000000e+04
1.062800000000000000e+04
1.075300000000000000e+04
1.090200000000000000e+04
1.093300000000000000e+04
1.095800000000000000e+04
1.097300000000000000e+04
1.100000000000000000e+04
1.102300000000000000e+04
1.102500000000000000e+04
1.104800000000000000e+04
1.106300000000000000e+04
1.112100000000000000e+04
1.122500000000000000e+04
1.126400000000000000e+04
1.128500000000000000e+04
1.131200000000000000e+04
1.131800000000000000e+04
1.133900000000000000e+04
1.140200000000000000e+04
1.142100000000000000e+04
1.142200000000000000e+04
1.149400000000000000e+04
1.150200000000000000e+04
1.151800000000000000e+04
1.154700000000000000e+04
1.161500000000000000e+04
1.163200000000000000e+04
1.167300000000000000e+04
1.171200000000000000e+04
1.173400000000000000e+04
1.178700000000000000e+04
1.179500000000000000e+04
1.186300000000000000e+04
1.190000000000000000e+04
1.204300000000000000e+04
1.212300000000000000e+04
1.215800000000000000e+04
1.218400000000000000e+04
1.220900000000000000e+04
1.223100000000000000e+04
1.223200000000000000e+04
1.226900000000000000e+04
1.229900000000000000e+04
1.233400000000000000e+04
1.245900000000000000e+04
1.247600000000000000e+04
1.248300000000000000e+04
1.250000000000000000e+04
1.251200000000000000e+04
1.252100000000000000e+04
1.255400000000000000e+04
1.265100000000000000e+04
1.273500000000000000e+04
1.282900000000000000e+04
1.284600000000000000e+04
1.289800000000000000e+04
1.293800000000000000e+04
1.304400000000000000e+04
1.311200000000000000e+04
1.312100000000000000e+04
1.325400000000000000e+04
1.329000000000000000e+04
1.329300000000000000e+04
1.332100000000000000e+04
1.336200000000000000e+04
1.336300000000000000e+04
1.337700000000000000e+04
1.358300000000000000e+04
1.368300000000000000e+04
1.368400000000000000e+04
1.368600000000000000e+04
1.369900000000000000e+04
1.372400000000000000e+04
1.375600000000000000e+04
1.375900000000000000e+04
1.382000000000000000e+04
1.388100000000000000e+04
1.390100000000000000e+04
1.401700000000000000e+04
1.404000000000000000e+04
1.411800000000000000e+04
1.412300000000000000e+04
1.419900000000000000e+04
1.420300000000000000e+04
1.426300000000000000e+04
1.427500000000000000e+04
1.429100000000000000e+04
1.441000000000000000e+04
1.458200000000000000e+04
1.459800000000000000e+04
1.461800000000000000e+04
1.465100000000000000e+04
1.467100000000000000e+04
1.479600000000000000e+04
1.486600000000000000e+04
1.499500000000000000e+04
1.499700000000000000e+04
1.501400000000000000e+04
1.506200000000000000e+04
1.540000000000000000e+04
1.540100000000000000e+04
1.551200000000000000e+04
1.559400000000000000e+04
1.563400000000000000e+04
1.566100000000000000e+04
1.574600000000000000e+04
1.577700000000000000e+04
1.583200000000000000e+04
1.592800000000000000e+04
1.595600000000000000e+04
1.596000000000000000e+04
1.596100000000000000e+04
1.597200000000000000e+04
1.597300000000000000e+04
1.597600000000000000e+04
1.602400000000000000e+04
1.604200000000000000e+04
1.604900000000000000e+04
1.612300000000000000e+04
1.614900000000000000e+04
1.618500000000000000e+04
1.636200000000000000e+04
1.637000000000000000e+04
1.637100000000000000e+04
1.637500000000000000e+04
1.637900000000000000e+04
1.648900000000000000e+04
1.655200000000000000e+04
1.666600000000000000e+04
1.669300000000000000e+04
1.671100000000000000e+04
1.693000000000000000e+04
1.697200000000000000e+04
1.718600000000000000e+04
1.731800000000000000e+04
1.738700000000000000e+04
1.741400000000000000e+04
1.748300000000000000e+04
1.750200000000000000e+04
1.752200000000000000e+04
1.753900000000000000e+04
1.763400000000000000e+04
1.764200000000000000e+04
1.770200000000000000e+04
1.773800000000000000e+04
1.773900000000000000e+04
1.776100000000000000e+04
1.776200000000000000e+04
1.779800000000000000e+04
1.796100000000000000e+04
1.798200000000000000e+04
1.803500000000000000e+04
1.805600000000000000e+04
1.806600000000000000e+04
1.807100000000000000e+04
1.807200000000000000e+04
1.809200000000000000e+04
1.811800000000000000e+04
1.815800000000000000e+04
1.818200000000000000e+04
1.830300000000000000e+04
1.830400000000000000e+04
1.836400000000000000e+04
1.840900000000000000e+04
1.844200000000000000e+04
1.848400000000000000e+04
1.853900000000000000e+04
1.857800000000000000e+04
1.862000000000000000e+04
1.864400000000000000e+04
1.864500000000000000e+04
1.876000000000000000e+04
1.878900000000000000e+04
1.881400000000000000e+04
1.889200000000000000e+04
1.889300000000000000e+04
1.889400000000000000e+04
1.894400000000000000e+04
1.908400000000000000e+04
1.910900000000000000e+04
1.913200000000000000e+04
1.914700000000000000e+04
1.916700000000000000e+04
1.919600000000000000e+04
1.922000000000000000e+04
1.923600000000000000e+04
1.923900000000000000e+04
1.928000000000000000e+04
1.932000000000000000e+04
1.940300000000000000e+04
1.940500000000000000e+04
1.952200000000000000e+04
1.952800000000000000e+04
1.958600000000000000e+04
1.964400000000000000e+04
1.966700000000000000e+04
1.972000000000000000e+04
1.982100000000000000e+04
1.987900000000000000e+04
1.988500000000000000e+04
1.990600000000000000e+04
1.994600000000000000e+04
1.996000000000000000e+04
1.997000000000000000e+04
2.003800000000000000e+04
2.011700000000000000e+04
2.012300000000000000e+04
2.025200000000000000e+04
2.033800000000000000e+04
2.034000000000000000e+04
2.034700000000000000e+04
2.035800000000000000e+04
2.041900000000000000e+04
2.049300000000000000e+04
2.059500000000000000e+04
2.062700000000000000e+04
2.065800000000000000e+04
2.069400000000000000e+04
2.072300000000000000e+04
2.078500000000000000e+04
2.082200000000000000e+04
2.087500000000000000e+04
2.087600000000000000e+04
2.087700000000000000e+04
2.089800000000000000e+04
2.099800000000000000e+04
2.101700000000000000e+04
2.109200000000000000e+04
2.118900000000000000e+04
2.125500000000000000e+04
2.137200000000000000e+04
2.153500000000000000e+04
2.157500000000000000e+04
2.162500000000000000e+04
2.177000000000000000e+04
2.181000000000000000e+04
2.181700000000000000e+04
2.212100000000000000e+04
2.212300000000000000e+04
2.219800000000000000e+04
2.224800000000000000e+04
2.230900000000000000e+04
2.234100000000000000e+04
2.234600000000000000e+04
2.235100000000000000e+04
2.235400000000000000e+04
2.257800000000000000e+04
2.268900000000000000e+04
2.276700000000000000e+04
2.277300000000000000e+04
2.296300000000000000e+04
2.298300000000000000e+04
2.303700000000000000e+04
2.306200000000000000e+04
2.307000000000000000e+04
2.313300000000000000e+04
2.314700000000000000e+04
2.314800000000000000e+04
2.326000000000000000e+04
2.330700000000000000e+04
2.330900000000000000e+04
2.331600000000000000e+04
2.334000000000000000e+04
2.345700000000000000e+04
2.347900000000000000e+04
2.350900000000000000e+04
2.353900000000000000e+04
2.354900000000000000e+04
2.365100000000000000e+04
2.370600000000000000e+04
2.381000000000000000e+04
2.418800000000000000e+04
2.426600000000000000e+04
2.430000000000000000e+04
2.430900000000000000e+04
2.433800000000000000e+04
2.438600000000000000e+04
2.438700000000000000e+04
2.439500000000000000e+04
2.448700000000000000e+04
2.458300000000000000e+04
2.463100000000000000e+04
2.464900000000000000e+04
2.469600000000000000e+04
2.469800000000000000e+04
2.470700000000000000e+04
2.479400000000000000e+04
2.483500000000000000e+04
2.486000000000000000e+04
2.486600000000000000e+04
2.506400000000000000e+04
2.515900000000000000e+04
2.520500000000000000e+04
2.531100000000000000e+04
2.545200000000000000e+04
2.548500000000000000e+04
2.551300000000000000e+04
2.551800000000000000e+04
2.552500000000000000e+04
2.553800000000000000e+04
2.561900000000000000e+04
2.562300000000000000e+04
2.566900000000000000e+04
2.567400000000000000e+04
2.572300000000000000e+04
2.573700000000000000e+04
2.574100000000000000e+04
2.574200000000000000e+04
2.574800000000000000e+04
2.576000000000000000e+04
2.583000000000000000e+04
2.583100000000000000e+04
2.587400000000000000e+04
2.594700000000000000e+04
2.601700000000000000e+04
2.602700000000000000e+04
2.611900000000000000e+04
2.612100000000000000e+04
2.616500000000000000e+04
2.616700000000000000e+04
2.616800000000000000e+04
2.618600000000000000e+04
2.619600000000000000e+04
2.626800000000000000e+04
2.630000000000000000e+04
2.631100000000000000e+04
2.636000000000000000e+04
2.636100000000000000e+04
2.639500000000000000e+04
2.642900000000000000e+04
2.644900000000000000e+04
2.648500000000000000e+04
2.653200000000000000e+04
2.658900000000000000e+04
2.659000000000000000e+04
2.659700000000000000e+04
2.668900000000000000e+04
2.678700000000000000e+04
2.681400000000000000e+04
2.681900000000000000e+04
2.686700000000000000e+04
2.694300000000000000e+04
2.705200000000000000e+04
2.715300000000000000e+04
2.715600000000000000e+04
2.717300000000000000e+04
2.721100000000000000e+04
2.721200000000000000e+04
2.727800000000000000e+04
2.733900000000000000e+04
2.736200000000000000e+04
2.737200000000000000e+04
2.737900000000000000e+04
2.741200000000000000e+04
2.742900000000000000e+04
2.758600000000000000e+04
2.759900000000000000e+04
2.760000000000000000e+04
2.760500000000000000e+04
2.764400000000000000e+04
2.770400000000000000e+04
2.784900000000000000e+04
2.800500000000000000e+04
2.800600000000000000e+04
2.804600000000000000e+04
2.819300000000000000e+04
2.822200000000000000e+04
2.827000000000000000e+04
2.827300000000000000e+04
2.831000000000000000e+04
2.839600000000000000e+04
2.855500000000000000e+04
2.859000000000000000e+04
2.871300000000000000e+04
2.872000000000000000e+04
2.881000000000000000e+04
2.881500000000000000e+04
2.886300000000000000e+04
2.890900000000000000e+04
2.898400000000000000e+04
2.913300000000000000e+04
2.915400000000000000e+04
2.916000000000000000e+04
2.924400000000000000e+04
2.927200000000000000e+04
2.939300000000000000e+04
2.957000000000000000e+04
2.965700000000000000e+04
2.967500000000000000e+04
2.972700000000000000e+04
2.975400000000000000e+04
2.982500000000000000e+04
2.985500000000000000e+04
2.997900000000000000e+04
3.011000000000000000e+04
3.017800000000000000e+04
3.027600000000000000e+04
3.030300000000000000e+04
3.035400000000000000e+04
3.035800000000000000e+04
3.036800000000000000e+04
3.042900000000000000e+04
3.046500000000000000e+04
3.051100000000000000e+04
3.053400000000000000e+04
3.054200000000000000e+04
3.081100000000000000e+04
3.095700000000000000e+04
3.095800000000000000e+04
3.097800000000000000e+04
3.107200000000000000e+04
3.110400000000000000e+04
3.113400000000000000e+04
3.117400000000000000e+04
3.122700000000000000e+04
3.128200000000000000e+04
3.129300000000000000e+04
3.136800000000000000e+04
3.148900000000000000e+04
3.151500000000000000e+04
3.157800000000000000e+04
3.185500000000000000e+04
3.186400000000000000e+04
3.189100000000000000e+04
3.190600000000000000e+04
3.214500000000000000e+04
3.214600000000000000e+04
3.216400000000000000e+04
3.226900000000000000e+04
3.235200000000000000e+04
3.236200000000000000e+04
3.265300000000000000e+04
3.274800000000000000e+04
3.279100000000000000e+04
3.289800000000000000e+04
3.296400000000000000e+04
3.296800000000000000e+04
3.303500000000000000e+04
3.305400000000000000e+04
3.305500000000000000e+04
3.313200000000000000e+04
3.313300000000000000e+04
3.324900000000000000e+04
3.337800000000000000e+04
3.342200000000000000e+04
3.343700000000000000e+04
3.351400000000000000e+04
3.352100000000000000e+04
3.361100000000000000e+04
3.369700000000000000e+04
3.385100000000000000e+04
3.394300000000000000e+04
3.402000000000000000e+04
3.402100000000000000e+04
3.435400000000000000e+04
3.437400000000000000e+04
3.437800000000000000e+04
3.438500000000000000e+04
3.442200000000000000e+04
3.443500000000000000e+04
3.447500000000000000e+04
3.452000000000000000e+04
3.473300000000000000e+04
3.473700000000000000e+04
3.475200000000000000e+04
3.483900000000000000e+04
3.484000000000000000e+04
3.501200000000000000e+04
3.509500000000000000e+04
3.512500000000000000e+04
3.534000000000000000e+04
3.534300000000000000e+04
3.536500000000000000e+04
3.538500000000000000e+04
3.546900000000000000e+04
3.572300000000000000e+04
3.572500000000000000e+04
3.573300000000000000e+04
3.591600000000000000e+04
3.592900000000000000e+04
3.599000000000000000e+04
3.603500000000000000e+04
3.603600000000000000e+04
3.605100000000000000e+04
3.609600000000000000e+04
3.610100000000000000e+04
3.612400000000000000e+04
3.613100000000000000e+04
3.622100000000000000e+04
3.633900000000000000e+04
3.640200000000000000e+04
3.657000000000000000e+04
3.657100000000000000e+04
3.658300000000000000e+04
3.660400000000000000e+04
3.670700000000000000e+04
3.678600000000000000e+04
3.679600000000000000e+04
3.679700000000000000e+04
3.686100000000000000e+04
3.694500000000000000e+04
3.696500000000000000e+04
3.697700000000000000e+04
3.698700000000000000e+04
3.700600000000000000e+04
3.702500000000000000e+04
3.704100000000000000e+04
3.723800000000000000e+04
3.724000000000000000e+04
3.732400000000000000e+04
3.737100000000000000e+04
3.748400000000000000e+04
3.749900000000000000e+04
3.755500000000000000e+04
3.766900000000000000e+04
3.768000000000000000e+04
3.769500000000000000e+04
3.770400000000000000e+04
3.770600000000000000e+04
3.789300000000000000e+04
3.795100000000000000e+04
3.795300000000000000e+04
3.800600000000000000e+04
3.805300000000000000e+04
3.807800000000000000e+04
3.814500000000000000e+04
3.824300000000000000e+04
3.827700000000000000e+04
3.828700000000000000e+04
3.835700000000000000e+04
3.835900000000000000e+04
3.837100000000000000e+04
3.845400000000000000e+04
3.846200000000000000e+04
3.870800000000000000e+04
3.874700000000000000e+04
3.874800000000000000e+04
3.882800000000000000e+04
3.882900000000000000e+04
3.883500000000000000e+04
3.888200000000000000e+04
3.888300000000000000e+04
3.888500000000000000e+04
3.913700000000000000e+04
3.919200000000000000e+04
3.924000000000000000e+04
3.928600000000000000e+04
3.936900000000000000e+04
3.941200000000000000e+04
3.941300000000000000e+04
3.943200000000000000e+04
3.943500000000000000e+04
3.947100000000000000e+04
3.949700000000000000e+04
3.961800000000000000e+04
3.962400000000000000e+04
3.967900000000000000e+04
3.968800000000000000e+04
3.968900000000000000e+04
3.971600000000000000e+04
3.977600000000000000e+04
3.977800000000000000e+04
3.980000000000000000e+04
3.982700000000000000e+04
3.984300000000000000e+04
3.984900000000000000e+04
3.987400000000000000e+04
3.988000000000000000e+04
3.990000000000000000e+04
3.999900000000000000e+04
4.010100000000000000e+04
4.011000000000000000e+04
4.017300000000000000e+04
4.022200000000000000e+04
4.039900000000000000e+04
4.052900000000000000e+04
4.062200000000000000e+04
4.062500000000000000e+04
4.068500000000000000e+04
4.096000000000000000e+04
4.105700000000000000e+04
4.109700000000000000e+04
4.112500000000000000e+04
4.114100000000000000e+04
4.116300000000000000e+04
4.126800000000000000e+04
4.130100000000000000e+04
4.130800000000000000e+04
4.130900000000000000e+04
4.141300000000000000e+04
4.155000000000000000e+04
4.168700000000000000e+04
4.169400000000000000e+04
4.169700000000000000e+04
4.169900000000000000e+04
4.180900000000000000e+04
4.186500000000000000e+04
4.186700000000000000e+04
4.203900000000000000e+04
4.218100000000000000e+04
4.221700000000000000e+04
4.223900000000000000e+04
4.231500000000000000e+04
4.231800000000000000e+04
4.239900000000000000e+04
4.241700000000000000e+04
4.242400000000000000e+04
4.261800000000000000e+04
4.268300000000000000e+04
4.282400000000000000e+04
4.282500000000000000e+04
4.282600000000000000e+04
4.289100000000000000e+04
4.291100000000000000e+04
4.291200000000000000e+04
4.299800000000000000e+04
4.305800000000000000e+04
4.326800000000000000e+04
4.334600000000000000e+04
4.342500000000000000e+04
4.343200000000000000e+04
4.355900000000000000e+04
4.364200000000000000e+04
4.370400000000000000e+04
4.374100000000000000e+04
4.385700000000000000e+04
4.397700000000000000e+04
4.417100000000000000e+04
4.422200000000000000e+04
4.433000000000000000e+04
4.437000000000000000e+04
4.449200000000000000e+04
4.467400000000000000e+04
4.472300000000000000e+04
4.487100000000000000e+04
4.501300000000000000e+04
4.501900000000000000e+04
4.508300000000000000e+04
4.513900000000000000e+04
4.522600000000000000e+04
4.522700000000000000e+04
4.536200000000000000e+04
4.538300000000000000e+04
4.538400000000000000e+04
4.540500000000000000e+04
4.545900000000000000e+04
4.546900000000000000e+04
4.553100000000000000e+04
4.553700000000000000e+04
4.555000000000000000e+04
4.556900000000000000e+04
4.563400000000000000e+04
4.567500000000000000e+04
4.571000000000000000e+04
4.612100000000000000e+04
4.615200000000000000e+04
4.621800000000000000e+04
4.622500000000000000e+04
4.642700000000000000e+04
4.643600000000000000e+04
4.661000000000000000e+04
4.695000000000000000e+04
4.695400000000000000e+04
4.695600000000000000e+04
4.701600000000000000e+04
4.705400000000000000e+04
4.714100000000000000e+04
4.725700000000000000e+04
4.730100000000000000e+04
4.732100000000000000e+04
4.736900000000000000e+04
4.745400000000000000e+04
4.755500000000000000e+04
4.758400000000000000e+04
4.765500000000000000e+04
4.765700000000000000e+04
4.772000000000000000e+04
4.780200000000000000e+04
4.787800000000000000e+04
4.793700000000000000e+04
4.802400000000000000e+04
4.810000000000000000e+04
4.810400000000000000e+04
4.818500000000000000e+04
4.826000000000000000e+04
4.827800000000000000e+04
4.830300000000000000e+04
4.848600000000000000e+04
4.857900000000000000e+04
4.859600000000000000e+04
4.874400000000000000e+04
4.886200000000000000e+04
4.912500000000000000e+04
4.927900000000000000e+04
4.937800000000000000e+04
4.948800000000000000e+04
4.966000000000000000e+04
4.976900000000000000e+04
4.981900000000000000e+04
4.984500000000000000e+04
4.984600000000000000e+04
4.984700000000000000e+04
4.989000000000000000e+04
5.026700000000000000e+04
5.027200000000000000e+04
5.037100000000000000e+04
5.037200000000000000e+04
5.039100000000000000e+04
5.053100000000000000e+04
5.058200000000000000e+04
5.062400000000000000e+04
5.065400000000000000e+04
5.065600000000000000e+04
5.065800000000000000e+04
5.070600000000000000e+04
5.087500000000000000e+04
5.088000000000000000e+04
5.093700000000000000e+04
5.108300000000000000e+04
5.128900000000000000e+04
5.129800000000000000e+04
5.135500000000000000e+04
5.153400000000000000e+04
5.155000000000000000e+04
5.156200000000000000e+04
5.157100000000000000e+04
5.163100000000000000e+04
5.165400000000000000e+04
5.166100000000000000e+04
5.167300000000000000e+04
5.176600000000000000e+04
5.193800000000000000e+04
5.194000000000000000e+04
5.206600000000000000e+04
5.210300000000000000e+04
5.217900000000000000e+04
5.220800000000000000e+04
5.228500000000000000e+04
5.229500000000000000e+04
5.230000000000000000e+04
5.231400000000000000e+04
5.236800000000000000e+04
5.241100000000000000e+04
5.250200000000000000e+04
5.250500000000000000e+04
5.260700000000000000e+04
5.271100000000000000e+04
5.282100000000000000e+04
5.287100000000000000e+04
5.291800000000000000e+04
5.316400000000000000e+04
5.319800000000000000e+04
5.322500000000000000e+04
5.327600000000000000e+04
5.328200000000000000e+04
5.330500000000000000e+04
5.336000000000000000e+04
5.349300000000000000e+04
5.350000000000000000e+04
5.350300000000000000e+04
5.353300000000000000e+04
5.358900000000000000e+04
5.361300000000000000e+04
5.361400000000000000e+04
5.367400000000000000e+04
5.371000000000000000e+04
5.371300000000000000e+04
5.378300000000000000e+04
5.398700000000000000e+04
5.398800000000000000e+04
5.405600000000000000e+04
5.407700000000000000e+04
5.411500000000000000e+04
5.412300000000000000e+04
5.429400000000000000e+04
5.442300000000000000e+04
5.442600000000000000e+04
5.448500000000000000e+04
5.461900000000000000e+04
5.486400000000000000e+04
5.535900000000000000e+04
5.536800000000000000e+04
5.538500000000000000e+04
5.540100000000000000e+04
5.558300000000000000e+04
5.558800000000000000e+04
5.559700000000000000e+04
5.560900000000000000e+04
5.573300000000000000e+04
5.574400000000000000e+04
5.575900000000000000e+04
5.579200000000000000e+04
5.587200000000000000e+04
5.589200000000000000e+04
5.606900000000000000e+04
5.614800000000000000e+04
5.618800000000000000e+04
5.619100000000000000e+04
5.619600000000000000e+04
5.640200000000000000e+04
5.642500000000000000e+04
5.644000000000000000e+04
5.653300000000000000e+04
5.656900000000000000e+04
5.657900000000000000e+04
5.669100000000000000e+04
5.689000000000000000e+04
5.692700000000000000e+04
5.694000000000000000e+04
5.695900000000000000e+04
5.699700000000000000e+04
5.707100000000000000e+04
5.707900000000000000e+04
5.708200000000000000e+04
5.709400000000000000e+04
5.710500000000000000e+04
5.710600000000000000e+04
5.711900000000000000e+04
5.715200000000000000e+04
5.716200000000000000e+04
5.719000000000000000e+04
5.721000000000000000e+04
5.721600000000000000e+04
5.745500000000000000e+04
5.745700000000000000e+04
5.745800000000000000e+04
5.751500000000000000e+04
5.759800000000000000e+04
5.760100000000000000e+04
5.807900000000000000e+04
5.808700000000000000e+04
5.811000000000000000e+04
5.818200000000000000e+04
5.819800000000000000e+04
5.824000000000000000e+04
5.824400000000000000e+04
5.831500000000000000e+04
5.842000000000000000e+04
5.845700000000000000e+04
5.851100000000000000e+04
5.853800000000000000e+04
5.854100000000000000e+04
5.854200000000000000e+04
5.854300000000000000e+04
5.858000000000000000e+04
5.868800000000000000e+04
5.890700000000000000e+04
5.898400000000000000e+04
5.899700000000000000e+04
5.900000000000000000e+04
5.900700000000000000e+04
5.902800000000000000e+04
5.917700000000000000e+04
5.917800000000000000e+04
5.921600000000000000e+04
5.924300000000000000e+04
5.932700000000000000e+04
5.941000000000000000e+04
5.942500000000000000e+04
5.949400000000000000e+04
5.949600000000000000e+04
5.965300000000000000e+04
5.965600000000000000e+04
5.967400000000000000e+04
5.982400000000000000e+04
5.988400000000000000e+04
5.996300000000000000e+04
6.002900000000000000e+04
6.009200000000000000e+04
6.030100000000000000e+04
6.049300000000000000e+04
6.056200000000000000e+04
6.072100000000000000e+04
6.073500000000000000e+04
6.091700000000000000e+04
6.092600000000000000e+04
6.097300000000000000e+04
6.097800000000000000e+04
6.104600000000000000e+04
6.117600000000000000e+04
6.119700000000000000e+04
6.129400000000000000e+04
6.130800000000000000e+04
6.146900000000000000e+04
6.149900000000000000e+04
6.153400000000000000e+04
6.164900000000000000e+04
6.175700000000000000e+04
6.176600000000000000e+04
6.192200000000000000e+04
6.194900000000000000e+04
6.208200000000000000e+04
6.213500000000000000e+04
6.213800000000000000e+04
6.231700000000000000e+04
6.253100000000000000e+04
6.265500000000000000e+04
6.270700000000000000e+04
6.277500000000000000e+04
6.284900000000000000e+04
6.285200000000000000e+04
6.289700000000000000e+04
6.313900000000000000e+04
6.321200000000000000e+04
6.325300000000000000e+04
6.331800000000000000e+04
6.341400000000000000e+04
6.351600000000000000e+04
6.365300000000000000e+04
6.369400000000000000e+04
6.369800000000000000e+04
6.412300000000000000e+04
6.417600000000000000e+04
6.418200000000000000e+04
6.418800000000000000e+04
6.421600000000000000e+04
6.426600000000000000e+04
6.475300000000000000e+04
6.479400000000000000e+04
6.479800000000000000e+04
6.484200000000000000e+04
6.487600000000000000e+04
6.492300000000000000e+04
6.497500000000000000e+04
6.519900000000000000e+04
6.525900000000000000e+04
6.541300000000000000e+04
6.541600000000000000e+04
6.541700000000000000e+04
6.545100000000000000e+04
6.571600000000000000e+04
6.580800000000000000e+04
6.585700000000000000e+04
6.615000000000000000e+04
6.629100000000000000e+04
6.636600000000000000e+04
6.637400000000000000e+04
6.651600000000000000e+04
6.677100000000000000e+04
6.686300000000000000e+04
6.687300000000000000e+04
6.690900000000000000e+04
6.700800000000000000e+04
6.701200000000000000e+04
6.701300000000000000e+04
6.701600000000000000e+04
6.743100000000000000e+04
6.751400000000000000e+04
6.755200000000000000e+04
6.761600000000000000e+04
6.768400000000000000e+04
6.768700000000000000e+04
6.790100000000000000e+04
6.824200000000000000e+04
6.825500000000000000e+04
6.835100000000000000e+04
6.868900000000000000e+04
6.901400000000000000e+04
6.914800000000000000e+04
6.915400000000000000e+04
6.924400000000000000e+04
6.928400000000000000e+04
6.938100000000000000e+04
6.944700000000000000e+04
6.952200000000000000e+04
6.952300000000000000e+04
6.952400000000000000e+04
6.974200000000000000e+04
6.996900000000000000e+04
7.032200000000000000e+04
7.040000000000000000e+04
7.040100000000000000e+04
7.041100000000000000e+04
7.041300000000000000e+04
7.042200000000000000e+04
7.046400000000000000e+04
7.101400000000000000e+04
7.132600000000000000e+04
7.145000000000000000e+04
7.155200000000000000e+04
7.164000000000000000e+04
7.167400000000000000e+04
7.182100000000000000e+04
7.213300000000000000e+04
7.221500000000000000e+04
7.221700000000000000e+04
7.230600000000000000e+04
7.246300000000000000e+04
7.256900000000000000e+04
7.278400000000000000e+04
7.289900000000000000e+04
7.294700000000000000e+04
7.296600000000000000e+04
7.297000000000000000e+04
7.299000000000000000e+04
7.304900000000000000e+04
7.305200000000000000e+04
7.305700000000000000e+04
7.313700000000000000e+04
7.318300000000000000e+04
7.324700000000000000e+04
7.328600000000000000e+04
7.334300000000000000e+04
7.340200000000000000e+04
7.369200000000000000e+04
7.374100000000000000e+04
7.376100000000000000e+04
7.401800000000000000e+04
7.407200000000000000e+04
7.409700000000000000e+04
7.410600000000000000e+04
7.412400000000000000e+04
7.447900000000000000e+04
7.458900000000000000e+04
7.461900000000000000e+04
7.469400000000000000e+04
7.470700000000000000e+04
7.478200000000000000e+04
7.479600000000000000e+04
7.492200000000000000e+04
7.517500000000000000e+04
7.533000000000000000e+04
7.544100000000000000e+04
7.576400000000000000e+04
7.582000000000000000e+04
7.582100000000000000e+04
7.582300000000000000e+04
7.587300000000000000e+04
7.590700000000000000e+04
7.593000000000000000e+04
7.604900000000000000e+04
7.610600000000000000e+04
7.621600000000000000e+04
7.625300000000000000e+04
7.626200000000000000e+04
7.651200000000000000e+04
7.676500000000000000e+04
7.682400000000000000e+04
7.683000000000000000e+04
7.705600000000000000e+04
7.710100000000000000e+04
7.715000000000000000e+04
7.729300000000000000e+04
7.734900000000000000e+04
7.748800000000000000e+04
7.765200000000000000e+04
7.781600000000000000e+04
7.782100000000000000e+04
7.783300000000000000e+04
7.791600000000000000e+04
7.797200000000000000e+04
7.798000000000000000e+04
7.799500000000000000e+04
7.804000000000000000e+04
7.814300000000000000e+04
7.818800000000000000e+04
7.833100000000000000e+04
7.850900000000000000e+04
7.864300000000000000e+04
7.883400000000000000e+04
7.890000000000000000e+04
7.892600000000000000e+04
7.900100000000000000e+04
7.900200000000000000e+04
7.903000000000000000e+04
7.923600000000000000e+04
7.933600000000000000e+04
7.944700000000000000e+04
7.961100000000000000e+04
7.966100000000000000e+04
7.970200000000000000e+04
7.975300000000000000e+04
7.994600000000000000e+04
8.002900000000000000e+04
8.007400000000000000e+04
8.018100000000000000e+04
8.033800000000000000e+04
8.034000000000000000e+04
8.047300000000000000e+04
8.061900000000000000e+04
8.075100000000000000e+04
8.076500000000000000e+04
8.081800000000000000e+04
8.083300000000000000e+04
8.084600000000000000e+04
8.115400000000000000e+04
8.126500000000000000e+04
8.144800000000000000e+04
8.147400000000000000e+04
8.148500000000000000e+04
8.154900000000000000e+04
8.159700000000000000e+04
8.166900000000000000e+04
8.167700000000000000e+04
8.169400000000000000e+04
8.174500000000000000e+04
8.180300000000000000e+04
8.227400000000000000e+04
8.259900000000000000e+04
8.277800000000000000e+04
8.289300000000000000e+04
8.291500000000000000e+04
8.294100000000000000e+04
8.304600000000000000e+04
8.307300000000000000e+04
8.313100000000000000e+04
8.318000000000000000e+04
8.321100000000000000e+04
8.324500000000000000e+04
8.325400000000000000e+04
8.362400000000000000e+04
8.377500000000000000e+04
8.377900000000000000e+04
8.383900000000000000e+04
8.400000000000000000e+04
8.407300000000000000e+04
8.408300000000000000e+04
8.412900000000000000e+04
8.416800000000000000e+04
8.428700000000000000e+04
8.432200000000000000e+04
8.440900000000000000e+04
8.455300000000000000e+04
8.465600000000000000e+04
8.473500000000000000e+04
8.484600000000000000e+04
8.485200000000000000e+04
8.492400000000000000e+04
8.512300000000000000e+04
8.513900000000000000e+04
8.519500000000000000e+04
8.528800000000000000e+04
8.533400000000000000e+04
8.533500000000000000e+04
8.538900000000000000e+04
8.551000000000000000e+04
8.551600000000000000e+04
8.556800000000000000e+04
8.585100000000000000e+04
8.619500000000000000e+04
8.626900000000000000e+04
8.629600000000000000e+04
8.633900000000000000e+04
8.665600000000000000e+04
8.669200000000000000e+04
8.669700000000000000e+04
8.670500000000000000e+04
8.680500000000000000e+04
8.681900000000000000e+04
8.686500000000000000e+04
8.719200000000000000e+04
