6.293000000000000000e+03
6.562000000000000000e+03
7.390000000000000000e+03
7.453000000000000000e+03
8.478000000000000000e+03
8.529000000000000000e+03
8.670000000000000000e+03
8.902000000000000000e+03
8.960000000000000000e+03
8.961000000000000000e+03
9.134000000000000000e+03
9.185000000000000000e+03
9.336000000000000000e+03
9.695000000000000000e+03
1.073200000000000000e+04
1.073600000000000000e+04
1.122900000000000000e+04
1.134300000000000000e+04
1.234000000000000000e+04
1.263500000000000000e+04
1.312500000000000000e+04
1.324000000000000000e+04
1.342400000000000000e+04
1.364400000000000000e+04
1.370600000000000000e+04
1.384900000000000000e+04
1.459200000000000000e+04
1.531900000000000000e+04
1.579000000000000000e+04
1.592400000000000000e+04
1.596400000000000000e+04
1.598900000000000000e+04
1.599100000000000000e+04
1.599500000000000000e+04
1.606100000000000000e+04
1.609800000000000000e+04
1.611200000000000000e+04
1.615800000000000000e+04
1.615900000000000000e+04
1.621500000000000000e+04
1.627100000000000000e+04
1.654900000000000000e+04
1.655600000000000000e+04
1.661500000000000000e+04
1.674500000000000000e+04
1.721700000000000000e+04
1.724400000000000000e+04
1.731400000000000000e+04
1.796600000000000000e+04
1.802900000000000000e+04
1.831700000000000000e+04
1.872000000000000000e+04
1.903800000000000000e+04
1.918200000000000000e+04
1.919000000000000000e+04
1.976900000000000000e+04
2.003600000000000000e+04
2.006500000000000000e+04
2.017100000000000000e+04
2.017800000000000000e+04
2.020400000000000000e+04
2.035500000000000000e+04
2.036600000000000000e+04
2.048000000000000000e+04
2.051900000000000000e+04
2.054200000000000000e+04
2.076500000000000000e+04
2.076600000000000000e+04
2.086700000000000000e+04
2.086800000000000000e+04
2.092700000000000000e+04
2.102200000000000000e+04
2.143200000000000000e+04
2.146100000000000000e+04
2.157800000000000000e+04
2.162100000000000000e+04
2.219700000000000000e+04
2.240800000000000000e+04
2.243500000000000000e+04
2.288000000000000000e+04
2.324900000000000000e+04
2.332600000000000000e+04
2.335200000000000000e+04
2.342100000000000000e+04
2.366100000000000000e+04
2.368900000000000000e+04
2.388000000000000000e+04
2.391600000000000000e+04
2.398400000000000000e+04
2.408800000000000000e+04
2.435700000000000000e+04
2.447800000000000000e+04
2.451900000000000000e+04
2.457100000000000000e+04
2.457200000000000000e+04
2.473000000000000000e+04
2.479900000000000000e+04
2.485500000000000000e+04
2.491800000000000000e+04
2.500600000000000000e+04
2.513300000000000000e+04
2.537100000000000000e+04
2.544000000000000000e+04
2.553900000000000000e+04
2.554000000000000000e+04
2.554200000000000000e+04
2.567700000000000000e+04
2.586600000000000000e+04
2.594300000000000000e+04
2.604800000000000000e+04
2.611000000000000000e+04
2.630800000000000000e+04
2.636300000000000000e+04
2.640200000000000000e+04
2.650900000000000000e+04
2.652700000000000000e+04
2.664100000000000000e+04
2.669300000000000000e+04
2.669400000000000000e+04
2.671900000000000000e+04
2.673800000000000000e+04
2.676600000000000000e+04
2.685100000000000000e+04
2.699700000000000000e+04
2.700400000000000000e+04
2.724600000000000000e+04
2.742500000000000000e+04
2.742700000000000000e+04
2.753100000000000000e+04
2.774500000000000000e+04
2.780200000000000000e+04
2.787300000000000000e+04
2.788800000000000000e+04
2.798500000000000000e+04
2.810800000000000000e+04
2.825000000000000000e+04
2.830100000000000000e+04
2.834700000000000000e+04
2.840600000000000000e+04
2.863400000000000000e+04
2.863900000000000000e+04
2.864000000000000000e+04
2.867200000000000000e+04
2.875300000000000000e+04
2.875500000000000000e+04
2.879500000000000000e+04
2.879600000000000000e+04
2.882100000000000000e+04
2.892300000000000000e+04
2.892500000000000000e+04
2.899800000000000000e+04
2.900100000000000000e+04
2.903400000000000000e+04
2.904900000000000000e+04
2.913900000000000000e+04
2.915300000000000000e+04
2.917400000000000000e+04
2.929500000000000000e+04
2.947300000000000000e+04
2.958700000000000000e+04
2.959000000000000000e+04
2.959100000000000000e+04
2.959200000000000000e+04
2.972000000000000000e+04
2.974000000000000000e+04
2.975200000000000000e+04
2.981300000000000000e+04
2.982100000000000000e+04
2.982200000000000000e+04
2.989200000000000000e+04
2.989500000000000000e+04
2.990900000000000000e+04
2.991000000000000000e+04
2.997300000000000000e+04
2.998600000000000000e+04
3.001100000000000000e+04
3.003600000000000000e+04
3.006400000000000000e+04
3.010200000000000000e+04
3.010400000000000000e+04
3.014600000000000000e+04
3.014800000000000000e+04
3.017300000000000000e+04
3.025100000000000000e+04
3.028900000000000000e+04
3.035900000000000000e+04
3.049500000000000000e+04
3.054400000000000000e+04
3.056400000000000000e+04
3.060900000000000000e+04
3.061400000000000000e+04
3.065400000000000000e+04
3.067300000000000000e+04
3.069100000000000000e+04
3.069300000000000000e+04
3.072800000000000000e+04
3.074600000000000000e+04
3.074700000000000000e+04
3.079500000000000000e+04
3.080800000000000000e+04
3.106500000000000000e+04
3.111000000000000000e+04
3.112400000000000000e+04
3.119800000000000000e+04
3.119900000000000000e+04
3.123500000000000000e+04
3.123900000000000000e+04
3.135500000000000000e+04
3.147500000000000000e+04
3.163200000000000000e+04
3.168100000000000000e+04
3.190200000000000000e+04
3.191700000000000000e+04
3.200000000000000000e+04
3.206800000000000000e+04
3.212400000000000000e+04
3.219900000000000000e+04
3.230600000000000000e+04
3.237400000000000000e+04
3.239600000000000000e+04
3.240200000000000000e+04
3.266200000000000000e+04
3.283400000000000000e+04
3.308600000000000000e+04
3.348100000000000000e+04
3.354700000000000000e+04
3.361000000000000000e+04
3.362200000000000000e+04
3.375400000000000000e+04
3.375900000000000000e+04
3.386800000000000000e+04
3.393000000000000000e+04
3.393200000000000000e+04
3.394200000000000000e+04
3.408600000000000000e+04
3.429800000000000000e+04
3.435500000000000000e+04
3.447600000000000000e+04
3.449800000000000000e+04
3.454500000000000000e+04
3.454700000000000000e+04
3.465000000000000000e+04
3.481100000000000000e+04
3.483400000000000000e+04
3.487400000000000000e+04
3.488300000000000000e+04
3.489700000000000000e+04
3.497300000000000000e+04
3.498100000000000000e+04
3.498200000000000000e+04
3.505100000000000000e+04
3.512700000000000000e+04
3.517000000000000000e+04
3.523800000000000000e+04
3.525600000000000000e+04
3.531100000000000000e+04
3.531500000000000000e+04
3.564900000000000000e+04
3.565800000000000000e+04
3.582200000000000000e+04
3.586000000000000000e+04
3.589200000000000000e+04
3.589300000000000000e+04
3.602000000000000000e+04
3.605300000000000000e+04
3.613500000000000000e+04
3.615300000000000000e+04
3.622600000000000000e+04
3.627500000000000000e+04
3.627700000000000000e+04
3.629700000000000000e+04
3.634600000000000000e+04
3.643100000000000000e+04
3.643500000000000000e+04
3.643600000000000000e+04
3.649100000000000000e+04
3.650800000000000000e+04
3.650900000000000000e+04
3.667700000000000000e+04
3.671900000000000000e+04
3.678400000000000000e+04
3.684600000000000000e+04
3.695100000000000000e+04
3.695300000000000000e+04
3.696400000000000000e+04
3.697900000000000000e+04
3.704700000000000000e+04
3.719800000000000000e+04
3.722100000000000000e+04
3.725200000000000000e+04
3.737900000000000000e+04
3.738500000000000000e+04
3.742100000000000000e+04
3.742300000000000000e+04
3.742400000000000000e+04
3.743200000000000000e+04
3.746900000000000000e+04
3.747300000000000000e+04
3.747400000000000000e+04
3.750600000000000000e+04
3.755000000000000000e+04
3.766700000000000000e+04
3.772700000000000000e+04
3.774100000000000000e+04
3.788100000000000000e+04
3.792900000000000000e+04
3.794500000000000000e+04
3.798600000000000000e+04
3.799000000000000000e+04
3.805900000000000000e+04
3.809700000000000000e+04
3.811800000000000000e+04
3.812100000000000000e+04
3.812300000000000000e+04
3.812400000000000000e+04
3.821000000000000000e+04
3.821500000000000000e+04
3.830600000000000000e+04
3.830700000000000000e+04
3.834400000000000000e+04
3.845800000000000000e+04
3.846600000000000000e+04
3.846900000000000000e+04
3.847000000000000000e+04
3.856400000000000000e+04
3.862700000000000000e+04
3.863700000000000000e+04
3.868000000000000000e+04
3.891100000000000000e+04
3.894300000000000000e+04
3.902200000000000000e+04
3.906700000000000000e+04
3.924500000000000000e+04
3.925200000000000000e+04
3.930200000000000000e+04
3.942200000000000000e+04
3.945900000000000000e+04
3.947400000000000000e+04
3.949400000000000000e+04
3.951000000000000000e+04
3.953400000000000000e+04
3.953500000000000000e+04
3.955400000000000000e+04
3.963800000000000000e+04
3.964000000000000000e+04
3.964900000000000000e+04
3.965700000000000000e+04
3.973800000000000000e+04
3.985700000000000000e+04
3.985800000000000000e+04
3.999400000000000000e+04
4.015100000000000000e+04
4.021500000000000000e+04
4.051900000000000000e+04
4.052600000000000000e+04
4.053900000000000000e+04
4.054200000000000000e+04
4.070100000000000000e+04
4.070900000000000000e+04
4.089300000000000000e+04
4.090800000000000000e+04
4.103100000000000000e+04
4.103900000000000000e+04
4.116700000000000000e+04
4.126600000000000000e+04
4.132700000000000000e+04
4.147300000000000000e+04
4.148500000000000000e+04
4.150400000000000000e+04
4.153400000000000000e+04
4.164400000000000000e+04
4.165900000000000000e+04
4.166000000000000000e+04
4.169500000000000000e+04
4.173400000000000000e+04
4.180000000000000000e+04
4.180100000000000000e+04
4.184300000000000000e+04
4.209700000000000000e+04
4.217600000000000000e+04
4.223200000000000000e+04
4.237300000000000000e+04
4.238100000000000000e+04
4.238500000000000000e+04
4.240000000000000000e+04
4.246100000000000000e+04
4.252700000000000000e+04
4.280600000000000000e+04
4.280700000000000000e+04
4.284300000000000000e+04
4.285900000000000000e+04
4.309800000000000000e+04
4.312200000000000000e+04
4.321200000000000000e+04
4.325300000000000000e+04
4.332200000000000000e+04
4.338700000000000000e+04
4.353600000000000000e+04
4.356100000000000000e+04
4.357500000000000000e+04
4.358300000000000000e+04
4.380200000000000000e+04
4.384500000000000000e+04
4.384700000000000000e+04
4.384800000000000000e+04
4.394300000000000000e+04
4.402000000000000000e+04
4.402100000000000000e+04
4.408800000000000000e+04
4.415400000000000000e+04
4.418300000000000000e+04
4.418500000000000000e+04
4.419800000000000000e+04
4.421000000000000000e+04
4.422400000000000000e+04
4.422600000000000000e+04
4.430300000000000000e+04
4.435000000000000000e+04
4.435100000000000000e+04
4.436700000000000000e+04
4.441800000000000000e+04
4.442000000000000000e+04
4.444800000000000000e+04
4.451800000000000000e+04
4.452400000000000000e+04
4.453900000000000000e+04
4.469500000000000000e+04
4.470200000000000000e+04
4.470400000000000000e+04
4.470800000000000000e+04
4.471300000000000000e+04
4.474200000000000000e+04
4.476700000000000000e+04
4.481200000000000000e+04
4.487300000000000000e+04
4.487800000000000000e+04
4.498400000000000000e+04
4.503100000000000000e+04
4.505500000000000000e+04
4.505900000000000000e+04
4.506700000000000000e+04
4.507300000000000000e+04
4.507900000000000000e+04
4.511900000000000000e+04
4.512900000000000000e+04
4.514200000000000000e+04
4.515600000000000000e+04
4.517600000000000000e+04
4.520200000000000000e+04
4.530700000000000000e+04
4.571500000000000000e+04
4.571800000000000000e+04
4.572400000000000000e+04
4.585700000000000000e+04
4.586500000000000000e+04
4.588100000000000000e+04
4.589000000000000000e+04
4.591100000000000000e+04
4.605800000000000000e+04
4.619200000000000000e+04
4.620100000000000000e+04
4.621300000000000000e+04
4.623800000000000000e+04
4.625700000000000000e+04
4.626100000000000000e+04
4.648900000000000000e+04
4.654800000000000000e+04
4.675100000000000000e+04
4.676100000000000000e+04
4.682200000000000000e+04
4.685300000000000000e+04
4.691100000000000000e+04
4.691200000000000000e+04
4.691300000000000000e+04
4.709000000000000000e+04
4.717200000000000000e+04
4.719800000000000000e+04
4.722600000000000000e+04
4.727700000000000000e+04
4.727900000000000000e+04
4.738800000000000000e+04
4.741000000000000000e+04
4.754800000000000000e+04
4.759700000000000000e+04
4.759800000000000000e+04
4.765300000000000000e+04
4.766800000000000000e+04
4.770200000000000000e+04
4.789700000000000000e+04
4.812000000000000000e+04
4.817400000000000000e+04
4.817500000000000000e+04
4.817600000000000000e+04
4.817800000000000000e+04
4.818000000000000000e+04
4.821900000000000000e+04
4.823100000000000000e+04
4.829900000000000000e+04
4.830000000000000000e+04
4.831300000000000000e+04
4.834600000000000000e+04
4.840700000000000000e+04
4.847900000000000000e+04
4.848900000000000000e+04
4.849400000000000000e+04
4.860900000000000000e+04
4.881100000000000000e+04
4.896100000000000000e+04
4.899500000000000000e+04
4.901500000000000000e+04
4.904800000000000000e+04
4.905900000000000000e+04
4.906700000000000000e+04
4.906800000000000000e+04
4.912200000000000000e+04
4.922100000000000000e+04
4.922400000000000000e+04
4.922600000000000000e+04
4.935500000000000000e+04
4.937900000000000000e+04
4.942200000000000000e+04
4.954200000000000000e+04
4.981100000000000000e+04
4.987500000000000000e+04
4.994900000000000000e+04
4.999300000000000000e+04
4.999700000000000000e+04
5.003300000000000000e+04
5.008800000000000000e+04
5.010500000000000000e+04
5.012700000000000000e+04
5.016300000000000000e+04
5.017900000000000000e+04
5.019800000000000000e+04
5.034800000000000000e+04
5.043300000000000000e+04
5.051500000000000000e+04
5.051600000000000000e+04
5.052500000000000000e+04
5.052700000000000000e+04
5.053000000000000000e+04
5.069300000000000000e+04
5.073200000000000000e+04
5.096300000000000000e+04
5.100800000000000000e+04
5.118600000000000000e+04
5.124000000000000000e+04
5.124300000000000000e+04
5.125800000000000000e+04
5.136500000000000000e+04
5.142000000000000000e+04
5.157800000000000000e+04
5.158100000000000000e+04
5.162600000000000000e+04
5.173000000000000000e+04
5.182800000000000000e+04
5.186800000000000000e+04
5.189700000000000000e+04
5.190400000000000000e+04
5.199000000000000000e+04
5.201300000000000000e+04
5.207500000000000000e+04
5.208100000000000000e+04
5.209600000000000000e+04
5.209700000000000000e+04
5.210500000000000000e+04
5.223100000000000000e+04
5.228400000000000000e+04
5.232600000000000000e+04
5.248200000000000000e+04
5.251700000000000000e+04
5.252800000000000000e+04
5.256300000000000000e+04
5.256400000000000000e+04
5.258300000000000000e+04
5.258700000000000000e+04
5.263600000000000000e+04
5.266100000000000000e+04
5.272200000000000000e+04
5.279200000000000000e+04
5.280400000000000000e+04
5.294500000000000000e+04
5.296900000000000000e+04
5.306000000000000000e+04
5.306200000000000000e+04
5.313300000000000000e+04
5.314700000000000000e+04
5.317700000000000000e+04
5.325900000000000000e+04
5.335000000000000000e+04
5.339300000000000000e+04
5.339600000000000000e+04
5.345600000000000000e+04
5.347700000000000000e+04
5.358700000000000000e+04
5.362100000000000000e+04
5.362500000000000000e+04
5.377300000000000000e+04
5.385500000000000000e+04
5.388200000000000000e+04
5.395800000000000000e+04
5.398600000000000000e+04
5.404300000000000000e+04
5.405400000000000000e+04
5.410600000000000000e+04
5.413900000000000000e+04
5.418500000000000000e+04
5.424400000000000000e+04
5.426400000000000000e+04
5.427500000000000000e+04
5.437300000000000000e+04
5.439900000000000000e+04
5.442400000000000000e+04
5.450300000000000000e+04
5.451900000000000000e+04
5.453600000000000000e+04
5.472300000000000000e+04
5.472400000000000000e+04
5.472700000000000000e+04
5.475900000000000000e+04
5.476500000000000000e+04
5.478600000000000000e+04
5.479800000000000000e+04
5.480500000000000000e+04
5.489300000000000000e+04
5.489400000000000000e+04
5.496600000000000000e+04
5.517000000000000000e+04
5.528700000000000000e+04
5.532000000000000000e+04
5.534900000000000000e+04
5.550400000000000000e+04
5.552500000000000000e+04
5.553900000000000000e+04
5.561800000000000000e+04
5.568500000000000000e+04
5.568600000000000000e+04
5.569400000000000000e+04
5.571000000000000000e+04
5.571100000000000000e+04
5.571300000000000000e+04
5.574600000000000000e+04
5.577400000000000000e+04
5.577700000000000000e+04
5.578300000000000000e+04
5.578800000000000000e+04
5.586700000000000000e+04
5.587500000000000000e+04
5.587900000000000000e+04
5.589800000000000000e+04
5.590200000000000000e+04
5.590300000000000000e+04
5.590500000000000000e+04
5.591200000000000000e+04
5.592900000000000000e+04
5.596600000000000000e+04
5.597700000000000000e+04
5.598800000000000000e+04
5.600600000000000000e+04
5.602100000000000000e+04
5.602900000000000000e+04
5.613100000000000000e+04
5.617300000000000000e+04
5.626200000000000000e+04
5.626700000000000000e+04
5.640100000000000000e+04
5.643500000000000000e+04
5.647600000000000000e+04
5.655200000000000000e+04
5.661000000000000000e+04
5.663100000000000000e+04
5.670700000000000000e+04
5.673900000000000000e+04
5.681600000000000000e+04
5.698800000000000000e+04
5.700200000000000000e+04
5.701000000000000000e+04
5.702000000000000000e+04
5.703800000000000000e+04
5.703900000000000000e+04
5.707000000000000000e+04
5.736900000000000000e+04
5.740000000000000000e+04
5.745400000000000000e+04
5.750700000000000000e+04
5.764900000000000000e+04
5.767600000000000000e+04
5.774500000000000000e+04
5.775300000000000000e+04
5.776600000000000000e+04
5.793600000000000000e+04
5.794600000000000000e+04
5.803100000000000000e+04
5.804900000000000000e+04
5.808400000000000000e+04
5.810800000000000000e+04
5.815800000000000000e+04
5.816100000000000000e+04
5.820600000000000000e+04
5.826800000000000000e+04
5.835900000000000000e+04
5.839800000000000000e+04
5.841300000000000000e+04
5.843200000000000000e+04
5.846600000000000000e+04
5.848900000000000000e+04
5.853300000000000000e+04
5.853400000000000000e+04
5.865600000000000000e+04
5.866900000000000000e+04
5.872500000000000000e+04
5.881700000000000000e+04
5.882100000000000000e+04
5.882700000000000000e+04
5.892200000000000000e+04
5.901800000000000000e+04
5.917400000000000000e+04
5.919300000000000000e+04
5.920600000000000000e+04
5.922600000000000000e+04
5.926400000000000000e+04
5.930200000000000000e+04
5.930400000000000000e+04
5.932000000000000000e+04
5.932300000000000000e+04
5.937200000000000000e+04
5.938700000000000000e+04
5.948100000000000000e+04
5.956000000000000000e+04
5.958500000000000000e+04
5.958600000000000000e+04
5.958800000000000000e+04
5.962000000000000000e+04
5.971300000000000000e+04
5.971500000000000000e+04
5.972200000000000000e+04
5.979300000000000000e+04
5.986700000000000000e+04
5.999600000000000000e+04
6.012700000000000000e+04
6.019300000000000000e+04
6.026200000000000000e+04
6.029000000000000000e+04
6.034700000000000000e+04
6.038900000000000000e+04
6.039700000000000000e+04
6.042400000000000000e+04
6.043500000000000000e+04
6.044000000000000000e+04
6.049400000000000000e+04
6.051800000000000000e+04
6.052900000000000000e+04
6.059300000000000000e+04
6.062800000000000000e+04
6.063800000000000000e+04
6.063900000000000000e+04
6.065400000000000000e+04
6.067100000000000000e+04
6.068900000000000000e+04
6.071300000000000000e+04
6.104400000000000000e+04
6.105200000000000000e+04
6.110900000000000000e+04
6.111000000000000000e+04
6.111800000000000000e+04
6.128000000000000000e+04
6.131500000000000000e+04
6.132000000000000000e+04
6.136600000000000000e+04
6.136700000000000000e+04
6.137500000000000000e+04
6.151100000000000000e+04
6.151800000000000000e+04
6.177900000000000000e+04
6.180500000000000000e+04
6.180800000000000000e+04
6.194500000000000000e+04
6.205700000000000000e+04
6.227700000000000000e+04
6.252400000000000000e+04
6.259700000000000000e+04
6.259900000000000000e+04
6.266000000000000000e+04
6.277300000000000000e+04
6.279400000000000000e+04
6.282100000000000000e+04
6.282200000000000000e+04
6.289100000000000000e+04
6.289200000000000000e+04
6.289800000000000000e+04
6.295100000000000000e+04
6.295300000000000000e+04
6.297400000000000000e+04
6.297700000000000000e+04
6.298000000000000000e+04
6.301000000000000000e+04
6.301700000000000000e+04
6.301900000000000000e+04
6.302000000000000000e+04
6.303500000000000000e+04
6.303600000000000000e+04
6.306800000000000000e+04
6.307100000000000000e+04
6.310800000000000000e+04
6.312600000000000000e+04
6.314100000000000000e+04
6.314200000000000000e+04
6.314300000000000000e+04
6.314400000000000000e+04
6.314500000000000000e+04
6.314700000000000000e+04
6.314800000000000000e+04
6.315400000000000000e+04
6.317600000000000000e+04
6.323600000000000000e+04
6.326600000000000000e+04
6.327900000000000000e+04
6.337000000000000000e+04
6.340500000000000000e+04
6.341200000000000000e+04
6.348600000000000000e+04
6.348800000000000000e+04
6.349200000000000000e+04
6.350100000000000000e+04
6.350400000000000000e+04
6.352700000000000000e+04
6.355100000000000000e+04
6.358500000000000000e+04
6.377100000000000000e+04
6.382800000000000000e+04
6.389500000000000000e+04
6.389700000000000000e+04
6.390700000000000000e+04
6.414500000000000000e+04
6.420700000000000000e+04
6.420800000000000000e+04
6.421100000000000000e+04
6.424800000000000000e+04
6.427400000000000000e+04
6.428300000000000000e+04
6.428500000000000000e+04
6.428800000000000000e+04
6.434500000000000000e+04
6.447900000000000000e+04
6.452200000000000000e+04
6.452400000000000000e+04
6.453200000000000000e+04
6.457500000000000000e+04
6.458700000000000000e+04
6.464200000000000000e+04
6.465600000000000000e+04
6.468200000000000000e+04
6.472100000000000000e+04
6.474000000000000000e+04
6.474300000000000000e+04
6.477200000000000000e+04
6.479100000000000000e+04
6.480000000000000000e+04
6.481700000000000000e+04
6.483600000000000000e+04
6.490100000000000000e+04
6.491400000000000000e+04
6.497000000000000000e+04
6.498000000000000000e+04
6.498400000000000000e+04
6.499900000000000000e+04
6.500600000000000000e+04
6.503300000000000000e+04
6.503700000000000000e+04
6.503900000000000000e+04
6.508500000000000000e+04
6.515400000000000000e+04
6.515500000000000000e+04
6.516600000000000000e+04
6.521600000000000000e+04
6.526200000000000000e+04
6.527500000000000000e+04
6.532700000000000000e+04
6.533600000000000000e+04
6.533700000000000000e+04
6.536200000000000000e+04
6.537300000000000000e+04
6.537900000000000000e+04
6.538900000000000000e+04
6.539200000000000000e+04
6.543300000000000000e+04
6.543900000000000000e+04
6.548800000000000000e+04
6.550300000000000000e+04
6.550400000000000000e+04
6.550600000000000000e+04
6.554700000000000000e+04
6.564600000000000000e+04
6.567700000000000000e+04
6.572500000000000000e+04
6.575800000000000000e+04
6.578800000000000000e+04
6.578900000000000000e+04
6.588700000000000000e+04
6.589600000000000000e+04
6.589800000000000000e+04
6.596900000000000000e+04
6.604500000000000000e+04
6.624200000000000000e+04
6.625500000000000000e+04
6.625700000000000000e+04
6.628100000000000000e+04
6.630400000000000000e+04
6.630500000000000000e+04
6.636000000000000000e+04
6.639900000000000000e+04
6.644300000000000000e+04
6.650000000000000000e+04
6.650700000000000000e+04
6.658400000000000000e+04
6.663900000000000000e+04
6.666000000000000000e+04
6.670700000000000000e+04
6.671300000000000000e+04
6.671400000000000000e+04
6.671900000000000000e+04
6.672000000000000000e+04
6.673000000000000000e+04
6.680000000000000000e+04
6.685800000000000000e+04
6.686000000000000000e+04
6.711600000000000000e+04
6.713600000000000000e+04
6.713700000000000000e+04
6.713800000000000000e+04
6.716100000000000000e+04
6.716400000000000000e+04
6.717000000000000000e+04
6.717500000000000000e+04
6.718100000000000000e+04
6.719500000000000000e+04
6.720900000000000000e+04
6.723400000000000000e+04
6.731600000000000000e+04
6.740800000000000000e+04
6.753000000000000000e+04
6.753200000000000000e+04
6.753800000000000000e+04
6.759300000000000000e+04
6.759500000000000000e+04
6.759600000000000000e+04
6.768600000000000000e+04
6.773500000000000000e+04
6.776000000000000000e+04
6.776100000000000000e+04
6.776600000000000000e+04
6.779700000000000000e+04
6.779800000000000000e+04
6.780100000000000000e+04
6.789900000000000000e+04
6.791200000000000000e+04
6.793400000000000000e+04
6.806500000000000000e+04
6.807600000000000000e+04
6.809300000000000000e+04
6.814100000000000000e+04
6.814200000000000000e+04
6.814400000000000000e+04
6.814900000000000000e+04
6.815100000000000000e+04
6.815200000000000000e+04
6.815300000000000000e+04
6.815400000000000000e+04
6.817800000000000000e+04
6.817900000000000000e+04
6.818100000000000000e+04
6.819600000000000000e+04
6.822700000000000000e+04
6.826700000000000000e+04
6.833700000000000000e+04
6.835200000000000000e+04
6.838300000000000000e+04
6.848300000000000000e+04
6.849000000000000000e+04
6.855200000000000000e+04
6.868000000000000000e+04
6.868100000000000000e+04
6.873100000000000000e+04
6.879800000000000000e+04
6.889200000000000000e+04
6.893500000000000000e+04
6.898700000000000000e+04
6.904400000000000000e+04
6.905400000000000000e+04
6.908100000000000000e+04
6.915500000000000000e+04
6.925100000000000000e+04
6.926700000000000000e+04
6.926900000000000000e+04
6.938300000000000000e+04
6.947900000000000000e+04
6.950000000000000000e+04
6.951100000000000000e+04
6.956000000000000000e+04
6.963300000000000000e+04
6.964100000000000000e+04
6.968100000000000000e+04
6.968700000000000000e+04
6.969600000000000000e+04
6.969700000000000000e+04
6.969900000000000000e+04
6.970000000000000000e+04
6.981400000000000000e+04
6.988000000000000000e+04
6.999900000000000000e+04
7.000100000000000000e+04
7.000800000000000000e+04
7.012200000000000000e+04
7.027800000000000000e+04
7.036300000000000000e+04
7.044500000000000000e+04
7.045600000000000000e+04
7.045700000000000000e+04
7.047300000000000000e+04
7.053300000000000000e+04
7.065800000000000000e+04
7.066100000000000000e+04
7.111400000000000000e+04
7.124000000000000000e+04
7.151500000000000000e+04
7.158500000000000000e+04
7.158900000000000000e+04
7.164500000000000000e+04
7.164900000000000000e+04
7.166100000000000000e+04
7.166500000000000000e+04
7.166700000000000000e+04
7.170600000000000000e+04
7.178200000000000000e+04
7.178700000000000000e+04
7.182300000000000000e+04
7.183200000000000000e+04
7.185600000000000000e+04
7.193000000000000000e+04
7.202700000000000000e+04
7.210600000000000000e+04
7.211600000000000000e+04
7.214000000000000000e+04
7.215000000000000000e+04
7.219200000000000000e+04
7.219900000000000000e+04
7.220300000000000000e+04
7.225900000000000000e+04
7.227200000000000000e+04
7.233000000000000000e+04
7.235800000000000000e+04
7.244800000000000000e+04
7.245400000000000000e+04
7.247500000000000000e+04
7.250400000000000000e+04
7.250900000000000000e+04
7.254900000000000000e+04
7.261700000000000000e+04
7.266700000000000000e+04
7.268200000000000000e+04
7.274400000000000000e+04
7.275800000000000000e+04
7.281600000000000000e+04
7.289500000000000000e+04
7.290300000000000000e+04
7.290500000000000000e+04
7.290800000000000000e+04
7.295200000000000000e+04
7.296400000000000000e+04
7.300500000000000000e+04
7.316900000000000000e+04
7.317100000000000000e+04
7.321400000000000000e+04
7.322400000000000000e+04
7.323600000000000000e+04
7.335300000000000000e+04
7.346700000000000000e+04
7.348000000000000000e+04
7.348100000000000000e+04
7.350400000000000000e+04
7.350600000000000000e+04
7.350900000000000000e+04
7.370100000000000000e+04
7.374500000000000000e+04
7.381800000000000000e+04
7.382100000000000000e+04
7.384900000000000000e+04
7.385000000000000000e+04
7.391100000000000000e+04
7.391300000000000000e+04
7.391600000000000000e+04
7.391700000000000000e+04
7.392100000000000000e+04
7.399600000000000000e+04
7.400100000000000000e+04
7.406700000000000000e+04
7.406800000000000000e+04
7.413400000000000000e+04
7.414300000000000000e+04
7.415600000000000000e+04
7.415700000000000000e+04
7.424500000000000000e+04
7.425100000000000000e+04
7.435900000000000000e+04
7.439700000000000000e+04
7.441800000000000000e+04
7.448200000000000000e+04
7.451100000000000000e+04
7.451800000000000000e+04
7.455000000000000000e+04
7.458200000000000000e+04
7.462600000000000000e+04
7.462700000000000000e+04
7.464000000000000000e+04
7.470100000000000000e+04
7.470600000000000000e+04
7.471300000000000000e+04
7.471400000000000000e+04
7.471500000000000000e+04
7.474600000000000000e+04
7.477500000000000000e+04
7.479300000000000000e+04
7.480500000000000000e+04
7.500000000000000000e+04
7.500100000000000000e+04
7.500200000000000000e+04
7.501500000000000000e+04
7.504300000000000000e+04
7.507300000000000000e+04
7.510400000000000000e+04
7.530700000000000000e+04
7.531200000000000000e+04
7.535100000000000000e+04
7.535200000000000000e+04
7.537300000000000000e+04
7.537400000000000000e+04
7.538700000000000000e+04
7.545000000000000000e+04
7.567100000000000000e+04
7.567300000000000000e+04
7.569000000000000000e+04
7.569600000000000000e+04
7.594300000000000000e+04
7.597800000000000000e+04
7.597900000000000000e+04
7.598000000000000000e+04
7.599700000000000000e+04
7.599800000000000000e+04
7.602400000000000000e+04
7.606400000000000000e+04
7.618800000000000000e+04
7.618900000000000000e+04
7.630400000000000000e+04
7.634400000000000000e+04
7.635000000000000000e+04
7.644000000000000000e+04
7.645000000000000000e+04
7.657600000000000000e+04
7.671600000000000000e+04
7.674200000000000000e+04
7.674300000000000000e+04
7.681700000000000000e+04
7.684300000000000000e+04
7.685200000000000000e+04
7.686700000000000000e+04
7.689600000000000000e+04
7.691400000000000000e+04
7.692600000000000000e+04
7.692900000000000000e+04
7.694400000000000000e+04
7.697100000000000000e+04
7.703500000000000000e+04
7.705300000000000000e+04
7.707000000000000000e+04
7.709700000000000000e+04
7.724900000000000000e+04
7.725900000000000000e+04
7.726000000000000000e+04
7.726100000000000000e+04
7.726400000000000000e+04
7.727100000000000000e+04
7.727200000000000000e+04
7.729400000000000000e+04
7.730300000000000000e+04
7.738400000000000000e+04
7.738600000000000000e+04
7.739700000000000000e+04
7.745500000000000000e+04
7.754200000000000000e+04
7.754300000000000000e+04
7.755200000000000000e+04
7.755500000000000000e+04
7.759300000000000000e+04
7.766500000000000000e+04
7.767500000000000000e+04
7.774400000000000000e+04
7.775600000000000000e+04
7.777600000000000000e+04
7.779600000000000000e+04
7.780200000000000000e+04
7.781000000000000000e+04
7.782400000000000000e+04
7.783100000000000000e+04
7.783700000000000000e+04
7.785100000000000000e+04
7.785800000000000000e+04
7.789400000000000000e+04
7.789500000000000000e+04
7.789600000000000000e+04
7.789700000000000000e+04
7.792000000000000000e+04
7.792100000000000000e+04
7.796000000000000000e+04
7.796100000000000000e+04
7.798500000000000000e+04
7.807700000000000000e+04
7.807800000000000000e+04
7.811200000000000000e+04
7.811400000000000000e+04
7.815600000000000000e+04
7.815800000000000000e+04
7.819000000000000000e+04
7.821400000000000000e+04
7.827800000000000000e+04
7.831000000000000000e+04
7.831300000000000000e+04
7.832600000000000000e+04
7.837300000000000000e+04
7.838200000000000000e+04
7.841700000000000000e+04
7.843500000000000000e+04
7.854700000000000000e+04
7.855500000000000000e+04
7.856400000000000000e+04
7.857300000000000000e+04
7.858100000000000000e+04
7.860100000000000000e+04
7.865100000000000000e+04
7.868200000000000000e+04
7.871200000000000000e+04
7.874100000000000000e+04
7.875500000000000000e+04
7.875800000000000000e+04
7.876600000000000000e+04
7.881900000000000000e+04
7.882400000000000000e+04
7.882500000000000000e+04
7.885500000000000000e+04
7.887200000000000000e+04
7.887300000000000000e+04
7.893300000000000000e+04
7.893400000000000000e+04
7.893500000000000000e+04
7.898600000000000000e+04
7.900000000000000000e+04
7.902000000000000000e+04
7.903200000000000000e+04
7.908500000000000000e+04
7.908600000000000000e+04
7.909300000000000000e+04
7.911800000000000000e+04
7.911900000000000000e+04
7.912200000000000000e+04
7.915700000000000000e+04
7.915800000000000000e+04
7.917200000000000000e+04
7.922300000000000000e+04
7.922600000000000000e+04
7.927000000000000000e+04
7.936200000000000000e+04
7.939400000000000000e+04
7.939900000000000000e+04
7.944000000000000000e+04
7.946500000000000000e+04
7.955500000000000000e+04
7.956200000000000000e+04
7.958900000000000000e+04
7.959300000000000000e+04
7.959600000000000000e+04
7.961000000000000000e+04
7.962000000000000000e+04
7.962100000000000000e+04
7.965700000000000000e+04
7.968500000000000000e+04
7.971600000000000000e+04
7.971700000000000000e+04
7.971800000000000000e+04
7.976500000000000000e+04
7.977100000000000000e+04
7.979200000000000000e+04
7.981300000000000000e+04
7.981400000000000000e+04
7.982300000000000000e+04
7.986200000000000000e+04
7.988900000000000000e+04
7.992800000000000000e+04
7.994000000000000000e+04
7.994100000000000000e+04
7.994700000000000000e+04
7.996800000000000000e+04
7.998300000000000000e+04
8.000500000000000000e+04
8.001400000000000000e+04
8.009200000000000000e+04
8.010600000000000000e+04
8.010800000000000000e+04
8.011900000000000000e+04
8.012200000000000000e+04
8.012400000000000000e+04
8.012700000000000000e+04
8.012800000000000000e+04
8.015500000000000000e+04
8.016100000000000000e+04
8.020600000000000000e+04
8.030600000000000000e+04
8.031100000000000000e+04
8.035000000000000000e+04
8.038300000000000000e+04
8.039200000000000000e+04
8.040000000000000000e+04
8.041100000000000000e+04
8.042200000000000000e+04
8.045300000000000000e+04
8.047500000000000000e+04
8.048100000000000000e+04
8.048400000000000000e+04
8.048900000000000000e+04
8.055100000000000000e+04
8.057400000000000000e+04
8.058700000000000000e+04
8.060500000000000000e+04
8.060700000000000000e+04
8.060800000000000000e+04
8.061100000000000000e+04
8.061800000000000000e+04
8.062000000000000000e+04
8.065900000000000000e+04
8.068100000000000000e+04
8.069300000000000000e+04
8.071700000000000000e+04
8.072100000000000000e+04
8.073800000000000000e+04
8.079200000000000000e+04
8.082200000000000000e+04
8.093200000000000000e+04
8.098600000000000000e+04
8.099600000000000000e+04
8.100400000000000000e+04
8.100800000000000000e+04
8.102700000000000000e+04
8.105600000000000000e+04
8.110500000000000000e+04
8.111800000000000000e+04
8.112200000000000000e+04
8.118800000000000000e+04
8.121500000000000000e+04
8.128200000000000000e+04
8.128500000000000000e+04
8.130900000000000000e+04
8.131900000000000000e+04
8.137800000000000000e+04
8.148900000000000000e+04
8.152900000000000000e+04
8.156600000000000000e+04
8.168800000000000000e+04
8.181000000000000000e+04
8.184800000000000000e+04
8.185900000000000000e+04
8.187000000000000000e+04
8.188600000000000000e+04
8.189400000000000000e+04
8.194600000000000000e+04
8.203200000000000000e+04
8.208900000000000000e+04
8.210300000000000000e+04
8.210400000000000000e+04
8.210900000000000000e+04
8.228800000000000000e+04
8.229500000000000000e+04
8.229600000000000000e+04
8.235900000000000000e+04
8.236000000000000000e+04
8.237200000000000000e+04
8.238800000000000000e+04
8.244100000000000000e+04
8.255000000000000000e+04
8.261600000000000000e+04
8.270000000000000000e+04
8.281800000000000000e+04
8.283600000000000000e+04
8.284200000000000000e+04
8.284900000000000000e+04
8.286000000000000000e+04
8.288800000000000000e+04
8.291600000000000000e+04
8.293300000000000000e+04
8.296600000000000000e+04
8.296900000000000000e+04
8.303800000000000000e+04
8.305900000000000000e+04
8.306300000000000000e+04
8.306800000000000000e+04
8.307100000000000000e+04
8.308000000000000000e+04
8.308300000000000000e+04
8.315300000000000000e+04
8.315700000000000000e+04
8.318200000000000000e+04
8.319800000000000000e+04
8.320900000000000000e+04
8.321000000000000000e+04
8.321800000000000000e+04
8.325600000000000000e+04
8.328100000000000000e+04
8.341500000000000000e+04
8.345900000000000000e+04
8.346100000000000000e+04
8.346600000000000000e+04
8.348700000000000000e+04
8.356800000000000000e+04
8.357300000000000000e+04
8.357500000000000000e+04
8.357900000000000000e+04
8.359100000000000000e+04
8.359900000000000000e+04
8.360500000000000000e+04
8.362800000000000000e+04
8.365100000000000000e+04
8.367300000000000000e+04
8.368800000000000000e+04
8.369900000000000000e+04
8.371100000000000000e+04
8.378400000000000000e+04
8.380800000000000000e+04
8.391600000000000000e+04
8.394900000000000000e+04
8.408500000000000000e+04
8.424000000000000000e+04
8.425300000000000000e+04
8.425700000000000000e+04
8.431000000000000000e+04
8.432800000000000000e+04
8.437200000000000000e+04
8.438900000000000000e+04
8.439000000000000000e+04
8.442200000000000000e+04
8.443700000000000000e+04
8.443900000000000000e+04
8.444500000000000000e+04
8.444900000000000000e+04
8.446800000000000000e+04
8.447400000000000000e+04
8.448000000000000000e+04
8.451100000000000000e+04
8.453800000000000000e+04
8.454100000000000000e+04
8.459600000000000000e+04
8.460200000000000000e+04
8.461700000000000000e+04
8.463300000000000000e+04
8.463400000000000000e+04
8.463700000000000000e+04
8.463900000000000000e+04
8.464900000000000000e+04
8.473900000000000000e+04
8.481700000000000000e+04
8.484000000000000000e+04
8.484100000000000000e+04
8.485400000000000000e+04
8.486200000000000000e+04
8.486900000000000000e+04
8.501600000000000000e+04
8.505200000000000000e+04
8.506200000000000000e+04
8.507100000000000000e+04
8.513000000000000000e+04
8.515900000000000000e+04
8.541100000000000000e+04
8.541200000000000000e+04
8.544300000000000000e+04
8.545000000000000000e+04
8.546700000000000000e+04
8.547200000000000000e+04
8.566800000000000000e+04
8.568600000000000000e+04
8.573700000000000000e+04
8.577700000000000000e+04
8.577900000000000000e+04
8.580100000000000000e+04
8.587700000000000000e+04
8.587900000000000000e+04
8.588000000000000000e+04
8.595500000000000000e+04
8.596000000000000000e+04
8.604500000000000000e+04
8.611000000000000000e+04
8.618300000000000000e+04
8.618800000000000000e+04
8.621100000000000000e+04
8.627200000000000000e+04
8.631700000000000000e+04
8.632600000000000000e+04
8.633000000000000000e+04
8.640000000000000000e+04
8.640300000000000000e+04
8.645700000000000000e+04
8.646800000000000000e+04
8.648600000000000000e+04
8.659000000000000000e+04
8.661000000000000000e+04
8.661100000000000000e+04
8.681800000000000000e+04
8.682000000000000000e+04
8.703900000000000000e+04
8.714800000000000000e+04
8.717500000000000000e+04
8.719300000000000000e+04
8.722100000000000000e+04
8.722300000000000000e+04
