9.900000000000000000e+01
1.140000000000000000e+02
1.170000000000000000e+02
1.460000000000000000e+02
1.500000000000000000e+02
1.620000000000000000e+02
2.040000000000000000e+02
2.180000000000000000e+02
2.250000000000000000e+02
2.260000000000000000e+02
2.330000000000000000e+02
2.700000000000000000e+02
2.770000000000000000e+02
2.980000000000000000e+02
3.010000000000000000e+02
3.240000000000000000e+02
3.330000000000000000e+02
3.470000000000000000e+02
3.510000000000000000e+02
4.610000000000000000e+02
4.680000000000000000e+02
4.720000000000000000e+02
4.920000000000000000e+02
5.230000000000000000e+02
5.310000000000000000e+02
5.340000000000000000e+02
5.450000000000000000e+02
5.680000000000000000e+02
5.740000000000000000e+02
6.360000000000000000e+02
6.570000000000000000e+02
6.610000000000000000e+02
6.620000000000000000e+02
6.720000000000000000e+02
6.760000000000000000e+02
6.810000000000000000e+02
6.830000000000000000e+02
7.000000000000000000e+02
7.030000000000000000e+02
7.370000000000000000e+02
7.480000000000000000e+02
7.620000000000000000e+02
7.670000000000000000e+02
7.800000000000000000e+02
7.870000000000000000e+02
7.900000000000000000e+02
8.140000000000000000e+02
8.420000000000000000e+02
8.990000000000000000e+02
9.460000000000000000e+02
9.520000000000000000e+02
9.550000000000000000e+02
9.610000000000000000e+02
1.003000000000000000e+03
1.025000000000000000e+03
1.051000000000000000e+03
1.063000000000000000e+03
1.079000000000000000e+03
1.102000000000000000e+03
1.114000000000000000e+03
1.121000000000000000e+03
1.143000000000000000e+03
1.159000000000000000e+03
1.174000000000000000e+03
1.244000000000000000e+03
1.284000000000000000e+03
1.297000000000000000e+03
1.325000000000000000e+03
1.328000000000000000e+03
1.344000000000000000e+03
1.346000000000000000e+03
1.355000000000000000e+03
1.392000000000000000e+03
1.403000000000000000e+03
1.406000000000000000e+03
1.457000000000000000e+03
1.475000000000000000e+03
1.547000000000000000e+03
1.553000000000000000e+03
1.557000000000000000e+03
1.562000000000000000e+03
1.585000000000000000e+03
1.620000000000000000e+03
1.628000000000000000e+03
1.650000000000000000e+03
1.673000000000000000e+03
1.704000000000000000e+03
1.717000000000000000e+03
1.723000000000000000e+03
1.770000000000000000e+03
1.783000000000000000e+03
1.790000000000000000e+03
1.798000000000000000e+03
1.808000000000000000e+03
1.842000000000000000e+03
1.860000000000000000e+03
1.880000000000000000e+03
1.913000000000000000e+03
1.926000000000000000e+03
1.929000000000000000e+03
1.944000000000000000e+03
1.955000000000000000e+03
1.956000000000000000e+03
1.969000000000000000e+03
1.972000000000000000e+03
1.991000000000000000e+03
2.016000000000000000e+03
2.047000000000000000e+03
2.083000000000000000e+03
2.107000000000000000e+03
2.111000000000000000e+03
2.145000000000000000e+03
2.148000000000000000e+03
2.166000000000000000e+03
2.171000000000000000e+03
2.260000000000000000e+03
2.273000000000000000e+03
2.322000000000000000e+03
2.362000000000000000e+03
2.409000000000000000e+03
2.431000000000000000e+03
2.445000000000000000e+03
2.468000000000000000e+03
2.499000000000000000e+03
2.500000000000000000e+03
2.502000000000000000e+03
2.511000000000000000e+03
2.533000000000000000e+03
2.542000000000000000e+03
2.565000000000000000e+03
2.578000000000000000e+03
2.581000000000000000e+03
2.589000000000000000e+03
2.615000000000000000e+03
2.635000000000000000e+03
2.653000000000000000e+03
2.662000000000000000e+03
2.676000000000000000e+03
2.691000000000000000e+03
2.701000000000000000e+03
2.745000000000000000e+03
2.747000000000000000e+03
2.749000000000000000e+03
2.750000000000000000e+03
2.755000000000000000e+03
2.761000000000000000e+03
2.791000000000000000e+03
2.811000000000000000e+03
2.819000000000000000e+03
2.843000000000000000e+03
2.848000000000000000e+03
2.960000000000000000e+03
2.970000000000000000e+03
2.989000000000000000e+03
2.992000000000000000e+03
2.998000000000000000e+03
3.025000000000000000e+03
3.056000000000000000e+03
3.105000000000000000e+03
3.136000000000000000e+03
3.139000000000000000e+03
3.155000000000000000e+03
3.171000000000000000e+03
3.187000000000000000e+03
3.207000000000000000e+03
3.209000000000000000e+03
3.211000000000000000e+03
3.244000000000000000e+03
3.251000000000000000e+03
3.266000000000000000e+03
3.273000000000000000e+03
3.279000000000000000e+03
3.300000000000000000e+03
3.319000000000000000e+03
3.335000000000000000e+03
3.347000000000000000e+03
3.359000000000000000e+03
3.369000000000000000e+03
3.396000000000000000e+03
3.426000000000000000e+03
3.467000000000000000e+03
3.515000000000000000e+03
3.546000000000000000e+03
3.636000000000000000e+03
3.674000000000000000e+03
3.690000000000000000e+03
3.730000000000000000e+03
3.814000000000000000e+03
3.815000000000000000e+03
3.818000000000000000e+03
3.836000000000000000e+03
3.838000000000000000e+03
3.861000000000000000e+03
3.895000000000000000e+03
3.906000000000000000e+03
3.908000000000000000e+03
3.909000000000000000e+03
3.954000000000000000e+03
3.991000000000000000e+03
4.005000000000000000e+03
4.067000000000000000e+03
4.123000000000000000e+03
4.124000000000000000e+03
4.188000000000000000e+03
4.189000000000000000e+03
4.315000000000000000e+03
4.326000000000000000e+03
4.357000000000000000e+03
4.358000000000000000e+03
4.359000000000000000e+03
4.361000000000000000e+03
4.370000000000000000e+03
4.391000000000000000e+03
4.407000000000000000e+03
4.448000000000000000e+03
4.458000000000000000e+03
4.507000000000000000e+03
4.511000000000000000e+03
4.523000000000000000e+03
4.532000000000000000e+03
4.633000000000000000e+03
4.663000000000000000e+03
4.667000000000000000e+03
4.700000000000000000e+03
4.701000000000000000e+03
4.720000000000000000e+03
4.732000000000000000e+03
4.733000000000000000e+03
4.808000000000000000e+03
4.822000000000000000e+03
4.872000000000000000e+03
4.899000000000000000e+03
4.900000000000000000e+03
4.956000000000000000e+03
4.990000000000000000e+03
5.007000000000000000e+03
5.049000000000000000e+03
5.055000000000000000e+03
5.066000000000000000e+03
5.112000000000000000e+03
5.118000000000000000e+03
5.123000000000000000e+03
5.128000000000000000e+03
5.162000000000000000e+03
5.163000000000000000e+03
5.227000000000000000e+03
5.257000000000000000e+03
5.259000000000000000e+03
5.262000000000000000e+03
5.270000000000000000e+03
5.276000000000000000e+03
5.334000000000000000e+03
5.342000000000000000e+03
5.347000000000000000e+03
5.354000000000000000e+03
5.387000000000000000e+03
5.394000000000000000e+03
5.399000000000000000e+03
5.400000000000000000e+03
5.409000000000000000e+03
5.428000000000000000e+03
5.437000000000000000e+03
5.513000000000000000e+03
5.549000000000000000e+03
5.728000000000000000e+03
5.730000000000000000e+03
5.765000000000000000e+03
5.823000000000000000e+03
5.833000000000000000e+03
5.858000000000000000e+03
5.880000000000000000e+03
5.944000000000000000e+03
5.947000000000000000e+03
5.963000000000000000e+03
5.974000000000000000e+03
6.027000000000000000e+03
6.041000000000000000e+03
6.052000000000000000e+03
6.070000000000000000e+03
6.103000000000000000e+03
6.130000000000000000e+03
6.145000000000000000e+03
6.163000000000000000e+03
6.171000000000000000e+03
6.228000000000000000e+03
6.236000000000000000e+03
6.243000000000000000e+03
6.261000000000000000e+03
6.305000000000000000e+03
6.320000000000000000e+03
6.339000000000000000e+03
6.396000000000000000e+03
6.419000000000000000e+03
6.465000000000000000e+03
6.511000000000000000e+03
6.525000000000000000e+03
6.563000000000000000e+03
6.638000000000000000e+03
6.665000000000000000e+03
6.872000000000000000e+03
6.925000000000000000e+03
6.981000000000000000e+03
7.061000000000000000e+03
7.062000000000000000e+03
7.063000000000000000e+03
7.069000000000000000e+03
7.102000000000000000e+03
7.162000000000000000e+03
7.168000000000000000e+03
7.204000000000000000e+03
7.296000000000000000e+03
7.317000000000000000e+03
7.346000000000000000e+03
7.353000000000000000e+03
7.368000000000000000e+03
7.429000000000000000e+03
7.450000000000000000e+03
7.536000000000000000e+03
7.544000000000000000e+03
7.545000000000000000e+03
7.555000000000000000e+03
7.592000000000000000e+03
7.595000000000000000e+03
7.651000000000000000e+03
7.669000000000000000e+03
7.737000000000000000e+03
7.766000000000000000e+03
7.777000000000000000e+03
7.783000000000000000e+03
7.813000000000000000e+03
7.902000000000000000e+03
7.969000000000000000e+03
7.973000000000000000e+03
8.041000000000000000e+03
8.059000000000000000e+03
8.073000000000000000e+03
8.110000000000000000e+03
8.113000000000000000e+03
8.132000000000000000e+03
8.136000000000000000e+03
8.169000000000000000e+03
8.173000000000000000e+03
8.177000000000000000e+03
8.184000000000000000e+03
8.199000000000000000e+03
8.200000000000000000e+03
8.224000000000000000e+03
8.228000000000000000e+03
8.266000000000000000e+03
8.310000000000000000e+03
8.365000000000000000e+03
8.446000000000000000e+03
8.453000000000000000e+03
8.454000000000000000e+03
8.462000000000000000e+03
8.492000000000000000e+03
8.498000000000000000e+03
8.499000000000000000e+03
8.507000000000000000e+03
8.526000000000000000e+03
8.562000000000000000e+03
8.588000000000000000e+03
8.645000000000000000e+03
8.655000000000000000e+03
8.669000000000000000e+03
8.692000000000000000e+03
8.699000000000000000e+03
8.714000000000000000e+03
8.730000000000000000e+03
8.757000000000000000e+03
8.790000000000000000e+03
8.805000000000000000e+03
8.810000000000000000e+03
8.839000000000000000e+03
8.852000000000000000e+03
8.876000000000000000e+03
8.882000000000000000e+03
8.890000000000000000e+03
8.905000000000000000e+03
8.997000000000000000e+03
9.023000000000000000e+03
9.053000000000000000e+03
9.142000000000000000e+03
9.145000000000000000e+03
9.150000000000000000e+03
9.156000000000000000e+03
9.201000000000000000e+03
9.216000000000000000e+03
9.263000000000000000e+03
9.276000000000000000e+03
9.278000000000000000e+03
9.295000000000000000e+03
9.476000000000000000e+03
9.586000000000000000e+03
9.600000000000000000e+03
9.601000000000000000e+03
9.675000000000000000e+03
9.685000000000000000e+03
9.712000000000000000e+03
9.775000000000000000e+03
9.813000000000000000e+03
9.831000000000000000e+03
9.970000000000000000e+03
1.004100000000000000e+04
1.007200000000000000e+04
1.014400000000000000e+04
1.019000000000000000e+04
1.019600000000000000e+04
1.020300000000000000e+04
1.021500000000000000e+04
1.028700000000000000e+04
1.034000000000000000e+04
1.036400000000000000e+04
1.039000000000000000e+04
1.040300000000000000e+04
1.040600000000000000e+04
1.042900000000000000e+04
1.044600000000000000e+04
1.046700000000000000e+04
1.048800000000000000e+04
1.050400000000000000e+04
1.054800000000000000e+04
1.063900000000000000e+04
1.064000000000000000e+04
1.073700000000000000e+04
1.077100000000000000e+04
1.082100000000000000e+04
1.091800000000000000e+04
1.092800000000000000e+04
1.095100000000000000e+04
1.096200000000000000e+04
1.104200000000000000e+04
1.109200000000000000e+04
1.110300000000000000e+04
1.113200000000000000e+04
1.114000000000000000e+04
1.120100000000000000e+04
1.129600000000000000e+04
1.129800000000000000e+04
1.130200000000000000e+04
1.130600000000000000e+04
1.134700000000000000e+04
1.134900000000000000e+04
1.135000000000000000e+04
1.139000000000000000e+04
1.140000000000000000e+04
1.141600000000000000e+04
1.144700000000000000e+04
1.146300000000000000e+04
1.149100000000000000e+04
1.149300000000000000e+04
1.149900000000000000e+04
1.150000000000000000e+04
1.157600000000000000e+04
1.159400000000000000e+04
1.162700000000000000e+04
1.163900000000000000e+04
1.164800000000000000e+04
1.167600000000000000e+04
1.176100000000000000e+04
1.176800000000000000e+04
1.176900000000000000e+04
1.177000000000000000e+04
1.177200000000000000e+04
1.179900000000000000e+04
1.191200000000000000e+04
1.192800000000000000e+04
1.192900000000000000e+04
1.193100000000000000e+04
1.194700000000000000e+04
1.194800000000000000e+04
1.194900000000000000e+04
1.198300000000000000e+04
1.202200000000000000e+04
1.207700000000000000e+04
1.209700000000000000e+04
1.210100000000000000e+04
1.212100000000000000e+04
1.214700000000000000e+04
1.215600000000000000e+04
1.217200000000000000e+04
1.218200000000000000e+04
1.219100000000000000e+04
1.224400000000000000e+04
1.224500000000000000e+04
1.228400000000000000e+04
1.228900000000000000e+04
1.230900000000000000e+04
1.238500000000000000e+04
1.238800000000000000e+04
1.240400000000000000e+04
1.243800000000000000e+04
1.245000000000000000e+04
1.245400000000000000e+04
1.254000000000000000e+04
1.256700000000000000e+04
1.263300000000000000e+04
1.265600000000000000e+04
1.267100000000000000e+04
1.271100000000000000e+04
1.291500000000000000e+04
1.295700000000000000e+04
1.297400000000000000e+04
1.304000000000000000e+04
1.312600000000000000e+04
1.313000000000000000e+04
1.315800000000000000e+04
1.322000000000000000e+04
1.325200000000000000e+04
1.325700000000000000e+04
1.327900000000000000e+04
1.332800000000000000e+04
1.333000000000000000e+04
1.338700000000000000e+04
1.340600000000000000e+04
1.346800000000000000e+04
1.348800000000000000e+04
1.354200000000000000e+04
1.354300000000000000e+04
1.357100000000000000e+04
1.357600000000000000e+04
1.366300000000000000e+04
1.368200000000000000e+04
1.368700000000000000e+04
1.380900000000000000e+04
1.389500000000000000e+04
1.396100000000000000e+04
1.397200000000000000e+04
1.400900000000000000e+04
1.410100000000000000e+04
1.410500000000000000e+04
1.411300000000000000e+04
1.413700000000000000e+04
1.422300000000000000e+04
1.422400000000000000e+04
1.428600000000000000e+04
1.430900000000000000e+04
1.432100000000000000e+04
1.439800000000000000e+04
1.449300000000000000e+04
1.455100000000000000e+04
1.459300000000000000e+04
1.465300000000000000e+04
1.466800000000000000e+04
1.478300000000000000e+04
1.490100000000000000e+04
1.492100000000000000e+04
1.493200000000000000e+04
1.494100000000000000e+04
1.512200000000000000e+04
1.520100000000000000e+04
1.529500000000000000e+04
1.532900000000000000e+04
1.546300000000000000e+04
1.548200000000000000e+04
1.560300000000000000e+04
1.564800000000000000e+04
1.567900000000000000e+04
1.570000000000000000e+04
1.581600000000000000e+04
1.585900000000000000e+04
1.594700000000000000e+04
1.610900000000000000e+04
1.613700000000000000e+04
1.616800000000000000e+04
1.618700000000000000e+04
1.620100000000000000e+04
1.626800000000000000e+04
1.635100000000000000e+04
1.640900000000000000e+04
1.643400000000000000e+04
1.644400000000000000e+04
1.644700000000000000e+04
1.654200000000000000e+04
1.660100000000000000e+04
1.662600000000000000e+04
1.663300000000000000e+04
1.663900000000000000e+04
1.664700000000000000e+04
1.665600000000000000e+04
1.666300000000000000e+04
1.668400000000000000e+04
1.669200000000000000e+04
1.671700000000000000e+04
1.677900000000000000e+04
1.678900000000000000e+04
1.684400000000000000e+04
1.684600000000000000e+04
1.685800000000000000e+04
1.692100000000000000e+04
1.692600000000000000e+04
1.699800000000000000e+04
1.700700000000000000e+04
1.708300000000000000e+04
1.724300000000000000e+04
1.728500000000000000e+04
1.728600000000000000e+04
1.733500000000000000e+04
1.744400000000000000e+04
1.746000000000000000e+04
1.749700000000000000e+04
1.752100000000000000e+04
1.758200000000000000e+04
1.765100000000000000e+04
1.778200000000000000e+04
1.779200000000000000e+04
1.790100000000000000e+04
1.793600000000000000e+04
1.795000000000000000e+04
1.796200000000000000e+04
1.796500000000000000e+04
1.801300000000000000e+04
1.810000000000000000e+04
1.814200000000000000e+04
1.820100000000000000e+04
1.824300000000000000e+04
1.826000000000000000e+04
1.831600000000000000e+04
1.833900000000000000e+04
1.834200000000000000e+04
1.843400000000000000e+04
1.848300000000000000e+04
1.849000000000000000e+04
1.850500000000000000e+04
1.852400000000000000e+04
1.860600000000000000e+04
1.861200000000000000e+04
1.862100000000000000e+04
1.863200000000000000e+04
1.868100000000000000e+04
1.868500000000000000e+04
1.869600000000000000e+04
1.871200000000000000e+04
1.873700000000000000e+04
1.873900000000000000e+04
1.874000000000000000e+04
1.877200000000000000e+04
1.879500000000000000e+04
1.888500000000000000e+04
1.897400000000000000e+04
1.897600000000000000e+04
1.897700000000000000e+04
1.902500000000000000e+04
1.916500000000000000e+04
1.917900000000000000e+04
1.920400000000000000e+04
1.933400000000000000e+04
1.933500000000000000e+04
1.947200000000000000e+04
1.948500000000000000e+04
1.965100000000000000e+04
1.968600000000000000e+04
1.971300000000000000e+04
1.973100000000000000e+04
1.975200000000000000e+04
1.981800000000000000e+04
1.983200000000000000e+04
1.991200000000000000e+04
1.997900000000000000e+04
1.998000000000000000e+04
1.999700000000000000e+04
2.001300000000000000e+04
2.012900000000000000e+04
2.014700000000000000e+04
2.015400000000000000e+04
2.023000000000000000e+04
2.034400000000000000e+04
2.035700000000000000e+04
2.040300000000000000e+04
2.041600000000000000e+04
2.046100000000000000e+04
2.052300000000000000e+04
2.062000000000000000e+04
2.066100000000000000e+04
2.069600000000000000e+04
2.074500000000000000e+04
2.074900000000000000e+04
2.075000000000000000e+04
2.081600000000000000e+04
2.084300000000000000e+04
2.085000000000000000e+04
2.089000000000000000e+04
2.091000000000000000e+04
2.091400000000000000e+04
2.091500000000000000e+04
2.094300000000000000e+04
2.098100000000000000e+04
2.100000000000000000e+04
2.102300000000000000e+04
2.129600000000000000e+04
2.131200000000000000e+04
2.136200000000000000e+04
2.140100000000000000e+04
2.141600000000000000e+04
2.150200000000000000e+04
2.151600000000000000e+04
2.157200000000000000e+04
2.160300000000000000e+04
2.163100000000000000e+04
2.163300000000000000e+04
2.167500000000000000e+04
2.172800000000000000e+04
2.174500000000000000e+04
2.213500000000000000e+04
2.217700000000000000e+04
2.228000000000000000e+04
2.229900000000000000e+04
2.237800000000000000e+04
2.247400000000000000e+04
2.250000000000000000e+04
2.257700000000000000e+04
2.260800000000000000e+04
2.263700000000000000e+04
2.267800000000000000e+04
2.272400000000000000e+04
2.274500000000000000e+04
2.292000000000000000e+04
2.292600000000000000e+04
2.294100000000000000e+04
2.295000000000000000e+04
2.295400000000000000e+04
2.297600000000000000e+04
2.297800000000000000e+04
2.300400000000000000e+04
2.302100000000000000e+04
2.307900000000000000e+04
2.314000000000000000e+04
2.322500000000000000e+04
2.325000000000000000e+04
2.327600000000000000e+04
2.332100000000000000e+04
2.343300000000000000e+04
2.343700000000000000e+04
2.347500000000000000e+04
2.350300000000000000e+04
2.351200000000000000e+04
2.356400000000000000e+04
2.356600000000000000e+04
2.359000000000000000e+04
2.359500000000000000e+04
2.359700000000000000e+04
2.359900000000000000e+04
2.366400000000000000e+04
2.375100000000000000e+04
2.379000000000000000e+04
2.380400000000000000e+04
2.380500000000000000e+04
2.380600000000000000e+04
2.382500000000000000e+04
2.384100000000000000e+04
2.390900000000000000e+04
2.394100000000000000e+04
2.394200000000000000e+04
2.404200000000000000e+04
2.405700000000000000e+04
2.407300000000000000e+04
2.414800000000000000e+04
2.429700000000000000e+04
2.429800000000000000e+04
2.431900000000000000e+04
2.434500000000000000e+04
2.434800000000000000e+04
2.454500000000000000e+04
2.460100000000000000e+04
2.460900000000000000e+04
2.463800000000000000e+04
2.471500000000000000e+04
2.479600000000000000e+04
2.488500000000000000e+04
2.495500000000000000e+04
2.500500000000000000e+04
2.512400000000000000e+04
2.520200000000000000e+04
2.528800000000000000e+04
2.533700000000000000e+04
2.534600000000000000e+04
2.536200000000000000e+04
2.555700000000000000e+04
2.558400000000000000e+04
2.559200000000000000e+04
2.564300000000000000e+04
2.566200000000000000e+04
2.570600000000000000e+04
2.574700000000000000e+04
2.578700000000000000e+04
2.590100000000000000e+04
2.590800000000000000e+04
2.595100000000000000e+04
2.599000000000000000e+04
2.599500000000000000e+04
2.609500000000000000e+04
2.613200000000000000e+04
2.613600000000000000e+04
2.615300000000000000e+04
2.627000000000000000e+04
2.648600000000000000e+04
2.651800000000000000e+04
2.654000000000000000e+04
2.661900000000000000e+04
2.666500000000000000e+04
2.667100000000000000e+04
2.678100000000000000e+04
2.679500000000000000e+04
2.687500000000000000e+04
2.692400000000000000e+04
2.692800000000000000e+04
2.694500000000000000e+04
2.695000000000000000e+04
2.706300000000000000e+04
2.710200000000000000e+04
2.713400000000000000e+04
2.713900000000000000e+04
2.717500000000000000e+04
2.720400000000000000e+04
2.720900000000000000e+04
2.726600000000000000e+04
2.731500000000000000e+04
2.731600000000000000e+04
2.737500000000000000e+04
2.740100000000000000e+04
2.745500000000000000e+04
2.745600000000000000e+04
2.749500000000000000e+04
2.749600000000000000e+04
2.750900000000000000e+04
2.762100000000000000e+04
2.764600000000000000e+04
2.767500000000000000e+04
2.777300000000000000e+04
2.780500000000000000e+04
2.791500000000000000e+04
2.797900000000000000e+04
2.798000000000000000e+04
2.800700000000000000e+04
2.802600000000000000e+04
2.829800000000000000e+04
2.832100000000000000e+04
2.841300000000000000e+04
2.855800000000000000e+04
2.861400000000000000e+04
2.872500000000000000e+04
2.891700000000000000e+04
2.893400000000000000e+04
2.908700000000000000e+04
2.913100000000000000e+04
2.919700000000000000e+04
2.927400000000000000e+04
2.933200000000000000e+04
2.936700000000000000e+04
2.941200000000000000e+04
2.947200000000000000e+04
2.947700000000000000e+04
2.957400000000000000e+04
2.958600000000000000e+04
2.981800000000000000e+04
2.998900000000000000e+04
3.011100000000000000e+04
3.033800000000000000e+04
3.041200000000000000e+04
3.043200000000000000e+04
3.044000000000000000e+04
3.044100000000000000e+04
3.044700000000000000e+04
3.046300000000000000e+04
3.050800000000000000e+04
3.051000000000000000e+04
3.054300000000000000e+04
3.054500000000000000e+04
3.055900000000000000e+04
3.063200000000000000e+04
3.063300000000000000e+04
3.063600000000000000e+04
3.066700000000000000e+04
3.083600000000000000e+04
3.101000000000000000e+04
3.103500000000000000e+04
3.104100000000000000e+04
3.131000000000000000e+04
3.133400000000000000e+04
3.135100000000000000e+04
3.141100000000000000e+04
3.142900000000000000e+04
3.156000000000000000e+04
3.177900000000000000e+04
3.189700000000000000e+04
3.196000000000000000e+04
3.210300000000000000e+04
3.215600000000000000e+04
3.227200000000000000e+04
3.228200000000000000e+04
3.229700000000000000e+04
3.235300000000000000e+04
3.239000000000000000e+04
3.244300000000000000e+04
3.252900000000000000e+04
3.280400000000000000e+04
3.280500000000000000e+04
3.287100000000000000e+04
3.288400000000000000e+04
3.291700000000000000e+04
3.292700000000000000e+04
3.295000000000000000e+04
3.301300000000000000e+04
3.303800000000000000e+04
3.305700000000000000e+04
3.306300000000000000e+04
3.322600000000000000e+04
3.327200000000000000e+04
3.328500000000000000e+04
3.328600000000000000e+04
3.333100000000000000e+04
3.336100000000000000e+04
3.337400000000000000e+04
3.348000000000000000e+04
3.366700000000000000e+04
3.375500000000000000e+04
3.386900000000000000e+04
3.387400000000000000e+04
3.390600000000000000e+04
3.391700000000000000e+04
3.398300000000000000e+04
3.401800000000000000e+04
3.406000000000000000e+04
3.410500000000000000e+04
3.412700000000000000e+04
3.414500000000000000e+04
3.422000000000000000e+04
3.423600000000000000e+04
3.432400000000000000e+04
3.436800000000000000e+04
3.450400000000000000e+04
3.458900000000000000e+04
3.490300000000000000e+04
3.502200000000000000e+04
3.524500000000000000e+04
3.528100000000000000e+04
3.531600000000000000e+04
3.554200000000000000e+04
3.560200000000000000e+04
3.570200000000000000e+04
3.577900000000000000e+04
3.578900000000000000e+04
3.579100000000000000e+04
3.585800000000000000e+04
3.588300000000000000e+04
3.588900000000000000e+04
3.589000000000000000e+04
3.589400000000000000e+04
3.591300000000000000e+04
3.597700000000000000e+04
3.600600000000000000e+04
3.602300000000000000e+04
3.613800000000000000e+04
3.614100000000000000e+04
3.616000000000000000e+04
3.640300000000000000e+04
3.642800000000000000e+04
3.646200000000000000e+04
3.650300000000000000e+04
3.653600000000000000e+04
3.658000000000000000e+04
3.663700000000000000e+04
3.666400000000000000e+04
3.666600000000000000e+04
3.672800000000000000e+04
3.675600000000000000e+04
3.681800000000000000e+04
3.684500000000000000e+04
3.693800000000000000e+04
3.699600000000000000e+04
3.700000000000000000e+04
3.722400000000000000e+04
3.732700000000000000e+04
3.735900000000000000e+04
3.738800000000000000e+04
3.743100000000000000e+04
3.743800000000000000e+04
3.749300000000000000e+04
3.770900000000000000e+04
3.779400000000000000e+04
3.787200000000000000e+04
3.790600000000000000e+04
3.792800000000000000e+04
3.820000000000000000e+04
3.822700000000000000e+04
3.825900000000000000e+04
3.827500000000000000e+04
3.830300000000000000e+04
3.837500000000000000e+04
3.839400000000000000e+04
3.845100000000000000e+04
3.845600000000000000e+04
3.859900000000000000e+04
3.863500000000000000e+04
3.865500000000000000e+04
3.866500000000000000e+04
3.867200000000000000e+04
3.883100000000000000e+04
3.884400000000000000e+04
3.895100000000000000e+04
3.899700000000000000e+04
3.903200000000000000e+04
3.907100000000000000e+04
3.914200000000000000e+04
3.915300000000000000e+04
3.916900000000000000e+04
3.929200000000000000e+04
3.930400000000000000e+04
3.931000000000000000e+04
3.931300000000000000e+04
3.936400000000000000e+04
3.936500000000000000e+04
3.936700000000000000e+04
3.940100000000000000e+04
3.946400000000000000e+04
3.967000000000000000e+04
3.967700000000000000e+04
3.980100000000000000e+04
3.981100000000000000e+04
3.984500000000000000e+04
3.984600000000000000e+04
3.995100000000000000e+04
3.995900000000000000e+04
3.998200000000000000e+04
4.002600000000000000e+04
4.005600000000000000e+04
4.006700000000000000e+04
4.012800000000000000e+04
4.014300000000000000e+04
4.024500000000000000e+04
4.032300000000000000e+04
4.039200000000000000e+04
4.048400000000000000e+04
4.048500000000000000e+04
4.049600000000000000e+04
4.049700000000000000e+04
4.055300000000000000e+04
4.055500000000000000e+04
4.055600000000000000e+04
4.068200000000000000e+04
4.071300000000000000e+04
4.073200000000000000e+04
4.073900000000000000e+04
4.078200000000000000e+04
4.081100000000000000e+04
4.081500000000000000e+04
4.096600000000000000e+04
4.097400000000000000e+04
4.100100000000000000e+04
4.102800000000000000e+04
4.105600000000000000e+04
4.106000000000000000e+04
4.109200000000000000e+04
4.113100000000000000e+04
4.117200000000000000e+04
4.117300000000000000e+04
4.118600000000000000e+04
4.127500000000000000e+04
4.130000000000000000e+04
4.137100000000000000e+04
4.152700000000000000e+04
4.158400000000000000e+04
4.165200000000000000e+04
4.174100000000000000e+04
4.178300000000000000e+04
4.178600000000000000e+04
4.181500000000000000e+04
4.183300000000000000e+04
4.184400000000000000e+04
4.191300000000000000e+04
4.194500000000000000e+04
4.213000000000000000e+04
4.222100000000000000e+04
4.233800000000000000e+04
4.233900000000000000e+04
4.256200000000000000e+04
4.256300000000000000e+04
4.265400000000000000e+04
4.268000000000000000e+04
4.273800000000000000e+04
4.276900000000000000e+04
4.292200000000000000e+04
4.293300000000000000e+04
4.305900000000000000e+04
4.313600000000000000e+04
4.314900000000000000e+04
4.320600000000000000e+04
4.323600000000000000e+04
4.325800000000000000e+04
4.329300000000000000e+04
4.372400000000000000e+04
4.415900000000000000e+04
4.429200000000000000e+04
4.431800000000000000e+04
4.448600000000000000e+04
4.448800000000000000e+04
4.455200000000000000e+04
4.456400000000000000e+04
4.458800000000000000e+04
4.488600000000000000e+04
4.500100000000000000e+04
4.509300000000000000e+04
4.519200000000000000e+04
4.520500000000000000e+04
4.521800000000000000e+04
4.529400000000000000e+04
4.540600000000000000e+04
4.544600000000000000e+04
4.560100000000000000e+04
4.560200000000000000e+04
4.563900000000000000e+04
4.568200000000000000e+04
4.572800000000000000e+04
4.578800000000000000e+04
4.587400000000000000e+04
4.597900000000000000e+04
4.602500000000000000e+04
4.610700000000000000e+04
4.625400000000000000e+04
4.632200000000000000e+04
4.635900000000000000e+04
4.637200000000000000e+04
4.641800000000000000e+04
4.646600000000000000e+04
4.652400000000000000e+04
4.654200000000000000e+04
4.661200000000000000e+04
4.671800000000000000e+04
4.674100000000000000e+04
4.674200000000000000e+04
4.678200000000000000e+04
4.686300000000000000e+04
4.687000000000000000e+04
4.689400000000000000e+04
4.694900000000000000e+04
4.705000000000000000e+04
4.706500000000000000e+04
4.712800000000000000e+04
4.714700000000000000e+04
4.722000000000000000e+04
4.769600000000000000e+04
4.776900000000000000e+04
4.780700000000000000e+04
4.781200000000000000e+04
4.781600000000000000e+04
4.795700000000000000e+04
4.797900000000000000e+04
4.799900000000000000e+04
4.802700000000000000e+04
4.822700000000000000e+04
4.829100000000000000e+04
4.851100000000000000e+04
4.865000000000000000e+04
4.865800000000000000e+04
4.874600000000000000e+04
4.880200000000000000e+04
4.911400000000000000e+04
4.915500000000000000e+04
4.920800000000000000e+04
4.924300000000000000e+04
4.949700000000000000e+04
4.952400000000000000e+04
4.964200000000000000e+04
4.966700000000000000e+04
4.974700000000000000e+04
4.974800000000000000e+04
4.976400000000000000e+04
4.983800000000000000e+04
4.990000000000000000e+04
4.993700000000000000e+04
5.001200000000000000e+04
5.011200000000000000e+04
5.019900000000000000e+04
5.022400000000000000e+04
5.046100000000000000e+04
5.061600000000000000e+04
5.069700000000000000e+04
5.073600000000000000e+04
5.074100000000000000e+04
5.074700000000000000e+04
5.079200000000000000e+04
5.098700000000000000e+04
5.114100000000000000e+04
5.122600000000000000e+04
5.130500000000000000e+04
5.130600000000000000e+04
5.136700000000000000e+04
5.144100000000000000e+04
5.172700000000000000e+04
5.192300000000000000e+04
5.193900000000000000e+04
5.195700000000000000e+04
5.201900000000000000e+04
5.217100000000000000e+04
5.222100000000000000e+04
5.224000000000000000e+04
5.236200000000000000e+04
5.240600000000000000e+04
5.241000000000000000e+04
5.257400000000000000e+04
5.262300000000000000e+04
5.273800000000000000e+04
5.279500000000000000e+04
5.292300000000000000e+04
5.309200000000000000e+04
5.318500000000000000e+04
5.326300000000000000e+04
5.336600000000000000e+04
5.339700000000000000e+04
5.339800000000000000e+04
5.342500000000000000e+04
5.347600000000000000e+04
5.354100000000000000e+04
5.360900000000000000e+04
5.377000000000000000e+04
5.392300000000000000e+04
5.401100000000000000e+04
5.405200000000000000e+04
5.431300000000000000e+04
5.438900000000000000e+04
5.439100000000000000e+04
5.468900000000000000e+04
5.472100000000000000e+04
5.484100000000000000e+04
5.487500000000000000e+04
5.487800000000000000e+04
5.488100000000000000e+04
5.495600000000000000e+04
5.497000000000000000e+04
5.499800000000000000e+04
5.518000000000000000e+04
5.520400000000000000e+04
5.521500000000000000e+04
5.540300000000000000e+04
5.540400000000000000e+04
5.540700000000000000e+04
5.543900000000000000e+04
5.546100000000000000e+04
5.597200000000000000e+04
5.597600000000000000e+04
5.601800000000000000e+04
5.603700000000000000e+04
5.604000000000000000e+04
5.634000000000000000e+04
5.634600000000000000e+04
5.650500000000000000e+04
5.650700000000000000e+04
5.651500000000000000e+04
5.657200000000000000e+04
5.660700000000000000e+04
5.667500000000000000e+04
5.667800000000000000e+04
5.673600000000000000e+04
5.674600000000000000e+04
5.680100000000000000e+04
5.683300000000000000e+04
5.690900000000000000e+04
5.694500000000000000e+04
5.695500000000000000e+04
5.717700000000000000e+04
5.726200000000000000e+04
5.728600000000000000e+04
5.735300000000000000e+04
5.766300000000000000e+04
5.770300000000000000e+04
5.771500000000000000e+04
5.771800000000000000e+04
5.771900000000000000e+04
5.772800000000000000e+04
5.778200000000000000e+04
5.788500000000000000e+04
5.820100000000000000e+04
5.839500000000000000e+04
5.859700000000000000e+04
5.860300000000000000e+04
5.862200000000000000e+04
5.862900000000000000e+04
5.868500000000000000e+04
5.889500000000000000e+04
5.890100000000000000e+04
5.901700000000000000e+04
5.914400000000000000e+04
5.914800000000000000e+04
5.919600000000000000e+04
5.935100000000000000e+04
5.945500000000000000e+04
5.947300000000000000e+04
5.964400000000000000e+04
5.966200000000000000e+04
5.967100000000000000e+04
5.979400000000000000e+04
5.980300000000000000e+04
5.983200000000000000e+04
5.985500000000000000e+04
5.987000000000000000e+04
5.990000000000000000e+04
5.990100000000000000e+04
5.991200000000000000e+04
5.995200000000000000e+04
6.001500000000000000e+04
6.003500000000000000e+04
6.003700000000000000e+04
6.007700000000000000e+04
6.013800000000000000e+04
6.017700000000000000e+04
6.018600000000000000e+04
6.020500000000000000e+04
6.022400000000000000e+04
6.042600000000000000e+04
6.043100000000000000e+04
6.044900000000000000e+04
6.052300000000000000e+04
6.063500000000000000e+04
6.067000000000000000e+04
6.075200000000000000e+04
6.081800000000000000e+04
6.090300000000000000e+04
6.101600000000000000e+04
6.115500000000000000e+04
6.133800000000000000e+04
6.134900000000000000e+04
6.135200000000000000e+04
6.136400000000000000e+04
6.138500000000000000e+04
6.148800000000000000e+04
6.151500000000000000e+04
6.151700000000000000e+04
6.153000000000000000e+04
6.154700000000000000e+04
6.156000000000000000e+04
6.163300000000000000e+04
6.174200000000000000e+04
6.174500000000000000e+04
6.177100000000000000e+04
6.177400000000000000e+04
6.179800000000000000e+04
6.187900000000000000e+04
6.211500000000000000e+04
6.211600000000000000e+04
6.211800000000000000e+04
6.212300000000000000e+04
6.226800000000000000e+04
6.227900000000000000e+04
6.228300000000000000e+04
6.246400000000000000e+04
6.254500000000000000e+04
6.272900000000000000e+04
6.278500000000000000e+04
6.279700000000000000e+04
6.280200000000000000e+04
6.281000000000000000e+04
6.286800000000000000e+04
6.294600000000000000e+04
6.296300000000000000e+04
6.296900000000000000e+04
6.297900000000000000e+04
6.303400000000000000e+04
6.315000000000000000e+04
6.324800000000000000e+04
6.332100000000000000e+04
6.336600000000000000e+04
6.343200000000000000e+04
6.358200000000000000e+04
6.366700000000000000e+04
6.382900000000000000e+04
6.394800000000000000e+04
6.396300000000000000e+04
6.403600000000000000e+04
6.408700000000000000e+04
6.421000000000000000e+04
6.448100000000000000e+04
6.536500000000000000e+04
6.580100000000000000e+04
6.585900000000000000e+04
6.586800000000000000e+04
6.590300000000000000e+04
6.595200000000000000e+04
6.664000000000000000e+04
6.677300000000000000e+04
6.681300000000000000e+04
6.686200000000000000e+04
6.697000000000000000e+04
6.743000000000000000e+04
6.748800000000000000e+04
6.760000000000000000e+04
6.767500000000000000e+04
6.770200000000000000e+04
6.782900000000000000e+04
6.794600000000000000e+04
6.797400000000000000e+04
6.801900000000000000e+04
6.850000000000000000e+04
6.850600000000000000e+04
6.852700000000000000e+04
6.856200000000000000e+04
6.859600000000000000e+04
6.871100000000000000e+04
6.872500000000000000e+04
6.876600000000000000e+04
6.897100000000000000e+04
6.929900000000000000e+04
6.961300000000000000e+04
6.977900000000000000e+04
6.978800000000000000e+04
6.985300000000000000e+04
6.997000000000000000e+04
7.005200000000000000e+04
7.017600000000000000e+04
7.052300000000000000e+04
7.073600000000000000e+04
7.076900000000000000e+04
7.091200000000000000e+04
7.092400000000000000e+04
7.096700000000000000e+04
7.102700000000000000e+04
7.116500000000000000e+04
7.132000000000000000e+04
7.135200000000000000e+04
7.143400000000000000e+04
7.161800000000000000e+04
7.162400000000000000e+04
7.169000000000000000e+04
7.189900000000000000e+04
7.261300000000000000e+04
7.261500000000000000e+04
7.264600000000000000e+04
7.272500000000000000e+04
7.306000000000000000e+04
7.310900000000000000e+04
7.353100000000000000e+04
7.362600000000000000e+04
7.371700000000000000e+04
7.394100000000000000e+04
7.405100000000000000e+04
7.418400000000000000e+04
7.426900000000000000e+04
7.428500000000000000e+04
7.465500000000000000e+04
7.481500000000000000e+04
7.499000000000000000e+04
7.503900000000000000e+04
7.507800000000000000e+04
7.519900000000000000e+04
7.540600000000000000e+04
7.601800000000000000e+04
7.613500000000000000e+04
7.614100000000000000e+04
7.623400000000000000e+04
7.659300000000000000e+04
7.668800000000000000e+04
7.673400000000000000e+04
7.674600000000000000e+04
7.705700000000000000e+04
7.715300000000000000e+04
7.715600000000000000e+04
7.727800000000000000e+04
7.768000000000000000e+04
7.784800000000000000e+04
7.807000000000000000e+04
7.812100000000000000e+04
7.829300000000000000e+04
7.831700000000000000e+04
7.835700000000000000e+04
7.835800000000000000e+04
7.838600000000000000e+04
7.838800000000000000e+04
7.856200000000000000e+04
7.865800000000000000e+04
7.869200000000000000e+04
7.869800000000000000e+04
7.871100000000000000e+04
7.891600000000000000e+04
7.896400000000000000e+04
7.908800000000000000e+04
7.910400000000000000e+04
7.916000000000000000e+04
7.952000000000000000e+04
7.984900000000000000e+04
7.991400000000000000e+04
8.026300000000000000e+04
8.044900000000000000e+04
8.045000000000000000e+04
8.099900000000000000e+04
8.107700000000000000e+04
8.125300000000000000e+04
8.166600000000000000e+04
8.194200000000000000e+04
8.198000000000000000e+04
8.208800000000000000e+04
8.209600000000000000e+04
8.217500000000000000e+04
8.237100000000000000e+04
8.251100000000000000e+04
8.256500000000000000e+04
8.289700000000000000e+04
8.296100000000000000e+04
8.299400000000000000e+04
8.301000000000000000e+04
8.324200000000000000e+04
8.330300000000000000e+04
8.333000000000000000e+04
8.345200000000000000e+04
8.348200000000000000e+04
8.355800000000000000e+04
8.356000000000000000e+04
8.363300000000000000e+04
8.378600000000000000e+04
8.403000000000000000e+04
8.423200000000000000e+04
8.434900000000000000e+04
8.445300000000000000e+04
8.458800000000000000e+04
8.467200000000000000e+04
8.468000000000000000e+04
8.483500000000000000e+04
8.488200000000000000e+04
8.506000000000000000e+04
8.517200000000000000e+04
8.531400000000000000e+04
8.531800000000000000e+04
8.548800000000000000e+04
8.589600000000000000e+04
8.618900000000000000e+04
8.627600000000000000e+04
8.634000000000000000e+04
8.635300000000000000e+04
8.643300000000000000e+04
8.658200000000000000e+04
8.658800000000000000e+04
8.684600000000000000e+04
8.684700000000000000e+04
8.699000000000000000e+04
8.705200000000000000e+04
