2.850000000000000000e+02
3.390000000000000000e+02
3.500000000000000000e+02
3.970000000000000000e+02
5.170000000000000000e+02
7.050000000000000000e+02
7.060000000000000000e+02
7.440000000000000000e+02
8.350000000000000000e+02
8.550000000000000000e+02
8.600000000000000000e+02
8.630000000000000000e+02
8.640000000000000000e+02
8.720000000000000000e+02
8.830000000000000000e+02
9.020000000000000000e+02
9.100000000000000000e+02
9.640000000000000000e+02
9.680000000000000000e+02
1.116000000000000000e+03
1.127000000000000000e+03
1.128000000000000000e+03
1.140000000000000000e+03
1.152000000000000000e+03
1.210000000000000000e+03
1.281000000000000000e+03
1.304000000000000000e+03
1.318000000000000000e+03
1.337000000000000000e+03
1.379000000000000000e+03
1.399000000000000000e+03
1.426000000000000000e+03
1.460000000000000000e+03
1.492000000000000000e+03
1.507000000000000000e+03
1.601000000000000000e+03
1.636000000000000000e+03
1.654000000000000000e+03
1.658000000000000000e+03
1.661000000000000000e+03
1.663000000000000000e+03
1.703000000000000000e+03
1.713000000000000000e+03
1.722000000000000000e+03
1.729000000000000000e+03
1.732000000000000000e+03
1.748000000000000000e+03
1.752000000000000000e+03
1.785000000000000000e+03
1.787000000000000000e+03
1.791000000000000000e+03
1.801000000000000000e+03
1.839000000000000000e+03
1.862000000000000000e+03
1.868000000000000000e+03
1.889000000000000000e+03
1.893000000000000000e+03
1.902000000000000000e+03
1.916000000000000000e+03
1.932000000000000000e+03
1.940000000000000000e+03
1.957000000000000000e+03
1.967000000000000000e+03
1.978000000000000000e+03
2.035000000000000000e+03
2.063000000000000000e+03
2.067000000000000000e+03
2.078000000000000000e+03
2.090000000000000000e+03
2.092000000000000000e+03
2.100000000000000000e+03
2.103000000000000000e+03
2.139000000000000000e+03
2.152000000000000000e+03
2.153000000000000000e+03
2.168000000000000000e+03
2.182000000000000000e+03
2.183000000000000000e+03
2.193000000000000000e+03
2.209000000000000000e+03
2.210000000000000000e+03
2.234000000000000000e+03
2.245000000000000000e+03
2.253000000000000000e+03
2.303000000000000000e+03
2.317000000000000000e+03
2.399000000000000000e+03
2.412000000000000000e+03
2.440000000000000000e+03
2.443000000000000000e+03
2.479000000000000000e+03
2.498000000000000000e+03
2.515000000000000000e+03
2.517000000000000000e+03
2.518000000000000000e+03
2.569000000000000000e+03
2.571000000000000000e+03
2.604000000000000000e+03
2.642000000000000000e+03
2.652000000000000000e+03
2.666000000000000000e+03
2.719000000000000000e+03
2.729000000000000000e+03
2.734000000000000000e+03
2.741000000000000000e+03
2.758000000000000000e+03
2.762000000000000000e+03
2.785000000000000000e+03
2.790000000000000000e+03
2.810000000000000000e+03
2.826000000000000000e+03
2.836000000000000000e+03
2.891000000000000000e+03
2.934000000000000000e+03
2.971000000000000000e+03
2.993000000000000000e+03
3.007000000000000000e+03
3.009000000000000000e+03
3.020000000000000000e+03
3.030000000000000000e+03
3.042000000000000000e+03
3.052000000000000000e+03
3.054000000000000000e+03
3.059000000000000000e+03
3.089000000000000000e+03
3.115000000000000000e+03
3.151000000000000000e+03
3.152000000000000000e+03
3.163000000000000000e+03
3.164000000000000000e+03
3.169000000000000000e+03
3.212000000000000000e+03
3.222000000000000000e+03
3.224000000000000000e+03
3.225000000000000000e+03
3.231000000000000000e+03
3.262000000000000000e+03
3.281000000000000000e+03
3.286000000000000000e+03
3.289000000000000000e+03
3.293000000000000000e+03
3.297000000000000000e+03
3.312000000000000000e+03
3.340000000000000000e+03
3.353000000000000000e+03
3.367000000000000000e+03
3.394000000000000000e+03
3.395000000000000000e+03
3.420000000000000000e+03
3.450000000000000000e+03
3.459000000000000000e+03
3.466000000000000000e+03
3.498000000000000000e+03
3.514000000000000000e+03
3.532000000000000000e+03
3.535000000000000000e+03
3.613000000000000000e+03
3.623000000000000000e+03
3.639000000000000000e+03
3.651000000000000000e+03
3.698000000000000000e+03
3.703000000000000000e+03
3.705000000000000000e+03
3.745000000000000000e+03
3.776000000000000000e+03
3.802000000000000000e+03
3.821000000000000000e+03
3.835000000000000000e+03
3.845000000000000000e+03
3.862000000000000000e+03
3.867000000000000000e+03
3.881000000000000000e+03
3.886000000000000000e+03
3.901000000000000000e+03
3.968000000000000000e+03
3.974000000000000000e+03
4.020000000000000000e+03
4.034000000000000000e+03
4.051000000000000000e+03
4.060000000000000000e+03
4.081000000000000000e+03
4.100000000000000000e+03
4.101000000000000000e+03
4.122000000000000000e+03
4.150000000000000000e+03
4.153000000000000000e+03
4.154000000000000000e+03
4.162000000000000000e+03
4.167000000000000000e+03
4.172000000000000000e+03
4.180000000000000000e+03
4.241000000000000000e+03
4.267000000000000000e+03
4.283000000000000000e+03
4.307000000000000000e+03
4.327000000000000000e+03
4.328000000000000000e+03
4.363000000000000000e+03
4.372000000000000000e+03
4.374000000000000000e+03
4.387000000000000000e+03
4.414000000000000000e+03
4.421000000000000000e+03
4.429000000000000000e+03
4.442000000000000000e+03
4.493000000000000000e+03
4.499000000000000000e+03
4.517000000000000000e+03
4.538000000000000000e+03
4.548000000000000000e+03
4.551000000000000000e+03
4.605000000000000000e+03
4.616000000000000000e+03
4.622000000000000000e+03
4.645000000000000000e+03
4.695000000000000000e+03
4.698000000000000000e+03
4.719000000000000000e+03
4.758000000000000000e+03
4.773000000000000000e+03
4.780000000000000000e+03
4.781000000000000000e+03
4.852000000000000000e+03
4.895000000000000000e+03
4.911000000000000000e+03
4.945000000000000000e+03
4.977000000000000000e+03
5.000000000000000000e+03
5.009000000000000000e+03
5.017000000000000000e+03
5.032000000000000000e+03
5.038000000000000000e+03
5.052000000000000000e+03
5.065000000000000000e+03
5.086000000000000000e+03
5.087000000000000000e+03
5.103000000000000000e+03
5.114000000000000000e+03
5.157000000000000000e+03
5.160000000000000000e+03
5.207000000000000000e+03
5.220000000000000000e+03
5.237000000000000000e+03
5.242000000000000000e+03
5.265000000000000000e+03
5.281000000000000000e+03
5.295000000000000000e+03
5.301000000000000000e+03
5.317000000000000000e+03
5.327000000000000000e+03
5.405000000000000000e+03
5.411000000000000000e+03
5.412000000000000000e+03
5.426000000000000000e+03
5.430000000000000000e+03
5.446000000000000000e+03
5.450000000000000000e+03
5.453000000000000000e+03
5.479000000000000000e+03
5.491000000000000000e+03
5.502000000000000000e+03
5.505000000000000000e+03
5.555000000000000000e+03
5.586000000000000000e+03
5.593000000000000000e+03
5.604000000000000000e+03
5.620000000000000000e+03
5.640000000000000000e+03
5.715000000000000000e+03
5.756000000000000000e+03
5.771000000000000000e+03
5.792000000000000000e+03
5.795000000000000000e+03
5.797000000000000000e+03
5.827000000000000000e+03
5.843000000000000000e+03
5.862000000000000000e+03
5.878000000000000000e+03
5.891000000000000000e+03
5.898000000000000000e+03
5.900000000000000000e+03
5.927000000000000000e+03
5.965000000000000000e+03
5.969000000000000000e+03
5.970000000000000000e+03
5.997000000000000000e+03
6.004000000000000000e+03
6.007000000000000000e+03
6.017000000000000000e+03
6.033000000000000000e+03
6.040000000000000000e+03
6.043000000000000000e+03
6.068000000000000000e+03
6.085000000000000000e+03
6.118000000000000000e+03
6.169000000000000000e+03
6.204000000000000000e+03
6.209000000000000000e+03
6.210000000000000000e+03
6.297000000000000000e+03
6.307000000000000000e+03
6.310000000000000000e+03
6.316000000000000000e+03
6.330000000000000000e+03
6.366000000000000000e+03
6.387000000000000000e+03
6.427000000000000000e+03
6.428000000000000000e+03
6.435000000000000000e+03
6.446000000000000000e+03
6.448000000000000000e+03
6.463000000000000000e+03
6.469000000000000000e+03
6.470000000000000000e+03
6.485000000000000000e+03
6.499000000000000000e+03
6.503000000000000000e+03
6.531000000000000000e+03
6.593000000000000000e+03
6.643000000000000000e+03
6.706000000000000000e+03
6.708000000000000000e+03
6.717000000000000000e+03
6.733000000000000000e+03
6.736000000000000000e+03
6.774000000000000000e+03
6.819000000000000000e+03
6.835000000000000000e+03
6.917000000000000000e+03
6.924000000000000000e+03
6.935000000000000000e+03
6.936000000000000000e+03
6.943000000000000000e+03
6.946000000000000000e+03
6.951000000000000000e+03
6.980000000000000000e+03
7.017000000000000000e+03
7.021000000000000000e+03
7.026000000000000000e+03
7.031000000000000000e+03
7.037000000000000000e+03
7.110000000000000000e+03
7.133000000000000000e+03
7.169000000000000000e+03
7.185000000000000000e+03
7.196000000000000000e+03
7.202000000000000000e+03
7.230000000000000000e+03
7.237000000000000000e+03
7.271000000000000000e+03
7.274000000000000000e+03
7.276000000000000000e+03
7.279000000000000000e+03
7.292000000000000000e+03
7.297000000000000000e+03
7.298000000000000000e+03
7.312000000000000000e+03
7.315000000000000000e+03
7.332000000000000000e+03
7.425000000000000000e+03
7.428000000000000000e+03
7.440000000000000000e+03
7.470000000000000000e+03
7.474000000000000000e+03
7.505000000000000000e+03
7.617000000000000000e+03
7.623000000000000000e+03
7.626000000000000000e+03
7.637000000000000000e+03
7.712000000000000000e+03
7.718000000000000000e+03
7.732000000000000000e+03
7.759000000000000000e+03
7.768000000000000000e+03
7.818000000000000000e+03
7.867000000000000000e+03
7.872000000000000000e+03
7.889000000000000000e+03
7.900000000000000000e+03
7.910000000000000000e+03
7.988000000000000000e+03
8.046000000000000000e+03
8.095000000000000000e+03
8.101000000000000000e+03
8.102000000000000000e+03
8.159000000000000000e+03
8.163000000000000000e+03
8.170000000000000000e+03
8.197000000000000000e+03
8.230000000000000000e+03
8.275000000000000000e+03
8.282000000000000000e+03
8.297000000000000000e+03
8.298000000000000000e+03
8.354000000000000000e+03
8.648000000000000000e+03
8.680000000000000000e+03
8.685000000000000000e+03
8.709000000000000000e+03
8.787000000000000000e+03
8.804000000000000000e+03
8.917000000000000000e+03
8.928000000000000000e+03
9.137000000000000000e+03
9.141000000000000000e+03
9.173000000000000000e+03
9.192000000000000000e+03
9.195000000000000000e+03
9.229000000000000000e+03
9.270000000000000000e+03
9.316000000000000000e+03
9.324000000000000000e+03
9.326000000000000000e+03
9.370000000000000000e+03
9.372000000000000000e+03
9.383000000000000000e+03
9.390000000000000000e+03
9.399000000000000000e+03
9.435000000000000000e+03
9.508000000000000000e+03
9.515000000000000000e+03
9.541000000000000000e+03
9.544000000000000000e+03
9.590000000000000000e+03
9.603000000000000000e+03
9.607000000000000000e+03
9.609000000000000000e+03
9.610000000000000000e+03
9.612000000000000000e+03
9.613000000000000000e+03
9.616000000000000000e+03
9.625000000000000000e+03
9.645000000000000000e+03
9.652000000000000000e+03
9.653000000000000000e+03
9.721000000000000000e+03
9.733000000000000000e+03
9.750000000000000000e+03
9.765000000000000000e+03
9.767000000000000000e+03
9.777000000000000000e+03
9.780000000000000000e+03
9.782000000000000000e+03
9.791000000000000000e+03
9.792000000000000000e+03
9.797000000000000000e+03
9.815000000000000000e+03
9.826000000000000000e+03
9.832000000000000000e+03
9.837000000000000000e+03
9.849000000000000000e+03
9.959000000000000000e+03
1.001200000000000000e+04
1.005400000000000000e+04
1.006600000000000000e+04
1.011000000000000000e+04
1.013200000000000000e+04
1.013500000000000000e+04
1.013800000000000000e+04
1.014300000000000000e+04
1.016500000000000000e+04
1.018000000000000000e+04
1.018600000000000000e+04
1.018700000000000000e+04
1.021700000000000000e+04
1.022100000000000000e+04
1.023900000000000000e+04
1.024500000000000000e+04
1.024600000000000000e+04
1.024900000000000000e+04
1.025100000000000000e+04
1.025500000000000000e+04
1.028600000000000000e+04
1.030000000000000000e+04
1.030200000000000000e+04
1.031300000000000000e+04
1.032500000000000000e+04
1.034900000000000000e+04
1.036500000000000000e+04
1.042800000000000000e+04
1.043500000000000000e+04
1.045000000000000000e+04
1.045300000000000000e+04
1.045800000000000000e+04
1.051500000000000000e+04
1.053100000000000000e+04
1.054500000000000000e+04
1.054900000000000000e+04
1.055300000000000000e+04
1.069100000000000000e+04
1.076000000000000000e+04
1.076500000000000000e+04
1.076800000000000000e+04
1.077500000000000000e+04
1.077800000000000000e+04
1.077900000000000000e+04
1.078300000000000000e+04
1.078600000000000000e+04
1.082300000000000000e+04
1.085600000000000000e+04
1.088800000000000000e+04
1.089500000000000000e+04
1.090600000000000000e+04
1.091300000000000000e+04
1.092400000000000000e+04
1.094700000000000000e+04
1.101900000000000000e+04
1.104100000000000000e+04
1.104900000000000000e+04
1.105700000000000000e+04
1.105800000000000000e+04
1.105900000000000000e+04
1.112200000000000000e+04
1.113300000000000000e+04
1.113400000000000000e+04
1.113900000000000000e+04
1.114700000000000000e+04
1.122000000000000000e+04
1.122800000000000000e+04
1.123100000000000000e+04
1.125600000000000000e+04
1.127500000000000000e+04
1.128600000000000000e+04
1.129700000000000000e+04
1.133100000000000000e+04
1.133500000000000000e+04
1.141100000000000000e+04
1.141900000000000000e+04
1.143700000000000000e+04
1.147600000000000000e+04
1.153300000000000000e+04
1.153400000000000000e+04
1.159500000000000000e+04
1.161100000000000000e+04
1.164900000000000000e+04
1.168400000000000000e+04
1.176000000000000000e+04
1.180000000000000000e+04
1.185500000000000000e+04
1.187700000000000000e+04
1.189400000000000000e+04
1.189500000000000000e+04
1.193800000000000000e+04
1.194300000000000000e+04
1.195200000000000000e+04
1.201600000000000000e+04
1.212000000000000000e+04
1.213400000000000000e+04
1.213900000000000000e+04
1.216900000000000000e+04
1.217300000000000000e+04
1.219700000000000000e+04
1.220400000000000000e+04
1.220600000000000000e+04
1.221400000000000000e+04
1.221800000000000000e+04
1.231200000000000000e+04
1.234400000000000000e+04
1.237000000000000000e+04
1.237100000000000000e+04
1.246900000000000000e+04
1.266100000000000000e+04
1.266500000000000000e+04
1.266600000000000000e+04
1.272600000000000000e+04
1.273700000000000000e+04
1.277500000000000000e+04
1.279200000000000000e+04
1.281300000000000000e+04
1.284800000000000000e+04
1.286800000000000000e+04
1.290400000000000000e+04
1.290700000000000000e+04
1.295000000000000000e+04
1.296600000000000000e+04
1.297600000000000000e+04
1.298600000000000000e+04
1.299300000000000000e+04
1.300500000000000000e+04
1.301200000000000000e+04
1.307000000000000000e+04
1.316300000000000000e+04
1.329700000000000000e+04
1.341100000000000000e+04
1.369000000000000000e+04
1.380100000000000000e+04
1.391600000000000000e+04
1.396300000000000000e+04
1.398000000000000000e+04
1.398300000000000000e+04
1.398600000000000000e+04
1.398800000000000000e+04
1.399400000000000000e+04
1.401200000000000000e+04
1.412100000000000000e+04
1.414800000000000000e+04
1.416800000000000000e+04
1.420600000000000000e+04
1.425000000000000000e+04
1.430000000000000000e+04
1.430400000000000000e+04
1.431300000000000000e+04
1.433200000000000000e+04
1.441500000000000000e+04
1.442500000000000000e+04
1.445300000000000000e+04
1.447300000000000000e+04
1.449100000000000000e+04
1.453200000000000000e+04
1.453300000000000000e+04
1.454400000000000000e+04
1.454600000000000000e+04
1.457800000000000000e+04
1.460400000000000000e+04
1.460600000000000000e+04
1.464700000000000000e+04
1.468600000000000000e+04
1.469000000000000000e+04
1.470700000000000000e+04
1.477200000000000000e+04
1.480600000000000000e+04
1.484100000000000000e+04
1.484500000000000000e+04
1.485200000000000000e+04
1.487800000000000000e+04
1.489100000000000000e+04
1.490500000000000000e+04
1.492700000000000000e+04
1.494000000000000000e+04
1.494300000000000000e+04
1.495600000000000000e+04
1.495900000000000000e+04
1.498300000000000000e+04
1.509600000000000000e+04
1.509900000000000000e+04
1.511600000000000000e+04
1.512000000000000000e+04
1.519700000000000000e+04
1.519800000000000000e+04
1.536500000000000000e+04
1.537100000000000000e+04
1.539700000000000000e+04
1.539800000000000000e+04
1.541500000000000000e+04
1.545800000000000000e+04
1.546700000000000000e+04
1.548500000000000000e+04
1.549100000000000000e+04
1.549300000000000000e+04
1.549400000000000000e+04
1.550500000000000000e+04
1.550700000000000000e+04
1.552300000000000000e+04
1.553300000000000000e+04
1.555900000000000000e+04
1.557100000000000000e+04
1.558300000000000000e+04
1.561100000000000000e+04
1.565300000000000000e+04
1.572500000000000000e+04
1.572700000000000000e+04
1.573300000000000000e+04
1.573700000000000000e+04
1.577100000000000000e+04
1.577400000000000000e+04
1.588100000000000000e+04
1.595900000000000000e+04
1.596300000000000000e+04
1.597800000000000000e+04
1.599900000000000000e+04
1.600600000000000000e+04
1.608800000000000000e+04
1.612800000000000000e+04
1.612900000000000000e+04
1.619400000000000000e+04
1.623500000000000000e+04
1.624100000000000000e+04
1.629400000000000000e+04
1.635400000000000000e+04
1.637400000000000000e+04
1.638100000000000000e+04
1.639400000000000000e+04
1.641800000000000000e+04
1.647200000000000000e+04
1.649200000000000000e+04
1.653600000000000000e+04
1.656700000000000000e+04
1.658700000000000000e+04
1.662800000000000000e+04
1.663700000000000000e+04
1.667200000000000000e+04
1.670000000000000000e+04
1.673100000000000000e+04
1.674700000000000000e+04
1.685000000000000000e+04
1.688800000000000000e+04
1.702500000000000000e+04
1.707200000000000000e+04
1.707700000000000000e+04
1.710400000000000000e+04
1.710800000000000000e+04
1.715800000000000000e+04
1.718300000000000000e+04
1.719200000000000000e+04
1.720600000000000000e+04
1.723200000000000000e+04
1.729100000000000000e+04
1.735400000000000000e+04
1.745600000000000000e+04
1.747000000000000000e+04
1.772300000000000000e+04
1.772600000000000000e+04
1.776700000000000000e+04
1.777200000000000000e+04
1.781900000000000000e+04
1.785300000000000000e+04
1.785800000000000000e+04
1.790200000000000000e+04
1.791500000000000000e+04
1.794600000000000000e+04
1.796300000000000000e+04
1.807700000000000000e+04
1.809400000000000000e+04
1.816600000000000000e+04
1.818300000000000000e+04
1.821300000000000000e+04
1.825500000000000000e+04
1.826400000000000000e+04
1.826500000000000000e+04
1.831900000000000000e+04
1.835500000000000000e+04
1.836000000000000000e+04
1.836800000000000000e+04
1.838600000000000000e+04
1.845300000000000000e+04
1.852100000000000000e+04
1.852600000000000000e+04
1.856800000000000000e+04
1.857600000000000000e+04
1.859300000000000000e+04
1.859800000000000000e+04
1.863000000000000000e+04
1.870500000000000000e+04
1.870800000000000000e+04
1.871100000000000000e+04
1.875200000000000000e+04
1.881200000000000000e+04
1.881600000000000000e+04
1.892500000000000000e+04
1.892600000000000000e+04
1.892700000000000000e+04
1.910700000000000000e+04
1.911900000000000000e+04
1.912300000000000000e+04
1.923500000000000000e+04
1.930500000000000000e+04
1.932600000000000000e+04
1.932700000000000000e+04
1.939100000000000000e+04
1.939200000000000000e+04
1.939900000000000000e+04
1.943300000000000000e+04
1.947000000000000000e+04
1.950500000000000000e+04
1.954900000000000000e+04
1.955000000000000000e+04
1.959600000000000000e+04
1.960500000000000000e+04
1.962500000000000000e+04
1.964500000000000000e+04
1.966900000000000000e+04
1.975000000000000000e+04
1.976200000000000000e+04
1.976600000000000000e+04
1.986100000000000000e+04
1.987100000000000000e+04
1.991700000000000000e+04
1.992500000000000000e+04
2.000000000000000000e+04
2.003200000000000000e+04
2.010600000000000000e+04
2.010800000000000000e+04
2.012700000000000000e+04
2.019800000000000000e+04
2.020700000000000000e+04
2.022400000000000000e+04
2.026600000000000000e+04
2.027600000000000000e+04
2.027900000000000000e+04
2.030500000000000000e+04
2.031200000000000000e+04
2.033400000000000000e+04
2.036500000000000000e+04
2.051400000000000000e+04
2.060400000000000000e+04
2.065900000000000000e+04
2.066000000000000000e+04
2.066400000000000000e+04
2.075300000000000000e+04
2.081100000000000000e+04
2.089600000000000000e+04
2.094700000000000000e+04
2.099400000000000000e+04
2.103100000000000000e+04
2.104600000000000000e+04
2.104900000000000000e+04
2.111800000000000000e+04
2.115300000000000000e+04
2.116400000000000000e+04
2.117000000000000000e+04
2.117900000000000000e+04
2.120200000000000000e+04
2.132100000000000000e+04
2.132500000000000000e+04
2.133900000000000000e+04
2.148200000000000000e+04
2.149100000000000000e+04
2.149300000000000000e+04
2.150800000000000000e+04
2.151800000000000000e+04
2.153000000000000000e+04
2.153600000000000000e+04
2.156300000000000000e+04
2.161100000000000000e+04
2.161600000000000000e+04
2.162700000000000000e+04
2.166900000000000000e+04
2.171200000000000000e+04
2.171700000000000000e+04
2.172400000000000000e+04
2.173000000000000000e+04
2.173100000000000000e+04
2.174100000000000000e+04
2.177300000000000000e+04
2.179000000000000000e+04
2.183400000000000000e+04
2.184700000000000000e+04
2.185600000000000000e+04
2.186100000000000000e+04
2.186500000000000000e+04
2.187600000000000000e+04
2.191200000000000000e+04
2.192100000000000000e+04
2.199000000000000000e+04
2.201900000000000000e+04
2.206700000000000000e+04
2.211300000000000000e+04
2.212200000000000000e+04
2.215100000000000000e+04
2.216000000000000000e+04
2.220300000000000000e+04
2.222300000000000000e+04
2.225000000000000000e+04
2.231200000000000000e+04
2.238200000000000000e+04
2.239000000000000000e+04
2.242500000000000000e+04
2.242900000000000000e+04
2.244100000000000000e+04
2.244200000000000000e+04
2.245200000000000000e+04
2.245900000000000000e+04
2.247800000000000000e+04
2.254400000000000000e+04
2.256700000000000000e+04
2.259700000000000000e+04
2.260300000000000000e+04
2.260700000000000000e+04
2.264000000000000000e+04
2.264200000000000000e+04
2.273400000000000000e+04
2.278300000000000000e+04
2.281200000000000000e+04
2.281900000000000000e+04
2.285300000000000000e+04
2.285400000000000000e+04
2.285700000000000000e+04
2.287200000000000000e+04
2.289600000000000000e+04
2.289700000000000000e+04
2.290100000000000000e+04
2.292100000000000000e+04
2.297700000000000000e+04
2.303400000000000000e+04
2.306000000000000000e+04
2.308000000000000000e+04
2.312700000000000000e+04
2.354100000000000000e+04
2.359600000000000000e+04
2.365400000000000000e+04
2.368400000000000000e+04
2.375000000000000000e+04
2.389900000000000000e+04
2.398100000000000000e+04
2.411300000000000000e+04
2.427300000000000000e+04
2.428300000000000000e+04
2.435000000000000000e+04
2.440600000000000000e+04
2.444200000000000000e+04
2.446900000000000000e+04
2.447000000000000000e+04
2.448800000000000000e+04
2.448900000000000000e+04
2.461500000000000000e+04
2.464800000000000000e+04
2.475400000000000000e+04
2.476900000000000000e+04
2.482300000000000000e+04
2.482400000000000000e+04
2.486500000000000000e+04
2.494400000000000000e+04
2.500900000000000000e+04
2.514000000000000000e+04
2.515000000000000000e+04
2.515100000000000000e+04
2.523600000000000000e+04
2.525900000000000000e+04
2.528700000000000000e+04
2.533100000000000000e+04
2.540600000000000000e+04
2.541600000000000000e+04
2.546500000000000000e+04
2.546600000000000000e+04
2.546700000000000000e+04
2.548900000000000000e+04
2.551900000000000000e+04
2.555200000000000000e+04
2.555500000000000000e+04
2.562900000000000000e+04
2.567300000000000000e+04
2.568100000000000000e+04
2.575800000000000000e+04
2.577100000000000000e+04
2.604700000000000000e+04
2.610600000000000000e+04
2.612600000000000000e+04
2.622100000000000000e+04
2.634400000000000000e+04
2.635800000000000000e+04
2.638200000000000000e+04
2.639600000000000000e+04
2.640600000000000000e+04
2.641900000000000000e+04
2.642500000000000000e+04
2.647100000000000000e+04
2.647200000000000000e+04
2.647400000000000000e+04
2.655500000000000000e+04
2.667200000000000000e+04
2.672600000000000000e+04
2.673900000000000000e+04
2.675500000000000000e+04
2.677100000000000000e+04
2.680200000000000000e+04
2.692200000000000000e+04
2.719500000000000000e+04
2.719600000000000000e+04
2.719700000000000000e+04
2.719800000000000000e+04
2.720100000000000000e+04
2.721600000000000000e+04
2.725600000000000000e+04
2.725700000000000000e+04
2.727400000000000000e+04
2.727500000000000000e+04
2.736500000000000000e+04
2.754800000000000000e+04
2.768000000000000000e+04
2.768800000000000000e+04
2.768900000000000000e+04
2.771000000000000000e+04
2.771300000000000000e+04
2.771400000000000000e+04
2.774200000000000000e+04
2.776700000000000000e+04
2.784000000000000000e+04
2.784800000000000000e+04
2.788900000000000000e+04
2.792500000000000000e+04
2.795200000000000000e+04
2.808800000000000000e+04
2.811600000000000000e+04
2.812900000000000000e+04
2.816500000000000000e+04
2.818800000000000000e+04
2.827100000000000000e+04
2.837600000000000000e+04
2.845200000000000000e+04
2.852700000000000000e+04
2.853600000000000000e+04
2.854500000000000000e+04
2.854600000000000000e+04
2.854800000000000000e+04
2.887300000000000000e+04
2.892400000000000000e+04
2.899300000000000000e+04
2.902500000000000000e+04
2.903800000000000000e+04
2.904400000000000000e+04
2.918500000000000000e+04
2.918900000000000000e+04
2.924700000000000000e+04
2.924900000000000000e+04
2.931100000000000000e+04
2.932800000000000000e+04
2.949100000000000000e+04
2.949300000000000000e+04
2.958000000000000000e+04
2.991900000000000000e+04
2.993500000000000000e+04
2.994400000000000000e+04
3.005200000000000000e+04
3.046600000000000000e+04
3.059300000000000000e+04
3.099700000000000000e+04
3.103400000000000000e+04
3.121500000000000000e+04
3.136100000000000000e+04
3.150400000000000000e+04
3.151600000000000000e+04
3.154800000000000000e+04
3.158800000000000000e+04
3.161400000000000000e+04
3.164400000000000000e+04
3.171100000000000000e+04
3.171300000000000000e+04
3.172000000000000000e+04
3.172200000000000000e+04
3.175100000000000000e+04
3.198900000000000000e+04
3.207100000000000000e+04
3.207900000000000000e+04
3.212300000000000000e+04
3.213200000000000000e+04
3.217600000000000000e+04
3.222400000000000000e+04
3.225400000000000000e+04
3.227100000000000000e+04
3.227600000000000000e+04
3.227700000000000000e+04
3.228000000000000000e+04
3.232200000000000000e+04
3.236600000000000000e+04
3.242500000000000000e+04
3.262200000000000000e+04
3.263700000000000000e+04
3.266800000000000000e+04
3.268900000000000000e+04
3.269200000000000000e+04
3.270700000000000000e+04
3.272600000000000000e+04
3.273600000000000000e+04
3.273700000000000000e+04
3.306400000000000000e+04
3.311400000000000000e+04
3.316800000000000000e+04
3.331000000000000000e+04
3.332600000000000000e+04
3.332900000000000000e+04
3.342600000000000000e+04
3.344200000000000000e+04
3.346100000000000000e+04
3.352900000000000000e+04
3.358100000000000000e+04
3.359900000000000000e+04
3.360400000000000000e+04
3.361700000000000000e+04
3.371000000000000000e+04
3.378900000000000000e+04
3.398100000000000000e+04
3.407600000000000000e+04
3.407800000000000000e+04
3.410100000000000000e+04
3.419500000000000000e+04
3.439800000000000000e+04
3.457400000000000000e+04
3.466100000000000000e+04
3.468000000000000000e+04
3.473100000000000000e+04
3.478300000000000000e+04
3.497600000000000000e+04
3.501300000000000000e+04
3.504000000000000000e+04
3.510900000000000000e+04
3.511600000000000000e+04
3.526100000000000000e+04
3.533300000000000000e+04
3.549900000000000000e+04
3.550800000000000000e+04
3.552000000000000000e+04
3.559500000000000000e+04
3.562000000000000000e+04
3.567900000000000000e+04
3.568300000000000000e+04
3.569100000000000000e+04
3.569500000000000000e+04
3.570000000000000000e+04
3.570100000000000000e+04
3.570500000000000000e+04
3.571900000000000000e+04
3.574800000000000000e+04
3.576600000000000000e+04
3.577300000000000000e+04
3.578100000000000000e+04
3.578500000000000000e+04
3.581900000000000000e+04
3.582000000000000000e+04
3.582800000000000000e+04
3.586700000000000000e+04
3.602500000000000000e+04
3.605500000000000000e+04
3.606600000000000000e+04
3.606800000000000000e+04
3.606900000000000000e+04
3.607100000000000000e+04
3.609900000000000000e+04
3.610500000000000000e+04
3.614800000000000000e+04
3.629000000000000000e+04
3.631000000000000000e+04
3.656200000000000000e+04
3.657300000000000000e+04
3.664400000000000000e+04
3.666200000000000000e+04
3.668100000000000000e+04
3.690900000000000000e+04
3.695500000000000000e+04
3.697000000000000000e+04
3.704000000000000000e+04
3.706800000000000000e+04
3.727300000000000000e+04
3.729600000000000000e+04
3.730600000000000000e+04
3.732300000000000000e+04
3.738100000000000000e+04
3.739500000000000000e+04
3.786000000000000000e+04
3.789600000000000000e+04
3.789700000000000000e+04
3.802800000000000000e+04
3.813600000000000000e+04
3.816800000000000000e+04
3.816900000000000000e+04
3.833400000000000000e+04
3.840100000000000000e+04
3.887500000000000000e+04
3.891300000000000000e+04
3.898200000000000000e+04
3.898800000000000000e+04
3.899100000000000000e+04
3.900900000000000000e+04
3.903100000000000000e+04
3.903600000000000000e+04
3.916600000000000000e+04
3.920900000000000000e+04
3.921600000000000000e+04
3.922000000000000000e+04
3.924100000000000000e+04
3.924200000000000000e+04
3.924300000000000000e+04
3.928800000000000000e+04
3.928900000000000000e+04
3.943000000000000000e+04
3.944100000000000000e+04
3.946200000000000000e+04
3.966000000000000000e+04
3.969000000000000000e+04
3.990400000000000000e+04
3.995400000000000000e+04
3.998000000000000000e+04
4.023900000000000000e+04
4.049500000000000000e+04
4.066100000000000000e+04
4.076600000000000000e+04
4.077000000000000000e+04
4.077200000000000000e+04
4.080300000000000000e+04
4.107200000000000000e+04
4.114400000000000000e+04
4.116500000000000000e+04
4.126500000000000000e+04
4.126700000000000000e+04
4.128300000000000000e+04
4.139000000000000000e+04
4.181700000000000000e+04
4.209400000000000000e+04
4.213600000000000000e+04
4.220600000000000000e+04
4.232700000000000000e+04
4.239400000000000000e+04
4.240500000000000000e+04
4.244500000000000000e+04
4.254400000000000000e+04
4.258300000000000000e+04
4.258800000000000000e+04
4.262800000000000000e+04
4.270300000000000000e+04
4.276800000000000000e+04
4.283300000000000000e+04
4.299500000000000000e+04
4.300500000000000000e+04
4.302300000000000000e+04
4.303700000000000000e+04
4.306000000000000000e+04
4.321900000000000000e+04
4.323000000000000000e+04
4.334300000000000000e+04
4.344700000000000000e+04
4.345900000000000000e+04
4.349200000000000000e+04
4.352800000000000000e+04
4.355400000000000000e+04
4.358800000000000000e+04
4.360900000000000000e+04
4.367200000000000000e+04
4.372200000000000000e+04
4.373000000000000000e+04
4.382400000000000000e+04
4.395000000000000000e+04
4.405100000000000000e+04
4.405900000000000000e+04
4.406000000000000000e+04
4.406800000000000000e+04
4.407700000000000000e+04
4.411500000000000000e+04
4.421400000000000000e+04
4.459700000000000000e+04
4.486900000000000000e+04
4.492600000000000000e+04
4.523500000000000000e+04
4.530400000000000000e+04
4.543000000000000000e+04
4.557000000000000000e+04
4.557400000000000000e+04
4.570700000000000000e+04
4.576100000000000000e+04
4.593100000000000000e+04
4.595500000000000000e+04
4.597000000000000000e+04
4.599000000000000000e+04
4.599800000000000000e+04
4.599900000000000000e+04
4.602000000000000000e+04
4.602600000000000000e+04
4.603800000000000000e+04
4.604000000000000000e+04
4.604200000000000000e+04
4.604700000000000000e+04
4.606900000000000000e+04
4.609700000000000000e+04
4.611900000000000000e+04
4.614300000000000000e+04
4.614900000000000000e+04
4.625200000000000000e+04
4.650300000000000000e+04
4.666400000000000000e+04
4.679700000000000000e+04
4.682400000000000000e+04
4.684300000000000000e+04
4.687200000000000000e+04
4.690900000000000000e+04
4.691400000000000000e+04
4.695800000000000000e+04
4.717500000000000000e+04
4.723000000000000000e+04
4.726900000000000000e+04
4.735400000000000000e+04
4.743800000000000000e+04
4.760800000000000000e+04
4.761800000000000000e+04
4.772300000000000000e+04
4.772700000000000000e+04
4.773200000000000000e+04
4.781800000000000000e+04
4.782200000000000000e+04
4.795000000000000000e+04
4.798300000000000000e+04
4.800800000000000000e+04
4.806100000000000000e+04
4.820800000000000000e+04
4.832500000000000000e+04
4.837900000000000000e+04
4.855400000000000000e+04
4.862700000000000000e+04
4.866500000000000000e+04
4.868400000000000000e+04
4.877100000000000000e+04
4.879400000000000000e+04
4.880800000000000000e+04
4.882100000000000000e+04
4.883800000000000000e+04
4.884700000000000000e+04
4.887000000000000000e+04
4.887200000000000000e+04
4.888300000000000000e+04
4.891800000000000000e+04
4.898000000000000000e+04
4.898500000000000000e+04
4.907600000000000000e+04
4.921500000000000000e+04
4.930000000000000000e+04
4.930800000000000000e+04
4.930900000000000000e+04
4.931000000000000000e+04
4.941100000000000000e+04
4.943900000000000000e+04
4.949200000000000000e+04
4.949900000000000000e+04
4.954600000000000000e+04
4.959100000000000000e+04
4.972700000000000000e+04
4.976300000000000000e+04
4.977400000000000000e+04
4.979500000000000000e+04
4.982300000000000000e+04
4.982400000000000000e+04
4.993900000000000000e+04
4.995100000000000000e+04
5.002700000000000000e+04
5.004600000000000000e+04
5.016000000000000000e+04
5.017400000000000000e+04
5.020900000000000000e+04
5.021200000000000000e+04
5.024200000000000000e+04
5.024300000000000000e+04
5.024600000000000000e+04
5.027100000000000000e+04
5.031300000000000000e+04
5.031400000000000000e+04
5.050200000000000000e+04
5.054700000000000000e+04
5.062500000000000000e+04
5.066700000000000000e+04
5.069900000000000000e+04
5.076700000000000000e+04
5.077200000000000000e+04
5.079300000000000000e+04
5.082100000000000000e+04
5.086500000000000000e+04
5.087700000000000000e+04
5.091500000000000000e+04
5.091700000000000000e+04
5.093500000000000000e+04
5.097100000000000000e+04
5.111700000000000000e+04
5.112100000000000000e+04
5.114400000000000000e+04
5.125300000000000000e+04
5.126700000000000000e+04
5.131000000000000000e+04
5.159900000000000000e+04
5.174300000000000000e+04
5.202700000000000000e+04
5.223200000000000000e+04
5.243200000000000000e+04
5.246100000000000000e+04
5.277100000000000000e+04
5.280200000000000000e+04
5.319300000000000000e+04
5.333100000000000000e+04
5.338000000000000000e+04
5.343700000000000000e+04
5.353500000000000000e+04
5.404600000000000000e+04
5.433400000000000000e+04
5.466300000000000000e+04
5.481300000000000000e+04
5.505100000000000000e+04
5.524300000000000000e+04
5.636100000000000000e+04
5.636200000000000000e+04
5.656800000000000000e+04
5.665100000000000000e+04
5.700300000000000000e+04
5.708300000000000000e+04
5.730200000000000000e+04
5.795900000000000000e+04
5.851300000000000000e+04
5.851800000000000000e+04
5.873500000000000000e+04
5.890200000000000000e+04
5.902100000000000000e+04
5.904100000000000000e+04
5.913800000000000000e+04
5.939900000000000000e+04
5.953000000000000000e+04
5.981100000000000000e+04
6.008500000000000000e+04
6.053700000000000000e+04
6.103000000000000000e+04
6.120000000000000000e+04
6.143000000000000000e+04
6.155400000000000000e+04
6.157700000000000000e+04
6.173000000000000000e+04
6.195100000000000000e+04
6.241400000000000000e+04
6.246600000000000000e+04
6.275900000000000000e+04
6.277100000000000000e+04
6.280600000000000000e+04
6.280700000000000000e+04
6.281400000000000000e+04
6.296700000000000000e+04
6.309400000000000000e+04
6.310200000000000000e+04
6.312100000000000000e+04
6.312900000000000000e+04
6.328800000000000000e+04
6.344000000000000000e+04
6.346800000000000000e+04
6.347500000000000000e+04
6.349300000000000000e+04
6.377800000000000000e+04
6.379400000000000000e+04
6.384600000000000000e+04
6.387500000000000000e+04
6.391000000000000000e+04
6.399000000000000000e+04
6.412800000000000000e+04
6.413700000000000000e+04
6.434300000000000000e+04
6.434600000000000000e+04
6.444500000000000000e+04
6.460900000000000000e+04
6.468700000000000000e+04
6.469600000000000000e+04
6.474100000000000000e+04
6.475100000000000000e+04
6.483000000000000000e+04
6.483200000000000000e+04
6.500300000000000000e+04
6.511600000000000000e+04
6.513800000000000000e+04
6.522700000000000000e+04
6.526900000000000000e+04
6.532200000000000000e+04
6.549500000000000000e+04
6.571700000000000000e+04
6.579700000000000000e+04
6.630300000000000000e+04
6.633300000000000000e+04
6.634100000000000000e+04
6.636300000000000000e+04
6.636400000000000000e+04
6.646300000000000000e+04
6.656700000000000000e+04
6.661700000000000000e+04
6.668200000000000000e+04
6.672600000000000000e+04
6.707700000000000000e+04
6.722800000000000000e+04
6.731100000000000000e+04
6.735100000000000000e+04
6.739300000000000000e+04
6.739900000000000000e+04
6.754400000000000000e+04
6.757300000000000000e+04
6.762600000000000000e+04
6.765100000000000000e+04
6.766300000000000000e+04
6.768000000000000000e+04
6.769100000000000000e+04
6.790000000000000000e+04
6.821800000000000000e+04
6.836200000000000000e+04
6.839800000000000000e+04
6.841200000000000000e+04
6.842100000000000000e+04
6.842200000000000000e+04
6.844000000000000000e+04
6.851800000000000000e+04
6.862700000000000000e+04
6.864600000000000000e+04
6.884600000000000000e+04
6.894000000000000000e+04
6.900800000000000000e+04
6.903700000000000000e+04
6.922500000000000000e+04
6.927800000000000000e+04
6.928500000000000000e+04
6.934800000000000000e+04
6.948200000000000000e+04
6.951600000000000000e+04
6.954300000000000000e+04
6.956700000000000000e+04
6.957300000000000000e+04
6.963600000000000000e+04
6.964200000000000000e+04
6.976400000000000000e+04
6.982000000000000000e+04
6.988800000000000000e+04
6.994000000000000000e+04
6.996600000000000000e+04
6.998600000000000000e+04
7.002300000000000000e+04
7.019600000000000000e+04
7.030900000000000000e+04
7.041700000000000000e+04
7.044000000000000000e+04
7.047800000000000000e+04
7.049900000000000000e+04
7.060200000000000000e+04
7.062300000000000000e+04
7.064600000000000000e+04
7.078500000000000000e+04
7.130100000000000000e+04
7.138200000000000000e+04
7.164700000000000000e+04
7.170500000000000000e+04
7.172000000000000000e+04
7.175100000000000000e+04
7.187200000000000000e+04
7.191800000000000000e+04
7.193600000000000000e+04
7.195700000000000000e+04
7.208900000000000000e+04
7.209800000000000000e+04
7.212100000000000000e+04
7.213700000000000000e+04
7.218400000000000000e+04
7.242800000000000000e+04
7.270100000000000000e+04
7.290400000000000000e+04
7.293800000000000000e+04
7.296100000000000000e+04
7.299500000000000000e+04
7.301300000000000000e+04
7.308600000000000000e+04
7.337500000000000000e+04
7.351700000000000000e+04
7.356900000000000000e+04
7.359100000000000000e+04
7.362700000000000000e+04
7.364400000000000000e+04
7.365300000000000000e+04
7.376800000000000000e+04
7.376900000000000000e+04
7.379000000000000000e+04
7.381600000000000000e+04
7.386300000000000000e+04
7.386800000000000000e+04
7.388100000000000000e+04
7.390100000000000000e+04
7.392900000000000000e+04
7.411400000000000000e+04
7.419600000000000000e+04
7.419800000000000000e+04
7.437100000000000000e+04
7.446200000000000000e+04
7.446900000000000000e+04
7.454100000000000000e+04
7.456000000000000000e+04
7.471200000000000000e+04
7.486500000000000000e+04
7.486600000000000000e+04
7.487900000000000000e+04
7.489700000000000000e+04
7.491400000000000000e+04
7.492500000000000000e+04
7.492900000000000000e+04
7.494100000000000000e+04
7.496600000000000000e+04
7.497700000000000000e+04
7.498400000000000000e+04
7.505700000000000000e+04
7.515000000000000000e+04
7.515300000000000000e+04
7.517700000000000000e+04
7.529700000000000000e+04
7.529900000000000000e+04
7.542900000000000000e+04
7.550700000000000000e+04
7.552500000000000000e+04
7.553000000000000000e+04
7.559300000000000000e+04
7.560700000000000000e+04
7.565600000000000000e+04
7.569700000000000000e+04
7.570200000000000000e+04
7.570400000000000000e+04
7.612700000000000000e+04
7.614900000000000000e+04
7.637300000000000000e+04
7.658800000000000000e+04
7.704000000000000000e+04
7.706400000000000000e+04
7.715200000000000000e+04
7.716200000000000000e+04
7.719700000000000000e+04
7.723200000000000000e+04
7.739400000000000000e+04
7.743100000000000000e+04
7.769200000000000000e+04
7.773400000000000000e+04
7.785900000000000000e+04
7.787900000000000000e+04
7.792900000000000000e+04
7.810100000000000000e+04
7.814100000000000000e+04
7.825100000000000000e+04
7.827100000000000000e+04
7.827200000000000000e+04
7.832700000000000000e+04
7.836900000000000000e+04
7.844700000000000000e+04
7.845800000000000000e+04
7.862500000000000000e+04
7.868100000000000000e+04
7.871600000000000000e+04
7.871900000000000000e+04
7.872700000000000000e+04
7.884700000000000000e+04
7.888300000000000000e+04
7.888600000000000000e+04
7.890900000000000000e+04
7.893700000000000000e+04
7.906200000000000000e+04
7.908300000000000000e+04
7.909200000000000000e+04
7.910000000000000000e+04
7.917400000000000000e+04
7.918400000000000000e+04
7.928300000000000000e+04
7.938700000000000000e+04
7.942100000000000000e+04
8.020300000000000000e+04
8.040600000000000000e+04
8.040800000000000000e+04
8.053100000000000000e+04
8.071000000000000000e+04
8.071100000000000000e+04
8.080600000000000000e+04
8.109500000000000000e+04
8.116400000000000000e+04
8.116800000000000000e+04
8.165800000000000000e+04
8.175300000000000000e+04
8.178500000000000000e+04
8.196400000000000000e+04
8.206200000000000000e+04
8.216800000000000000e+04
8.218000000000000000e+04
8.238200000000000000e+04
8.238400000000000000e+04
8.242500000000000000e+04
8.250600000000000000e+04
8.251000000000000000e+04
8.258700000000000000e+04
8.260500000000000000e+04
8.260700000000000000e+04
8.270700000000000000e+04
8.274900000000000000e+04
8.287000000000000000e+04
8.287800000000000000e+04
8.290600000000000000e+04
8.293700000000000000e+04
8.298200000000000000e+04
8.302700000000000000e+04
8.311600000000000000e+04
8.312100000000000000e+04
8.318800000000000000e+04
8.349600000000000000e+04
8.350500000000000000e+04
8.353200000000000000e+04
8.367200000000000000e+04
8.372100000000000000e+04
8.380900000000000000e+04
8.383200000000000000e+04
8.383800000000000000e+04
8.385200000000000000e+04
8.394300000000000000e+04
8.400600000000000000e+04
8.403300000000000000e+04
8.412200000000000000e+04
8.438600000000000000e+04
8.453700000000000000e+04
8.470600000000000000e+04
8.471500000000000000e+04
8.472600000000000000e+04
8.479600000000000000e+04
8.498600000000000000e+04
8.502700000000000000e+04
8.516700000000000000e+04
8.520600000000000000e+04
8.523900000000000000e+04
8.531700000000000000e+04
8.552100000000000000e+04
8.561100000000000000e+04
8.561200000000000000e+04
8.575100000000000000e+04
8.581300000000000000e+04
8.588500000000000000e+04
8.604400000000000000e+04
8.617900000000000000e+04
8.623500000000000000e+04
8.635700000000000000e+04
8.636200000000000000e+04
8.638700000000000000e+04
8.640800000000000000e+04
8.660300000000000000e+04
8.670600000000000000e+04
8.679500000000000000e+04
8.686200000000000000e+04
8.688700000000000000e+04
8.691900000000000000e+04
8.692500000000000000e+04
8.696100000000000000e+04
8.698200000000000000e+04
8.698300000000000000e+04
8.704300000000000000e+04
8.706600000000000000e+04
