2.631000000000000000e+03
3.071000000000000000e+03
3.086000000000000000e+03
3.181000000000000000e+03
3.230000000000000000e+03
4.136000000000000000e+03
4.155000000000000000e+03
4.273000000000000000e+03
4.575000000000000000e+03
4.618000000000000000e+03
4.626000000000000000e+03
5.261000000000000000e+03
5.302000000000000000e+03
5.438000000000000000e+03
5.581000000000000000e+03
5.601000000000000000e+03
6.060000000000000000e+03
6.088000000000000000e+03
6.269000000000000000e+03
6.270000000000000000e+03
6.274000000000000000e+03
6.484000000000000000e+03
6.545000000000000000e+03
6.626000000000000000e+03
6.694000000000000000e+03
7.005000000000000000e+03
7.056000000000000000e+03
7.834000000000000000e+03
7.838000000000000000e+03
7.857000000000000000e+03
8.115000000000000000e+03
8.410000000000000000e+03
8.754000000000000000e+03
8.821000000000000000e+03
8.945000000000000000e+03
9.152000000000000000e+03
9.297000000000000000e+03
9.382000000000000000e+03
9.449000000000000000e+03
9.534000000000000000e+03
9.626000000000000000e+03
9.706000000000000000e+03
9.929000000000000000e+03
1.005500000000000000e+04
1.020000000000000000e+04
1.028100000000000000e+04
1.033200000000000000e+04
1.046100000000000000e+04
1.057400000000000000e+04
1.083500000000000000e+04
1.085000000000000000e+04
1.086400000000000000e+04
1.099500000000000000e+04
1.138400000000000000e+04
1.208000000000000000e+04
1.231500000000000000e+04
1.233600000000000000e+04
1.234200000000000000e+04
1.246500000000000000e+04
1.254400000000000000e+04
1.262200000000000000e+04
1.262500000000000000e+04
1.296100000000000000e+04
1.301300000000000000e+04
1.313400000000000000e+04
1.319100000000000000e+04
1.327400000000000000e+04
1.327800000000000000e+04
1.343000000000000000e+04
1.347300000000000000e+04
1.349500000000000000e+04
1.349700000000000000e+04
1.354600000000000000e+04
1.358100000000000000e+04
1.364800000000000000e+04
1.367400000000000000e+04
1.388000000000000000e+04
1.434200000000000000e+04
1.439600000000000000e+04
1.461500000000000000e+04
1.468000000000000000e+04
1.468400000000000000e+04
1.514300000000000000e+04
1.544300000000000000e+04
1.573400000000000000e+04
1.588500000000000000e+04
1.601600000000000000e+04
1.607700000000000000e+04
1.610500000000000000e+04
1.620900000000000000e+04
1.626500000000000000e+04
1.627600000000000000e+04
1.628300000000000000e+04
1.629100000000000000e+04
1.631100000000000000e+04
1.634400000000000000e+04
1.639500000000000000e+04
1.655700000000000000e+04
1.658400000000000000e+04
1.661200000000000000e+04
1.674800000000000000e+04
1.703200000000000000e+04
1.708700000000000000e+04
1.711400000000000000e+04
1.734400000000000000e+04
1.741500000000000000e+04
1.747500000000000000e+04
1.748400000000000000e+04
1.780200000000000000e+04
1.809000000000000000e+04
1.810900000000000000e+04
1.811600000000000000e+04
1.812500000000000000e+04
1.815100000000000000e+04
1.820700000000000000e+04
1.824900000000000000e+04
1.854300000000000000e+04
1.862300000000000000e+04
1.862700000000000000e+04
1.866100000000000000e+04
1.879800000000000000e+04
1.889600000000000000e+04
1.890600000000000000e+04
1.894000000000000000e+04
1.895800000000000000e+04
1.896800000000000000e+04
1.901300000000000000e+04
1.901800000000000000e+04
1.905500000000000000e+04
1.917700000000000000e+04
1.942700000000000000e+04
1.954000000000000000e+04
1.956300000000000000e+04
1.965500000000000000e+04
1.965900000000000000e+04
1.966200000000000000e+04
1.966400000000000000e+04
1.967400000000000000e+04
1.987500000000000000e+04
1.989500000000000000e+04
1.989600000000000000e+04
1.989700000000000000e+04
1.989800000000000000e+04
1.990000000000000000e+04
1.990900000000000000e+04
1.991600000000000000e+04
1.992100000000000000e+04
2.002100000000000000e+04
2.017400000000000000e+04
2.022200000000000000e+04
2.025300000000000000e+04
2.025500000000000000e+04
2.026300000000000000e+04
2.028700000000000000e+04
2.042700000000000000e+04
2.043500000000000000e+04
2.050400000000000000e+04
2.059300000000000000e+04
2.064000000000000000e+04
2.067600000000000000e+04
2.067800000000000000e+04
2.070900000000000000e+04
2.078200000000000000e+04
2.080000000000000000e+04
2.082300000000000000e+04
2.083100000000000000e+04
2.084800000000000000e+04
2.086500000000000000e+04
2.087300000000000000e+04
2.097100000000000000e+04
2.100200000000000000e+04
2.100900000000000000e+04
2.125600000000000000e+04
2.147900000000000000e+04
2.154800000000000000e+04
2.163000000000000000e+04
2.171900000000000000e+04
2.182000000000000000e+04
2.215900000000000000e+04
2.221400000000000000e+04
2.240300000000000000e+04
2.257300000000000000e+04
2.273600000000000000e+04
2.316200000000000000e+04
2.319300000000000000e+04
2.339700000000000000e+04
2.346400000000000000e+04
2.347800000000000000e+04
2.349400000000000000e+04
2.364400000000000000e+04
2.366500000000000000e+04
2.366800000000000000e+04
2.366900000000000000e+04
2.371500000000000000e+04
2.394400000000000000e+04
2.394600000000000000e+04
2.394700000000000000e+04
2.396100000000000000e+04
2.396900000000000000e+04
2.397300000000000000e+04
2.398900000000000000e+04
2.410300000000000000e+04
2.410700000000000000e+04
2.411500000000000000e+04
2.412200000000000000e+04
2.413900000000000000e+04
2.417000000000000000e+04
2.419500000000000000e+04
2.424100000000000000e+04
2.425800000000000000e+04
2.429200000000000000e+04
2.443000000000000000e+04
2.445400000000000000e+04
2.451700000000000000e+04
2.457800000000000000e+04
2.461000000000000000e+04
2.463600000000000000e+04
2.481100000000000000e+04
2.484200000000000000e+04
2.491000000000000000e+04
2.491700000000000000e+04
2.497400000000000000e+04
2.499400000000000000e+04
2.499600000000000000e+04
2.499700000000000000e+04
2.500300000000000000e+04
2.502500000000000000e+04
2.502600000000000000e+04
2.502700000000000000e+04
2.502900000000000000e+04
2.503000000000000000e+04
2.505400000000000000e+04
2.505600000000000000e+04
2.506000000000000000e+04
2.506100000000000000e+04
2.506300000000000000e+04
2.510500000000000000e+04
2.513100000000000000e+04
2.516000000000000000e+04
2.516300000000000000e+04
2.516400000000000000e+04
2.518800000000000000e+04
2.521300000000000000e+04
2.524200000000000000e+04
2.527000000000000000e+04
2.534900000000000000e+04
2.539700000000000000e+04
2.541100000000000000e+04
2.550100000000000000e+04
2.561000000000000000e+04
2.569200000000000000e+04
2.585700000000000000e+04
2.588600000000000000e+04
2.595000000000000000e+04
2.598500000000000000e+04
2.600300000000000000e+04
2.602200000000000000e+04
2.619500000000000000e+04
2.667400000000000000e+04
2.667500000000000000e+04
2.673200000000000000e+04
2.674100000000000000e+04
2.676800000000000000e+04
2.678900000000000000e+04
2.679700000000000000e+04
2.682700000000000000e+04
2.683700000000000000e+04
2.683800000000000000e+04
2.683900000000000000e+04
2.684000000000000000e+04
2.685300000000000000e+04
2.687200000000000000e+04
2.694000000000000000e+04
2.699900000000000000e+04
2.727300000000000000e+04
2.732500000000000000e+04
2.732600000000000000e+04
2.732900000000000000e+04
2.733100000000000000e+04
2.733600000000000000e+04
2.734300000000000000e+04
2.740200000000000000e+04
2.759000000000000000e+04
2.764000000000000000e+04
2.782700000000000000e+04
2.792600000000000000e+04
2.793100000000000000e+04
2.826700000000000000e+04
2.833000000000000000e+04
2.838400000000000000e+04
2.838700000000000000e+04
2.843300000000000000e+04
2.858400000000000000e+04
2.866000000000000000e+04
2.870200000000000000e+04
2.881900000000000000e+04
2.883300000000000000e+04
2.884800000000000000e+04
2.892600000000000000e+04
2.895300000000000000e+04
2.895600000000000000e+04
2.907700000000000000e+04
2.909800000000000000e+04
2.920700000000000000e+04
2.932300000000000000e+04
2.946900000000000000e+04
2.957500000000000000e+04
2.981700000000000000e+04
2.982300000000000000e+04
2.982400000000000000e+04
2.983200000000000000e+04
2.987100000000000000e+04
2.991700000000000000e+04
2.996900000000000000e+04
3.012100000000000000e+04
3.019200000000000000e+04
3.020300000000000000e+04
3.023600000000000000e+04
3.031200000000000000e+04
3.037600000000000000e+04
3.039800000000000000e+04
3.039900000000000000e+04
3.040000000000000000e+04
3.040200000000000000e+04
3.045100000000000000e+04
3.045500000000000000e+04
3.058100000000000000e+04
3.059700000000000000e+04
3.060600000000000000e+04
3.061800000000000000e+04
3.064600000000000000e+04
3.069700000000000000e+04
3.084600000000000000e+04
3.086300000000000000e+04
3.087500000000000000e+04
3.088400000000000000e+04
3.088500000000000000e+04
3.090700000000000000e+04
3.096500000000000000e+04
3.099900000000000000e+04
3.102400000000000000e+04
3.102800000000000000e+04
3.106100000000000000e+04
3.109000000000000000e+04
3.111800000000000000e+04
3.114700000000000000e+04
3.118300000000000000e+04
3.127400000000000000e+04
3.127900000000000000e+04
3.133300000000000000e+04
3.136900000000000000e+04
3.137800000000000000e+04
3.138300000000000000e+04
3.158900000000000000e+04
3.159000000000000000e+04
3.164000000000000000e+04
3.167700000000000000e+04
3.173700000000000000e+04
3.187400000000000000e+04
3.192200000000000000e+04
3.196400000000000000e+04
3.197400000000000000e+04
3.203200000000000000e+04
3.221700000000000000e+04
3.232000000000000000e+04
3.233600000000000000e+04
3.233900000000000000e+04
3.239100000000000000e+04
3.244200000000000000e+04
3.249100000000000000e+04
3.259100000000000000e+04
3.263100000000000000e+04
3.271300000000000000e+04
3.275400000000000000e+04
3.285700000000000000e+04
3.288100000000000000e+04
3.288200000000000000e+04
3.295500000000000000e+04
3.313700000000000000e+04
3.316200000000000000e+04
3.318500000000000000e+04
3.326900000000000000e+04
3.333600000000000000e+04
3.343800000000000000e+04
3.344600000000000000e+04
3.354900000000000000e+04
3.355900000000000000e+04
3.361900000000000000e+04
3.364700000000000000e+04
3.370300000000000000e+04
3.371500000000000000e+04
3.381200000000000000e+04
3.388100000000000000e+04
3.391900000000000000e+04
3.395100000000000000e+04
3.404600000000000000e+04
3.411700000000000000e+04
3.418800000000000000e+04
3.420500000000000000e+04
3.420800000000000000e+04
3.421900000000000000e+04
3.448100000000000000e+04
3.456700000000000000e+04
3.458100000000000000e+04
3.465400000000000000e+04
3.470600000000000000e+04
3.477100000000000000e+04
3.477500000000000000e+04
3.477600000000000000e+04
3.482600000000000000e+04
3.486200000000000000e+04
3.487600000000000000e+04
3.488000000000000000e+04
3.493200000000000000e+04
3.495800000000000000e+04
3.500700000000000000e+04
3.505200000000000000e+04
3.520800000000000000e+04
3.527200000000000000e+04
3.533000000000000000e+04
3.538800000000000000e+04
3.543000000000000000e+04
3.544200000000000000e+04
3.546100000000000000e+04
3.546200000000000000e+04
3.546300000000000000e+04
3.557500000000000000e+04
3.561100000000000000e+04
3.561200000000000000e+04
3.561500000000000000e+04
3.561800000000000000e+04
3.562700000000000000e+04
3.565000000000000000e+04
3.566800000000000000e+04
3.566900000000000000e+04
3.579800000000000000e+04
3.588100000000000000e+04
3.588400000000000000e+04
3.590500000000000000e+04
3.590900000000000000e+04
3.599800000000000000e+04
3.606400000000000000e+04
3.607900000000000000e+04
3.608400000000000000e+04
3.618500000000000000e+04
3.623400000000000000e+04
3.625200000000000000e+04
3.625900000000000000e+04
3.628000000000000000e+04
3.660800000000000000e+04
3.662600000000000000e+04
3.663500000000000000e+04
3.664000000000000000e+04
3.664200000000000000e+04
3.670800000000000000e+04
3.675100000000000000e+04
3.679400000000000000e+04
3.686700000000000000e+04
3.695200000000000000e+04
3.699200000000000000e+04
3.703300000000000000e+04
3.705900000000000000e+04
3.706000000000000000e+04
3.708200000000000000e+04
3.724300000000000000e+04
3.724700000000000000e+04
3.753300000000000000e+04
3.755300000000000000e+04
3.757400000000000000e+04
3.757900000000000000e+04
3.759100000000000000e+04
3.767400000000000000e+04
3.769100000000000000e+04
3.774700000000000000e+04
3.777400000000000000e+04
3.802600000000000000e+04
3.802700000000000000e+04
3.812200000000000000e+04
3.813200000000000000e+04
3.815800000000000000e+04
3.816500000000000000e+04
3.825500000000000000e+04
3.829400000000000000e+04
3.832500000000000000e+04
3.840800000000000000e+04
3.846800000000000000e+04
3.849600000000000000e+04
3.853400000000000000e+04
3.855400000000000000e+04
3.856700000000000000e+04
3.856800000000000000e+04
3.860400000000000000e+04
3.873900000000000000e+04
3.881500000000000000e+04
3.886900000000000000e+04
3.888100000000000000e+04
3.899800000000000000e+04
3.903000000000000000e+04
3.907900000000000000e+04
3.910600000000000000e+04
3.912200000000000000e+04
3.914800000000000000e+04
3.916400000000000000e+04
3.918000000000000000e+04
3.927700000000000000e+04
3.929400000000000000e+04
3.934300000000000000e+04
3.948400000000000000e+04
3.950800000000000000e+04
3.959800000000000000e+04
3.967500000000000000e+04
3.972200000000000000e+04
3.976300000000000000e+04
3.980400000000000000e+04
3.985900000000000000e+04
3.987000000000000000e+04
3.987300000000000000e+04
3.991600000000000000e+04
3.996900000000000000e+04
3.997100000000000000e+04
3.998900000000000000e+04
4.001000000000000000e+04
4.017700000000000000e+04
4.017800000000000000e+04
4.017900000000000000e+04
4.041600000000000000e+04
4.045800000000000000e+04
4.064300000000000000e+04
4.066500000000000000e+04
4.068900000000000000e+04
4.069300000000000000e+04
4.069400000000000000e+04
4.069600000000000000e+04
4.071200000000000000e+04
4.073300000000000000e+04
4.090000000000000000e+04
4.090600000000000000e+04
4.090900000000000000e+04
4.097100000000000000e+04
4.097800000000000000e+04
4.105400000000000000e+04
4.127300000000000000e+04
4.135300000000000000e+04
4.136600000000000000e+04
4.151700000000000000e+04
4.162300000000000000e+04
4.163200000000000000e+04
4.166900000000000000e+04
4.167700000000000000e+04
4.171700000000000000e+04
4.190700000000000000e+04
4.192500000000000000e+04
4.204500000000000000e+04
4.207500000000000000e+04
4.209100000000000000e+04
4.217500000000000000e+04
4.266700000000000000e+04
4.270600000000000000e+04
4.274900000000000000e+04
4.281300000000000000e+04
4.289300000000000000e+04
4.293100000000000000e+04
4.302800000000000000e+04
4.304000000000000000e+04
4.306300000000000000e+04
4.309700000000000000e+04
4.329700000000000000e+04
4.357100000000000000e+04
4.359800000000000000e+04
4.367400000000000000e+04
4.367900000000000000e+04
4.376400000000000000e+04
4.383300000000000000e+04
4.384000000000000000e+04
4.388900000000000000e+04
4.397100000000000000e+04
4.398900000000000000e+04
4.410200000000000000e+04
4.429500000000000000e+04
4.429800000000000000e+04
4.432100000000000000e+04
4.440200000000000000e+04
4.460900000000000000e+04
4.468800000000000000e+04
4.480100000000000000e+04
4.482800000000000000e+04
4.484300000000000000e+04
4.494600000000000000e+04
4.495000000000000000e+04
4.498700000000000000e+04
4.504100000000000000e+04
4.504900000000000000e+04
4.513500000000000000e+04
4.513700000000000000e+04
4.513800000000000000e+04
4.516000000000000000e+04
4.520900000000000000e+04
4.522800000000000000e+04
4.523000000000000000e+04
4.523100000000000000e+04
4.525600000000000000e+04
4.528900000000000000e+04
4.547800000000000000e+04
4.548000000000000000e+04
4.553500000000000000e+04
4.556800000000000000e+04
4.558400000000000000e+04
4.565300000000000000e+04
4.565500000000000000e+04
4.566200000000000000e+04
4.581100000000000000e+04
4.616300000000000000e+04
4.624500000000000000e+04
4.638900000000000000e+04
4.647900000000000000e+04
4.653900000000000000e+04
4.656500000000000000e+04
4.660600000000000000e+04
4.661400000000000000e+04
4.665000000000000000e+04
4.683500000000000000e+04
4.698300000000000000e+04
4.709800000000000000e+04
4.724600000000000000e+04
4.725300000000000000e+04
4.725800000000000000e+04
4.733600000000000000e+04
4.736200000000000000e+04
4.743100000000000000e+04
4.744200000000000000e+04
4.745200000000000000e+04
4.750700000000000000e+04
4.760600000000000000e+04
4.765800000000000000e+04
4.792900000000000000e+04
4.795600000000000000e+04
4.802300000000000000e+04
4.812200000000000000e+04
4.818600000000000000e+04
4.835700000000000000e+04
4.856400000000000000e+04
4.862800000000000000e+04
4.876000000000000000e+04
4.888100000000000000e+04
4.888500000000000000e+04
4.898200000000000000e+04
4.899400000000000000e+04
4.906400000000000000e+04
4.909100000000000000e+04
4.918300000000000000e+04
4.921600000000000000e+04
4.929600000000000000e+04
4.980100000000000000e+04
4.985600000000000000e+04
5.031600000000000000e+04
5.034500000000000000e+04
5.047300000000000000e+04
5.061500000000000000e+04
5.073300000000000000e+04
5.076600000000000000e+04
5.104900000000000000e+04
5.112000000000000000e+04
5.112800000000000000e+04
5.119100000000000000e+04
5.127900000000000000e+04
5.128400000000000000e+04
5.136400000000000000e+04
5.146000000000000000e+04
5.150900000000000000e+04
5.179100000000000000e+04
5.193100000000000000e+04
5.200400000000000000e+04
5.201800000000000000e+04
5.202500000000000000e+04
5.203300000000000000e+04
5.204100000000000000e+04
5.206300000000000000e+04
5.214600000000000000e+04
5.214700000000000000e+04
5.217600000000000000e+04
5.218000000000000000e+04
5.222800000000000000e+04
5.224300000000000000e+04
5.227700000000000000e+04
5.228800000000000000e+04
5.231000000000000000e+04
5.231500000000000000e+04
5.232700000000000000e+04
5.236400000000000000e+04
5.242600000000000000e+04
5.249100000000000000e+04
5.265700000000000000e+04
5.266500000000000000e+04
5.267300000000000000e+04
5.276000000000000000e+04
5.278600000000000000e+04
5.285800000000000000e+04
5.296800000000000000e+04
5.299000000000000000e+04
5.307000000000000000e+04
5.307200000000000000e+04
5.309100000000000000e+04
5.309900000000000000e+04
5.312500000000000000e+04
5.338100000000000000e+04
5.339900000000000000e+04
5.340500000000000000e+04
5.340900000000000000e+04
5.351600000000000000e+04
5.353700000000000000e+04
5.357100000000000000e+04
5.361600000000000000e+04
5.361700000000000000e+04
5.361800000000000000e+04
5.382100000000000000e+04
5.382300000000000000e+04
5.386600000000000000e+04
5.391400000000000000e+04
5.393400000000000000e+04
5.394500000000000000e+04
5.395900000000000000e+04
5.401600000000000000e+04
5.401900000000000000e+04
5.407000000000000000e+04
5.407300000000000000e+04
5.409700000000000000e+04
5.411800000000000000e+04
5.423100000000000000e+04
5.443600000000000000e+04
5.443900000000000000e+04
5.472500000000000000e+04
5.492700000000000000e+04
5.514500000000000000e+04
5.523500000000000000e+04
5.529800000000000000e+04
5.530400000000000000e+04
5.533200000000000000e+04
5.533400000000000000e+04
5.542500000000000000e+04
5.543700000000000000e+04
5.545800000000000000e+04
5.547200000000000000e+04
5.551900000000000000e+04
5.554000000000000000e+04
5.556400000000000000e+04
5.558700000000000000e+04
5.574500000000000000e+04
5.579000000000000000e+04
5.584800000000000000e+04
5.593400000000000000e+04
5.594000000000000000e+04
5.595200000000000000e+04
5.599600000000000000e+04
5.610600000000000000e+04
5.615400000000000000e+04
5.618400000000000000e+04
5.625400000000000000e+04
5.628300000000000000e+04
5.633900000000000000e+04
5.643400000000000000e+04
5.643900000000000000e+04
5.662300000000000000e+04
5.662900000000000000e+04
5.671900000000000000e+04
5.672800000000000000e+04
5.675900000000000000e+04
5.679600000000000000e+04
5.683400000000000000e+04
5.684000000000000000e+04
5.686400000000000000e+04
5.688600000000000000e+04
5.688900000000000000e+04
5.706000000000000000e+04
5.724800000000000000e+04
5.733500000000000000e+04
5.738500000000000000e+04
5.738600000000000000e+04
5.742900000000000000e+04
5.744800000000000000e+04
5.748400000000000000e+04
5.752800000000000000e+04
5.754700000000000000e+04
5.756100000000000000e+04
5.764100000000000000e+04
5.768200000000000000e+04
5.773400000000000000e+04
5.774300000000000000e+04
5.775100000000000000e+04
5.777000000000000000e+04
5.788900000000000000e+04
5.792900000000000000e+04
5.795300000000000000e+04
5.795800000000000000e+04
5.796900000000000000e+04
5.808600000000000000e+04
5.817600000000000000e+04
5.821600000000000000e+04
5.826200000000000000e+04
5.828500000000000000e+04
5.828600000000000000e+04
5.829100000000000000e+04
5.834400000000000000e+04
5.840400000000000000e+04
5.841200000000000000e+04
5.845600000000000000e+04
5.850400000000000000e+04
5.859400000000000000e+04
5.865400000000000000e+04
5.874300000000000000e+04
5.884500000000000000e+04
5.886900000000000000e+04
5.893500000000000000e+04
5.893900000000000000e+04
5.894400000000000000e+04
5.895300000000000000e+04
5.901200000000000000e+04
5.908800000000000000e+04
5.910000000000000000e+04
5.914300000000000000e+04
5.922100000000000000e+04
5.922400000000000000e+04
5.922500000000000000e+04
5.930500000000000000e+04
5.930600000000000000e+04
5.930700000000000000e+04
5.933800000000000000e+04
5.942900000000000000e+04
5.945800000000000000e+04
5.946700000000000000e+04
5.946800000000000000e+04
5.955100000000000000e+04
5.956100000000000000e+04
5.968000000000000000e+04
5.969100000000000000e+04
5.987600000000000000e+04
5.989200000000000000e+04
6.004700000000000000e+04
6.008200000000000000e+04
6.011100000000000000e+04
6.012200000000000000e+04
6.018100000000000000e+04
6.027100000000000000e+04
6.030200000000000000e+04
6.039400000000000000e+04
6.045300000000000000e+04
6.046000000000000000e+04
6.051200000000000000e+04
6.057800000000000000e+04
6.070300000000000000e+04
6.071100000000000000e+04
6.073100000000000000e+04
6.100500000000000000e+04
6.110100000000000000e+04
6.122000000000000000e+04
6.124100000000000000e+04
6.125500000000000000e+04
6.125600000000000000e+04
6.125800000000000000e+04
6.126500000000000000e+04
6.128600000000000000e+04
6.134000000000000000e+04
6.134100000000000000e+04
6.139800000000000000e+04
6.148700000000000000e+04
6.151000000000000000e+04
6.151300000000000000e+04
6.157600000000000000e+04
6.164300000000000000e+04
6.167000000000000000e+04
6.169300000000000000e+04
6.176200000000000000e+04
6.178000000000000000e+04
6.178300000000000000e+04
6.178900000000000000e+04
6.183300000000000000e+04
6.183700000000000000e+04
6.214400000000000000e+04
6.221000000000000000e+04
6.222500000000000000e+04
6.236800000000000000e+04
6.238200000000000000e+04
6.241100000000000000e+04
6.249800000000000000e+04
6.250600000000000000e+04
6.251600000000000000e+04
6.262400000000000000e+04
6.268400000000000000e+04
6.270600000000000000e+04
6.274500000000000000e+04
6.275100000000000000e+04
6.336500000000000000e+04
6.346600000000000000e+04
6.379000000000000000e+04
6.392300000000000000e+04
6.393700000000000000e+04
6.403800000000000000e+04
6.435000000000000000e+04
6.442000000000000000e+04
6.444200000000000000e+04
6.448200000000000000e+04
6.453700000000000000e+04
6.455900000000000000e+04
6.466700000000000000e+04
6.472300000000000000e+04
6.493200000000000000e+04
6.516900000000000000e+04
6.546400000000000000e+04
6.548000000000000000e+04
6.548600000000000000e+04
6.597200000000000000e+04
6.598700000000000000e+04
6.619500000000000000e+04
6.649500000000000000e+04
6.652700000000000000e+04
6.665200000000000000e+04
6.677400000000000000e+04
6.687400000000000000e+04
6.695100000000000000e+04
6.695300000000000000e+04
6.695800000000000000e+04
6.698200000000000000e+04
6.722000000000000000e+04
6.725000000000000000e+04
6.727400000000000000e+04
6.733300000000000000e+04
6.744300000000000000e+04
6.757100000000000000e+04
6.757800000000000000e+04
6.766500000000000000e+04
6.769200000000000000e+04
6.776900000000000000e+04
6.788300000000000000e+04
6.789300000000000000e+04
6.799200000000000000e+04
6.800700000000000000e+04
6.802100000000000000e+04
6.802500000000000000e+04
6.804500000000000000e+04
6.824300000000000000e+04
6.842800000000000000e+04
6.873000000000000000e+04
6.882300000000000000e+04
6.893000000000000000e+04
6.913400000000000000e+04
6.922300000000000000e+04
6.940100000000000000e+04
6.960300000000000000e+04
6.965500000000000000e+04
6.980600000000000000e+04
6.997600000000000000e+04
7.017700000000000000e+04
7.023300000000000000e+04
7.023400000000000000e+04
7.026600000000000000e+04
7.044800000000000000e+04
7.047100000000000000e+04
7.047400000000000000e+04
7.065000000000000000e+04
7.072700000000000000e+04
7.104200000000000000e+04
7.105500000000000000e+04
7.106400000000000000e+04
7.111200000000000000e+04
7.111300000000000000e+04
7.112600000000000000e+04
7.115000000000000000e+04
7.118500000000000000e+04
7.142500000000000000e+04
7.161600000000000000e+04
7.163900000000000000e+04
7.173700000000000000e+04
7.173900000000000000e+04
7.175400000000000000e+04
7.176800000000000000e+04
7.194900000000000000e+04
7.217900000000000000e+04
7.226800000000000000e+04
7.238200000000000000e+04
7.248800000000000000e+04
7.255500000000000000e+04
7.268900000000000000e+04
7.272900000000000000e+04
7.280300000000000000e+04
7.283100000000000000e+04
7.294900000000000000e+04
7.299100000000000000e+04
7.302300000000000000e+04
7.308800000000000000e+04
7.327200000000000000e+04
7.328100000000000000e+04
7.329900000000000000e+04
7.354200000000000000e+04
7.361300000000000000e+04
7.391400000000000000e+04
7.399400000000000000e+04
7.402900000000000000e+04
7.409100000000000000e+04
7.436900000000000000e+04
7.444100000000000000e+04
7.451500000000000000e+04
7.466000000000000000e+04
7.467300000000000000e+04
7.476600000000000000e+04
7.492600000000000000e+04
7.495000000000000000e+04
7.499100000000000000e+04
7.517800000000000000e+04
7.525100000000000000e+04
7.574900000000000000e+04
7.591000000000000000e+04
7.593400000000000000e+04
7.611200000000000000e+04
7.619900000000000000e+04
7.620400000000000000e+04
7.630700000000000000e+04
7.631300000000000000e+04
7.631600000000000000e+04
7.631700000000000000e+04
7.639300000000000000e+04
7.641100000000000000e+04
7.641200000000000000e+04
7.649400000000000000e+04
7.650900000000000000e+04
7.663200000000000000e+04
7.668900000000000000e+04
7.672000000000000000e+04
7.677600000000000000e+04
7.681300000000000000e+04
7.683700000000000000e+04
7.684600000000000000e+04
7.685000000000000000e+04
7.685500000000000000e+04
7.691700000000000000e+04
7.698200000000000000e+04
7.699500000000000000e+04
7.699900000000000000e+04
7.721700000000000000e+04
7.723000000000000000e+04
7.742600000000000000e+04
7.760000000000000000e+04
7.777700000000000000e+04
7.808000000000000000e+04
7.836700000000000000e+04
7.873100000000000000e+04
7.913800000000000000e+04
7.921400000000000000e+04
7.921500000000000000e+04
7.922200000000000000e+04
7.936000000000000000e+04
7.938200000000000000e+04
7.941600000000000000e+04
7.944100000000000000e+04
7.960900000000000000e+04
7.961600000000000000e+04
8.014100000000000000e+04
8.019500000000000000e+04
8.042000000000000000e+04
8.058300000000000000e+04
8.076100000000000000e+04
8.088700000000000000e+04
8.098400000000000000e+04
8.105200000000000000e+04
8.109700000000000000e+04
8.113700000000000000e+04
8.128700000000000000e+04
8.150200000000000000e+04
8.163200000000000000e+04
8.171800000000000000e+04
8.172200000000000000e+04
8.173400000000000000e+04
8.200200000000000000e+04
8.209000000000000000e+04
8.209800000000000000e+04
8.225900000000000000e+04
8.228300000000000000e+04
8.246800000000000000e+04
8.249100000000000000e+04
8.263100000000000000e+04
8.266000000000000000e+04
8.266900000000000000e+04
8.282100000000000000e+04
8.295400000000000000e+04
8.297100000000000000e+04
8.304400000000000000e+04
8.304800000000000000e+04
8.312500000000000000e+04
8.317900000000000000e+04
8.355300000000000000e+04
8.409700000000000000e+04
8.441900000000000000e+04
8.443000000000000000e+04
8.445200000000000000e+04
8.457800000000000000e+04
8.501100000000000000e+04
8.532000000000000000e+04
8.567500000000000000e+04
8.569800000000000000e+04
8.585900000000000000e+04
8.593600000000000000e+04
8.607800000000000000e+04
8.612600000000000000e+04
8.646500000000000000e+04
8.658000000000000000e+04
8.659300000000000000e+04
8.662600000000000000e+04
8.664400000000000000e+04
8.676700000000000000e+04
8.680400000000000000e+04
8.690600000000000000e+04
8.696200000000000000e+04
8.701100000000000000e+04
8.706200000000000000e+04
8.707100000000000000e+04
8.709100000000000000e+04
8.709300000000000000e+04
8.716200000000000000e+04
