1.230000000000000000e+02
3.080000000000000000e+02
4.740000000000000000e+02
8.480000000000000000e+02
8.500000000000000000e+02
9.810000000000000000e+02
1.016000000000000000e+03
1.097000000000000000e+03
1.191000000000000000e+03
1.219000000000000000e+03
1.272000000000000000e+03
1.296000000000000000e+03
1.448000000000000000e+03
1.568000000000000000e+03
1.611000000000000000e+03
1.612000000000000000e+03
1.705000000000000000e+03
1.744000000000000000e+03
1.777000000000000000e+03
1.847000000000000000e+03
1.886000000000000000e+03
1.931000000000000000e+03
1.934000000000000000e+03
1.966000000000000000e+03
2.053000000000000000e+03
2.075000000000000000e+03
2.091000000000000000e+03
2.204000000000000000e+03
2.281000000000000000e+03
2.318000000000000000e+03
2.475000000000000000e+03
2.606000000000000000e+03
2.667000000000000000e+03
2.686000000000000000e+03
2.702000000000000000e+03
2.780000000000000000e+03
2.834000000000000000e+03
2.911000000000000000e+03
2.948000000000000000e+03
2.995000000000000000e+03
3.043000000000000000e+03
3.047000000000000000e+03
3.048000000000000000e+03
3.079000000000000000e+03
3.179000000000000000e+03
3.301000000000000000e+03
3.305000000000000000e+03
3.399000000000000000e+03
3.403000000000000000e+03
3.411000000000000000e+03
3.433000000000000000e+03
3.435000000000000000e+03
3.441000000000000000e+03
3.473000000000000000e+03
3.520000000000000000e+03
3.529000000000000000e+03
3.550000000000000000e+03
3.558000000000000000e+03
3.561000000000000000e+03
3.567000000000000000e+03
3.569000000000000000e+03
3.597000000000000000e+03
3.620000000000000000e+03
3.622000000000000000e+03
3.630000000000000000e+03
3.760000000000000000e+03
3.763000000000000000e+03
3.922000000000000000e+03
3.975000000000000000e+03
3.981000000000000000e+03
3.987000000000000000e+03
4.166000000000000000e+03
4.211000000000000000e+03
4.258000000000000000e+03
4.308000000000000000e+03
4.309000000000000000e+03
4.388000000000000000e+03
4.392000000000000000e+03
4.452000000000000000e+03
4.504000000000000000e+03
4.506000000000000000e+03
4.541000000000000000e+03
4.558000000000000000e+03
4.567000000000000000e+03
4.604000000000000000e+03
4.676000000000000000e+03
4.686000000000000000e+03
4.728000000000000000e+03
4.734000000000000000e+03
4.763000000000000000e+03
4.769000000000000000e+03
4.770000000000000000e+03
4.836000000000000000e+03
4.867000000000000000e+03
4.891000000000000000e+03
4.970000000000000000e+03
4.981000000000000000e+03
5.010000000000000000e+03
5.054000000000000000e+03
5.072000000000000000e+03
5.116000000000000000e+03
5.117000000000000000e+03
5.132000000000000000e+03
5.206000000000000000e+03
5.213000000000000000e+03
5.256000000000000000e+03
5.258000000000000000e+03
5.266000000000000000e+03
5.272000000000000000e+03
5.280000000000000000e+03
5.284000000000000000e+03
5.324000000000000000e+03
5.331000000000000000e+03
5.338000000000000000e+03
5.361000000000000000e+03
5.384000000000000000e+03
5.393000000000000000e+03
5.408000000000000000e+03
5.427000000000000000e+03
5.432000000000000000e+03
5.477000000000000000e+03
5.488000000000000000e+03
5.538000000000000000e+03
5.554000000000000000e+03
5.607000000000000000e+03
5.630000000000000000e+03
5.633000000000000000e+03
5.651000000000000000e+03
5.698000000000000000e+03
5.717000000000000000e+03
5.724000000000000000e+03
5.727000000000000000e+03
5.757000000000000000e+03
5.764000000000000000e+03
5.834000000000000000e+03
5.841000000000000000e+03
5.842000000000000000e+03
5.890000000000000000e+03
5.924000000000000000e+03
5.930000000000000000e+03
5.931000000000000000e+03
5.940000000000000000e+03
5.943000000000000000e+03
6.021000000000000000e+03
6.089000000000000000e+03
6.094000000000000000e+03
6.152000000000000000e+03
6.196000000000000000e+03
6.221000000000000000e+03
6.386000000000000000e+03
6.431000000000000000e+03
6.486000000000000000e+03
6.526000000000000000e+03
6.536000000000000000e+03
6.628000000000000000e+03
6.677000000000000000e+03
6.697000000000000000e+03
6.698000000000000000e+03
6.702000000000000000e+03
6.743000000000000000e+03
6.760000000000000000e+03
6.768000000000000000e+03
6.770000000000000000e+03
6.797000000000000000e+03
6.801000000000000000e+03
6.806000000000000000e+03
6.814000000000000000e+03
6.820000000000000000e+03
6.841000000000000000e+03
6.848000000000000000e+03
6.856000000000000000e+03
6.859000000000000000e+03
6.867000000000000000e+03
6.886000000000000000e+03
6.945000000000000000e+03
6.949000000000000000e+03
6.965000000000000000e+03
6.986000000000000000e+03
7.028000000000000000e+03
7.046000000000000000e+03
7.057000000000000000e+03
7.125000000000000000e+03
7.127000000000000000e+03
7.198000000000000000e+03
7.199000000000000000e+03
7.224000000000000000e+03
7.257000000000000000e+03
7.262000000000000000e+03
7.275000000000000000e+03
7.311000000000000000e+03
7.336000000000000000e+03
7.355000000000000000e+03
7.393000000000000000e+03
7.410000000000000000e+03
7.462000000000000000e+03
7.469000000000000000e+03
7.485000000000000000e+03
7.559000000000000000e+03
7.566000000000000000e+03
7.573000000000000000e+03
7.647000000000000000e+03
7.653000000000000000e+03
7.667000000000000000e+03
7.670000000000000000e+03
7.675000000000000000e+03
7.682000000000000000e+03
7.689000000000000000e+03
7.703000000000000000e+03
7.746000000000000000e+03
7.797000000000000000e+03
7.820000000000000000e+03
7.968000000000000000e+03
7.974000000000000000e+03
8.034000000000000000e+03
8.086000000000000000e+03
8.121000000000000000e+03
8.123000000000000000e+03
8.126000000000000000e+03
8.194000000000000000e+03
8.214000000000000000e+03
8.288000000000000000e+03
8.296000000000000000e+03
8.415000000000000000e+03
8.416000000000000000e+03
8.488000000000000000e+03
8.502000000000000000e+03
8.508000000000000000e+03
8.524000000000000000e+03
8.621000000000000000e+03
8.658000000000000000e+03
8.672000000000000000e+03
8.678000000000000000e+03
8.686000000000000000e+03
8.698000000000000000e+03
8.716000000000000000e+03
8.737000000000000000e+03
8.738000000000000000e+03
8.749000000000000000e+03
8.782000000000000000e+03
8.789000000000000000e+03
8.792000000000000000e+03
8.801000000000000000e+03
8.843000000000000000e+03
8.854000000000000000e+03
8.915000000000000000e+03
9.033000000000000000e+03
9.112000000000000000e+03
9.176000000000000000e+03
9.219000000000000000e+03
9.231000000000000000e+03
9.288000000000000000e+03
9.293000000000000000e+03
9.320000000000000000e+03
9.343000000000000000e+03
9.347000000000000000e+03
9.366000000000000000e+03
9.381000000000000000e+03
9.402000000000000000e+03
9.445000000000000000e+03
9.460000000000000000e+03
9.512000000000000000e+03
9.578000000000000000e+03
9.632000000000000000e+03
9.636000000000000000e+03
9.707000000000000000e+03
9.709000000000000000e+03
9.768000000000000000e+03
9.784000000000000000e+03
9.816000000000000000e+03
9.821000000000000000e+03
9.836000000000000000e+03
9.846000000000000000e+03
9.847000000000000000e+03
9.855000000000000000e+03
9.884000000000000000e+03
9.900000000000000000e+03
9.910000000000000000e+03
9.914000000000000000e+03
9.960000000000000000e+03
9.962000000000000000e+03
1.000900000000000000e+04
1.002300000000000000e+04
1.002500000000000000e+04
1.002900000000000000e+04
1.005800000000000000e+04
1.010900000000000000e+04
1.012900000000000000e+04
1.016700000000000000e+04
1.017300000000000000e+04
1.021300000000000000e+04
1.026500000000000000e+04
1.029400000000000000e+04
1.031700000000000000e+04
1.035700000000000000e+04
1.051300000000000000e+04
1.056300000000000000e+04
1.057200000000000000e+04
1.059000000000000000e+04
1.059500000000000000e+04
1.066900000000000000e+04
1.071900000000000000e+04
1.073100000000000000e+04
1.074900000000000000e+04
1.093600000000000000e+04
1.093800000000000000e+04
1.099300000000000000e+04
1.100100000000000000e+04
1.101000000000000000e+04
1.104700000000000000e+04
1.105400000000000000e+04
1.113500000000000000e+04
1.115700000000000000e+04
1.120800000000000000e+04
1.126700000000000000e+04
1.131500000000000000e+04
1.134100000000000000e+04
1.134800000000000000e+04
1.135100000000000000e+04
1.136800000000000000e+04
1.138200000000000000e+04
1.140800000000000000e+04
1.154900000000000000e+04
1.157100000000000000e+04
1.159200000000000000e+04
1.170000000000000000e+04
1.171100000000000000e+04
1.175600000000000000e+04
1.189800000000000000e+04
1.193600000000000000e+04
1.197200000000000000e+04
1.200600000000000000e+04
1.202800000000000000e+04
1.204100000000000000e+04
1.204500000000000000e+04
1.211000000000000000e+04
1.211300000000000000e+04
1.211500000000000000e+04
1.212500000000000000e+04
1.214500000000000000e+04
1.216800000000000000e+04
1.223000000000000000e+04
1.226800000000000000e+04
1.229600000000000000e+04
1.236400000000000000e+04
1.240300000000000000e+04
1.245100000000000000e+04
1.250800000000000000e+04
1.257000000000000000e+04
1.259300000000000000e+04
1.267300000000000000e+04
1.268300000000000000e+04
1.275600000000000000e+04
1.275700000000000000e+04
1.276000000000000000e+04
1.280200000000000000e+04
1.291900000000000000e+04
1.299800000000000000e+04
1.300400000000000000e+04
1.304800000000000000e+04
1.306700000000000000e+04
1.310200000000000000e+04
1.317000000000000000e+04
1.317300000000000000e+04
1.334400000000000000e+04
1.335400000000000000e+04
1.335600000000000000e+04
1.337100000000000000e+04
1.341300000000000000e+04
1.352400000000000000e+04
1.356900000000000000e+04
1.367900000000000000e+04
1.379600000000000000e+04
1.385700000000000000e+04
1.389000000000000000e+04
1.391300000000000000e+04
1.393800000000000000e+04
1.399100000000000000e+04
1.399600000000000000e+04
1.401500000000000000e+04
1.406500000000000000e+04
1.407200000000000000e+04
1.411700000000000000e+04
1.416900000000000000e+04
1.421000000000000000e+04
1.421100000000000000e+04
1.425400000000000000e+04
1.425900000000000000e+04
1.426000000000000000e+04
1.429200000000000000e+04
1.429700000000000000e+04
1.430100000000000000e+04
1.433300000000000000e+04
1.434800000000000000e+04
1.442300000000000000e+04
1.447400000000000000e+04
1.447600000000000000e+04
1.461100000000000000e+04
1.461600000000000000e+04
1.467500000000000000e+04
1.470000000000000000e+04
1.471700000000000000e+04
1.478200000000000000e+04
1.478500000000000000e+04
1.481100000000000000e+04
1.481300000000000000e+04
1.481600000000000000e+04
1.482100000000000000e+04
1.483100000000000000e+04
1.485400000000000000e+04
1.485700000000000000e+04
1.485900000000000000e+04
1.486500000000000000e+04
1.494200000000000000e+04
1.497800000000000000e+04
1.499000000000000000e+04
1.501000000000000000e+04
1.507900000000000000e+04
1.510600000000000000e+04
1.512300000000000000e+04
1.514200000000000000e+04
1.516600000000000000e+04
1.519100000000000000e+04
1.520300000000000000e+04
1.522700000000000000e+04
1.525100000000000000e+04
1.525200000000000000e+04
1.528900000000000000e+04
1.529700000000000000e+04
1.531300000000000000e+04
1.532500000000000000e+04
1.532700000000000000e+04
1.534900000000000000e+04
1.536400000000000000e+04
1.539000000000000000e+04
1.541600000000000000e+04
1.543200000000000000e+04
1.548400000000000000e+04
1.549500000000000000e+04
1.551100000000000000e+04
1.553700000000000000e+04
1.554100000000000000e+04
1.557600000000000000e+04
1.559700000000000000e+04
1.559900000000000000e+04
1.560700000000000000e+04
1.569800000000000000e+04
1.570200000000000000e+04
1.585000000000000000e+04
1.587500000000000000e+04
1.588400000000000000e+04
1.589000000000000000e+04
1.595200000000000000e+04
1.595400000000000000e+04
1.595800000000000000e+04
1.597900000000000000e+04
1.599400000000000000e+04
1.602000000000000000e+04
1.603200000000000000e+04
1.603500000000000000e+04
1.607400000000000000e+04
1.610000000000000000e+04
1.628100000000000000e+04
1.631400000000000000e+04
1.634300000000000000e+04
1.647800000000000000e+04
1.664000000000000000e+04
1.668100000000000000e+04
1.668500000000000000e+04
1.677700000000000000e+04
1.678300000000000000e+04
1.679000000000000000e+04
1.688000000000000000e+04
1.688200000000000000e+04
1.689200000000000000e+04
1.691000000000000000e+04
1.696500000000000000e+04
1.712400000000000000e+04
1.717700000000000000e+04
1.718500000000000000e+04
1.721200000000000000e+04
1.727100000000000000e+04
1.737300000000000000e+04
1.737800000000000000e+04
1.741200000000000000e+04
1.741700000000000000e+04
1.747200000000000000e+04
1.753000000000000000e+04
1.758600000000000000e+04
1.768900000000000000e+04
1.769300000000000000e+04
1.769400000000000000e+04
1.769500000000000000e+04
1.770000000000000000e+04
1.775000000000000000e+04
1.782000000000000000e+04
1.782300000000000000e+04
1.782900000000000000e+04
1.800700000000000000e+04
1.813200000000000000e+04
1.815500000000000000e+04
1.821800000000000000e+04
1.832200000000000000e+04
1.834500000000000000e+04
1.834900000000000000e+04
1.835100000000000000e+04
1.835700000000000000e+04
1.840700000000000000e+04
1.841900000000000000e+04
1.843600000000000000e+04
1.844400000000000000e+04
1.844900000000000000e+04
1.845700000000000000e+04
1.846300000000000000e+04
1.846400000000000000e+04
1.847500000000000000e+04
1.857400000000000000e+04
1.862500000000000000e+04
1.886200000000000000e+04
1.888000000000000000e+04
1.892400000000000000e+04
1.903600000000000000e+04
1.906500000000000000e+04
1.914400000000000000e+04
1.927400000000000000e+04
1.928700000000000000e+04
1.929000000000000000e+04
1.929100000000000000e+04
1.929800000000000000e+04
1.929900000000000000e+04
1.935200000000000000e+04
1.938400000000000000e+04
1.941100000000000000e+04
1.946600000000000000e+04
1.950200000000000000e+04
1.950400000000000000e+04
1.952900000000000000e+04
1.953300000000000000e+04
1.953500000000000000e+04
1.957000000000000000e+04
1.961500000000000000e+04
1.962000000000000000e+04
1.962700000000000000e+04
1.967100000000000000e+04
1.968900000000000000e+04
1.969500000000000000e+04
1.969800000000000000e+04
1.971400000000000000e+04
1.971900000000000000e+04
1.972800000000000000e+04
1.973600000000000000e+04
1.977600000000000000e+04
1.978200000000000000e+04
1.979400000000000000e+04
1.982400000000000000e+04
1.982500000000000000e+04
1.984500000000000000e+04
1.995000000000000000e+04
2.000700000000000000e+04
2.005500000000000000e+04
2.005800000000000000e+04
2.010100000000000000e+04
2.027500000000000000e+04
2.044800000000000000e+04
2.044900000000000000e+04
2.049400000000000000e+04
2.052000000000000000e+04
2.059200000000000000e+04
2.062300000000000000e+04
2.063600000000000000e+04
2.091900000000000000e+04
2.092100000000000000e+04
2.096000000000000000e+04
2.107800000000000000e+04
2.110500000000000000e+04
2.113400000000000000e+04
2.115000000000000000e+04
2.118100000000000000e+04
2.119900000000000000e+04
2.121500000000000000e+04
2.123600000000000000e+04
2.124800000000000000e+04
2.125700000000000000e+04
2.126100000000000000e+04
2.126200000000000000e+04
2.126500000000000000e+04
2.128400000000000000e+04
2.130300000000000000e+04
2.130600000000000000e+04
2.131600000000000000e+04
2.133600000000000000e+04
2.134400000000000000e+04
2.135600000000000000e+04
2.135700000000000000e+04
2.138600000000000000e+04
2.142000000000000000e+04
2.142800000000000000e+04
2.144100000000000000e+04
2.151300000000000000e+04
2.152400000000000000e+04
2.161900000000000000e+04
2.162300000000000000e+04
2.164200000000000000e+04
2.168000000000000000e+04
2.175600000000000000e+04
2.177400000000000000e+04
2.177500000000000000e+04
2.178900000000000000e+04
2.180600000000000000e+04
2.181200000000000000e+04
2.183200000000000000e+04
2.187000000000000000e+04
2.188000000000000000e+04
2.188700000000000000e+04
2.189100000000000000e+04
2.189200000000000000e+04
2.193900000000000000e+04
2.194600000000000000e+04
2.195900000000000000e+04
2.196300000000000000e+04
2.196400000000000000e+04
2.197800000000000000e+04
2.199600000000000000e+04
2.202900000000000000e+04
2.204000000000000000e+04
2.205700000000000000e+04
2.208600000000000000e+04
2.209600000000000000e+04
2.210100000000000000e+04
2.210400000000000000e+04
2.210700000000000000e+04
2.216200000000000000e+04
2.218100000000000000e+04
2.218200000000000000e+04
2.218300000000000000e+04
2.221200000000000000e+04
2.226100000000000000e+04
2.226300000000000000e+04
2.226700000000000000e+04
2.230100000000000000e+04
2.231900000000000000e+04
2.234800000000000000e+04
2.235800000000000000e+04
2.239800000000000000e+04
2.243600000000000000e+04
2.248100000000000000e+04
2.250200000000000000e+04
2.251600000000000000e+04
2.255200000000000000e+04
2.255300000000000000e+04
2.255900000000000000e+04
2.265800000000000000e+04
2.266500000000000000e+04
2.267000000000000000e+04
2.268100000000000000e+04
2.268300000000000000e+04
2.269200000000000000e+04
2.269500000000000000e+04
2.269600000000000000e+04
2.271900000000000000e+04
2.273500000000000000e+04
2.273900000000000000e+04
2.274000000000000000e+04
2.274100000000000000e+04
2.274700000000000000e+04
2.276400000000000000e+04
2.278000000000000000e+04
2.280700000000000000e+04
2.282000000000000000e+04
2.282700000000000000e+04
2.282900000000000000e+04
2.283800000000000000e+04
2.284100000000000000e+04
2.284500000000000000e+04
2.286900000000000000e+04
2.287300000000000000e+04
2.288300000000000000e+04
2.291400000000000000e+04
2.291500000000000000e+04
2.299300000000000000e+04
2.302300000000000000e+04
2.302900000000000000e+04
2.305700000000000000e+04
2.306100000000000000e+04
2.306400000000000000e+04
2.308100000000000000e+04
2.308200000000000000e+04
2.308300000000000000e+04
2.309000000000000000e+04
2.309900000000000000e+04
2.310300000000000000e+04
2.311000000000000000e+04
2.321700000000000000e+04
2.342700000000000000e+04
2.343900000000000000e+04
2.374000000000000000e+04
2.377200000000000000e+04
2.377300000000000000e+04
2.378100000000000000e+04
2.378600000000000000e+04
2.385600000000000000e+04
2.385800000000000000e+04
2.386200000000000000e+04
2.388200000000000000e+04
2.391500000000000000e+04
2.392100000000000000e+04
2.395900000000000000e+04
2.397500000000000000e+04
2.397700000000000000e+04
2.399100000000000000e+04
2.399200000000000000e+04
2.409300000000000000e+04
2.409600000000000000e+04
2.418700000000000000e+04
2.431100000000000000e+04
2.433300000000000000e+04
2.435800000000000000e+04
2.447400000000000000e+04
2.450600000000000000e+04
2.456800000000000000e+04
2.459500000000000000e+04
2.467800000000000000e+04
2.469900000000000000e+04
2.486100000000000000e+04
2.491400000000000000e+04
2.496700000000000000e+04
2.499300000000000000e+04
2.501400000000000000e+04
2.504300000000000000e+04
2.517100000000000000e+04
2.519700000000000000e+04
2.522300000000000000e+04
2.552700000000000000e+04
2.561800000000000000e+04
2.563300000000000000e+04
2.564000000000000000e+04
2.569000000000000000e+04
2.569300000000000000e+04
2.569500000000000000e+04
2.569600000000000000e+04
2.569700000000000000e+04
2.571900000000000000e+04
2.574000000000000000e+04
2.578200000000000000e+04
2.581500000000000000e+04
2.585400000000000000e+04
2.597300000000000000e+04
2.600900000000000000e+04
2.607800000000000000e+04
2.623000000000000000e+04
2.627100000000000000e+04
2.628000000000000000e+04
2.630500000000000000e+04
2.630600000000000000e+04
2.640800000000000000e+04
2.652200000000000000e+04
2.653700000000000000e+04
2.654200000000000000e+04
2.667700000000000000e+04
2.667900000000000000e+04
2.678800000000000000e+04
2.680800000000000000e+04
2.704300000000000000e+04
2.704500000000000000e+04
2.704900000000000000e+04
2.705600000000000000e+04
2.709400000000000000e+04
2.713300000000000000e+04
2.717800000000000000e+04
2.717900000000000000e+04
2.719200000000000000e+04
2.720300000000000000e+04
2.720500000000000000e+04
2.720600000000000000e+04
2.720800000000000000e+04
2.721300000000000000e+04
2.721500000000000000e+04
2.726100000000000000e+04
2.734200000000000000e+04
2.746600000000000000e+04
2.746700000000000000e+04
2.754400000000000000e+04
2.768100000000000000e+04
2.768600000000000000e+04
2.768700000000000000e+04
2.779800000000000000e+04
2.785200000000000000e+04
2.785500000000000000e+04
2.786100000000000000e+04
2.788000000000000000e+04
2.797300000000000000e+04
2.803500000000000000e+04
2.804200000000000000e+04
2.804300000000000000e+04
2.810400000000000000e+04
2.815600000000000000e+04
2.818400000000000000e+04
2.822700000000000000e+04
2.823900000000000000e+04
2.833100000000000000e+04
2.833200000000000000e+04
2.840400000000000000e+04
2.840500000000000000e+04
2.841100000000000000e+04
2.841900000000000000e+04
2.845000000000000000e+04
2.847500000000000000e+04
2.848000000000000000e+04
2.852200000000000000e+04
2.861100000000000000e+04
2.865000000000000000e+04
2.870600000000000000e+04
2.871200000000000000e+04
2.872300000000000000e+04
2.872400000000000000e+04
2.878400000000000000e+04
2.878900000000000000e+04
2.879000000000000000e+04
2.881600000000000000e+04
2.886600000000000000e+04
2.889900000000000000e+04
2.891500000000000000e+04
2.895200000000000000e+04
2.896700000000000000e+04
2.897600000000000000e+04
2.897700000000000000e+04
2.900400000000000000e+04
2.901000000000000000e+04
2.901600000000000000e+04
2.902100000000000000e+04
2.905100000000000000e+04
2.906200000000000000e+04
2.908000000000000000e+04
2.914600000000000000e+04
2.915500000000000000e+04
2.917100000000000000e+04
2.918200000000000000e+04
2.920600000000000000e+04
2.921500000000000000e+04
2.924000000000000000e+04
2.929300000000000000e+04
2.929400000000000000e+04
2.929800000000000000e+04
2.931000000000000000e+04
2.933000000000000000e+04
2.937000000000000000e+04
2.937600000000000000e+04
2.942300000000000000e+04
2.942400000000000000e+04
2.946100000000000000e+04
2.948800000000000000e+04
2.954600000000000000e+04
2.955800000000000000e+04
2.956300000000000000e+04
2.956900000000000000e+04
2.959700000000000000e+04
2.963900000000000000e+04
2.964500000000000000e+04
2.970500000000000000e+04
2.972100000000000000e+04
2.973400000000000000e+04
2.974900000000000000e+04
2.981200000000000000e+04
2.990000000000000000e+04
2.991200000000000000e+04
2.994000000000000000e+04
2.997600000000000000e+04
3.006000000000000000e+04
3.008700000000000000e+04
3.009600000000000000e+04
3.014400000000000000e+04
3.015500000000000000e+04
3.018200000000000000e+04
3.024400000000000000e+04
3.025200000000000000e+04
3.026600000000000000e+04
3.027200000000000000e+04
3.034500000000000000e+04
3.037300000000000000e+04
3.042300000000000000e+04
3.044400000000000000e+04
3.044900000000000000e+04
3.048000000000000000e+04
3.053200000000000000e+04
3.061500000000000000e+04
3.077300000000000000e+04
3.077600000000000000e+04
3.077700000000000000e+04
3.077800000000000000e+04
3.080400000000000000e+04
3.081000000000000000e+04
3.081500000000000000e+04
3.084900000000000000e+04
3.087700000000000000e+04
3.089100000000000000e+04
3.093200000000000000e+04
3.097300000000000000e+04
3.097700000000000000e+04
3.104800000000000000e+04
3.109200000000000000e+04
3.122000000000000000e+04
3.123200000000000000e+04
3.133000000000000000e+04
3.135300000000000000e+04
3.139800000000000000e+04
3.139900000000000000e+04
3.141800000000000000e+04
3.147400000000000000e+04
3.155900000000000000e+04
3.156700000000000000e+04
3.156800000000000000e+04
3.158400000000000000e+04
3.158500000000000000e+04
3.160800000000000000e+04
3.162900000000000000e+04
3.163500000000000000e+04
3.163800000000000000e+04
3.166800000000000000e+04
3.168300000000000000e+04
3.173500000000000000e+04
3.174600000000000000e+04
3.179300000000000000e+04
3.180100000000000000e+04
3.180600000000000000e+04
3.181800000000000000e+04
3.182100000000000000e+04
3.182900000000000000e+04
3.189600000000000000e+04
3.190000000000000000e+04
3.193300000000000000e+04
3.194200000000000000e+04
3.195600000000000000e+04
3.196300000000000000e+04
3.199100000000000000e+04
3.199600000000000000e+04
3.202100000000000000e+04
3.205600000000000000e+04
3.207200000000000000e+04
3.207800000000000000e+04
3.209600000000000000e+04
3.214000000000000000e+04
3.214100000000000000e+04
3.214200000000000000e+04
3.215200000000000000e+04
3.217300000000000000e+04
3.217400000000000000e+04
3.223400000000000000e+04
3.223700000000000000e+04
3.224600000000000000e+04
3.234900000000000000e+04
3.237800000000000000e+04
3.242400000000000000e+04
3.244500000000000000e+04
3.246900000000000000e+04
3.247500000000000000e+04
3.248500000000000000e+04
3.251700000000000000e+04
3.255400000000000000e+04
3.255500000000000000e+04
3.260100000000000000e+04
3.260900000000000000e+04
3.265100000000000000e+04
3.265200000000000000e+04
3.274000000000000000e+04
3.276900000000000000e+04
3.286500000000000000e+04
3.286600000000000000e+04
3.288300000000000000e+04
3.289400000000000000e+04
3.289900000000000000e+04
3.290100000000000000e+04
3.290400000000000000e+04
3.293600000000000000e+04
3.296200000000000000e+04
3.301700000000000000e+04
3.303900000000000000e+04
3.305100000000000000e+04
3.306500000000000000e+04
3.306600000000000000e+04
3.307200000000000000e+04
3.307400000000000000e+04
3.308000000000000000e+04
3.308400000000000000e+04
3.309500000000000000e+04
3.311800000000000000e+04
3.314400000000000000e+04
3.315200000000000000e+04
3.325800000000000000e+04
3.326000000000000000e+04
3.331400000000000000e+04
3.334900000000000000e+04
3.338100000000000000e+04
3.339800000000000000e+04
3.340100000000000000e+04
3.340900000000000000e+04
3.341300000000000000e+04
3.342700000000000000e+04
3.344800000000000000e+04
3.344900000000000000e+04
3.347800000000000000e+04
3.348900000000000000e+04
3.351100000000000000e+04
3.352200000000000000e+04
3.354500000000000000e+04
3.356000000000000000e+04
3.360000000000000000e+04
3.360500000000000000e+04
3.360800000000000000e+04
3.361300000000000000e+04
3.372100000000000000e+04
3.372200000000000000e+04
3.372900000000000000e+04
3.373000000000000000e+04
3.379500000000000000e+04
3.379700000000000000e+04
3.380300000000000000e+04
3.383700000000000000e+04
3.391200000000000000e+04
3.394600000000000000e+04
3.398500000000000000e+04
3.403700000000000000e+04
3.404800000000000000e+04
3.409400000000000000e+04
3.410000000000000000e+04
3.411200000000000000e+04
3.411500000000000000e+04
3.413100000000000000e+04
3.416700000000000000e+04
3.421100000000000000e+04
3.427600000000000000e+04
3.429100000000000000e+04
3.431400000000000000e+04
3.437200000000000000e+04
3.438000000000000000e+04
3.440700000000000000e+04
3.444500000000000000e+04
3.444600000000000000e+04
3.446600000000000000e+04
3.446700000000000000e+04
3.447800000000000000e+04
3.449600000000000000e+04
3.451900000000000000e+04
3.455800000000000000e+04
3.456900000000000000e+04
3.462500000000000000e+04
3.462600000000000000e+04
3.469000000000000000e+04
3.471400000000000000e+04
3.471900000000000000e+04
3.472400000000000000e+04
3.473500000000000000e+04
3.473600000000000000e+04
3.478200000000000000e+04
3.479200000000000000e+04
3.480100000000000000e+04
3.481900000000000000e+04
3.485300000000000000e+04
3.498700000000000000e+04
3.498800000000000000e+04
3.499000000000000000e+04
3.505800000000000000e+04
3.505900000000000000e+04
3.508200000000000000e+04
3.510300000000000000e+04
3.511300000000000000e+04
3.512400000000000000e+04
3.513300000000000000e+04
3.513400000000000000e+04
3.514600000000000000e+04
3.516700000000000000e+04
3.516800000000000000e+04
3.521500000000000000e+04
3.524000000000000000e+04
3.541200000000000000e+04
3.544600000000000000e+04
3.547600000000000000e+04
3.550200000000000000e+04
3.551000000000000000e+04
3.552800000000000000e+04
3.552900000000000000e+04
3.555200000000000000e+04
3.562100000000000000e+04
3.563000000000000000e+04
3.563400000000000000e+04
3.565400000000000000e+04
3.570900000000000000e+04
3.573200000000000000e+04
3.574300000000000000e+04
3.578600000000000000e+04
3.578700000000000000e+04
3.581700000000000000e+04
3.583100000000000000e+04
3.587200000000000000e+04
3.588800000000000000e+04
3.593600000000000000e+04
3.595600000000000000e+04
3.596400000000000000e+04
3.596500000000000000e+04
3.597100000000000000e+04
3.597800000000000000e+04
3.602600000000000000e+04
3.603000000000000000e+04
3.615900000000000000e+04
3.617300000000000000e+04
3.619100000000000000e+04
3.619300000000000000e+04
3.620200000000000000e+04
3.620300000000000000e+04
3.622700000000000000e+04
3.624300000000000000e+04
3.627300000000000000e+04
3.628800000000000000e+04
3.636600000000000000e+04
3.637100000000000000e+04
3.637500000000000000e+04
3.651300000000000000e+04
3.652000000000000000e+04
3.652700000000000000e+04
3.656800000000000000e+04
3.656900000000000000e+04
3.657400000000000000e+04
3.657500000000000000e+04
3.661100000000000000e+04
3.662500000000000000e+04
3.668800000000000000e+04
3.672400000000000000e+04
3.676600000000000000e+04
3.698300000000000000e+04
3.700800000000000000e+04
3.702200000000000000e+04
3.704500000000000000e+04
3.705400000000000000e+04
3.708000000000000000e+04
3.709800000000000000e+04
3.710100000000000000e+04
3.710200000000000000e+04
3.710400000000000000e+04
3.710700000000000000e+04
3.714600000000000000e+04
3.714700000000000000e+04
3.721800000000000000e+04
3.728100000000000000e+04
3.730200000000000000e+04
3.730300000000000000e+04
3.732800000000000000e+04
3.736400000000000000e+04
3.741800000000000000e+04
3.742500000000000000e+04
3.757700000000000000e+04
3.760500000000000000e+04
3.762900000000000000e+04
3.763800000000000000e+04
3.770800000000000000e+04
3.778800000000000000e+04
3.778900000000000000e+04
3.787400000000000000e+04
3.788400000000000000e+04
3.801200000000000000e+04
3.801300000000000000e+04
3.801700000000000000e+04
3.802200000000000000e+04
3.806300000000000000e+04
3.815600000000000000e+04
3.819900000000000000e+04
3.829100000000000000e+04
3.836300000000000000e+04
3.844300000000000000e+04
3.845000000000000000e+04
3.855300000000000000e+04
3.862400000000000000e+04
3.867500000000000000e+04
3.871500000000000000e+04
3.885800000000000000e+04
3.902900000000000000e+04
3.905500000000000000e+04
3.912600000000000000e+04
3.912700000000000000e+04
3.914700000000000000e+04
3.919300000000000000e+04
3.922800000000000000e+04
3.922900000000000000e+04
3.923000000000000000e+04
3.923100000000000000e+04
3.929800000000000000e+04
3.930000000000000000e+04
3.937200000000000000e+04
3.938500000000000000e+04
3.939000000000000000e+04
3.945800000000000000e+04
3.951100000000000000e+04
3.956400000000000000e+04
3.964800000000000000e+04
3.965400000000000000e+04
3.983400000000000000e+04
3.988100000000000000e+04
3.990500000000000000e+04
3.993400000000000000e+04
4.004100000000000000e+04
4.004400000000000000e+04
4.014400000000000000e+04
4.024300000000000000e+04
4.026700000000000000e+04
4.032200000000000000e+04
4.035900000000000000e+04
4.036600000000000000e+04
4.037200000000000000e+04
4.049100000000000000e+04
4.049800000000000000e+04
4.058400000000000000e+04
4.062000000000000000e+04
4.062900000000000000e+04
4.063800000000000000e+04
4.064600000000000000e+04
4.064700000000000000e+04
4.064800000000000000e+04
4.065000000000000000e+04
4.070300000000000000e+04
4.071100000000000000e+04
4.072600000000000000e+04
4.088500000000000000e+04
4.094900000000000000e+04
4.098700000000000000e+04
4.101300000000000000e+04
4.107500000000000000e+04
4.107800000000000000e+04
4.107900000000000000e+04
4.114700000000000000e+04
4.118400000000000000e+04
4.120000000000000000e+04
4.131100000000000000e+04
4.149900000000000000e+04
4.155700000000000000e+04
4.168400000000000000e+04
4.170900000000000000e+04
4.171900000000000000e+04
4.172200000000000000e+04
4.172600000000000000e+04
4.174900000000000000e+04
4.184700000000000000e+04
4.184800000000000000e+04
4.189600000000000000e+04
4.194300000000000000e+04
4.198600000000000000e+04
4.200400000000000000e+04
4.206400000000000000e+04
4.212700000000000000e+04
4.216500000000000000e+04
4.219900000000000000e+04
4.222400000000000000e+04
4.222500000000000000e+04
4.225500000000000000e+04
4.225600000000000000e+04
4.226600000000000000e+04
4.226700000000000000e+04
4.226800000000000000e+04
4.227000000000000000e+04
4.228000000000000000e+04
4.228200000000000000e+04
4.234100000000000000e+04
4.235900000000000000e+04
4.236000000000000000e+04
4.236100000000000000e+04
4.236200000000000000e+04
4.236300000000000000e+04
4.236600000000000000e+04
4.236900000000000000e+04
4.237000000000000000e+04
4.238900000000000000e+04
4.240700000000000000e+04
4.241600000000000000e+04
4.244200000000000000e+04
4.244700000000000000e+04
4.245300000000000000e+04
4.245400000000000000e+04
4.245600000000000000e+04
4.251000000000000000e+04
4.251100000000000000e+04
4.251200000000000000e+04
4.252400000000000000e+04
4.254000000000000000e+04
4.255500000000000000e+04
4.257500000000000000e+04
4.268200000000000000e+04
4.274200000000000000e+04
4.277500000000000000e+04
4.277700000000000000e+04
4.284200000000000000e+04
4.286700000000000000e+04
4.288500000000000000e+04
4.288600000000000000e+04
4.288900000000000000e+04
4.289500000000000000e+04
4.290400000000000000e+04
4.290500000000000000e+04
4.290600000000000000e+04
4.290900000000000000e+04
4.291900000000000000e+04
4.298700000000000000e+04
4.299400000000000000e+04
4.303200000000000000e+04
4.304100000000000000e+04
4.304800000000000000e+04
4.305200000000000000e+04
4.307500000000000000e+04
4.307700000000000000e+04
4.309400000000000000e+04
4.310300000000000000e+04
4.310700000000000000e+04
4.312000000000000000e+04
4.312800000000000000e+04
4.313700000000000000e+04
4.314100000000000000e+04
4.315400000000000000e+04
4.316700000000000000e+04
4.317600000000000000e+04
4.324100000000000000e+04
4.329600000000000000e+04
4.330300000000000000e+04
4.335200000000000000e+04
4.336900000000000000e+04
4.338200000000000000e+04
4.338400000000000000e+04
4.338800000000000000e+04
4.339400000000000000e+04
4.339700000000000000e+04
4.340100000000000000e+04
4.340800000000000000e+04
4.345100000000000000e+04
4.345300000000000000e+04
4.345700000000000000e+04
4.348600000000000000e+04
4.350800000000000000e+04
4.351100000000000000e+04
4.351400000000000000e+04
4.351500000000000000e+04
4.351800000000000000e+04
4.351900000000000000e+04
4.353500000000000000e+04
4.359200000000000000e+04
4.363200000000000000e+04
4.363300000000000000e+04
4.366400000000000000e+04
4.367600000000000000e+04
4.367800000000000000e+04
4.372500000000000000e+04
4.375500000000000000e+04
4.379200000000000000e+04
4.381900000000000000e+04
4.385000000000000000e+04
4.387400000000000000e+04
4.389300000000000000e+04
4.390900000000000000e+04
4.392000000000000000e+04
4.395300000000000000e+04
4.396200000000000000e+04
4.396300000000000000e+04
4.396600000000000000e+04
4.397400000000000000e+04
4.398600000000000000e+04
4.400200000000000000e+04
4.405400000000000000e+04
4.409100000000000000e+04
4.409300000000000000e+04
4.409500000000000000e+04
4.409700000000000000e+04
4.410500000000000000e+04
4.410700000000000000e+04
4.411700000000000000e+04
4.411900000000000000e+04
4.412500000000000000e+04
4.416300000000000000e+04
4.416500000000000000e+04
4.417300000000000000e+04
4.417500000000000000e+04
4.425900000000000000e+04
4.428200000000000000e+04
4.430700000000000000e+04
4.434200000000000000e+04
4.434800000000000000e+04
4.436000000000000000e+04
4.436200000000000000e+04
4.436600000000000000e+04
4.437500000000000000e+04
4.439500000000000000e+04
4.455500000000000000e+04
4.455600000000000000e+04
4.455900000000000000e+04
4.464300000000000000e+04
4.469400000000000000e+04
4.477000000000000000e+04
4.483600000000000000e+04
4.483800000000000000e+04
4.488100000000000000e+04
4.492400000000000000e+04
4.500500000000000000e+04
4.500700000000000000e+04
4.500800000000000000e+04
4.500900000000000000e+04
4.502900000000000000e+04
4.507200000000000000e+04
4.507700000000000000e+04
4.511200000000000000e+04
4.513600000000000000e+04
4.514800000000000000e+04
4.515100000000000000e+04
4.516600000000000000e+04
4.525300000000000000e+04
4.526900000000000000e+04
4.531200000000000000e+04
4.542400000000000000e+04
4.544500000000000000e+04
4.544800000000000000e+04
4.545200000000000000e+04
4.550200000000000000e+04
4.552700000000000000e+04
4.553300000000000000e+04
4.553800000000000000e+04
4.554000000000000000e+04
4.557600000000000000e+04
4.566100000000000000e+04
4.567600000000000000e+04
4.567800000000000000e+04
4.568700000000000000e+04
4.570000000000000000e+04
4.573000000000000000e+04
4.573200000000000000e+04
4.573600000000000000e+04
4.573700000000000000e+04
4.575500000000000000e+04
4.578400000000000000e+04
4.578500000000000000e+04
4.579200000000000000e+04
4.580900000000000000e+04
4.582700000000000000e+04
4.583100000000000000e+04
4.583200000000000000e+04
4.585200000000000000e+04
4.589100000000000000e+04
4.589400000000000000e+04
4.589600000000000000e+04
4.589700000000000000e+04
4.589900000000000000e+04
4.591200000000000000e+04
4.593300000000000000e+04
4.595300000000000000e+04
4.595700000000000000e+04
4.597200000000000000e+04
4.598600000000000000e+04
4.599700000000000000e+04
4.600100000000000000e+04
4.600200000000000000e+04
4.600300000000000000e+04
4.600400000000000000e+04
4.601100000000000000e+04
4.601900000000000000e+04
4.603300000000000000e+04
4.603600000000000000e+04
4.607600000000000000e+04
4.607700000000000000e+04
4.608100000000000000e+04
4.608200000000000000e+04
4.610000000000000000e+04
4.610600000000000000e+04
4.611100000000000000e+04
4.611600000000000000e+04
4.612200000000000000e+04
4.612900000000000000e+04
4.613800000000000000e+04
4.615000000000000000e+04
4.616400000000000000e+04
4.619400000000000000e+04
4.619600000000000000e+04
4.619700000000000000e+04
4.620000000000000000e+04
4.628600000000000000e+04
4.633000000000000000e+04
4.634600000000000000e+04
4.634900000000000000e+04
4.644200000000000000e+04
4.649600000000000000e+04
4.650400000000000000e+04
4.650800000000000000e+04
4.655000000000000000e+04
4.655100000000000000e+04
4.656200000000000000e+04
4.662600000000000000e+04
4.664100000000000000e+04
4.665600000000000000e+04
4.670100000000000000e+04
4.673600000000000000e+04
4.674800000000000000e+04
4.675700000000000000e+04
4.675800000000000000e+04
4.677100000000000000e+04
4.679100000000000000e+04
4.680000000000000000e+04
4.681500000000000000e+04
4.689600000000000000e+04
4.691000000000000000e+04
4.692900000000000000e+04
4.697900000000000000e+04
4.700000000000000000e+04
4.708200000000000000e+04
4.711000000000000000e+04
4.714800000000000000e+04
4.715000000000000000e+04
4.716000000000000000e+04
4.717700000000000000e+04
4.721000000000000000e+04
4.721100000000000000e+04
4.722700000000000000e+04
4.723500000000000000e+04
4.728100000000000000e+04
4.729700000000000000e+04
4.735800000000000000e+04
4.737300000000000000e+04
4.739100000000000000e+04
4.739900000000000000e+04
4.740500000000000000e+04
4.741200000000000000e+04
4.741400000000000000e+04
4.744900000000000000e+04
4.745500000000000000e+04
4.746000000000000000e+04
4.746900000000000000e+04
4.748300000000000000e+04
4.748500000000000000e+04
4.753100000000000000e+04
4.769200000000000000e+04
4.770500000000000000e+04
4.775500000000000000e+04
4.779800000000000000e+04
4.781700000000000000e+04
4.785800000000000000e+04
4.798900000000000000e+04
4.802000000000000000e+04
4.803200000000000000e+04
4.804500000000000000e+04
4.804800000000000000e+04
4.811100000000000000e+04
4.811300000000000000e+04
4.811400000000000000e+04
4.811600000000000000e+04
4.811700000000000000e+04
4.811800000000000000e+04
4.812400000000000000e+04
4.812700000000000000e+04
4.813100000000000000e+04
4.813400000000000000e+04
4.814100000000000000e+04
4.816300000000000000e+04
4.820500000000000000e+04
4.823000000000000000e+04
4.823500000000000000e+04
4.824100000000000000e+04
4.824700000000000000e+04
4.825900000000000000e+04
4.828800000000000000e+04
4.834100000000000000e+04
4.836400000000000000e+04
4.844400000000000000e+04
4.845000000000000000e+04
4.847500000000000000e+04
4.848700000000000000e+04
4.849300000000000000e+04
4.849900000000000000e+04
4.854000000000000000e+04
4.854400000000000000e+04
4.854500000000000000e+04
4.854600000000000000e+04
4.856500000000000000e+04
4.856700000000000000e+04
4.858200000000000000e+04
4.858300000000000000e+04
4.858900000000000000e+04
4.859400000000000000e+04
4.859500000000000000e+04
4.860100000000000000e+04
4.864500000000000000e+04
4.864900000000000000e+04
4.866700000000000000e+04
4.870500000000000000e+04
4.870900000000000000e+04
4.873700000000000000e+04
4.874300000000000000e+04
4.874700000000000000e+04
4.875100000000000000e+04
4.875200000000000000e+04
4.875400000000000000e+04
4.876200000000000000e+04
4.877600000000000000e+04
4.890300000000000000e+04
4.891700000000000000e+04
4.894300000000000000e+04
4.898100000000000000e+04
4.902400000000000000e+04
4.907100000000000000e+04
4.907700000000000000e+04
4.910800000000000000e+04
4.911300000000000000e+04
4.913700000000000000e+04
4.914100000000000000e+04
4.916100000000000000e+04
4.919500000000000000e+04
4.920600000000000000e+04
4.923700000000000000e+04
4.925400000000000000e+04
4.926000000000000000e+04
4.933800000000000000e+04
4.936200000000000000e+04
4.936300000000000000e+04
4.936800000000000000e+04
4.938700000000000000e+04
4.939200000000000000e+04
4.940300000000000000e+04
4.941800000000000000e+04
4.943100000000000000e+04
4.944800000000000000e+04
4.948600000000000000e+04
4.949000000000000000e+04
4.951800000000000000e+04
4.953200000000000000e+04
4.956800000000000000e+04
4.958700000000000000e+04
4.959000000000000000e+04
4.959800000000000000e+04
4.960300000000000000e+04
4.964300000000000000e+04
4.965000000000000000e+04
4.965800000000000000e+04
4.972800000000000000e+04
4.973200000000000000e+04
4.973400000000000000e+04
4.979800000000000000e+04
4.980700000000000000e+04
4.986900000000000000e+04
4.987900000000000000e+04
4.991400000000000000e+04
4.991800000000000000e+04
4.997600000000000000e+04
5.001400000000000000e+04
5.001800000000000000e+04
5.002600000000000000e+04
5.004900000000000000e+04
5.007600000000000000e+04
5.008400000000000000e+04
5.008600000000000000e+04
5.011500000000000000e+04
5.011600000000000000e+04
5.016100000000000000e+04
5.017700000000000000e+04
5.017800000000000000e+04
5.019400000000000000e+04
5.022000000000000000e+04
5.025800000000000000e+04
5.026100000000000000e+04
5.026200000000000000e+04
5.028200000000000000e+04
5.029100000000000000e+04
5.042200000000000000e+04
5.048200000000000000e+04
5.049300000000000000e+04
5.049400000000000000e+04
5.050900000000000000e+04
5.051400000000000000e+04
5.052100000000000000e+04
5.054400000000000000e+04
5.067600000000000000e+04
5.068100000000000000e+04
5.068700000000000000e+04
5.069000000000000000e+04
5.071000000000000000e+04
5.075300000000000000e+04
5.081500000000000000e+04
5.082500000000000000e+04
5.088900000000000000e+04
5.089900000000000000e+04
5.091800000000000000e+04
5.092900000000000000e+04
5.093000000000000000e+04
5.093600000000000000e+04
5.096100000000000000e+04
5.097700000000000000e+04
5.104300000000000000e+04
5.104600000000000000e+04
5.106900000000000000e+04
5.109400000000000000e+04
5.118100000000000000e+04
5.119500000000000000e+04
5.131600000000000000e+04
5.142800000000000000e+04
5.143800000000000000e+04
5.143900000000000000e+04
5.151700000000000000e+04
5.152200000000000000e+04
5.153200000000000000e+04
5.153300000000000000e+04
5.159100000000000000e+04
5.164600000000000000e+04
5.174500000000000000e+04
5.177000000000000000e+04
5.177200000000000000e+04
5.187600000000000000e+04
5.198000000000000000e+04
5.203500000000000000e+04
5.207600000000000000e+04
5.214500000000000000e+04
5.221400000000000000e+04
5.223600000000000000e+04
5.226400000000000000e+04
5.243700000000000000e+04
5.245700000000000000e+04
5.246300000000000000e+04
5.248300000000000000e+04
5.248500000000000000e+04
5.252200000000000000e+04
5.254100000000000000e+04
5.263400000000000000e+04
5.268600000000000000e+04
5.270500000000000000e+04
5.279400000000000000e+04
5.280300000000000000e+04
5.290800000000000000e+04
5.310200000000000000e+04
5.310300000000000000e+04
5.310400000000000000e+04
5.310800000000000000e+04
5.311600000000000000e+04
5.312200000000000000e+04
5.312400000000000000e+04
5.312900000000000000e+04
5.313400000000000000e+04
5.314000000000000000e+04
5.317400000000000000e+04
5.317800000000000000e+04
5.318100000000000000e+04
5.330400000000000000e+04
5.349500000000000000e+04
5.352900000000000000e+04
5.357200000000000000e+04
5.358100000000000000e+04
5.364800000000000000e+04
5.370400000000000000e+04
5.371900000000000000e+04
5.375200000000000000e+04
5.377500000000000000e+04
5.383700000000000000e+04
5.394300000000000000e+04
5.394400000000000000e+04
5.399200000000000000e+04
5.406000000000000000e+04
5.418600000000000000e+04
5.421600000000000000e+04
5.421800000000000000e+04
5.428700000000000000e+04
5.436100000000000000e+04
5.436300000000000000e+04
5.439000000000000000e+04
5.447800000000000000e+04
5.448300000000000000e+04
5.448700000000000000e+04
5.455400000000000000e+04
5.459600000000000000e+04
5.470900000000000000e+04
5.471700000000000000e+04
5.472000000000000000e+04
5.487400000000000000e+04
5.496500000000000000e+04
5.501400000000000000e+04
5.503100000000000000e+04
5.505700000000000000e+04
5.506300000000000000e+04
5.510300000000000000e+04
5.511600000000000000e+04
5.512700000000000000e+04
5.518700000000000000e+04
5.530800000000000000e+04
5.532100000000000000e+04
5.541800000000000000e+04
5.541900000000000000e+04
5.543600000000000000e+04
5.561000000000000000e+04
5.565800000000000000e+04
5.568000000000000000e+04
5.568100000000000000e+04
5.569300000000000000e+04
5.576300000000000000e+04
5.581500000000000000e+04
5.586400000000000000e+04
5.587100000000000000e+04
5.587300000000000000e+04
5.588000000000000000e+04
5.588400000000000000e+04
5.588500000000000000e+04
5.592300000000000000e+04
5.595600000000000000e+04
5.605700000000000000e+04
5.607300000000000000e+04
5.608200000000000000e+04
5.612700000000000000e+04
5.613200000000000000e+04
5.614900000000000000e+04
5.619300000000000000e+04
5.625200000000000000e+04
5.625500000000000000e+04
5.628000000000000000e+04
5.630700000000000000e+04
5.635600000000000000e+04
5.650900000000000000e+04
5.654100000000000000e+04
5.663500000000000000e+04
5.688200000000000000e+04
5.689900000000000000e+04
5.693300000000000000e+04
5.704600000000000000e+04
5.709900000000000000e+04
5.711800000000000000e+04
5.713700000000000000e+04
5.714600000000000000e+04
5.717000000000000000e+04
5.719700000000000000e+04
5.725100000000000000e+04
5.725600000000000000e+04
5.729100000000000000e+04
5.732200000000000000e+04
5.734600000000000000e+04
5.739400000000000000e+04
5.745100000000000000e+04
5.745900000000000000e+04
5.746000000000000000e+04
5.753400000000000000e+04
5.756600000000000000e+04
5.756700000000000000e+04
5.759100000000000000e+04
5.759400000000000000e+04
5.760500000000000000e+04
5.761100000000000000e+04
5.765300000000000000e+04
5.767100000000000000e+04
5.769200000000000000e+04
5.769900000000000000e+04
5.770700000000000000e+04
5.772500000000000000e+04
5.773100000000000000e+04
5.776000000000000000e+04
5.779200000000000000e+04
5.788100000000000000e+04
5.790600000000000000e+04
5.799600000000000000e+04
5.800800000000000000e+04
5.801100000000000000e+04
5.801300000000000000e+04
5.801900000000000000e+04
5.818700000000000000e+04
5.827600000000000000e+04
5.832900000000000000e+04
5.842200000000000000e+04
5.847000000000000000e+04
5.847700000000000000e+04
5.848200000000000000e+04
5.858700000000000000e+04
5.863700000000000000e+04
5.874000000000000000e+04
5.885400000000000000e+04
5.889800000000000000e+04
5.890800000000000000e+04
5.891800000000000000e+04
5.895200000000000000e+04
5.911900000000000000e+04
5.912000000000000000e+04
5.912100000000000000e+04
5.912400000000000000e+04
5.912700000000000000e+04
5.939800000000000000e+04
5.942600000000000000e+04
5.948700000000000000e+04
5.951800000000000000e+04
5.962700000000000000e+04
5.964300000000000000e+04
5.967200000000000000e+04
5.969600000000000000e+04
5.976200000000000000e+04
5.977000000000000000e+04
5.978900000000000000e+04
5.984300000000000000e+04
5.992400000000000000e+04
5.993000000000000000e+04
5.993700000000000000e+04
5.993800000000000000e+04
5.995100000000000000e+04
5.999900000000000000e+04
6.003300000000000000e+04
6.013000000000000000e+04
6.019800000000000000e+04
6.024100000000000000e+04
6.027700000000000000e+04
6.031700000000000000e+04
6.031800000000000000e+04
6.033800000000000000e+04
6.043700000000000000e+04
6.048000000000000000e+04
6.049900000000000000e+04
6.056700000000000000e+04
6.056900000000000000e+04
6.065500000000000000e+04
6.072300000000000000e+04
6.116100000000000000e+04
6.127000000000000000e+04
6.127700000000000000e+04
6.127800000000000000e+04
6.129000000000000000e+04
6.129100000000000000e+04
6.141600000000000000e+04
6.146200000000000000e+04
6.149600000000000000e+04
6.158300000000000000e+04
6.163800000000000000e+04
6.165100000000000000e+04
6.170600000000000000e+04
6.183600000000000000e+04
6.184800000000000000e+04
6.188300000000000000e+04
6.189600000000000000e+04
6.206900000000000000e+04
6.217600000000000000e+04
6.220300000000000000e+04
6.221600000000000000e+04
6.222000000000000000e+04
6.225400000000000000e+04
6.228700000000000000e+04
6.233600000000000000e+04
6.237100000000000000e+04
6.245500000000000000e+04
6.251500000000000000e+04
6.252700000000000000e+04
6.260500000000000000e+04
6.260600000000000000e+04
6.261200000000000000e+04
6.267400000000000000e+04
6.268900000000000000e+04
6.276800000000000000e+04
6.286100000000000000e+04
6.286200000000000000e+04
6.291500000000000000e+04
6.294400000000000000e+04
6.294900000000000000e+04
6.302900000000000000e+04
6.303000000000000000e+04
6.303300000000000000e+04
6.307500000000000000e+04
6.307700000000000000e+04
6.307900000000000000e+04
6.308000000000000000e+04
6.311700000000000000e+04
6.311800000000000000e+04
6.311900000000000000e+04
6.316400000000000000e+04
6.323400000000000000e+04
6.323700000000000000e+04
6.324200000000000000e+04
6.324400000000000000e+04
6.329600000000000000e+04
6.330700000000000000e+04
6.331200000000000000e+04
6.331700000000000000e+04
6.332300000000000000e+04
6.332700000000000000e+04
6.332900000000000000e+04
6.333600000000000000e+04
6.337100000000000000e+04
6.337200000000000000e+04
6.338600000000000000e+04
6.339200000000000000e+04
6.340700000000000000e+04
6.345200000000000000e+04
6.345600000000000000e+04
6.351400000000000000e+04
6.353600000000000000e+04
6.354900000000000000e+04
6.358400000000000000e+04
6.358700000000000000e+04
6.361700000000000000e+04
6.361900000000000000e+04
6.366600000000000000e+04
6.366800000000000000e+04
6.367200000000000000e+04
6.367300000000000000e+04
6.367500000000000000e+04
6.369000000000000000e+04
6.369100000000000000e+04
6.369300000000000000e+04
6.370000000000000000e+04
6.371400000000000000e+04
6.374900000000000000e+04
6.378600000000000000e+04
6.378700000000000000e+04
6.379500000000000000e+04
6.385100000000000000e+04
6.386900000000000000e+04
6.390100000000000000e+04
6.390800000000000000e+04
6.400500000000000000e+04
6.401400000000000000e+04
6.406600000000000000e+04
6.407000000000000000e+04
6.412200000000000000e+04
6.419800000000000000e+04
6.420500000000000000e+04
6.426900000000000000e+04
6.438400000000000000e+04
6.445700000000000000e+04
6.446600000000000000e+04
6.452500000000000000e+04
6.453300000000000000e+04
6.458500000000000000e+04
6.459000000000000000e+04
6.460600000000000000e+04
6.461200000000000000e+04
6.462100000000000000e+04
6.462600000000000000e+04
6.463000000000000000e+04
6.463600000000000000e+04
6.466200000000000000e+04
6.468300000000000000e+04
6.468500000000000000e+04
6.468800000000000000e+04
6.471600000000000000e+04
6.471900000000000000e+04
6.474600000000000000e+04
6.474700000000000000e+04
6.476000000000000000e+04
6.493300000000000000e+04
6.494400000000000000e+04
6.494500000000000000e+04
6.496800000000000000e+04
6.497300000000000000e+04
6.498100000000000000e+04
6.498200000000000000e+04
6.498700000000000000e+04
6.499500000000000000e+04
6.501600000000000000e+04
6.501700000000000000e+04
6.501800000000000000e+04
6.501900000000000000e+04
6.502800000000000000e+04
6.508900000000000000e+04
6.511500000000000000e+04
6.514300000000000000e+04
6.515700000000000000e+04
6.516100000000000000e+04
6.516200000000000000e+04
6.516500000000000000e+04
6.521400000000000000e+04
6.523400000000000000e+04
6.524300000000000000e+04
6.524400000000000000e+04
6.524500000000000000e+04
6.526400000000000000e+04
6.528000000000000000e+04
6.529000000000000000e+04
6.529100000000000000e+04
6.529200000000000000e+04
6.529700000000000000e+04
6.530000000000000000e+04
6.531400000000000000e+04
6.531500000000000000e+04
6.531900000000000000e+04
6.534100000000000000e+04
6.534200000000000000e+04
6.534700000000000000e+04
6.536400000000000000e+04
6.536900000000000000e+04
6.537700000000000000e+04
6.538100000000000000e+04
6.538200000000000000e+04
6.538700000000000000e+04
6.539400000000000000e+04
6.539500000000000000e+04
6.539600000000000000e+04
6.540200000000000000e+04
6.544800000000000000e+04
6.545700000000000000e+04
6.545900000000000000e+04
6.546500000000000000e+04
6.546600000000000000e+04
6.548900000000000000e+04
6.549400000000000000e+04
6.556400000000000000e+04
6.562100000000000000e+04
6.563400000000000000e+04
6.564100000000000000e+04
6.564800000000000000e+04
6.564900000000000000e+04
6.565100000000000000e+04
6.567500000000000000e+04
6.567600000000000000e+04
6.570400000000000000e+04
6.579800000000000000e+04
6.579900000000000000e+04
6.581000000000000000e+04
6.589900000000000000e+04
6.590900000000000000e+04
6.595900000000000000e+04
6.596000000000000000e+04
6.596800000000000000e+04
6.605400000000000000e+04
6.609200000000000000e+04
6.614200000000000000e+04
6.617300000000000000e+04
6.617600000000000000e+04
6.617700000000000000e+04
6.622200000000000000e+04
6.626200000000000000e+04
6.633800000000000000e+04
6.634400000000000000e+04
6.643700000000000000e+04
6.645900000000000000e+04
6.646000000000000000e+04
6.646600000000000000e+04
6.646900000000000000e+04
6.647200000000000000e+04
6.649100000000000000e+04
6.649200000000000000e+04
6.649300000000000000e+04
6.649700000000000000e+04
6.652300000000000000e+04
6.652400000000000000e+04
6.657900000000000000e+04
6.659700000000000000e+04
6.663700000000000000e+04
6.666700000000000000e+04
6.681000000000000000e+04
6.682200000000000000e+04
6.683900000000000000e+04
6.685000000000000000e+04
6.693300000000000000e+04
6.696600000000000000e+04
6.698600000000000000e+04
6.698800000000000000e+04
6.700400000000000000e+04
6.706400000000000000e+04
6.706800000000000000e+04
6.708100000000000000e+04
6.712200000000000000e+04
6.714600000000000000e+04
6.717100000000000000e+04
6.717800000000000000e+04
6.721700000000000000e+04
6.721800000000000000e+04
6.722400000000000000e+04
6.722600000000000000e+04
6.737800000000000000e+04
6.748200000000000000e+04
6.750000000000000000e+04
6.751800000000000000e+04
6.754100000000000000e+04
6.754200000000000000e+04
6.754600000000000000e+04
6.761900000000000000e+04
6.765200000000000000e+04
6.765300000000000000e+04
6.767800000000000000e+04
6.768100000000000000e+04
6.769500000000000000e+04
6.770700000000000000e+04
6.771900000000000000e+04
6.772400000000000000e+04
6.773600000000000000e+04
6.774800000000000000e+04
6.777300000000000000e+04
6.778900000000000000e+04
6.783100000000000000e+04
6.784200000000000000e+04
6.786400000000000000e+04
6.787100000000000000e+04
6.789700000000000000e+04
6.793700000000000000e+04
6.796400000000000000e+04
6.798400000000000000e+04
6.799000000000000000e+04
6.799100000000000000e+04
6.801300000000000000e+04
6.801500000000000000e+04
6.805600000000000000e+04
6.805700000000000000e+04
6.808300000000000000e+04
6.809100000000000000e+04
6.809700000000000000e+04
6.810900000000000000e+04
6.811000000000000000e+04
6.811100000000000000e+04
6.811700000000000000e+04
6.812600000000000000e+04
6.813100000000000000e+04
6.813200000000000000e+04
6.815600000000000000e+04
6.815700000000000000e+04
6.815800000000000000e+04
6.816000000000000000e+04
6.816100000000000000e+04
6.816200000000000000e+04
6.817700000000000000e+04
6.818600000000000000e+04
6.818700000000000000e+04
6.830900000000000000e+04
6.833200000000000000e+04
6.835900000000000000e+04
6.837900000000000000e+04
6.839500000000000000e+04
6.839900000000000000e+04
6.852400000000000000e+04
6.853800000000000000e+04
6.854600000000000000e+04
6.856500000000000000e+04
6.856700000000000000e+04
6.856900000000000000e+04
6.860600000000000000e+04
6.860800000000000000e+04
6.861200000000000000e+04
6.861500000000000000e+04
6.862600000000000000e+04
6.865100000000000000e+04
6.865200000000000000e+04
6.865700000000000000e+04
6.866300000000000000e+04
6.867900000000000000e+04
6.869300000000000000e+04
6.869500000000000000e+04
6.870000000000000000e+04
6.870100000000000000e+04
6.872600000000000000e+04
6.875600000000000000e+04
6.876800000000000000e+04
6.876900000000000000e+04
6.879200000000000000e+04
6.880100000000000000e+04
6.880200000000000000e+04
6.881100000000000000e+04
6.881700000000000000e+04
6.881800000000000000e+04
6.882500000000000000e+04
6.884100000000000000e+04
6.884300000000000000e+04
6.884700000000000000e+04
6.887300000000000000e+04
6.887400000000000000e+04
6.887900000000000000e+04
6.888100000000000000e+04
6.888500000000000000e+04
6.891100000000000000e+04
6.891200000000000000e+04
6.891300000000000000e+04
6.891900000000000000e+04
6.895100000000000000e+04
6.897900000000000000e+04
6.898000000000000000e+04
6.901600000000000000e+04
6.902600000000000000e+04
6.904300000000000000e+04
6.908200000000000000e+04
6.908900000000000000e+04
6.909000000000000000e+04
6.910900000000000000e+04
6.915600000000000000e+04
6.918600000000000000e+04
6.921500000000000000e+04
6.925600000000000000e+04
6.929000000000000000e+04
6.929800000000000000e+04
6.931900000000000000e+04
6.932200000000000000e+04
6.935400000000000000e+04
6.937800000000000000e+04
6.939700000000000000e+04
6.939800000000000000e+04
6.940400000000000000e+04
6.943200000000000000e+04
6.944900000000000000e+04
6.945500000000000000e+04
6.946100000000000000e+04
6.947100000000000000e+04
6.947400000000000000e+04
6.947500000000000000e+04
6.948600000000000000e+04
6.950900000000000000e+04
6.952000000000000000e+04
6.955700000000000000e+04
6.956400000000000000e+04
6.960200000000000000e+04
6.960500000000000000e+04
6.969500000000000000e+04
6.970900000000000000e+04
6.972500000000000000e+04
6.976900000000000000e+04
6.984200000000000000e+04
6.984800000000000000e+04
6.988200000000000000e+04
6.990800000000000000e+04
6.991700000000000000e+04
6.994100000000000000e+04
6.994900000000000000e+04
6.997200000000000000e+04
6.999800000000000000e+04
7.014800000000000000e+04
7.017200000000000000e+04
7.020000000000000000e+04
7.023600000000000000e+04
7.024900000000000000e+04
7.025300000000000000e+04
7.025600000000000000e+04
7.027300000000000000e+04
7.029000000000000000e+04
7.030000000000000000e+04
7.031500000000000000e+04
7.031700000000000000e+04
7.033300000000000000e+04
7.035900000000000000e+04
7.039000000000000000e+04
7.041900000000000000e+04
7.043700000000000000e+04
7.043800000000000000e+04
7.043900000000000000e+04
7.044600000000000000e+04
7.049800000000000000e+04
7.054600000000000000e+04
7.059300000000000000e+04
7.059600000000000000e+04
7.067600000000000000e+04
7.068400000000000000e+04
7.070400000000000000e+04
7.071800000000000000e+04
7.072300000000000000e+04
7.072400000000000000e+04
7.073300000000000000e+04
7.073400000000000000e+04
7.077900000000000000e+04
7.078000000000000000e+04
7.078100000000000000e+04
7.078300000000000000e+04
7.078400000000000000e+04
7.080800000000000000e+04
7.080900000000000000e+04
7.081000000000000000e+04
7.081300000000000000e+04
7.084600000000000000e+04
7.087700000000000000e+04
7.089400000000000000e+04
7.091500000000000000e+04
7.100500000000000000e+04
7.101500000000000000e+04
7.102500000000000000e+04
7.102600000000000000e+04
7.103700000000000000e+04
7.118700000000000000e+04
7.121500000000000000e+04
7.133400000000000000e+04
7.135600000000000000e+04
7.140100000000000000e+04
7.144200000000000000e+04
7.144300000000000000e+04
7.144400000000000000e+04
7.144600000000000000e+04
7.148100000000000000e+04
7.148200000000000000e+04
7.148300000000000000e+04
7.149600000000000000e+04
7.153200000000000000e+04
7.153700000000000000e+04
7.160800000000000000e+04
7.165900000000000000e+04
7.167700000000000000e+04
7.168200000000000000e+04
7.169600000000000000e+04
7.172600000000000000e+04
7.180500000000000000e+04
7.181300000000000000e+04
7.181600000000000000e+04
7.181700000000000000e+04
7.182000000000000000e+04
7.185200000000000000e+04
7.188300000000000000e+04
7.192600000000000000e+04
7.194500000000000000e+04
7.197200000000000000e+04
7.199400000000000000e+04
7.200400000000000000e+04
7.201200000000000000e+04
7.205800000000000000e+04
7.207300000000000000e+04
7.209200000000000000e+04
7.211300000000000000e+04
7.215400000000000000e+04
7.216600000000000000e+04
7.218200000000000000e+04
7.220900000000000000e+04
7.222600000000000000e+04
7.224700000000000000e+04
7.227600000000000000e+04
7.228900000000000000e+04
7.232200000000000000e+04
7.237600000000000000e+04
7.239600000000000000e+04
7.241200000000000000e+04
7.245100000000000000e+04
7.246100000000000000e+04
7.246200000000000000e+04
7.248100000000000000e+04
7.248700000000000000e+04
7.248900000000000000e+04
7.249500000000000000e+04
7.265000000000000000e+04
7.265900000000000000e+04
7.267800000000000000e+04
7.269700000000000000e+04
7.269800000000000000e+04
7.270400000000000000e+04
7.271400000000000000e+04
7.271900000000000000e+04
7.273400000000000000e+04
7.275600000000000000e+04
7.276000000000000000e+04
7.279000000000000000e+04
7.280500000000000000e+04
7.281700000000000000e+04
7.284200000000000000e+04
7.284800000000000000e+04
7.285200000000000000e+04
7.285300000000000000e+04
7.293100000000000000e+04
7.293400000000000000e+04
7.305800000000000000e+04
7.315400000000000000e+04
7.317900000000000000e+04
7.319000000000000000e+04
7.321000000000000000e+04
7.321700000000000000e+04
7.321900000000000000e+04
7.323100000000000000e+04
7.323500000000000000e+04
7.323700000000000000e+04
7.329300000000000000e+04
7.329500000000000000e+04
7.331400000000000000e+04
7.331500000000000000e+04
7.337100000000000000e+04
7.340000000000000000e+04
7.342700000000000000e+04
7.345800000000000000e+04
7.345900000000000000e+04
7.349000000000000000e+04
7.349300000000000000e+04
7.351900000000000000e+04
7.355600000000000000e+04
7.359600000000000000e+04
7.365800000000000000e+04
7.367500000000000000e+04
7.369300000000000000e+04
7.384500000000000000e+04
7.387200000000000000e+04
7.387300000000000000e+04
7.394800000000000000e+04
7.395300000000000000e+04
7.395500000000000000e+04
7.395600000000000000e+04
7.397100000000000000e+04
7.397200000000000000e+04
7.399500000000000000e+04
7.401300000000000000e+04
7.404300000000000000e+04
7.404600000000000000e+04
7.404700000000000000e+04
7.407000000000000000e+04
7.412000000000000000e+04
7.413600000000000000e+04
7.413700000000000000e+04
7.414400000000000000e+04
7.414500000000000000e+04
7.414600000000000000e+04
7.414800000000000000e+04
7.414900000000000000e+04
7.417900000000000000e+04
7.418100000000000000e+04
7.420500000000000000e+04
7.422100000000000000e+04
7.422700000000000000e+04
7.424100000000000000e+04
7.424200000000000000e+04
7.425300000000000000e+04
7.426500000000000000e+04
7.426700000000000000e+04
7.429000000000000000e+04
7.430100000000000000e+04
7.430200000000000000e+04
7.434300000000000000e+04
7.435300000000000000e+04
7.437500000000000000e+04
7.438900000000000000e+04
7.442800000000000000e+04
7.443700000000000000e+04
7.445400000000000000e+04
7.445500000000000000e+04
7.447400000000000000e+04
7.447600000000000000e+04
7.449900000000000000e+04
7.452700000000000000e+04
7.453900000000000000e+04
7.454400000000000000e+04
7.456400000000000000e+04
7.456900000000000000e+04
7.457000000000000000e+04
7.457100000000000000e+04
7.457200000000000000e+04
7.457400000000000000e+04
7.457500000000000000e+04
7.457600000000000000e+04
7.457700000000000000e+04
7.458500000000000000e+04
7.459400000000000000e+04
7.459600000000000000e+04
7.461300000000000000e+04
7.461500000000000000e+04
7.462200000000000000e+04
7.464100000000000000e+04
7.465200000000000000e+04
7.467400000000000000e+04
7.468700000000000000e+04
7.470800000000000000e+04
7.471800000000000000e+04
7.472900000000000000e+04
7.473500000000000000e+04
7.474900000000000000e+04
7.475400000000000000e+04
7.475500000000000000e+04
7.475600000000000000e+04
7.479000000000000000e+04
7.483700000000000000e+04
7.484000000000000000e+04
7.489300000000000000e+04
7.492000000000000000e+04
7.492100000000000000e+04
7.499700000000000000e+04
7.499800000000000000e+04
7.499900000000000000e+04
7.502900000000000000e+04
7.506500000000000000e+04
7.508700000000000000e+04
7.511100000000000000e+04
7.515400000000000000e+04
7.531300000000000000e+04
7.538500000000000000e+04
7.539000000000000000e+04
7.550400000000000000e+04
7.550600000000000000e+04
7.550800000000000000e+04
7.550900000000000000e+04
7.551600000000000000e+04
7.555800000000000000e+04
7.557300000000000000e+04
7.558600000000000000e+04
7.571100000000000000e+04
7.573700000000000000e+04
7.576000000000000000e+04
7.577400000000000000e+04
7.583900000000000000e+04
7.584400000000000000e+04
7.588700000000000000e+04
7.601300000000000000e+04
7.603000000000000000e+04
7.605300000000000000e+04
7.606700000000000000e+04
7.607900000000000000e+04
7.610300000000000000e+04
7.616800000000000000e+04
7.623100000000000000e+04
7.623600000000000000e+04
7.624300000000000000e+04
7.626000000000000000e+04
7.626400000000000000e+04
7.627300000000000000e+04
7.627800000000000000e+04
7.628300000000000000e+04
7.636400000000000000e+04
7.638900000000000000e+04
7.639000000000000000e+04
7.639600000000000000e+04
7.642000000000000000e+04
7.642200000000000000e+04
7.645100000000000000e+04
7.645400000000000000e+04
7.648400000000000000e+04
7.649200000000000000e+04
7.650500000000000000e+04
7.650600000000000000e+04
7.650700000000000000e+04
7.651000000000000000e+04
7.655800000000000000e+04
7.656500000000000000e+04
7.658400000000000000e+04
7.661600000000000000e+04
7.665500000000000000e+04
7.670100000000000000e+04
7.673200000000000000e+04
7.679500000000000000e+04
7.681100000000000000e+04
7.681200000000000000e+04
7.683600000000000000e+04
7.684800000000000000e+04
7.691900000000000000e+04
7.692000000000000000e+04
7.694500000000000000e+04
7.695800000000000000e+04
7.701500000000000000e+04
7.707900000000000000e+04
7.711800000000000000e+04
7.714900000000000000e+04
7.715700000000000000e+04
7.716100000000000000e+04
7.717300000000000000e+04
7.720300000000000000e+04
7.721900000000000000e+04
7.724000000000000000e+04
7.725000000000000000e+04
7.729000000000000000e+04
7.730200000000000000e+04
7.730900000000000000e+04
7.732300000000000000e+04
7.732900000000000000e+04
7.733000000000000000e+04
7.733500000000000000e+04
7.737500000000000000e+04
7.737600000000000000e+04
7.742200000000000000e+04
7.747300000000000000e+04
7.748200000000000000e+04
7.749800000000000000e+04
7.751200000000000000e+04
7.755900000000000000e+04
7.756300000000000000e+04
7.758800000000000000e+04
7.760400000000000000e+04
7.760700000000000000e+04
7.763900000000000000e+04
7.764700000000000000e+04
7.764900000000000000e+04
7.765700000000000000e+04
7.767300000000000000e+04
7.769700000000000000e+04
7.780800000000000000e+04
7.782700000000000000e+04
7.792400000000000000e+04
7.792600000000000000e+04
7.795300000000000000e+04
7.795500000000000000e+04
7.800100000000000000e+04
7.800700000000000000e+04
7.800900000000000000e+04
7.802200000000000000e+04
7.804600000000000000e+04
7.807200000000000000e+04
7.807300000000000000e+04
7.810800000000000000e+04
7.813300000000000000e+04
7.816500000000000000e+04
7.821300000000000000e+04
7.822000000000000000e+04
7.823000000000000000e+04
7.823200000000000000e+04
7.823400000000000000e+04
7.824900000000000000e+04
7.829700000000000000e+04
7.830500000000000000e+04
7.830700000000000000e+04
7.835500000000000000e+04
7.836800000000000000e+04
7.837400000000000000e+04
7.840100000000000000e+04
7.842700000000000000e+04
7.843300000000000000e+04
7.844200000000000000e+04
7.847200000000000000e+04
7.852300000000000000e+04
7.852800000000000000e+04
7.856800000000000000e+04
7.857100000000000000e+04
7.863200000000000000e+04
7.865500000000000000e+04
7.865600000000000000e+04
7.868400000000000000e+04
7.870900000000000000e+04
7.872300000000000000e+04
7.872400000000000000e+04
7.875900000000000000e+04
7.878400000000000000e+04
7.879500000000000000e+04
7.880100000000000000e+04
7.882900000000000000e+04
7.883000000000000000e+04
7.883600000000000000e+04
7.888700000000000000e+04
7.890300000000000000e+04
7.891200000000000000e+04
7.894100000000000000e+04
7.894200000000000000e+04
7.895900000000000000e+04
7.896100000000000000e+04
7.897400000000000000e+04
7.900300000000000000e+04
7.900900000000000000e+04
7.903600000000000000e+04
7.904900000000000000e+04
7.905100000000000000e+04
7.905400000000000000e+04
7.905900000000000000e+04
7.907800000000000000e+04
7.908100000000000000e+04
7.908200000000000000e+04
7.910800000000000000e+04
7.913000000000000000e+04
7.913500000000000000e+04
7.913700000000000000e+04
7.914200000000000000e+04
7.916700000000000000e+04
7.918600000000000000e+04
7.918900000000000000e+04
7.919400000000000000e+04
7.921800000000000000e+04
7.926600000000000000e+04
7.926700000000000000e+04
7.932300000000000000e+04
7.940800000000000000e+04
7.941100000000000000e+04
7.944300000000000000e+04
7.944900000000000000e+04
7.945000000000000000e+04
7.945100000000000000e+04
7.947800000000000000e+04
7.952800000000000000e+04
7.953200000000000000e+04
7.954500000000000000e+04
7.958000000000000000e+04
7.960500000000000000e+04
7.963200000000000000e+04
7.966200000000000000e+04
7.970600000000000000e+04
7.975400000000000000e+04
7.978000000000000000e+04
7.978700000000000000e+04
7.979500000000000000e+04
7.983100000000000000e+04
7.984400000000000000e+04
7.986000000000000000e+04
7.989300000000000000e+04
7.989600000000000000e+04
7.989800000000000000e+04
7.989900000000000000e+04
7.990600000000000000e+04
7.990700000000000000e+04
7.993200000000000000e+04
7.996400000000000000e+04
7.998800000000000000e+04
7.998900000000000000e+04
7.999100000000000000e+04
7.999400000000000000e+04
8.000200000000000000e+04
8.002100000000000000e+04
8.005400000000000000e+04
8.005600000000000000e+04
8.005900000000000000e+04
8.009600000000000000e+04
8.011700000000000000e+04
8.014400000000000000e+04
8.014600000000000000e+04
8.014800000000000000e+04
8.015000000000000000e+04
8.015600000000000000e+04
8.018200000000000000e+04
8.019900000000000000e+04
8.020000000000000000e+04
8.023600000000000000e+04
8.024400000000000000e+04
8.024500000000000000e+04
8.027300000000000000e+04
8.029900000000000000e+04
8.031300000000000000e+04
8.034200000000000000e+04
8.036000000000000000e+04
8.037600000000000000e+04
8.038500000000000000e+04
8.039800000000000000e+04
8.043100000000000000e+04
8.044100000000000000e+04
8.045100000000000000e+04
8.045200000000000000e+04
8.046000000000000000e+04
8.047100000000000000e+04
8.048800000000000000e+04
8.049300000000000000e+04
8.050500000000000000e+04
8.050600000000000000e+04
8.054600000000000000e+04
8.056700000000000000e+04
8.059200000000000000e+04
8.060900000000000000e+04
8.065500000000000000e+04
8.067700000000000000e+04
8.073700000000000000e+04
8.077400000000000000e+04
8.077700000000000000e+04
8.079900000000000000e+04
8.080300000000000000e+04
8.085200000000000000e+04
8.086900000000000000e+04
8.087700000000000000e+04
8.090100000000000000e+04
8.090500000000000000e+04
8.091400000000000000e+04
8.091700000000000000e+04
8.095100000000000000e+04
8.101400000000000000e+04
8.102000000000000000e+04
8.102800000000000000e+04
8.103300000000000000e+04
8.105500000000000000e+04
8.106000000000000000e+04
8.109800000000000000e+04
8.110900000000000000e+04
8.111500000000000000e+04
8.113100000000000000e+04
8.113500000000000000e+04
8.124300000000000000e+04
8.125400000000000000e+04
8.130700000000000000e+04
8.132600000000000000e+04
8.134400000000000000e+04
8.134600000000000000e+04
8.137400000000000000e+04
8.141900000000000000e+04
8.143400000000000000e+04
8.147600000000000000e+04
8.149100000000000000e+04
8.151600000000000000e+04
8.159300000000000000e+04
8.159400000000000000e+04
8.162600000000000000e+04
8.163500000000000000e+04
8.164800000000000000e+04
8.166200000000000000e+04
8.172100000000000000e+04
8.174600000000000000e+04
8.181400000000000000e+04
8.183400000000000000e+04
8.185600000000000000e+04
8.187200000000000000e+04
8.192000000000000000e+04
8.193000000000000000e+04
8.194800000000000000e+04
8.195100000000000000e+04
8.195600000000000000e+04
8.196200000000000000e+04
8.198700000000000000e+04
8.198800000000000000e+04
8.198900000000000000e+04
8.199000000000000000e+04
8.199200000000000000e+04
8.200400000000000000e+04
8.200600000000000000e+04
8.200700000000000000e+04
8.200800000000000000e+04
8.204000000000000000e+04
8.204600000000000000e+04
8.205400000000000000e+04
8.207000000000000000e+04
8.216000000000000000e+04
8.216100000000000000e+04
8.217100000000000000e+04
8.219900000000000000e+04
8.227700000000000000e+04
8.230000000000000000e+04
8.230600000000000000e+04
8.231100000000000000e+04
8.231800000000000000e+04
8.233100000000000000e+04
8.239000000000000000e+04
8.243300000000000000e+04
8.246400000000000000e+04
8.247200000000000000e+04
8.252400000000000000e+04
8.253000000000000000e+04
8.258200000000000000e+04
8.258400000000000000e+04
8.261900000000000000e+04
8.262300000000000000e+04
8.262700000000000000e+04
8.263200000000000000e+04
8.263500000000000000e+04
8.264500000000000000e+04
8.265800000000000000e+04
8.266200000000000000e+04
8.268200000000000000e+04
8.268600000000000000e+04
8.269600000000000000e+04
8.270900000000000000e+04
8.271000000000000000e+04
8.271300000000000000e+04
8.273500000000000000e+04
8.274200000000000000e+04
8.275500000000000000e+04
8.277000000000000000e+04
8.277100000000000000e+04
8.278400000000000000e+04
8.279100000000000000e+04
8.282200000000000000e+04
8.290300000000000000e+04
8.293500000000000000e+04
8.294900000000000000e+04
8.296000000000000000e+04
8.298300000000000000e+04
8.299300000000000000e+04
8.299600000000000000e+04
8.299800000000000000e+04
8.305700000000000000e+04
8.314400000000000000e+04
8.315400000000000000e+04
8.320300000000000000e+04
8.321300000000000000e+04
8.321400000000000000e+04
8.322300000000000000e+04
8.326300000000000000e+04
8.327600000000000000e+04
8.329000000000000000e+04
8.330900000000000000e+04
8.331200000000000000e+04
8.338000000000000000e+04
8.342400000000000000e+04
8.343500000000000000e+04
8.343900000000000000e+04
8.345600000000000000e+04
8.346800000000000000e+04
8.347900000000000000e+04
8.352500000000000000e+04
8.353500000000000000e+04
8.357100000000000000e+04
8.357200000000000000e+04
8.363500000000000000e+04
8.363600000000000000e+04
8.369300000000000000e+04
8.369500000000000000e+04
8.370200000000000000e+04
8.372400000000000000e+04
8.372700000000000000e+04
8.372800000000000000e+04
8.372900000000000000e+04
8.373000000000000000e+04
8.373200000000000000e+04
8.374200000000000000e+04
8.374300000000000000e+04
8.374800000000000000e+04
8.378000000000000000e+04
8.378100000000000000e+04
8.378200000000000000e+04
8.378300000000000000e+04
8.380200000000000000e+04
8.383000000000000000e+04
8.386500000000000000e+04
8.407500000000000000e+04
8.410000000000000000e+04
8.411900000000000000e+04
8.416000000000000000e+04
8.418000000000000000e+04
8.419100000000000000e+04
8.420300000000000000e+04
8.423800000000000000e+04
8.425600000000000000e+04
8.426700000000000000e+04
8.432600000000000000e+04
8.433000000000000000e+04
8.433100000000000000e+04
8.434000000000000000e+04
8.434100000000000000e+04
8.436100000000000000e+04
8.439100000000000000e+04
8.439400000000000000e+04
8.439900000000000000e+04
8.441200000000000000e+04
8.442100000000000000e+04
8.444200000000000000e+04
8.444700000000000000e+04
8.445600000000000000e+04
8.448300000000000000e+04
8.449600000000000000e+04
8.452200000000000000e+04
8.452600000000000000e+04
8.456700000000000000e+04
8.458500000000000000e+04
8.460900000000000000e+04
8.461000000000000000e+04
8.463800000000000000e+04
8.464100000000000000e+04
8.464300000000000000e+04
8.466900000000000000e+04
8.467000000000000000e+04
8.467100000000000000e+04
8.467600000000000000e+04
8.467700000000000000e+04
8.469900000000000000e+04
8.470200000000000000e+04
8.474300000000000000e+04
8.475000000000000000e+04
8.475100000000000000e+04
8.476700000000000000e+04
8.481800000000000000e+04
8.483000000000000000e+04
8.487200000000000000e+04
8.491100000000000000e+04
8.495900000000000000e+04
8.496000000000000000e+04
8.498700000000000000e+04
8.499300000000000000e+04
8.510000000000000000e+04
8.510200000000000000e+04
8.514500000000000000e+04
8.521200000000000000e+04
8.522100000000000000e+04
8.525500000000000000e+04
8.534000000000000000e+04
8.535000000000000000e+04
8.537200000000000000e+04
8.537300000000000000e+04
8.539300000000000000e+04
8.540700000000000000e+04
8.541600000000000000e+04
8.541900000000000000e+04
8.542000000000000000e+04
8.543400000000000000e+04
8.544400000000000000e+04
8.544800000000000000e+04
8.545600000000000000e+04
8.549500000000000000e+04
8.550500000000000000e+04
8.550700000000000000e+04
8.550900000000000000e+04
8.553300000000000000e+04
8.553400000000000000e+04
8.557100000000000000e+04
8.560200000000000000e+04
8.560600000000000000e+04
8.566500000000000000e+04
8.568500000000000000e+04
8.569200000000000000e+04
8.570000000000000000e+04
8.570100000000000000e+04
8.570300000000000000e+04
8.571300000000000000e+04
8.578100000000000000e+04
8.579000000000000000e+04
8.579800000000000000e+04
8.579900000000000000e+04
8.580000000000000000e+04
8.580300000000000000e+04
8.582600000000000000e+04
8.585700000000000000e+04
8.589100000000000000e+04
8.593300000000000000e+04
8.595900000000000000e+04
8.598100000000000000e+04
8.603400000000000000e+04
8.604000000000000000e+04
8.604600000000000000e+04
8.606000000000000000e+04
8.606700000000000000e+04
8.609000000000000000e+04
8.613500000000000000e+04
8.615900000000000000e+04
8.616200000000000000e+04
8.616400000000000000e+04
8.618600000000000000e+04
8.620900000000000000e+04
8.622500000000000000e+04
8.626700000000000000e+04
8.630800000000000000e+04
8.630900000000000000e+04
8.633100000000000000e+04
8.634900000000000000e+04
8.637300000000000000e+04
8.638100000000000000e+04
8.639400000000000000e+04
8.640400000000000000e+04
8.646300000000000000e+04
8.650400000000000000e+04
8.650500000000000000e+04
8.651400000000000000e+04
8.654200000000000000e+04
8.657200000000000000e+04
8.659200000000000000e+04
8.661400000000000000e+04
8.665100000000000000e+04
8.665300000000000000e+04
8.672500000000000000e+04
8.673400000000000000e+04
8.674400000000000000e+04
8.674800000000000000e+04
8.681400000000000000e+04
8.684500000000000000e+04
8.686400000000000000e+04
8.688500000000000000e+04
8.691800000000000000e+04
8.702200000000000000e+04
8.714600000000000000e+04
8.714700000000000000e+04
8.715200000000000000e+04
8.715400000000000000e+04
8.720900000000000000e+04
8.721300000000000000e+04
8.721400000000000000e+04
