9.700000000000000000e+01
1.040000000000000000e+02
1.590000000000000000e+02
1.650000000000000000e+02
2.160000000000000000e+02
5.570000000000000000e+02
5.660000000000000000e+02
5.760000000000000000e+02
7.630000000000000000e+02
9.080000000000000000e+02
1.022000000000000000e+03
1.023000000000000000e+03
1.135000000000000000e+03
1.144000000000000000e+03
1.147000000000000000e+03
1.170000000000000000e+03
1.181000000000000000e+03
1.212000000000000000e+03
1.224000000000000000e+03
1.245000000000000000e+03
1.255000000000000000e+03
1.371000000000000000e+03
1.396000000000000000e+03
1.411000000000000000e+03
1.420000000000000000e+03
1.436000000000000000e+03
1.439000000000000000e+03
1.511000000000000000e+03
1.598000000000000000e+03
1.609000000000000000e+03
1.615000000000000000e+03
1.686000000000000000e+03
1.689000000000000000e+03
1.750000000000000000e+03
1.760000000000000000e+03
1.803000000000000000e+03
1.831000000000000000e+03
1.863000000000000000e+03
1.883000000000000000e+03
1.930000000000000000e+03
1.990000000000000000e+03
2.027000000000000000e+03
2.042000000000000000e+03
2.043000000000000000e+03
2.048000000000000000e+03
2.077000000000000000e+03
2.095000000000000000e+03
2.097000000000000000e+03
2.143000000000000000e+03
2.144000000000000000e+03
2.213000000000000000e+03
2.228000000000000000e+03
2.278000000000000000e+03
2.283000000000000000e+03
2.298000000000000000e+03
2.380000000000000000e+03
2.423000000000000000e+03
2.482000000000000000e+03
2.521000000000000000e+03
2.523000000000000000e+03
2.544000000000000000e+03
2.566000000000000000e+03
2.628000000000000000e+03
2.630000000000000000e+03
2.668000000000000000e+03
2.705000000000000000e+03
2.725000000000000000e+03
2.754000000000000000e+03
2.777000000000000000e+03
2.804000000000000000e+03
2.815000000000000000e+03
2.842000000000000000e+03
2.874000000000000000e+03
2.882000000000000000e+03
2.886000000000000000e+03
2.887000000000000000e+03
2.894000000000000000e+03
2.908000000000000000e+03
2.920000000000000000e+03
2.922000000000000000e+03
2.928000000000000000e+03
2.933000000000000000e+03
2.946000000000000000e+03
2.958000000000000000e+03
2.968000000000000000e+03
3.013000000000000000e+03
3.015000000000000000e+03
3.028000000000000000e+03
3.029000000000000000e+03
3.032000000000000000e+03
3.038000000000000000e+03
3.075000000000000000e+03
3.080000000000000000e+03
3.108000000000000000e+03
3.120000000000000000e+03
3.129000000000000000e+03
3.131000000000000000e+03
3.132000000000000000e+03
3.137000000000000000e+03
3.150000000000000000e+03
3.194000000000000000e+03
3.206000000000000000e+03
3.210000000000000000e+03
3.249000000000000000e+03
3.252000000000000000e+03
3.255000000000000000e+03
3.290000000000000000e+03
3.329000000000000000e+03
3.337000000000000000e+03
3.376000000000000000e+03
3.448000000000000000e+03
3.449000000000000000e+03
3.454000000000000000e+03
3.474000000000000000e+03
3.483000000000000000e+03
3.494000000000000000e+03
3.517000000000000000e+03
3.528000000000000000e+03
3.537000000000000000e+03
3.544000000000000000e+03
3.547000000000000000e+03
3.556000000000000000e+03
3.557000000000000000e+03
3.568000000000000000e+03
3.572000000000000000e+03
3.583000000000000000e+03
3.586000000000000000e+03
3.619000000000000000e+03
3.640000000000000000e+03
3.711000000000000000e+03
3.716000000000000000e+03
3.719000000000000000e+03
3.720000000000000000e+03
3.738000000000000000e+03
3.759000000000000000e+03
3.786000000000000000e+03
3.913000000000000000e+03
3.932000000000000000e+03
3.949000000000000000e+03
3.957000000000000000e+03
4.012000000000000000e+03
4.018000000000000000e+03
4.079000000000000000e+03
4.097000000000000000e+03
4.098000000000000000e+03
4.112000000000000000e+03
4.118000000000000000e+03
4.130000000000000000e+03
4.148000000000000000e+03
4.156000000000000000e+03
4.205000000000000000e+03
4.208000000000000000e+03
4.217000000000000000e+03
4.239000000000000000e+03
4.246000000000000000e+03
4.255000000000000000e+03
4.263000000000000000e+03
4.287000000000000000e+03
4.303000000000000000e+03
4.341000000000000000e+03
4.349000000000000000e+03
4.355000000000000000e+03
4.390000000000000000e+03
4.398000000000000000e+03
4.405000000000000000e+03
4.408000000000000000e+03
4.409000000000000000e+03
4.432000000000000000e+03
4.436000000000000000e+03
4.437000000000000000e+03
4.457000000000000000e+03
4.459000000000000000e+03
4.464000000000000000e+03
4.503000000000000000e+03
4.524000000000000000e+03
4.535000000000000000e+03
4.563000000000000000e+03
4.587000000000000000e+03
4.594000000000000000e+03
4.627000000000000000e+03
4.631000000000000000e+03
4.642000000000000000e+03
4.658000000000000000e+03
4.664000000000000000e+03
4.680000000000000000e+03
4.699000000000000000e+03
4.754000000000000000e+03
4.797000000000000000e+03
4.815000000000000000e+03
4.830000000000000000e+03
4.853000000000000000e+03
4.871000000000000000e+03
4.901000000000000000e+03
4.922000000000000000e+03
4.934000000000000000e+03
4.960000000000000000e+03
4.964000000000000000e+03
4.985000000000000000e+03
4.997000000000000000e+03
5.046000000000000000e+03
5.107000000000000000e+03
5.111000000000000000e+03
5.145000000000000000e+03
5.180000000000000000e+03
5.189000000000000000e+03
5.195000000000000000e+03
5.221000000000000000e+03
5.240000000000000000e+03
5.241000000000000000e+03
5.244000000000000000e+03
5.260000000000000000e+03
5.263000000000000000e+03
5.318000000000000000e+03
5.339000000000000000e+03
5.349000000000000000e+03
5.371000000000000000e+03
5.425000000000000000e+03
5.452000000000000000e+03
5.454000000000000000e+03
5.465000000000000000e+03
5.470000000000000000e+03
5.483000000000000000e+03
5.484000000000000000e+03
5.497000000000000000e+03
5.536000000000000000e+03
5.543000000000000000e+03
5.639000000000000000e+03
5.643000000000000000e+03
5.647000000000000000e+03
5.648000000000000000e+03
5.661000000000000000e+03
5.663000000000000000e+03
5.670000000000000000e+03
5.672000000000000000e+03
5.681000000000000000e+03
5.693000000000000000e+03
5.708000000000000000e+03
5.723000000000000000e+03
5.741000000000000000e+03
5.748000000000000000e+03
5.769000000000000000e+03
5.772000000000000000e+03
5.806000000000000000e+03
5.851000000000000000e+03
5.870000000000000000e+03
5.871000000000000000e+03
5.920000000000000000e+03
5.933000000000000000e+03
5.941000000000000000e+03
5.972000000000000000e+03
5.981000000000000000e+03
6.031000000000000000e+03
6.064000000000000000e+03
6.073000000000000000e+03
6.095000000000000000e+03
6.110000000000000000e+03
6.113000000000000000e+03
6.125000000000000000e+03
6.153000000000000000e+03
6.179000000000000000e+03
6.213000000000000000e+03
6.240000000000000000e+03
6.264000000000000000e+03
6.277000000000000000e+03
6.300000000000000000e+03
6.354000000000000000e+03
6.355000000000000000e+03
6.359000000000000000e+03
6.480000000000000000e+03
6.521000000000000000e+03
6.522000000000000000e+03
6.594000000000000000e+03
6.636000000000000000e+03
6.648000000000000000e+03
6.673000000000000000e+03
6.681000000000000000e+03
6.683000000000000000e+03
6.703000000000000000e+03
6.719000000000000000e+03
6.762000000000000000e+03
6.775000000000000000e+03
6.777000000000000000e+03
6.782000000000000000e+03
6.807000000000000000e+03
6.839000000000000000e+03
6.868000000000000000e+03
6.877000000000000000e+03
6.881000000000000000e+03
6.901000000000000000e+03
6.947000000000000000e+03
6.977000000000000000e+03
6.988000000000000000e+03
6.989000000000000000e+03
7.000000000000000000e+03
7.032000000000000000e+03
7.041000000000000000e+03
7.048000000000000000e+03
7.050000000000000000e+03
7.068000000000000000e+03
7.081000000000000000e+03
7.134000000000000000e+03
7.200000000000000000e+03
7.209000000000000000e+03
7.211000000000000000e+03
7.212000000000000000e+03
7.236000000000000000e+03
7.242000000000000000e+03
7.245000000000000000e+03
7.259000000000000000e+03
7.263000000000000000e+03
7.267000000000000000e+03
7.306000000000000000e+03
7.335000000000000000e+03
7.338000000000000000e+03
7.342000000000000000e+03
7.350000000000000000e+03
7.374000000000000000e+03
7.403000000000000000e+03
7.418000000000000000e+03
7.424000000000000000e+03
7.471000000000000000e+03
7.479000000000000000e+03
7.523000000000000000e+03
7.529000000000000000e+03
7.554000000000000000e+03
7.587000000000000000e+03
7.624000000000000000e+03
7.643000000000000000e+03
7.666000000000000000e+03
7.685000000000000000e+03
7.698000000000000000e+03
7.771000000000000000e+03
7.796000000000000000e+03
7.810000000000000000e+03
7.816000000000000000e+03
7.822000000000000000e+03
7.824000000000000000e+03
7.849000000000000000e+03
7.887000000000000000e+03
7.888000000000000000e+03
7.895000000000000000e+03
7.903000000000000000e+03
7.914000000000000000e+03
7.943000000000000000e+03
7.970000000000000000e+03
7.983000000000000000e+03
7.987000000000000000e+03
7.993000000000000000e+03
8.032000000000000000e+03
8.062000000000000000e+03
8.064000000000000000e+03
8.097000000000000000e+03
8.100000000000000000e+03
8.103000000000000000e+03
8.114000000000000000e+03
8.118000000000000000e+03
8.178000000000000000e+03
8.181000000000000000e+03
8.191000000000000000e+03
8.196000000000000000e+03
8.198000000000000000e+03
8.232000000000000000e+03
8.236000000000000000e+03
8.258000000000000000e+03
8.269000000000000000e+03
8.322000000000000000e+03
8.336000000000000000e+03
8.359000000000000000e+03
8.377000000000000000e+03
8.390000000000000000e+03
8.391000000000000000e+03
8.422000000000000000e+03
8.424000000000000000e+03
8.534000000000000000e+03
8.563000000000000000e+03
8.564000000000000000e+03
8.609000000000000000e+03
8.620000000000000000e+03
8.627000000000000000e+03
8.634000000000000000e+03
8.647000000000000000e+03
8.649000000000000000e+03
8.690000000000000000e+03
8.715000000000000000e+03
8.724000000000000000e+03
8.776000000000000000e+03
8.820000000000000000e+03
8.824000000000000000e+03
8.831000000000000000e+03
8.832000000000000000e+03
8.844000000000000000e+03
8.859000000000000000e+03
8.863000000000000000e+03
8.900000000000000000e+03
8.969000000000000000e+03
8.976000000000000000e+03
8.977000000000000000e+03
8.978000000000000000e+03
8.980000000000000000e+03
8.990000000000000000e+03
8.992000000000000000e+03
8.999000000000000000e+03
9.003000000000000000e+03
9.024000000000000000e+03
9.030000000000000000e+03
9.045000000000000000e+03
9.062000000000000000e+03
9.075000000000000000e+03
9.086000000000000000e+03
9.087000000000000000e+03
9.139000000000000000e+03
9.211000000000000000e+03
9.289000000000000000e+03
9.308000000000000000e+03
9.327000000000000000e+03
9.342000000000000000e+03
9.380000000000000000e+03
9.388000000000000000e+03
9.391000000000000000e+03
9.394000000000000000e+03
9.396000000000000000e+03
9.429000000000000000e+03
9.462000000000000000e+03
9.467000000000000000e+03
9.477000000000000000e+03
9.487000000000000000e+03
9.489000000000000000e+03
9.490000000000000000e+03
9.502000000000000000e+03
9.520000000000000000e+03
9.531000000000000000e+03
9.538000000000000000e+03
9.572000000000000000e+03
9.594000000000000000e+03
9.596000000000000000e+03
9.618000000000000000e+03
9.620000000000000000e+03
9.650000000000000000e+03
9.691000000000000000e+03
9.704000000000000000e+03
9.720000000000000000e+03
9.723000000000000000e+03
9.747000000000000000e+03
9.824000000000000000e+03
9.843000000000000000e+03
9.845000000000000000e+03
9.850000000000000000e+03
9.865000000000000000e+03
9.866000000000000000e+03
9.908000000000000000e+03
9.915000000000000000e+03
9.939000000000000000e+03
9.966000000000000000e+03
9.980000000000000000e+03
1.001000000000000000e+04
1.007700000000000000e+04
1.009500000000000000e+04
1.009700000000000000e+04
1.011600000000000000e+04
1.012200000000000000e+04
1.012700000000000000e+04
1.014500000000000000e+04
1.015200000000000000e+04
1.015400000000000000e+04
1.016800000000000000e+04
1.017100000000000000e+04
1.017400000000000000e+04
1.019200000000000000e+04
1.020900000000000000e+04
1.022800000000000000e+04
1.025200000000000000e+04
1.026200000000000000e+04
1.026900000000000000e+04
1.031800000000000000e+04
1.032800000000000000e+04
1.034300000000000000e+04
1.035800000000000000e+04
1.036600000000000000e+04
1.037800000000000000e+04
1.047600000000000000e+04
1.051600000000000000e+04
1.052800000000000000e+04
1.053400000000000000e+04
1.058500000000000000e+04
1.058800000000000000e+04
1.060800000000000000e+04
1.063600000000000000e+04
1.063800000000000000e+04
1.064900000000000000e+04
1.067700000000000000e+04
1.072100000000000000e+04
1.073500000000000000e+04
1.073800000000000000e+04
1.074400000000000000e+04
1.078400000000000000e+04
1.079600000000000000e+04
1.084700000000000000e+04
1.085200000000000000e+04
1.085300000000000000e+04
1.085400000000000000e+04
1.086000000000000000e+04
1.088400000000000000e+04
1.089000000000000000e+04
1.091100000000000000e+04
1.091200000000000000e+04
1.091900000000000000e+04
1.095000000000000000e+04
1.095900000000000000e+04
1.096000000000000000e+04
1.096600000000000000e+04
1.101400000000000000e+04
1.104400000000000000e+04
1.107500000000000000e+04
1.109500000000000000e+04
1.114100000000000000e+04
1.115400000000000000e+04
1.116300000000000000e+04
1.117000000000000000e+04
1.118100000000000000e+04
1.122300000000000000e+04
1.127800000000000000e+04
1.127900000000000000e+04
1.128900000000000000e+04
1.133400000000000000e+04
1.133700000000000000e+04
1.135900000000000000e+04
1.137600000000000000e+04
1.137700000000000000e+04
1.138000000000000000e+04
1.139900000000000000e+04
1.143000000000000000e+04
1.145000000000000000e+04
1.145100000000000000e+04
1.145700000000000000e+04
1.147800000000000000e+04
1.148600000000000000e+04
1.149700000000000000e+04
1.150400000000000000e+04
1.150500000000000000e+04
1.151400000000000000e+04
1.153100000000000000e+04
1.155200000000000000e+04
1.155600000000000000e+04
1.159800000000000000e+04
1.166600000000000000e+04
1.167200000000000000e+04
1.167800000000000000e+04
1.168300000000000000e+04
1.169300000000000000e+04
1.174400000000000000e+04
1.174600000000000000e+04
1.175300000000000000e+04
1.176400000000000000e+04
1.181700000000000000e+04
1.186000000000000000e+04
1.188000000000000000e+04
1.188200000000000000e+04
1.188300000000000000e+04
1.188400000000000000e+04
1.188500000000000000e+04
1.190100000000000000e+04
1.192100000000000000e+04
1.194400000000000000e+04
1.194500000000000000e+04
1.202700000000000000e+04
1.207600000000000000e+04
1.209600000000000000e+04
1.210300000000000000e+04
1.211900000000000000e+04
1.214000000000000000e+04
1.214900000000000000e+04
1.215000000000000000e+04
1.217400000000000000e+04
1.221500000000000000e+04
1.232000000000000000e+04
1.234300000000000000e+04
1.239100000000000000e+04
1.252300000000000000e+04
1.254600000000000000e+04
1.256600000000000000e+04
1.264700000000000000e+04
1.275000000000000000e+04
1.277000000000000000e+04
1.278500000000000000e+04
1.279300000000000000e+04
1.281800000000000000e+04
1.283100000000000000e+04
1.283200000000000000e+04
1.283300000000000000e+04
1.284700000000000000e+04
1.286100000000000000e+04
1.286700000000000000e+04
1.287100000000000000e+04
1.287600000000000000e+04
1.288700000000000000e+04
1.288800000000000000e+04
1.292300000000000000e+04
1.294200000000000000e+04
1.296400000000000000e+04
1.306200000000000000e+04
1.311700000000000000e+04
1.313200000000000000e+04
1.314300000000000000e+04
1.314800000000000000e+04
1.315100000000000000e+04
1.320500000000000000e+04
1.321200000000000000e+04
1.324200000000000000e+04
1.326200000000000000e+04
1.328300000000000000e+04
1.330900000000000000e+04
1.339800000000000000e+04
1.342200000000000000e+04
1.348400000000000000e+04
1.351300000000000000e+04
1.352200000000000000e+04
1.352500000000000000e+04
1.353300000000000000e+04
1.354000000000000000e+04
1.357200000000000000e+04
1.365000000000000000e+04
1.372900000000000000e+04
1.373400000000000000e+04
1.374900000000000000e+04
1.382300000000000000e+04
1.383000000000000000e+04
1.383300000000000000e+04
1.383800000000000000e+04
1.383900000000000000e+04
1.386400000000000000e+04
1.386500000000000000e+04
1.387100000000000000e+04
1.392000000000000000e+04
1.392700000000000000e+04
1.402600000000000000e+04
1.404400000000000000e+04
1.407100000000000000e+04
1.407600000000000000e+04
1.411000000000000000e+04
1.413800000000000000e+04
1.414300000000000000e+04
1.414700000000000000e+04
1.417600000000000000e+04
1.419000000000000000e+04
1.421600000000000000e+04
1.423100000000000000e+04
1.423800000000000000e+04
1.425600000000000000e+04
1.425800000000000000e+04
1.429600000000000000e+04
1.431900000000000000e+04
1.433500000000000000e+04
1.435600000000000000e+04
1.442600000000000000e+04
1.444000000000000000e+04
1.446500000000000000e+04
1.449600000000000000e+04
1.452600000000000000e+04
1.454900000000000000e+04
1.459000000000000000e+04
1.465900000000000000e+04
1.470600000000000000e+04
1.471000000000000000e+04
1.473100000000000000e+04
1.478600000000000000e+04
1.482700000000000000e+04
1.483500000000000000e+04
1.485600000000000000e+04
1.486000000000000000e+04
1.487400000000000000e+04
1.488000000000000000e+04
1.490000000000000000e+04
1.491300000000000000e+04
1.491600000000000000e+04
1.495200000000000000e+04
1.498000000000000000e+04
1.505600000000000000e+04
1.509500000000000000e+04
1.509800000000000000e+04
1.511100000000000000e+04
1.511200000000000000e+04
1.512400000000000000e+04
1.512600000000000000e+04
1.513300000000000000e+04
1.514100000000000000e+04
1.520000000000000000e+04
1.521300000000000000e+04
1.533400000000000000e+04
1.535300000000000000e+04
1.536300000000000000e+04
1.537700000000000000e+04
1.538600000000000000e+04
1.539600000000000000e+04
1.541900000000000000e+04
1.542000000000000000e+04
1.542700000000000000e+04
1.543600000000000000e+04
1.546400000000000000e+04
1.550100000000000000e+04
1.551400000000000000e+04
1.551500000000000000e+04
1.552500000000000000e+04
1.553400000000000000e+04
1.554600000000000000e+04
1.564400000000000000e+04
1.575900000000000000e+04
1.576400000000000000e+04
1.579100000000000000e+04
1.581200000000000000e+04
1.589100000000000000e+04
1.589400000000000000e+04
1.590000000000000000e+04
1.590500000000000000e+04
1.598000000000000000e+04
1.598600000000000000e+04
1.600500000000000000e+04
1.601500000000000000e+04
1.601700000000000000e+04
1.602900000000000000e+04
1.605600000000000000e+04
1.616500000000000000e+04
1.617700000000000000e+04
1.617800000000000000e+04
1.621000000000000000e+04
1.622000000000000000e+04
1.623300000000000000e+04
1.624400000000000000e+04
1.626000000000000000e+04
1.631900000000000000e+04
1.635300000000000000e+04
1.638300000000000000e+04
1.640200000000000000e+04
1.643500000000000000e+04
1.644500000000000000e+04
1.649600000000000000e+04
1.651900000000000000e+04
1.653700000000000000e+04
1.656500000000000000e+04
1.658200000000000000e+04
1.662700000000000000e+04
1.663800000000000000e+04
1.666500000000000000e+04
1.666800000000000000e+04
1.668000000000000000e+04
1.673600000000000000e+04
1.674300000000000000e+04
1.677200000000000000e+04
1.678000000000000000e+04
1.678200000000000000e+04
1.682500000000000000e+04
1.682800000000000000e+04
1.682900000000000000e+04
1.683100000000000000e+04
1.686400000000000000e+04
1.686500000000000000e+04
1.692300000000000000e+04
1.694700000000000000e+04
1.699100000000000000e+04
1.702100000000000000e+04
1.702200000000000000e+04
1.703600000000000000e+04
1.704200000000000000e+04
1.704500000000000000e+04
1.705100000000000000e+04
1.706700000000000000e+04
1.707600000000000000e+04
1.709100000000000000e+04
1.710000000000000000e+04
1.711700000000000000e+04
1.713800000000000000e+04
1.714000000000000000e+04
1.714600000000000000e+04
1.721100000000000000e+04
1.726500000000000000e+04
1.728300000000000000e+04
1.734700000000000000e+04
1.743900000000000000e+04
1.745100000000000000e+04
1.752700000000000000e+04
1.753300000000000000e+04
1.754600000000000000e+04
1.760900000000000000e+04
1.762600000000000000e+04
1.765500000000000000e+04
1.766300000000000000e+04
1.769900000000000000e+04
1.783700000000000000e+04
1.786600000000000000e+04
1.789200000000000000e+04
1.790300000000000000e+04
1.790900000000000000e+04
1.792800000000000000e+04
1.802800000000000000e+04
1.806400000000000000e+04
1.810200000000000000e+04
1.813100000000000000e+04
1.818800000000000000e+04
1.823200000000000000e+04
1.831200000000000000e+04
1.831500000000000000e+04
1.837000000000000000e+04
1.838700000000000000e+04
1.839000000000000000e+04
1.839200000000000000e+04
1.841100000000000000e+04
1.841400000000000000e+04
1.843000000000000000e+04
1.848200000000000000e+04
1.848800000000000000e+04
1.849100000000000000e+04
1.849500000000000000e+04
1.850000000000000000e+04
1.852000000000000000e+04
1.856400000000000000e+04
1.860500000000000000e+04
1.864700000000000000e+04
1.865600000000000000e+04
1.869800000000000000e+04
1.870200000000000000e+04
1.871400000000000000e+04
1.873800000000000000e+04
1.878100000000000000e+04
1.879200000000000000e+04
1.882000000000000000e+04
1.885000000000000000e+04
1.886100000000000000e+04
1.886500000000000000e+04
1.889700000000000000e+04
1.898900000000000000e+04
1.900200000000000000e+04
1.902900000000000000e+04
1.912100000000000000e+04
1.912600000000000000e+04
1.921300000000000000e+04
1.926400000000000000e+04
1.926500000000000000e+04
1.926600000000000000e+04
1.932500000000000000e+04
1.934800000000000000e+04
1.937100000000000000e+04
1.937900000000000000e+04
1.938000000000000000e+04
1.939400000000000000e+04
1.940600000000000000e+04
1.949300000000000000e+04
1.954400000000000000e+04
1.957800000000000000e+04
1.959700000000000000e+04
1.962400000000000000e+04
1.964900000000000000e+04
1.969100000000000000e+04
1.970200000000000000e+04
1.971700000000000000e+04
1.972300000000000000e+04
1.980200000000000000e+04
1.980900000000000000e+04
1.984800000000000000e+04
1.986400000000000000e+04
1.986500000000000000e+04
2.004000000000000000e+04
2.007800000000000000e+04
2.011300000000000000e+04
2.014900000000000000e+04
2.015000000000000000e+04
2.015900000000000000e+04
2.016700000000000000e+04
2.023200000000000000e+04
2.023600000000000000e+04
2.023900000000000000e+04
2.024300000000000000e+04
2.034600000000000000e+04
2.036300000000000000e+04
2.042200000000000000e+04
2.042800000000000000e+04
2.044400000000000000e+04
2.046500000000000000e+04
2.058200000000000000e+04
2.069300000000000000e+04
2.077800000000000000e+04
2.079300000000000000e+04
2.080200000000000000e+04
2.083700000000000000e+04
2.086300000000000000e+04
2.090100000000000000e+04
2.106200000000000000e+04
2.108100000000000000e+04
2.108900000000000000e+04
2.109600000000000000e+04
2.110600000000000000e+04
2.112900000000000000e+04
2.117300000000000000e+04
2.117500000000000000e+04
2.119200000000000000e+04
2.120100000000000000e+04
2.120400000000000000e+04
2.120600000000000000e+04
2.121000000000000000e+04
2.121600000000000000e+04
2.121900000000000000e+04
2.122100000000000000e+04
2.123100000000000000e+04
2.124100000000000000e+04
2.125000000000000000e+04
2.126800000000000000e+04
2.127500000000000000e+04
2.127600000000000000e+04
2.129100000000000000e+04
2.132800000000000000e+04
2.134200000000000000e+04
2.135500000000000000e+04
2.136300000000000000e+04
2.139200000000000000e+04
2.140600000000000000e+04
2.141200000000000000e+04
2.143300000000000000e+04
2.147200000000000000e+04
2.147300000000000000e+04
2.148300000000000000e+04
2.149000000000000000e+04
2.151000000000000000e+04
2.151500000000000000e+04
2.152900000000000000e+04
2.154400000000000000e+04
2.155400000000000000e+04
2.156600000000000000e+04
2.160600000000000000e+04
2.167400000000000000e+04
2.168500000000000000e+04
2.168900000000000000e+04
2.169000000000000000e+04
2.170000000000000000e+04
2.170100000000000000e+04
2.170900000000000000e+04
2.171100000000000000e+04
2.175500000000000000e+04
2.175700000000000000e+04
2.176100000000000000e+04
2.179200000000000000e+04
2.181100000000000000e+04
2.182600000000000000e+04
2.182700000000000000e+04
2.183300000000000000e+04
2.184500000000000000e+04
2.184600000000000000e+04
2.188300000000000000e+04
2.190000000000000000e+04
2.191900000000000000e+04
2.195300000000000000e+04
2.195600000000000000e+04
2.196800000000000000e+04
2.201000000000000000e+04
2.201700000000000000e+04
2.203000000000000000e+04
2.205800000000000000e+04
2.208500000000000000e+04
2.209200000000000000e+04
2.212700000000000000e+04
2.213800000000000000e+04
2.214200000000000000e+04
2.215600000000000000e+04
2.216900000000000000e+04
2.220600000000000000e+04
2.220900000000000000e+04
2.222700000000000000e+04
2.223200000000000000e+04
2.224700000000000000e+04
2.226800000000000000e+04
2.227300000000000000e+04
2.231600000000000000e+04
2.232500000000000000e+04
2.233700000000000000e+04
2.236000000000000000e+04
2.237300000000000000e+04
2.238700000000000000e+04
2.239300000000000000e+04
2.239600000000000000e+04
2.242200000000000000e+04
2.243200000000000000e+04
2.243300000000000000e+04
2.244000000000000000e+04
2.246000000000000000e+04
2.246400000000000000e+04
2.248300000000000000e+04
2.248500000000000000e+04
2.251100000000000000e+04
2.254000000000000000e+04
2.259600000000000000e+04
2.259800000000000000e+04
2.260900000000000000e+04
2.262400000000000000e+04
2.262500000000000000e+04
2.264700000000000000e+04
2.265500000000000000e+04
2.265600000000000000e+04
2.267300000000000000e+04
2.267400000000000000e+04
2.272800000000000000e+04
2.272900000000000000e+04
2.273100000000000000e+04
2.273200000000000000e+04
2.280100000000000000e+04
2.280300000000000000e+04
2.284900000000000000e+04
2.293200000000000000e+04
2.294200000000000000e+04
2.295100000000000000e+04
2.295200000000000000e+04
2.300000000000000000e+04
2.301200000000000000e+04
2.303500000000000000e+04
2.304000000000000000e+04
2.304100000000000000e+04
2.305100000000000000e+04
2.306900000000000000e+04
2.307500000000000000e+04
2.308600000000000000e+04
2.308900000000000000e+04
2.310900000000000000e+04
2.313500000000000000e+04
2.328000000000000000e+04
2.346000000000000000e+04
2.348400000000000000e+04
2.349000000000000000e+04
2.349200000000000000e+04
2.350600000000000000e+04
2.353500000000000000e+04
2.354200000000000000e+04
2.355600000000000000e+04
2.357600000000000000e+04
2.363200000000000000e+04
2.363800000000000000e+04
2.365700000000000000e+04
2.371100000000000000e+04
2.374100000000000000e+04
2.377100000000000000e+04
2.385900000000000000e+04
2.394500000000000000e+04
2.394900000000000000e+04
2.398800000000000000e+04
2.402900000000000000e+04
2.405100000000000000e+04
2.417200000000000000e+04
2.417600000000000000e+04
2.419000000000000000e+04
2.420400000000000000e+04
2.421800000000000000e+04
2.425600000000000000e+04
2.425700000000000000e+04
2.433400000000000000e+04
2.445600000000000000e+04
2.447200000000000000e+04
2.448300000000000000e+04
2.450200000000000000e+04
2.451600000000000000e+04
2.452200000000000000e+04
2.452500000000000000e+04
2.452700000000000000e+04
2.454200000000000000e+04
2.454600000000000000e+04
2.455800000000000000e+04
2.455900000000000000e+04
2.459100000000000000e+04
2.460600000000000000e+04
2.466200000000000000e+04
2.466700000000000000e+04
2.468900000000000000e+04
2.472600000000000000e+04
2.473300000000000000e+04
2.473600000000000000e+04
2.474800000000000000e+04
2.476800000000000000e+04
2.478200000000000000e+04
2.483000000000000000e+04
2.485600000000000000e+04
2.490400000000000000e+04
2.493700000000000000e+04
2.493900000000000000e+04
2.500100000000000000e+04
2.500400000000000000e+04
2.504200000000000000e+04
2.505000000000000000e+04
2.506200000000000000e+04
2.506700000000000000e+04
2.508000000000000000e+04
2.511500000000000000e+04
2.515200000000000000e+04
2.520400000000000000e+04
2.521700000000000000e+04
2.522500000000000000e+04
2.526000000000000000e+04
2.541500000000000000e+04
2.543500000000000000e+04
2.552100000000000000e+04
2.556200000000000000e+04
2.556800000000000000e+04
2.559900000000000000e+04
2.565000000000000000e+04
2.566000000000000000e+04
2.572400000000000000e+04
2.572900000000000000e+04
2.582500000000000000e+04
2.582600000000000000e+04
2.582800000000000000e+04
2.582900000000000000e+04
2.584600000000000000e+04
2.585300000000000000e+04
2.603600000000000000e+04
2.605000000000000000e+04
2.605400000000000000e+04
2.605500000000000000e+04
2.606500000000000000e+04
2.607000000000000000e+04
2.608500000000000000e+04
2.609000000000000000e+04
2.614300000000000000e+04
2.616600000000000000e+04
2.619100000000000000e+04
2.619300000000000000e+04
2.620600000000000000e+04
2.622600000000000000e+04
2.627400000000000000e+04
2.627600000000000000e+04
2.631400000000000000e+04
2.632900000000000000e+04
2.637900000000000000e+04
2.639800000000000000e+04
2.640000000000000000e+04
2.644400000000000000e+04
2.648900000000000000e+04
2.650700000000000000e+04
2.656800000000000000e+04
2.657600000000000000e+04
2.657700000000000000e+04
2.657900000000000000e+04
2.661400000000000000e+04
2.666200000000000000e+04
2.670300000000000000e+04
2.674200000000000000e+04
2.675600000000000000e+04
2.680500000000000000e+04
2.681500000000000000e+04
2.688800000000000000e+04
2.693000000000000000e+04
2.699800000000000000e+04
2.701900000000000000e+04
2.702500000000000000e+04
2.704000000000000000e+04
2.717700000000000000e+04
2.727100000000000000e+04
2.729500000000000000e+04
2.730100000000000000e+04
2.733000000000000000e+04
2.733800000000000000e+04
2.736700000000000000e+04
2.738200000000000000e+04
2.742300000000000000e+04
2.747500000000000000e+04
2.748600000000000000e+04
2.750300000000000000e+04
2.756100000000000000e+04
2.758500000000000000e+04
2.759500000000000000e+04
2.759600000000000000e+04
2.768400000000000000e+04
2.772800000000000000e+04
2.773700000000000000e+04
2.777900000000000000e+04
2.781900000000000000e+04
2.783800000000000000e+04
2.784200000000000000e+04
2.785400000000000000e+04
2.786800000000000000e+04
2.790000000000000000e+04
2.790600000000000000e+04
2.790700000000000000e+04
2.804500000000000000e+04
2.804800000000000000e+04
2.805900000000000000e+04
2.814700000000000000e+04
2.816400000000000000e+04
2.817500000000000000e+04
2.821400000000000000e+04
2.824000000000000000e+04
2.824500000000000000e+04
2.829500000000000000e+04
2.835100000000000000e+04
2.839000000000000000e+04
2.841400000000000000e+04
2.842500000000000000e+04
2.842900000000000000e+04
2.844000000000000000e+04
2.853300000000000000e+04
2.856100000000000000e+04
2.857000000000000000e+04
2.859300000000000000e+04
2.859600000000000000e+04
2.864800000000000000e+04
2.866100000000000000e+04
2.867100000000000000e+04
2.868200000000000000e+04
2.870000000000000000e+04
2.871600000000000000e+04
2.872900000000000000e+04
2.874000000000000000e+04
2.875000000000000000e+04
2.880900000000000000e+04
2.893300000000000000e+04
2.893800000000000000e+04
2.900300000000000000e+04
2.902000000000000000e+04
2.903500000000000000e+04
2.905900000000000000e+04
2.906400000000000000e+04
2.911100000000000000e+04
2.927300000000000000e+04
2.928700000000000000e+04
2.928900000000000000e+04
2.932600000000000000e+04
2.934200000000000000e+04
2.935100000000000000e+04
2.935300000000000000e+04
2.936300000000000000e+04
2.936600000000000000e+04
2.937900000000000000e+04
2.940900000000000000e+04
2.944500000000000000e+04
2.946800000000000000e+04
2.951000000000000000e+04
2.951200000000000000e+04
2.952400000000000000e+04
2.952600000000000000e+04
2.955700000000000000e+04
2.955900000000000000e+04
2.961500000000000000e+04
2.971400000000000000e+04
2.977900000000000000e+04
2.978300000000000000e+04
2.983000000000000000e+04
2.989600000000000000e+04
2.990800000000000000e+04
2.995800000000000000e+04
2.998500000000000000e+04
2.999100000000000000e+04
3.002300000000000000e+04
3.020400000000000000e+04
3.029300000000000000e+04
3.030700000000000000e+04
3.030900000000000000e+04
3.038400000000000000e+04
3.038700000000000000e+04
3.051600000000000000e+04
3.052800000000000000e+04
3.058700000000000000e+04
3.060400000000000000e+04
3.060500000000000000e+04
3.062900000000000000e+04
3.063000000000000000e+04
3.063400000000000000e+04
3.072900000000000000e+04
3.075300000000000000e+04
3.077900000000000000e+04
3.088000000000000000e+04
3.089800000000000000e+04
3.089900000000000000e+04
3.091300000000000000e+04
3.091900000000000000e+04
3.092000000000000000e+04
3.092200000000000000e+04
3.092300000000000000e+04
3.095500000000000000e+04
3.098300000000000000e+04
3.098500000000000000e+04
3.101600000000000000e+04
3.102700000000000000e+04
3.105400000000000000e+04
3.108900000000000000e+04
3.112800000000000000e+04
3.115600000000000000e+04
3.118800000000000000e+04
3.119200000000000000e+04
3.119500000000000000e+04
3.120600000000000000e+04
3.125500000000000000e+04
3.126500000000000000e+04
3.129400000000000000e+04
3.129500000000000000e+04
3.134900000000000000e+04
3.137400000000000000e+04
3.137900000000000000e+04
3.147300000000000000e+04
3.161000000000000000e+04
3.161700000000000000e+04
3.162600000000000000e+04
3.163700000000000000e+04
3.164700000000000000e+04
3.167000000000000000e+04
3.171500000000000000e+04
3.180300000000000000e+04
3.189800000000000000e+04
3.191400000000000000e+04
3.193500000000000000e+04
3.203000000000000000e+04
3.206200000000000000e+04
3.206400000000000000e+04
3.207400000000000000e+04
3.212200000000000000e+04
3.213100000000000000e+04
3.213500000000000000e+04
3.217500000000000000e+04
3.217700000000000000e+04
3.218800000000000000e+04
3.220300000000000000e+04
3.220700000000000000e+04
3.223900000000000000e+04
3.226700000000000000e+04
3.228700000000000000e+04
3.234200000000000000e+04
3.235800000000000000e+04
3.237000000000000000e+04
3.240100000000000000e+04
3.241000000000000000e+04
3.243900000000000000e+04
3.245000000000000000e+04
3.250300000000000000e+04
3.253800000000000000e+04
3.257500000000000000e+04
3.261800000000000000e+04
3.264200000000000000e+04
3.266300000000000000e+04
3.266700000000000000e+04
3.267200000000000000e+04
3.269300000000000000e+04
3.269500000000000000e+04
3.280000000000000000e+04
3.282900000000000000e+04
3.289500000000000000e+04
3.295700000000000000e+04
3.300200000000000000e+04
3.304000000000000000e+04
3.305800000000000000e+04
3.322000000000000000e+04
3.322700000000000000e+04
3.325200000000000000e+04
3.325300000000000000e+04
3.327900000000000000e+04
3.333300000000000000e+04
3.333900000000000000e+04
3.337100000000000000e+04
3.337200000000000000e+04
3.340800000000000000e+04
3.344100000000000000e+04
3.346400000000000000e+04
3.347000000000000000e+04
3.352600000000000000e+04
3.353300000000000000e+04
3.353400000000000000e+04
3.354200000000000000e+04
3.355100000000000000e+04
3.356300000000000000e+04
3.359800000000000000e+04
3.360300000000000000e+04
3.360600000000000000e+04
3.363600000000000000e+04
3.363900000000000000e+04
3.365500000000000000e+04
3.368200000000000000e+04
3.368300000000000000e+04
3.368800000000000000e+04
3.369300000000000000e+04
3.370100000000000000e+04
3.371100000000000000e+04
3.372700000000000000e+04
3.373200000000000000e+04
3.378600000000000000e+04
3.378700000000000000e+04
3.382100000000000000e+04
3.384000000000000000e+04
3.395800000000000000e+04
3.396600000000000000e+04
3.397200000000000000e+04
3.401400000000000000e+04
3.401600000000000000e+04
3.403800000000000000e+04
3.405800000000000000e+04
3.408400000000000000e+04
3.411400000000000000e+04
3.415700000000000000e+04
3.421700000000000000e+04
3.421800000000000000e+04
3.422100000000000000e+04
3.422200000000000000e+04
3.423400000000000000e+04
3.423700000000000000e+04
3.426000000000000000e+04
3.427400000000000000e+04
3.432600000000000000e+04
3.434800000000000000e+04
3.436000000000000000e+04
3.436100000000000000e+04
3.436300000000000000e+04
3.439000000000000000e+04
3.446300000000000000e+04
3.446400000000000000e+04
3.447400000000000000e+04
3.450000000000000000e+04
3.451500000000000000e+04
3.453300000000000000e+04
3.455500000000000000e+04
3.463000000000000000e+04
3.466000000000000000e+04
3.467100000000000000e+04
3.469700000000000000e+04
3.474200000000000000e+04
3.476700000000000000e+04
3.477800000000000000e+04
3.480900000000000000e+04
3.481500000000000000e+04
3.482500000000000000e+04
3.489800000000000000e+04
3.490600000000000000e+04
3.499500000000000000e+04
3.505300000000000000e+04
3.506700000000000000e+04
3.507300000000000000e+04
3.510000000000000000e+04
3.510100000000000000e+04
3.517200000000000000e+04
3.524200000000000000e+04
3.525200000000000000e+04
3.525300000000000000e+04
3.528800000000000000e+04
3.530100000000000000e+04
3.532700000000000000e+04
3.532800000000000000e+04
3.534100000000000000e+04
3.535700000000000000e+04
3.536000000000000000e+04
3.539700000000000000e+04
3.540900000000000000e+04
3.542800000000000000e+04
3.543400000000000000e+04
3.546700000000000000e+04
3.547300000000000000e+04
3.552400000000000000e+04
3.556300000000000000e+04
3.558600000000000000e+04
3.559100000000000000e+04
3.560100000000000000e+04
3.564400000000000000e+04
3.565300000000000000e+04
3.565600000000000000e+04
3.571500000000000000e+04
3.574000000000000000e+04
3.579400000000000000e+04
3.580800000000000000e+04
3.582400000000000000e+04
3.587700000000000000e+04
3.592200000000000000e+04
3.601200000000000000e+04
3.606500000000000000e+04
3.607200000000000000e+04
3.607400000000000000e+04
3.612000000000000000e+04
3.613000000000000000e+04
3.614400000000000000e+04
3.618700000000000000e+04
3.625700000000000000e+04
3.637600000000000000e+04
3.638500000000000000e+04
3.651500000000000000e+04
3.653200000000000000e+04
3.653400000000000000e+04
3.654000000000000000e+04
3.654100000000000000e+04
3.656000000000000000e+04
3.656100000000000000e+04
3.657200000000000000e+04
3.658100000000000000e+04
3.659400000000000000e+04
3.659700000000000000e+04
3.664800000000000000e+04
3.665700000000000000e+04
3.669200000000000000e+04
3.677300000000000000e+04
3.677600000000000000e+04
3.681700000000000000e+04
3.685100000000000000e+04
3.685200000000000000e+04
3.686400000000000000e+04
3.692600000000000000e+04
3.697300000000000000e+04
3.697500000000000000e+04
3.699500000000000000e+04
3.703100000000000000e+04
3.703400000000000000e+04
3.706700000000000000e+04
3.710600000000000000e+04
3.715800000000000000e+04
3.718800000000000000e+04
3.722300000000000000e+04
3.722900000000000000e+04
3.723100000000000000e+04
3.723400000000000000e+04
3.730000000000000000e+04
3.731700000000000000e+04
3.733600000000000000e+04
3.733900000000000000e+04
3.734200000000000000e+04
3.734500000000000000e+04
3.736800000000000000e+04
3.739700000000000000e+04
3.739900000000000000e+04
3.752100000000000000e+04
3.753000000000000000e+04
3.753600000000000000e+04
3.754800000000000000e+04
3.756800000000000000e+04
3.759800000000000000e+04
3.760300000000000000e+04
3.761000000000000000e+04
3.764300000000000000e+04
3.766300000000000000e+04
3.767600000000000000e+04
3.769400000000000000e+04
3.772100000000000000e+04
3.775400000000000000e+04
3.777100000000000000e+04
3.778500000000000000e+04
3.786300000000000000e+04
3.791300000000000000e+04
3.792300000000000000e+04
3.792700000000000000e+04
3.793100000000000000e+04
3.794400000000000000e+04
3.795500000000000000e+04
3.797900000000000000e+04
3.804000000000000000e+04
3.805800000000000000e+04
3.806200000000000000e+04
3.806400000000000000e+04
3.806800000000000000e+04
3.806900000000000000e+04
3.807000000000000000e+04
3.807100000000000000e+04
3.812800000000000000e+04
3.812900000000000000e+04
3.813100000000000000e+04
3.816200000000000000e+04
3.818800000000000000e+04
3.824700000000000000e+04
3.825400000000000000e+04
3.827800000000000000e+04
3.843100000000000000e+04
3.852000000000000000e+04
3.852100000000000000e+04
3.852200000000000000e+04
3.852300000000000000e+04
3.852700000000000000e+04
3.852900000000000000e+04
3.855000000000000000e+04
3.856000000000000000e+04
3.857000000000000000e+04
3.857700000000000000e+04
3.857800000000000000e+04
3.862500000000000000e+04
3.863100000000000000e+04
3.867900000000000000e+04
3.869300000000000000e+04
3.879900000000000000e+04
3.893900000000000000e+04
3.894000000000000000e+04
3.895700000000000000e+04
3.900800000000000000e+04
3.901500000000000000e+04
3.908800000000000000e+04
3.912500000000000000e+04
3.921500000000000000e+04
3.922400000000000000e+04
3.922600000000000000e+04
3.923800000000000000e+04
3.926000000000000000e+04
3.931500000000000000e+04
3.934500000000000000e+04
3.940800000000000000e+04
3.948700000000000000e+04
3.954800000000000000e+04
3.956200000000000000e+04
3.960200000000000000e+04
3.968400000000000000e+04
3.974600000000000000e+04
3.977500000000000000e+04
3.984200000000000000e+04
3.991300000000000000e+04
3.996400000000000000e+04
3.996500000000000000e+04
3.998600000000000000e+04
4.002400000000000000e+04
4.003500000000000000e+04
4.004500000000000000e+04
4.005900000000000000e+04
4.010500000000000000e+04
4.010600000000000000e+04
4.014100000000000000e+04
4.014200000000000000e+04
4.024900000000000000e+04
4.025400000000000000e+04
4.028500000000000000e+04
4.028900000000000000e+04
4.029100000000000000e+04
4.030300000000000000e+04
4.037300000000000000e+04
4.037800000000000000e+04
4.039500000000000000e+04
4.043200000000000000e+04
4.044900000000000000e+04
4.052500000000000000e+04
4.057200000000000000e+04
4.065700000000000000e+04
4.069100000000000000e+04
4.075000000000000000e+04
4.075700000000000000e+04
4.082900000000000000e+04
4.085200000000000000e+04
4.087300000000000000e+04
4.087400000000000000e+04
4.091700000000000000e+04
4.093900000000000000e+04
4.095200000000000000e+04
4.095400000000000000e+04
4.100300000000000000e+04
4.103000000000000000e+04
4.109800000000000000e+04
4.110900000000000000e+04
4.112400000000000000e+04
4.113400000000000000e+04
4.113500000000000000e+04
4.117500000000000000e+04
4.118900000000000000e+04
4.119200000000000000e+04
4.123000000000000000e+04
4.123800000000000000e+04
4.134700000000000000e+04
4.135900000000000000e+04
4.136700000000000000e+04
4.138000000000000000e+04
4.140700000000000000e+04
4.144000000000000000e+04
4.149500000000000000e+04
4.154800000000000000e+04
4.161300000000000000e+04
4.161500000000000000e+04
4.163900000000000000e+04
4.169800000000000000e+04
4.173200000000000000e+04
4.178100000000000000e+04
4.183600000000000000e+04
4.188100000000000000e+04
4.192100000000000000e+04
4.192900000000000000e+04
4.203800000000000000e+04
4.205600000000000000e+04
4.207100000000000000e+04
4.212300000000000000e+04
4.216200000000000000e+04
4.219700000000000000e+04
4.223700000000000000e+04
4.225000000000000000e+04
4.227400000000000000e+04
4.228600000000000000e+04
4.230900000000000000e+04
4.232900000000000000e+04
4.233700000000000000e+04
4.235300000000000000e+04
4.245500000000000000e+04
4.246900000000000000e+04
4.247000000000000000e+04
4.247400000000000000e+04
4.249400000000000000e+04
4.249800000000000000e+04
4.250000000000000000e+04
4.250600000000000000e+04
4.251900000000000000e+04
4.254500000000000000e+04
4.254700000000000000e+04
4.255700000000000000e+04
4.256800000000000000e+04
4.260200000000000000e+04
4.263600000000000000e+04
4.265500000000000000e+04
4.268100000000000000e+04
4.271300000000000000e+04
4.271400000000000000e+04
4.275900000000000000e+04
4.278300000000000000e+04
4.278600000000000000e+04
4.284000000000000000e+04
4.286200000000000000e+04
4.292400000000000000e+04
4.293800000000000000e+04
4.293900000000000000e+04
4.295200000000000000e+04
4.297400000000000000e+04
4.298600000000000000e+04
4.301200000000000000e+04
4.303100000000000000e+04
4.307200000000000000e+04
4.311100000000000000e+04
4.311900000000000000e+04
4.314500000000000000e+04
4.314800000000000000e+04
4.316900000000000000e+04
4.318300000000000000e+04
4.319900000000000000e+04
4.320800000000000000e+04
4.327400000000000000e+04
4.331100000000000000e+04
4.332400000000000000e+04
4.333200000000000000e+04
4.340700000000000000e+04
4.341400000000000000e+04
4.343400000000000000e+04
4.343600000000000000e+04
4.345000000000000000e+04
4.346500000000000000e+04
4.346700000000000000e+04
4.348200000000000000e+04
4.354500000000000000e+04
4.360200000000000000e+04
4.361600000000000000e+04
4.363400000000000000e+04
4.363900000000000000e+04
4.365500000000000000e+04
4.366100000000000000e+04
4.372600000000000000e+04
4.377000000000000000e+04
4.377400000000000000e+04
4.378000000000000000e+04
4.378500000000000000e+04
4.382800000000000000e+04
4.383900000000000000e+04
4.387700000000000000e+04
4.394600000000000000e+04
4.394900000000000000e+04
4.398300000000000000e+04
4.398800000000000000e+04
4.399000000000000000e+04
4.399500000000000000e+04
4.402700000000000000e+04
4.403900000000000000e+04
4.408400000000000000e+04
4.413600000000000000e+04
4.414900000000000000e+04
4.416400000000000000e+04
4.430200000000000000e+04
4.430400000000000000e+04
4.435700000000000000e+04
4.438600000000000000e+04
4.441500000000000000e+04
4.443800000000000000e+04
4.445100000000000000e+04
4.445500000000000000e+04
4.454900000000000000e+04
4.457700000000000000e+04
4.457900000000000000e+04
4.459500000000000000e+04
4.465800000000000000e+04
4.466000000000000000e+04
4.468200000000000000e+04
4.476200000000000000e+04
4.480500000000000000e+04
4.481600000000000000e+04
4.489100000000000000e+04
4.492500000000000000e+04
4.493600000000000000e+04
4.495500000000000000e+04
4.496000000000000000e+04
4.499800000000000000e+04
4.510200000000000000e+04
4.515900000000000000e+04
4.517100000000000000e+04
4.518500000000000000e+04
4.518800000000000000e+04
4.519300000000000000e+04
4.527700000000000000e+04
4.531500000000000000e+04
4.535500000000000000e+04
4.540900000000000000e+04
4.541300000000000000e+04
4.541800000000000000e+04
4.543800000000000000e+04
4.546500000000000000e+04
4.547900000000000000e+04
4.551600000000000000e+04
4.553200000000000000e+04
4.554700000000000000e+04
4.558000000000000000e+04
4.559000000000000000e+04
4.560400000000000000e+04
4.560900000000000000e+04
4.562500000000000000e+04
4.564700000000000000e+04
4.570600000000000000e+04
4.575700000000000000e+04
4.587800000000000000e+04
4.594300000000000000e+04
4.595100000000000000e+04
4.604600000000000000e+04
4.605100000000000000e+04
4.608500000000000000e+04
4.609000000000000000e+04
4.609100000000000000e+04
4.610800000000000000e+04
4.610900000000000000e+04
4.613300000000000000e+04
4.614200000000000000e+04
4.614700000000000000e+04
4.616500000000000000e+04
4.623700000000000000e+04
4.626200000000000000e+04
4.635500000000000000e+04
4.638600000000000000e+04
4.639400000000000000e+04
4.642800000000000000e+04
4.643300000000000000e+04
4.644300000000000000e+04
4.645200000000000000e+04
4.646800000000000000e+04
4.657800000000000000e+04
4.658300000000000000e+04
4.662200000000000000e+04
4.664900000000000000e+04
4.669300000000000000e+04
4.669400000000000000e+04
4.673700000000000000e+04
4.678400000000000000e+04
4.681300000000000000e+04
4.685500000000000000e+04
4.686800000000000000e+04
4.688300000000000000e+04
4.689900000000000000e+04
4.691900000000000000e+04
4.692500000000000000e+04
4.705600000000000000e+04
4.713200000000000000e+04
4.720100000000000000e+04
4.721800000000000000e+04
4.721900000000000000e+04
4.724100000000000000e+04
4.726200000000000000e+04
4.726800000000000000e+04
4.727000000000000000e+04
4.727300000000000000e+04
4.728500000000000000e+04
4.729500000000000000e+04
4.732500000000000000e+04
4.734100000000000000e+04
4.737400000000000000e+04
4.738200000000000000e+04
4.738400000000000000e+04
4.739200000000000000e+04
4.740200000000000000e+04
4.743600000000000000e+04
4.744100000000000000e+04
4.744500000000000000e+04
4.745600000000000000e+04
4.746200000000000000e+04
4.749800000000000000e+04
4.749900000000000000e+04
4.750200000000000000e+04
4.751100000000000000e+04
4.752300000000000000e+04
4.754600000000000000e+04
4.755400000000000000e+04
4.755600000000000000e+04
4.756200000000000000e+04
4.761900000000000000e+04
4.762200000000000000e+04
4.764800000000000000e+04
4.768200000000000000e+04
4.776600000000000000e+04
4.779600000000000000e+04
4.787000000000000000e+04
4.787100000000000000e+04
4.792800000000000000e+04
4.801600000000000000e+04
4.807100000000000000e+04
4.807300000000000000e+04
4.814700000000000000e+04
4.815400000000000000e+04
4.818900000000000000e+04
4.822100000000000000e+04
4.825000000000000000e+04
4.827300000000000000e+04
4.831900000000000000e+04
4.835400000000000000e+04
4.836500000000000000e+04
4.847200000000000000e+04
4.848800000000000000e+04
4.849800000000000000e+04
4.854700000000000000e+04
4.854800000000000000e+04
4.854900000000000000e+04
4.855500000000000000e+04
4.855700000000000000e+04
4.858000000000000000e+04
4.859000000000000000e+04
4.861100000000000000e+04
4.861700000000000000e+04
4.862000000000000000e+04
4.862300000000000000e+04
4.863800000000000000e+04
4.864200000000000000e+04
4.866300000000000000e+04
4.868200000000000000e+04
4.876600000000000000e+04
4.876700000000000000e+04
4.878500000000000000e+04
4.881800000000000000e+04
4.882800000000000000e+04
4.884200000000000000e+04
4.885000000000000000e+04
4.890500000000000000e+04
4.891200000000000000e+04
4.893800000000000000e+04
4.894400000000000000e+04
4.894500000000000000e+04
4.902000000000000000e+04
4.902500000000000000e+04
4.903100000000000000e+04
4.908900000000000000e+04
4.910100000000000000e+04
4.910300000000000000e+04
4.913500000000000000e+04
4.916300000000000000e+04
4.918800000000000000e+04
4.921200000000000000e+04
4.926200000000000000e+04
4.927400000000000000e+04
4.941000000000000000e+04
4.941900000000000000e+04
4.942400000000000000e+04
4.947900000000000000e+04
4.948500000000000000e+04
4.950700000000000000e+04
4.953400000000000000e+04
4.955700000000000000e+04
4.957800000000000000e+04
4.960500000000000000e+04
4.960900000000000000e+04
4.961700000000000000e+04
4.962000000000000000e+04
4.962400000000000000e+04
4.962700000000000000e+04
4.962900000000000000e+04
4.968400000000000000e+04
4.968800000000000000e+04
4.970300000000000000e+04
4.970500000000000000e+04
4.975000000000000000e+04
4.975500000000000000e+04
4.981700000000000000e+04
4.983700000000000000e+04
4.984900000000000000e+04
4.986200000000000000e+04
4.989400000000000000e+04
4.990200000000000000e+04
4.990300000000000000e+04
4.992000000000000000e+04
4.993600000000000000e+04
4.999500000000000000e+04
5.000300000000000000e+04
5.000500000000000000e+04
5.001500000000000000e+04
5.002900000000000000e+04
5.003600000000000000e+04
5.004100000000000000e+04
5.004500000000000000e+04
5.006100000000000000e+04
5.007100000000000000e+04
5.008300000000000000e+04
5.011100000000000000e+04
5.014600000000000000e+04
5.015400000000000000e+04
5.017500000000000000e+04
5.017600000000000000e+04
5.020700000000000000e+04
5.021100000000000000e+04
5.021800000000000000e+04
5.022100000000000000e+04
5.022300000000000000e+04
5.030600000000000000e+04
5.032000000000000000e+04
5.036100000000000000e+04
5.038200000000000000e+04
5.039700000000000000e+04
5.045400000000000000e+04
5.047100000000000000e+04
5.053300000000000000e+04
5.058300000000000000e+04
5.075700000000000000e+04
5.077000000000000000e+04
5.077300000000000000e+04
5.078000000000000000e+04
5.078600000000000000e+04
5.080500000000000000e+04
5.081800000000000000e+04
5.083500000000000000e+04
5.083600000000000000e+04
5.085000000000000000e+04
5.086100000000000000e+04
5.088800000000000000e+04
5.090600000000000000e+04
5.092600000000000000e+04
5.093100000000000000e+04
5.093400000000000000e+04
5.095900000000000000e+04
5.096200000000000000e+04
5.098600000000000000e+04
5.107700000000000000e+04
5.108200000000000000e+04
5.110700000000000000e+04
5.116000000000000000e+04
5.121400000000000000e+04
5.123600000000000000e+04
5.130200000000000000e+04
5.131900000000000000e+04
5.132200000000000000e+04
5.132500000000000000e+04
5.133400000000000000e+04
5.134000000000000000e+04
5.140500000000000000e+04
5.145400000000000000e+04
5.147600000000000000e+04
5.152300000000000000e+04
5.153600000000000000e+04
5.154300000000000000e+04
5.159800000000000000e+04
5.161000000000000000e+04
5.166800000000000000e+04
5.169100000000000000e+04
5.169800000000000000e+04
5.171800000000000000e+04
5.172000000000000000e+04
5.172900000000000000e+04
5.175800000000000000e+04
5.177500000000000000e+04
5.177800000000000000e+04
5.180500000000000000e+04
5.181400000000000000e+04
5.181600000000000000e+04
5.184000000000000000e+04
5.185400000000000000e+04
5.186200000000000000e+04
5.188400000000000000e+04
5.188900000000000000e+04
5.189200000000000000e+04
5.190300000000000000e+04
5.197700000000000000e+04
5.199600000000000000e+04
5.199700000000000000e+04
5.204700000000000000e+04
5.208200000000000000e+04
5.215600000000000000e+04
5.222500000000000000e+04
5.222900000000000000e+04
5.229300000000000000e+04
5.229400000000000000e+04
5.232000000000000000e+04
5.234100000000000000e+04
5.240100000000000000e+04
5.242200000000000000e+04
5.248100000000000000e+04
5.250800000000000000e+04
5.252400000000000000e+04
5.272300000000000000e+04
5.272900000000000000e+04
5.274700000000000000e+04
5.286400000000000000e+04
5.287800000000000000e+04
5.289300000000000000e+04
5.289800000000000000e+04
5.297000000000000000e+04
5.302300000000000000e+04
5.307400000000000000e+04
5.318000000000000000e+04
5.336300000000000000e+04
5.337000000000000000e+04
5.337200000000000000e+04
5.337400000000000000e+04
5.341900000000000000e+04
5.346000000000000000e+04
5.346900000000000000e+04
5.347400000000000000e+04
5.348600000000000000e+04
5.350400000000000000e+04
5.359100000000000000e+04
5.359700000000000000e+04
5.364200000000000000e+04
5.364300000000000000e+04
5.364900000000000000e+04
5.375800000000000000e+04
5.380000000000000000e+04
5.382600000000000000e+04
5.386300000000000000e+04
5.386500000000000000e+04
5.386800000000000000e+04
5.387000000000000000e+04
5.387900000000000000e+04
5.395200000000000000e+04
5.397000000000000000e+04
5.399500000000000000e+04
5.401000000000000000e+04
5.406900000000000000e+04
5.407100000000000000e+04
5.408500000000000000e+04
5.409200000000000000e+04
5.412800000000000000e+04
5.419100000000000000e+04
5.419500000000000000e+04
5.432900000000000000e+04
5.433100000000000000e+04
5.435300000000000000e+04
5.436500000000000000e+04
5.437500000000000000e+04
5.438000000000000000e+04
5.439400000000000000e+04
5.444200000000000000e+04
5.445700000000000000e+04
5.446000000000000000e+04
5.451200000000000000e+04
5.452800000000000000e+04
5.455500000000000000e+04
5.457700000000000000e+04
5.460100000000000000e+04
5.461000000000000000e+04
5.467100000000000000e+04
5.472800000000000000e+04
5.483700000000000000e+04
5.492800000000000000e+04
5.505200000000000000e+04
5.505600000000000000e+04
5.513000000000000000e+04
5.522000000000000000e+04
5.526700000000000000e+04
5.527600000000000000e+04
5.530200000000000000e+04
5.538100000000000000e+04
5.539200000000000000e+04
5.547300000000000000e+04
5.548300000000000000e+04
5.548400000000000000e+04
5.554700000000000000e+04
5.558000000000000000e+04
5.563800000000000000e+04
5.563900000000000000e+04
5.567200000000000000e+04
5.567600000000000000e+04
5.570500000000000000e+04
5.576700000000000000e+04
5.577500000000000000e+04
5.579600000000000000e+04
5.579700000000000000e+04
5.582800000000000000e+04
5.583800000000000000e+04
5.585600000000000000e+04
5.588300000000000000e+04
5.590100000000000000e+04
5.592700000000000000e+04
5.593100000000000000e+04
5.605500000000000000e+04
5.611600000000000000e+04
5.626900000000000000e+04
5.627700000000000000e+04
5.629400000000000000e+04
5.630000000000000000e+04
5.639900000000000000e+04
5.641300000000000000e+04
5.644600000000000000e+04
5.646300000000000000e+04
5.649600000000000000e+04
5.650300000000000000e+04
5.660500000000000000e+04
5.664400000000000000e+04
5.667200000000000000e+04
5.683600000000000000e+04
5.690600000000000000e+04
5.692500000000000000e+04
5.698500000000000000e+04
5.701600000000000000e+04
5.708400000000000000e+04
5.718100000000000000e+04
5.718200000000000000e+04
5.718300000000000000e+04
5.731400000000000000e+04
5.744100000000000000e+04
5.744500000000000000e+04
5.748000000000000000e+04
5.748100000000000000e+04
5.760200000000000000e+04
5.760300000000000000e+04
5.761500000000000000e+04
5.762300000000000000e+04
5.763100000000000000e+04
5.763200000000000000e+04
5.764700000000000000e+04
5.766600000000000000e+04
5.767000000000000000e+04
5.767200000000000000e+04
5.769600000000000000e+04
5.771700000000000000e+04
5.777700000000000000e+04
5.781300000000000000e+04
5.781600000000000000e+04
5.782300000000000000e+04
5.782500000000000000e+04
5.799300000000000000e+04
5.800300000000000000e+04
5.802900000000000000e+04
5.803300000000000000e+04
5.809200000000000000e+04
5.810600000000000000e+04
5.810700000000000000e+04
5.811400000000000000e+04
5.819100000000000000e+04
5.821200000000000000e+04
5.832700000000000000e+04
5.838700000000000000e+04
5.840300000000000000e+04
5.840600000000000000e+04
5.855900000000000000e+04
5.869800000000000000e+04
5.872200000000000000e+04
5.872700000000000000e+04
5.885100000000000000e+04
5.888300000000000000e+04
5.890600000000000000e+04
5.895900000000000000e+04
5.898300000000000000e+04
5.898500000000000000e+04
5.899500000000000000e+04
5.899600000000000000e+04
5.905800000000000000e+04
5.914200000000000000e+04
5.914500000000000000e+04
5.914900000000000000e+04
5.916600000000000000e+04
5.919000000000000000e+04
5.923900000000000000e+04
5.924200000000000000e+04
5.927100000000000000e+04
5.927200000000000000e+04
5.932500000000000000e+04
5.934800000000000000e+04
5.935000000000000000e+04
5.938900000000000000e+04
5.940700000000000000e+04
5.947200000000000000e+04
5.949300000000000000e+04
5.961100000000000000e+04
5.964600000000000000e+04
5.966800000000000000e+04
5.975500000000000000e+04
5.976000000000000000e+04
5.987800000000000000e+04
5.994400000000000000e+04
5.995500000000000000e+04
5.995800000000000000e+04
5.998000000000000000e+04
5.998300000000000000e+04
6.002700000000000000e+04
6.014100000000000000e+04
6.014400000000000000e+04
6.016000000000000000e+04
6.016200000000000000e+04
6.022800000000000000e+04
6.032200000000000000e+04
6.033500000000000000e+04
6.037300000000000000e+04
6.043900000000000000e+04
6.045600000000000000e+04
6.068000000000000000e+04
6.068200000000000000e+04
6.070500000000000000e+04
6.076200000000000000e+04
6.077400000000000000e+04
6.078000000000000000e+04
6.079900000000000000e+04
6.083600000000000000e+04
6.083900000000000000e+04
6.089000000000000000e+04
6.089100000000000000e+04
6.091200000000000000e+04
6.092800000000000000e+04
6.092900000000000000e+04
6.097900000000000000e+04
6.102800000000000000e+04
6.112200000000000000e+04
6.113400000000000000e+04
6.117000000000000000e+04
6.122300000000000000e+04
6.125700000000000000e+04
6.127900000000000000e+04
6.131200000000000000e+04
6.138200000000000000e+04
6.140900000000000000e+04
6.143400000000000000e+04
6.147600000000000000e+04
6.155900000000000000e+04
6.157200000000000000e+04
6.171200000000000000e+04
6.171300000000000000e+04
6.171900000000000000e+04
6.172500000000000000e+04
6.177700000000000000e+04
6.178800000000000000e+04
6.179600000000000000e+04
6.180200000000000000e+04
6.185200000000000000e+04
6.191700000000000000e+04
6.191900000000000000e+04
6.193200000000000000e+04
6.195500000000000000e+04
6.206000000000000000e+04
6.209200000000000000e+04
6.210500000000000000e+04
6.211300000000000000e+04
6.228200000000000000e+04
6.229400000000000000e+04
6.229700000000000000e+04
6.230200000000000000e+04
6.231400000000000000e+04
6.238600000000000000e+04
6.242400000000000000e+04
6.243300000000000000e+04
6.243500000000000000e+04
6.249600000000000000e+04
6.250400000000000000e+04
6.257100000000000000e+04
6.263900000000000000e+04
6.271700000000000000e+04
6.272200000000000000e+04
6.278400000000000000e+04
6.290300000000000000e+04
6.293400000000000000e+04
6.295500000000000000e+04
6.297500000000000000e+04
6.302200000000000000e+04
6.303900000000000000e+04
6.307600000000000000e+04
6.307800000000000000e+04
6.310000000000000000e+04
6.312500000000000000e+04
6.312700000000000000e+04
6.313200000000000000e+04
6.318600000000000000e+04
6.319800000000000000e+04
6.320300000000000000e+04
6.324500000000000000e+04
6.327400000000000000e+04
6.329900000000000000e+04
6.336300000000000000e+04
6.337700000000000000e+04
6.341500000000000000e+04
6.345000000000000000e+04
6.346100000000000000e+04
6.349100000000000000e+04
6.352600000000000000e+04
6.355800000000000000e+04
6.358300000000000000e+04
6.360300000000000000e+04
6.362500000000000000e+04
6.366900000000000000e+04
6.371500000000000000e+04
6.377200000000000000e+04
6.381800000000000000e+04
6.382100000000000000e+04
6.385300000000000000e+04
6.386100000000000000e+04
6.386500000000000000e+04
6.386600000000000000e+04
6.389300000000000000e+04
6.391800000000000000e+04
6.393800000000000000e+04
6.394300000000000000e+04
6.395300000000000000e+04
6.397400000000000000e+04
6.397500000000000000e+04
6.397600000000000000e+04
6.399100000000000000e+04
6.403000000000000000e+04
6.403200000000000000e+04
6.411400000000000000e+04
6.414000000000000000e+04
6.417900000000000000e+04
6.423900000000000000e+04
6.425100000000000000e+04
6.426800000000000000e+04
6.430300000000000000e+04
6.433100000000000000e+04
6.433200000000000000e+04
6.433300000000000000e+04
6.433500000000000000e+04
6.434800000000000000e+04
6.436900000000000000e+04
6.442200000000000000e+04
6.446000000000000000e+04
6.447300000000000000e+04
6.449600000000000000e+04
6.450500000000000000e+04
6.450600000000000000e+04
6.453400000000000000e+04
6.461700000000000000e+04
6.467200000000000000e+04
6.470400000000000000e+04
6.471700000000000000e+04
6.477100000000000000e+04
6.477300000000000000e+04
6.477400000000000000e+04
6.480200000000000000e+04
6.489000000000000000e+04
6.489200000000000000e+04
6.489300000000000000e+04
6.494800000000000000e+04
6.495300000000000000e+04
6.496500000000000000e+04
6.498900000000000000e+04
6.500200000000000000e+04
6.502500000000000000e+04
6.503500000000000000e+04
6.504900000000000000e+04
6.505300000000000000e+04
6.509700000000000000e+04
6.512000000000000000e+04
6.514500000000000000e+04
6.517300000000000000e+04
6.530900000000000000e+04
6.531000000000000000e+04
6.531800000000000000e+04
6.534600000000000000e+04
6.539100000000000000e+04
6.540500000000000000e+04
6.542100000000000000e+04
6.542500000000000000e+04
6.544700000000000000e+04
6.545800000000000000e+04
6.547500000000000000e+04
6.548700000000000000e+04
6.552300000000000000e+04
6.555400000000000000e+04
6.555700000000000000e+04
6.558800000000000000e+04
6.565800000000000000e+04
6.566800000000000000e+04
6.568600000000000000e+04
6.569900000000000000e+04
6.572000000000000000e+04
6.575100000000000000e+04
6.576600000000000000e+04
6.578300000000000000e+04
6.592700000000000000e+04
6.593800000000000000e+04
6.598800000000000000e+04
6.600600000000000000e+04
6.603600000000000000e+04
6.604100000000000000e+04
6.608300000000000000e+04
6.611600000000000000e+04
6.612200000000000000e+04
6.615200000000000000e+04
6.620500000000000000e+04
6.622400000000000000e+04
6.623100000000000000e+04
6.632200000000000000e+04
6.633000000000000000e+04
6.634000000000000000e+04
6.636900000000000000e+04
6.637200000000000000e+04
6.646200000000000000e+04
6.646500000000000000e+04
6.650400000000000000e+04
6.654100000000000000e+04
6.654600000000000000e+04
6.654800000000000000e+04
6.655000000000000000e+04
6.656900000000000000e+04
6.662100000000000000e+04
6.666200000000000000e+04
6.668300000000000000e+04
6.675800000000000000e+04
6.680700000000000000e+04
6.682100000000000000e+04
6.683100000000000000e+04
6.689300000000000000e+04
6.691800000000000000e+04
6.693600000000000000e+04
6.696300000000000000e+04
6.700100000000000000e+04
6.704200000000000000e+04
6.706500000000000000e+04
6.710100000000000000e+04
6.714900000000000000e+04
6.716600000000000000e+04
6.718500000000000000e+04
6.718800000000000000e+04
6.719100000000000000e+04
6.720500000000000000e+04
6.720800000000000000e+04
6.726100000000000000e+04
6.727900000000000000e+04
6.742800000000000000e+04
6.744500000000000000e+04
6.746700000000000000e+04
6.747200000000000000e+04
6.749400000000000000e+04
6.749900000000000000e+04
6.755600000000000000e+04
6.755700000000000000e+04
6.758100000000000000e+04
6.758600000000000000e+04
6.769400000000000000e+04
6.774600000000000000e+04
6.775800000000000000e+04
6.781100000000000000e+04
6.783800000000000000e+04
6.795500000000000000e+04
6.800100000000000000e+04
6.801100000000000000e+04
6.803100000000000000e+04
6.806700000000000000e+04
6.809800000000000000e+04
6.812800000000000000e+04
6.816900000000000000e+04
6.820300000000000000e+04
6.828700000000000000e+04
6.830800000000000000e+04
6.831700000000000000e+04
6.832400000000000000e+04
6.835300000000000000e+04
6.838500000000000000e+04
6.839000000000000000e+04
6.839600000000000000e+04
6.841600000000000000e+04
6.844200000000000000e+04
6.845800000000000000e+04
6.852100000000000000e+04
6.853100000000000000e+04
6.853600000000000000e+04
6.856000000000000000e+04
6.857600000000000000e+04
6.859500000000000000e+04
6.860900000000000000e+04
6.863500000000000000e+04
6.865600000000000000e+04
6.867000000000000000e+04
6.868800000000000000e+04
6.869600000000000000e+04
6.871600000000000000e+04
6.880000000000000000e+04
6.880900000000000000e+04
6.881000000000000000e+04
6.881500000000000000e+04
6.890300000000000000e+04
6.890500000000000000e+04
6.895700000000000000e+04
6.896700000000000000e+04
6.896900000000000000e+04
6.907800000000000000e+04
6.908500000000000000e+04
6.916600000000000000e+04
6.916800000000000000e+04
6.919200000000000000e+04
6.921200000000000000e+04
6.923300000000000000e+04
6.926400000000000000e+04
6.928700000000000000e+04
6.929200000000000000e+04
6.933500000000000000e+04
6.940300000000000000e+04
6.946000000000000000e+04
6.955600000000000000e+04
6.956300000000000000e+04
6.958800000000000000e+04
6.964300000000000000e+04
6.967600000000000000e+04
6.970700000000000000e+04
6.972600000000000000e+04
6.974600000000000000e+04
6.976000000000000000e+04
6.976600000000000000e+04
6.978500000000000000e+04
6.979400000000000000e+04
6.980200000000000000e+04
6.980500000000000000e+04
6.982300000000000000e+04
6.982800000000000000e+04
6.983800000000000000e+04
6.987000000000000000e+04
6.987800000000000000e+04
6.989000000000000000e+04
6.991300000000000000e+04
6.997900000000000000e+04
6.999000000000000000e+04
7.001500000000000000e+04
7.001600000000000000e+04
7.002400000000000000e+04
7.006100000000000000e+04
7.006300000000000000e+04
7.012900000000000000e+04
7.015100000000000000e+04
7.025000000000000000e+04
7.026000000000000000e+04
7.033600000000000000e+04
7.034200000000000000e+04
7.042900000000000000e+04
7.043400000000000000e+04
7.047700000000000000e+04
7.051700000000000000e+04
7.051800000000000000e+04
7.059800000000000000e+04
7.059900000000000000e+04
7.060300000000000000e+04
7.067400000000000000e+04
7.067700000000000000e+04
7.072900000000000000e+04
7.075600000000000000e+04
7.077300000000000000e+04
7.078200000000000000e+04
7.078800000000000000e+04
7.084100000000000000e+04
7.093000000000000000e+04
7.093700000000000000e+04
7.093900000000000000e+04
7.096400000000000000e+04
7.097000000000000000e+04
7.097100000000000000e+04
7.097200000000000000e+04
7.099600000000000000e+04
7.100900000000000000e+04
7.107200000000000000e+04
7.108400000000000000e+04
7.110700000000000000e+04
7.115100000000000000e+04
7.118400000000000000e+04
7.119400000000000000e+04
7.121400000000000000e+04
7.122600000000000000e+04
7.122900000000000000e+04
7.124500000000000000e+04
7.124900000000000000e+04
7.126100000000000000e+04
7.131100000000000000e+04
7.133300000000000000e+04
7.134000000000000000e+04
7.135400000000000000e+04
7.137700000000000000e+04
7.143200000000000000e+04
7.145800000000000000e+04
7.151000000000000000e+04
7.152900000000000000e+04
7.154600000000000000e+04
7.155400000000000000e+04
7.158300000000000000e+04
7.159100000000000000e+04
7.159400000000000000e+04
7.162600000000000000e+04
7.162700000000000000e+04
7.162800000000000000e+04
7.163800000000000000e+04
7.164300000000000000e+04
7.170700000000000000e+04
7.183000000000000000e+04
7.184300000000000000e+04
7.187800000000000000e+04
7.188900000000000000e+04
7.189000000000000000e+04
7.195600000000000000e+04
7.197100000000000000e+04
7.197600000000000000e+04
7.198100000000000000e+04
7.204800000000000000e+04
7.205600000000000000e+04
7.206000000000000000e+04
7.214200000000000000e+04
7.217600000000000000e+04
7.220400000000000000e+04
7.222400000000000000e+04
7.223800000000000000e+04
7.226700000000000000e+04
7.227400000000000000e+04
7.233400000000000000e+04
7.240100000000000000e+04
7.242700000000000000e+04
7.251500000000000000e+04
7.255000000000000000e+04
7.258800000000000000e+04
7.259800000000000000e+04
7.261900000000000000e+04
7.264000000000000000e+04
7.266200000000000000e+04
7.267500000000000000e+04
7.274100000000000000e+04
7.277100000000000000e+04
7.279100000000000000e+04
7.279400000000000000e+04
7.282700000000000000e+04
7.283800000000000000e+04
7.287000000000000000e+04
7.294100000000000000e+04
7.300700000000000000e+04
7.301900000000000000e+04
7.303300000000000000e+04
7.305400000000000000e+04
7.305900000000000000e+04
7.306300000000000000e+04
7.307900000000000000e+04
7.309000000000000000e+04
7.315300000000000000e+04
7.316100000000000000e+04
7.318400000000000000e+04
7.319400000000000000e+04
7.319700000000000000e+04
7.320400000000000000e+04
7.322200000000000000e+04
7.326600000000000000e+04
7.333400000000000000e+04
7.336000000000000000e+04
7.336600000000000000e+04
7.338500000000000000e+04
7.349500000000000000e+04
7.354600000000000000e+04
7.356300000000000000e+04
7.358100000000000000e+04
7.363600000000000000e+04
7.366500000000000000e+04
7.367600000000000000e+04
7.368700000000000000e+04
7.373900000000000000e+04
7.379900000000000000e+04
7.380900000000000000e+04
7.389800000000000000e+04
7.395400000000000000e+04
7.399100000000000000e+04
7.402100000000000000e+04
7.409900000000000000e+04
7.411200000000000000e+04
7.411900000000000000e+04
7.412700000000000000e+04
7.418200000000000000e+04
7.418600000000000000e+04
7.420000000000000000e+04
7.421900000000000000e+04
7.423700000000000000e+04
7.429300000000000000e+04
7.429400000000000000e+04
7.430700000000000000e+04
7.431200000000000000e+04
7.433100000000000000e+04
7.436000000000000000e+04
7.437400000000000000e+04
7.437600000000000000e+04
7.444400000000000000e+04
7.444900000000000000e+04
7.445700000000000000e+04
7.446000000000000000e+04
7.446400000000000000e+04
7.450100000000000000e+04
7.454200000000000000e+04
7.458000000000000000e+04
7.466300000000000000e+04
7.469800000000000000e+04
7.469900000000000000e+04
7.471700000000000000e+04
7.472800000000000000e+04
7.473000000000000000e+04
7.473100000000000000e+04
7.476500000000000000e+04
7.482600000000000000e+04
7.483900000000000000e+04
7.484100000000000000e+04
7.488800000000000000e+04
7.489000000000000000e+04
7.496500000000000000e+04
7.497100000000000000e+04
7.497500000000000000e+04
7.497600000000000000e+04
7.500400000000000000e+04
7.501300000000000000e+04
7.502500000000000000e+04
7.502700000000000000e+04
7.503100000000000000e+04
7.503700000000000000e+04
7.504800000000000000e+04
7.505200000000000000e+04
7.507000000000000000e+04
7.509900000000000000e+04
7.513800000000000000e+04
7.520300000000000000e+04
7.521800000000000000e+04
7.522800000000000000e+04
7.524300000000000000e+04
7.529500000000000000e+04
7.529600000000000000e+04
7.531100000000000000e+04
7.533800000000000000e+04
7.535300000000000000e+04
7.535800000000000000e+04
7.538000000000000000e+04
7.540700000000000000e+04
7.542500000000000000e+04
7.544400000000000000e+04
7.544500000000000000e+04
7.545700000000000000e+04
7.549000000000000000e+04
7.549400000000000000e+04
7.550500000000000000e+04
7.551100000000000000e+04
7.552800000000000000e+04
7.555500000000000000e+04
7.558400000000000000e+04
7.561200000000000000e+04
7.561800000000000000e+04
7.566900000000000000e+04
7.569200000000000000e+04
7.570000000000000000e+04
7.570800000000000000e+04
7.570900000000000000e+04
7.572900000000000000e+04
7.578400000000000000e+04
7.583200000000000000e+04
7.586000000000000000e+04
7.589800000000000000e+04
7.590600000000000000e+04
7.591200000000000000e+04
7.593300000000000000e+04
7.599400000000000000e+04
7.602100000000000000e+04
7.602200000000000000e+04
7.602300000000000000e+04
7.605100000000000000e+04
7.606000000000000000e+04
7.609100000000000000e+04
7.614500000000000000e+04
7.616300000000000000e+04
7.620000000000000000e+04
7.623700000000000000e+04
7.623800000000000000e+04
7.628600000000000000e+04
7.634900000000000000e+04
7.637500000000000000e+04
7.638400000000000000e+04
7.638800000000000000e+04
7.641300000000000000e+04
7.643600000000000000e+04
7.643900000000000000e+04
7.644300000000000000e+04
7.644400000000000000e+04
7.645300000000000000e+04
7.647700000000000000e+04
7.649800000000000000e+04
7.654300000000000000e+04
7.655300000000000000e+04
7.655400000000000000e+04
7.655500000000000000e+04
7.656100000000000000e+04
7.658500000000000000e+04
7.659700000000000000e+04
7.660200000000000000e+04
7.664100000000000000e+04
7.665000000000000000e+04
7.666800000000000000e+04
7.667700000000000000e+04
7.669300000000000000e+04
7.670400000000000000e+04
7.671700000000000000e+04
7.674500000000000000e+04
7.675400000000000000e+04
7.678700000000000000e+04
7.679000000000000000e+04
7.681000000000000000e+04
7.682300000000000000e+04
7.685400000000000000e+04
7.687000000000000000e+04
7.693900000000000000e+04
7.694000000000000000e+04
7.694300000000000000e+04
7.694700000000000000e+04
7.697000000000000000e+04
7.701200000000000000e+04
7.705500000000000000e+04
7.709400000000000000e+04
7.712600000000000000e+04
7.713100000000000000e+04
7.717900000000000000e+04
7.720100000000000000e+04
7.721100000000000000e+04
7.722200000000000000e+04
7.730100000000000000e+04
7.732000000000000000e+04
7.734800000000000000e+04
7.735700000000000000e+04
7.750300000000000000e+04
7.757800000000000000e+04
7.758900000000000000e+04
7.760100000000000000e+04
7.762000000000000000e+04
7.764400000000000000e+04
7.765100000000000000e+04
7.765800000000000000e+04
7.769300000000000000e+04
7.770500000000000000e+04
7.770800000000000000e+04
7.770900000000000000e+04
7.776700000000000000e+04
7.776800000000000000e+04
7.777000000000000000e+04
7.777100000000000000e+04
7.778100000000000000e+04
7.778300000000000000e+04
7.778600000000000000e+04
7.791000000000000000e+04
7.792200000000000000e+04
7.794100000000000000e+04
7.796200000000000000e+04
7.797600000000000000e+04
7.798600000000000000e+04
7.800000000000000000e+04
7.801100000000000000e+04
7.803100000000000000e+04
7.813400000000000000e+04
7.820300000000000000e+04
7.821600000000000000e+04
7.826300000000000000e+04
7.826600000000000000e+04
7.829900000000000000e+04
7.830000000000000000e+04
7.836000000000000000e+04
7.836600000000000000e+04
7.837100000000000000e+04
7.839800000000000000e+04
7.842800000000000000e+04
7.844600000000000000e+04
7.844800000000000000e+04
7.865400000000000000e+04
7.865700000000000000e+04
7.866100000000000000e+04
7.866800000000000000e+04
7.868300000000000000e+04
7.869300000000000000e+04
7.869400000000000000e+04
7.873800000000000000e+04
7.874800000000000000e+04
7.876000000000000000e+04
7.876500000000000000e+04
7.877000000000000000e+04
7.883500000000000000e+04
7.886200000000000000e+04
7.886400000000000000e+04
7.887500000000000000e+04
7.895500000000000000e+04
7.898100000000000000e+04
7.900400000000000000e+04
7.900500000000000000e+04
7.901000000000000000e+04
7.903500000000000000e+04
7.911300000000000000e+04
7.912500000000000000e+04
7.913100000000000000e+04
7.918500000000000000e+04
7.920300000000000000e+04
7.921100000000000000e+04
7.932500000000000000e+04
7.932700000000000000e+04
7.934400000000000000e+04
7.934700000000000000e+04
7.937800000000000000e+04
7.941900000000000000e+04
7.942200000000000000e+04
7.947500000000000000e+04
7.949800000000000000e+04
7.955200000000000000e+04
7.960200000000000000e+04
7.964300000000000000e+04
7.964700000000000000e+04
7.967500000000000000e+04
7.967700000000000000e+04
7.968300000000000000e+04
7.969600000000000000e+04
7.970800000000000000e+04
7.978300000000000000e+04
7.985900000000000000e+04
7.988200000000000000e+04
7.989700000000000000e+04
7.990100000000000000e+04
7.990300000000000000e+04
7.990900000000000000e+04
7.991100000000000000e+04
7.996500000000000000e+04
7.998100000000000000e+04
8.001500000000000000e+04
8.003400000000000000e+04
8.008300000000000000e+04
8.008600000000000000e+04
8.009500000000000000e+04
8.010900000000000000e+04
8.011200000000000000e+04
8.013500000000000000e+04
8.014300000000000000e+04
8.017400000000000000e+04
8.026900000000000000e+04
8.028400000000000000e+04
8.035600000000000000e+04
8.036800000000000000e+04
8.038000000000000000e+04
8.042600000000000000e+04
8.043000000000000000e+04
8.051000000000000000e+04
8.053900000000000000e+04
8.058800000000000000e+04
8.058900000000000000e+04
8.059300000000000000e+04
8.059500000000000000e+04
8.061600000000000000e+04
8.064400000000000000e+04
8.069400000000000000e+04
8.071900000000000000e+04
8.074200000000000000e+04
8.077300000000000000e+04
8.080400000000000000e+04
8.082700000000000000e+04
8.083900000000000000e+04
8.086500000000000000e+04
8.087500000000000000e+04
8.090900000000000000e+04
8.094100000000000000e+04
8.095700000000000000e+04
8.096300000000000000e+04
8.098500000000000000e+04
8.101700000000000000e+04
8.103100000000000000e+04
8.107800000000000000e+04
8.109200000000000000e+04
8.109400000000000000e+04
8.109900000000000000e+04
8.112900000000000000e+04
8.113800000000000000e+04
8.120100000000000000e+04
8.120200000000000000e+04
8.120400000000000000e+04
8.120900000000000000e+04
8.121400000000000000e+04
8.121600000000000000e+04
8.126800000000000000e+04
8.127400000000000000e+04
8.137000000000000000e+04
8.138200000000000000e+04
8.142700000000000000e+04
8.143300000000000000e+04
8.144500000000000000e+04
8.147800000000000000e+04
8.151100000000000000e+04
8.152200000000000000e+04
8.153800000000000000e+04
8.154400000000000000e+04
8.155200000000000000e+04
8.155700000000000000e+04
8.158500000000000000e+04
8.163300000000000000e+04
8.168900000000000000e+04
8.171400000000000000e+04
8.177800000000000000e+04
8.178100000000000000e+04
8.182800000000000000e+04
8.185800000000000000e+04
8.190700000000000000e+04
8.192200000000000000e+04
8.192800000000000000e+04
8.192900000000000000e+04
8.193800000000000000e+04
8.201100000000000000e+04
8.206100000000000000e+04
8.207300000000000000e+04
8.207500000000000000e+04
8.211200000000000000e+04
8.218700000000000000e+04
8.221800000000000000e+04
8.222500000000000000e+04
8.224100000000000000e+04
8.224900000000000000e+04
8.225400000000000000e+04
8.226600000000000000e+04
8.227600000000000000e+04
8.230100000000000000e+04
8.231600000000000000e+04
8.240600000000000000e+04
8.242100000000000000e+04
8.244700000000000000e+04
8.250800000000000000e+04
8.253400000000000000e+04
8.254200000000000000e+04
8.254500000000000000e+04
8.256100000000000000e+04
8.257700000000000000e+04
8.259000000000000000e+04
8.262200000000000000e+04
8.264900000000000000e+04
8.265200000000000000e+04
8.266600000000000000e+04
8.276200000000000000e+04
8.276900000000000000e+04
8.278600000000000000e+04
8.287100000000000000e+04
8.288000000000000000e+04
8.288300000000000000e+04
8.290200000000000000e+04
8.292000000000000000e+04
8.294300000000000000e+04
8.302800000000000000e+04
8.304000000000000000e+04
8.305400000000000000e+04
8.309100000000000000e+04
8.311100000000000000e+04
8.313500000000000000e+04
8.314800000000000000e+04
8.316100000000000000e+04
8.316500000000000000e+04
8.318600000000000000e+04
8.325900000000000000e+04
8.326000000000000000e+04
8.326600000000000000e+04
8.327000000000000000e+04
8.327800000000000000e+04
8.330600000000000000e+04
8.331800000000000000e+04
8.333900000000000000e+04
8.335100000000000000e+04
8.335900000000000000e+04
8.338100000000000000e+04
8.338300000000000000e+04
8.342300000000000000e+04
8.343800000000000000e+04
8.347400000000000000e+04
8.348800000000000000e+04
8.349200000000000000e+04
8.349900000000000000e+04
8.351400000000000000e+04
8.352400000000000000e+04
8.353300000000000000e+04
8.358500000000000000e+04
8.358700000000000000e+04
8.359600000000000000e+04
8.369000000000000000e+04
8.377600000000000000e+04
8.378800000000000000e+04
8.380700000000000000e+04
8.381800000000000000e+04
8.382900000000000000e+04
8.385700000000000000e+04
8.389700000000000000e+04
8.391000000000000000e+04
8.396400000000000000e+04
8.397100000000000000e+04
8.397900000000000000e+04
8.398400000000000000e+04
8.400200000000000000e+04
8.401200000000000000e+04
8.401400000000000000e+04
8.407100000000000000e+04
8.410800000000000000e+04
8.411300000000000000e+04
8.411800000000000000e+04
8.414500000000000000e+04
8.414900000000000000e+04
8.416600000000000000e+04
8.423000000000000000e+04
8.424300000000000000e+04
8.424900000000000000e+04
8.426400000000000000e+04
8.426800000000000000e+04
8.429700000000000000e+04
8.430000000000000000e+04
8.434700000000000000e+04
8.439600000000000000e+04
8.443100000000000000e+04
8.444800000000000000e+04
8.445100000000000000e+04
8.457700000000000000e+04
8.459500000000000000e+04
8.459700000000000000e+04
8.460000000000000000e+04
8.462500000000000000e+04
8.463100000000000000e+04
8.465900000000000000e+04
8.468100000000000000e+04
8.470800000000000000e+04
8.477100000000000000e+04
8.478800000000000000e+04
8.482000000000000000e+04
8.483300000000000000e+04
8.487800000000000000e+04
8.490300000000000000e+04
8.492300000000000000e+04
8.492900000000000000e+04
8.493000000000000000e+04
8.493600000000000000e+04
8.494400000000000000e+04
8.495300000000000000e+04
8.497200000000000000e+04
8.499500000000000000e+04
8.505900000000000000e+04
8.510300000000000000e+04
8.510800000000000000e+04
8.513600000000000000e+04
8.519200000000000000e+04
8.524000000000000000e+04
8.527100000000000000e+04
8.530100000000000000e+04
8.531500000000000000e+04
8.531900000000000000e+04
8.535900000000000000e+04
8.537800000000000000e+04
8.539000000000000000e+04
8.539100000000000000e+04
8.539700000000000000e+04
8.543100000000000000e+04
8.548500000000000000e+04
8.549900000000000000e+04
8.554000000000000000e+04
8.558200000000000000e+04
8.559500000000000000e+04
8.560800000000000000e+04
8.562000000000000000e+04
8.562300000000000000e+04
8.563300000000000000e+04
8.565400000000000000e+04
8.566600000000000000e+04
8.570200000000000000e+04
8.579100000000000000e+04
8.579300000000000000e+04
8.582700000000000000e+04
8.587400000000000000e+04
8.593400000000000000e+04
8.595700000000000000e+04
8.596700000000000000e+04
8.598400000000000000e+04
8.608000000000000000e+04
8.613800000000000000e+04
8.614600000000000000e+04
8.615100000000000000e+04
8.619800000000000000e+04
8.620200000000000000e+04
8.620500000000000000e+04
8.620600000000000000e+04
8.622400000000000000e+04
8.623100000000000000e+04
8.623700000000000000e+04
8.624000000000000000e+04
8.624300000000000000e+04
8.633600000000000000e+04
8.635800000000000000e+04
8.636700000000000000e+04
8.644000000000000000e+04
8.645100000000000000e+04
8.646600000000000000e+04
8.648100000000000000e+04
8.649500000000000000e+04
8.656000000000000000e+04
8.660600000000000000e+04
8.660900000000000000e+04
8.663400000000000000e+04
8.669600000000000000e+04
8.670200000000000000e+04
8.670900000000000000e+04
8.672300000000000000e+04
8.673200000000000000e+04
8.677100000000000000e+04
8.678000000000000000e+04
8.683600000000000000e+04
8.685100000000000000e+04
8.687200000000000000e+04
8.687400000000000000e+04
8.693200000000000000e+04
8.698900000000000000e+04
8.701600000000000000e+04
8.703300000000000000e+04
8.704400000000000000e+04
8.705400000000000000e+04
8.705700000000000000e+04
8.709800000000000000e+04
8.710200000000000000e+04
8.713500000000000000e+04
8.715000000000000000e+04
8.720500000000000000e+04
