0.000000000000000000e+00
1.960000000000000000e+02
1.627000000000000000e+03
1.660000000000000000e+03
1.690000000000000000e+03
1.904000000000000000e+03
1.968000000000000000e+03
2.005000000000000000e+03
2.006000000000000000e+03
2.037000000000000000e+03
2.216000000000000000e+03
2.237000000000000000e+03
2.238000000000000000e+03
2.255000000000000000e+03
2.564000000000000000e+03
2.814000000000000000e+03
2.890000000000000000e+03
2.982000000000000000e+03
3.148000000000000000e+03
3.344000000000000000e+03
3.363000000000000000e+03
3.560000000000000000e+03
3.632000000000000000e+03
3.697000000000000000e+03
3.724000000000000000e+03
3.735000000000000000e+03
3.790000000000000000e+03
3.793000000000000000e+03
3.938000000000000000e+03
4.057000000000000000e+03
4.256000000000000000e+03
4.269000000000000000e+03
4.270000000000000000e+03
4.272000000000000000e+03
4.343000000000000000e+03
4.403000000000000000e+03
4.413000000000000000e+03
4.492000000000000000e+03
4.574000000000000000e+03
4.657000000000000000e+03
4.660000000000000000e+03
4.715000000000000000e+03
4.735000000000000000e+03
4.738000000000000000e+03
4.753000000000000000e+03
4.821000000000000000e+03
4.881000000000000000e+03
4.886000000000000000e+03
4.890000000000000000e+03
4.986000000000000000e+03
5.083000000000000000e+03
5.158000000000000000e+03
5.196000000000000000e+03
5.215000000000000000e+03
5.233000000000000000e+03
5.234000000000000000e+03
5.246000000000000000e+03
5.269000000000000000e+03
5.374000000000000000e+03
5.445000000000000000e+03
5.482000000000000000e+03
5.486000000000000000e+03
5.557000000000000000e+03
5.561000000000000000e+03
5.577000000000000000e+03
5.674000000000000000e+03
5.953000000000000000e+03
5.954000000000000000e+03
6.063000000000000000e+03
6.077000000000000000e+03
6.091000000000000000e+03
6.092000000000000000e+03
6.101000000000000000e+03
6.105000000000000000e+03
6.216000000000000000e+03
6.263000000000000000e+03
6.278000000000000000e+03
6.315000000000000000e+03
6.335000000000000000e+03
6.421000000000000000e+03
6.473000000000000000e+03
6.477000000000000000e+03
6.504000000000000000e+03
6.549000000000000000e+03
6.612000000000000000e+03
6.623000000000000000e+03
6.657000000000000000e+03
6.690000000000000000e+03
6.833000000000000000e+03
6.890000000000000000e+03
6.906000000000000000e+03
6.991000000000000000e+03
6.994000000000000000e+03
7.010000000000000000e+03
7.012000000000000000e+03
7.013000000000000000e+03
7.014000000000000000e+03
7.016000000000000000e+03
7.023000000000000000e+03
7.033000000000000000e+03
7.172000000000000000e+03
7.213000000000000000e+03
7.260000000000000000e+03
7.295000000000000000e+03
7.304000000000000000e+03
7.414000000000000000e+03
7.438000000000000000e+03
7.445000000000000000e+03
7.449000000000000000e+03
7.514000000000000000e+03
7.524000000000000000e+03
7.547000000000000000e+03
7.574000000000000000e+03
7.603000000000000000e+03
7.613000000000000000e+03
7.665000000000000000e+03
7.690000000000000000e+03
7.798000000000000000e+03
7.850000000000000000e+03
7.862000000000000000e+03
7.882000000000000000e+03
7.912000000000000000e+03
7.931000000000000000e+03
7.972000000000000000e+03
8.015000000000000000e+03
8.087000000000000000e+03
8.119000000000000000e+03
8.154000000000000000e+03
8.312000000000000000e+03
8.320000000000000000e+03
8.335000000000000000e+03
8.339000000000000000e+03
8.342000000000000000e+03
8.349000000000000000e+03
8.380000000000000000e+03
8.393000000000000000e+03
8.449000000000000000e+03
8.458000000000000000e+03
8.519000000000000000e+03
8.586000000000000000e+03
8.677000000000000000e+03
8.751000000000000000e+03
8.875000000000000000e+03
9.015000000000000000e+03
9.105000000000000000e+03
9.111000000000000000e+03
9.116000000000000000e+03
9.154000000000000000e+03
9.215000000000000000e+03
9.243000000000000000e+03
9.271000000000000000e+03
9.340000000000000000e+03
9.359000000000000000e+03
9.361000000000000000e+03
9.387000000000000000e+03
9.417000000000000000e+03
9.431000000000000000e+03
9.507000000000000000e+03
9.519000000000000000e+03
9.558000000000000000e+03
9.566000000000000000e+03
9.575000000000000000e+03
9.683000000000000000e+03
9.746000000000000000e+03
9.754000000000000000e+03
9.781000000000000000e+03
9.822000000000000000e+03
9.827000000000000000e+03
9.873000000000000000e+03
9.916000000000000000e+03
9.940000000000000000e+03
9.971000000000000000e+03
1.003600000000000000e+04
1.009800000000000000e+04
1.042000000000000000e+04
1.043300000000000000e+04
1.050200000000000000e+04
1.050800000000000000e+04
1.066700000000000000e+04
1.071600000000000000e+04
1.072300000000000000e+04
1.075900000000000000e+04
1.088300000000000000e+04
1.089200000000000000e+04
1.089600000000000000e+04
1.094000000000000000e+04
1.098500000000000000e+04
1.099400000000000000e+04
1.100400000000000000e+04
1.103800000000000000e+04
1.103900000000000000e+04
1.110600000000000000e+04
1.112500000000000000e+04
1.120200000000000000e+04
1.120900000000000000e+04
1.124000000000000000e+04
1.127200000000000000e+04
1.127700000000000000e+04
1.130100000000000000e+04
1.132100000000000000e+04
1.138300000000000000e+04
1.140500000000000000e+04
1.144000000000000000e+04
1.144400000000000000e+04
1.144600000000000000e+04
1.146500000000000000e+04
1.151100000000000000e+04
1.156300000000000000e+04
1.157800000000000000e+04
1.158000000000000000e+04
1.160800000000000000e+04
1.162200000000000000e+04
1.163100000000000000e+04
1.164000000000000000e+04
1.170400000000000000e+04
1.171500000000000000e+04
1.183800000000000000e+04
1.184400000000000000e+04
1.185000000000000000e+04
1.190800000000000000e+04
1.200400000000000000e+04
1.201000000000000000e+04
1.201400000000000000e+04
1.202100000000000000e+04
1.202400000000000000e+04
1.206300000000000000e+04
1.206400000000000000e+04
1.209500000000000000e+04
1.212900000000000000e+04
1.213100000000000000e+04
1.215900000000000000e+04
1.223800000000000000e+04
1.224800000000000000e+04
1.225200000000000000e+04
1.233200000000000000e+04
1.248800000000000000e+04
1.250900000000000000e+04
1.254300000000000000e+04
1.256900000000000000e+04
1.258000000000000000e+04
1.260300000000000000e+04
1.260400000000000000e+04
1.262600000000000000e+04
1.266700000000000000e+04
1.266800000000000000e+04
1.269300000000000000e+04
1.269500000000000000e+04
1.270800000000000000e+04
1.271200000000000000e+04
1.276300000000000000e+04
1.287300000000000000e+04
1.287800000000000000e+04
1.309200000000000000e+04
1.316600000000000000e+04
1.316800000000000000e+04
1.328500000000000000e+04
1.329400000000000000e+04
1.331500000000000000e+04
1.332300000000000000e+04
1.336400000000000000e+04
1.346400000000000000e+04
1.352700000000000000e+04
1.353700000000000000e+04
1.358000000000000000e+04
1.360300000000000000e+04
1.360500000000000000e+04
1.363000000000000000e+04
1.364700000000000000e+04
1.364900000000000000e+04
1.368000000000000000e+04
1.368100000000000000e+04
1.370200000000000000e+04
1.377200000000000000e+04
1.377300000000000000e+04
1.379900000000000000e+04
1.396000000000000000e+04
1.399300000000000000e+04
1.401000000000000000e+04
1.406300000000000000e+04
1.406400000000000000e+04
1.414100000000000000e+04
1.416600000000000000e+04
1.421300000000000000e+04
1.432000000000000000e+04
1.447800000000000000e+04
1.454500000000000000e+04
1.457700000000000000e+04
1.458600000000000000e+04
1.464800000000000000e+04
1.469900000000000000e+04
1.475600000000000000e+04
1.478800000000000000e+04
1.479300000000000000e+04
1.488900000000000000e+04
1.492300000000000000e+04
1.492600000000000000e+04
1.493100000000000000e+04
1.495500000000000000e+04
1.503900000000000000e+04
1.508200000000000000e+04
1.509100000000000000e+04
1.510700000000000000e+04
1.510900000000000000e+04
1.528100000000000000e+04
1.534700000000000000e+04
1.538800000000000000e+04
1.544000000000000000e+04
1.544200000000000000e+04
1.545100000000000000e+04
1.554900000000000000e+04
1.566300000000000000e+04
1.571100000000000000e+04
1.571600000000000000e+04
1.574100000000000000e+04
1.574900000000000000e+04
1.587000000000000000e+04
1.587300000000000000e+04
1.588200000000000000e+04
1.588800000000000000e+04
1.593200000000000000e+04
1.598400000000000000e+04
1.604600000000000000e+04
1.605800000000000000e+04
1.605900000000000000e+04
1.606400000000000000e+04
1.607800000000000000e+04
1.608700000000000000e+04
1.609900000000000000e+04
1.615100000000000000e+04
1.615500000000000000e+04
1.617300000000000000e+04
1.620300000000000000e+04
1.624300000000000000e+04
1.625100000000000000e+04
1.630700000000000000e+04
1.635500000000000000e+04
1.648100000000000000e+04
1.650000000000000000e+04
1.651800000000000000e+04
1.652100000000000000e+04
1.652200000000000000e+04
1.652400000000000000e+04
1.665900000000000000e+04
1.667800000000000000e+04
1.673900000000000000e+04
1.674000000000000000e+04
1.675700000000000000e+04
1.685300000000000000e+04
1.685700000000000000e+04
1.692900000000000000e+04
1.695100000000000000e+04
1.696700000000000000e+04
1.701000000000000000e+04
1.706500000000000000e+04
1.707300000000000000e+04
1.716600000000000000e+04
1.719500000000000000e+04
1.719700000000000000e+04
1.720200000000000000e+04
1.727300000000000000e+04
1.727400000000000000e+04
1.740800000000000000e+04
1.751600000000000000e+04
1.754000000000000000e+04
1.757800000000000000e+04
1.761100000000000000e+04
1.761200000000000000e+04
1.762500000000000000e+04
1.765700000000000000e+04
1.770400000000000000e+04
1.777300000000000000e+04
1.778000000000000000e+04
1.779100000000000000e+04
1.780000000000000000e+04
1.781800000000000000e+04
1.783900000000000000e+04
1.784600000000000000e+04
1.786400000000000000e+04
1.795200000000000000e+04
1.797000000000000000e+04
1.809800000000000000e+04
1.811300000000000000e+04
1.811400000000000000e+04
1.813000000000000000e+04
1.813400000000000000e+04
1.814500000000000000e+04
1.815200000000000000e+04
1.826200000000000000e+04
1.827900000000000000e+04
1.834000000000000000e+04
1.838400000000000000e+04
1.841700000000000000e+04
1.844000000000000000e+04
1.847000000000000000e+04
1.853800000000000000e+04
1.857700000000000000e+04
1.863700000000000000e+04
1.863800000000000000e+04
1.866900000000000000e+04
1.872400000000000000e+04
1.882200000000000000e+04
1.887700000000000000e+04
1.891400000000000000e+04
1.894100000000000000e+04
1.898500000000000000e+04
1.899800000000000000e+04
1.899900000000000000e+04
1.900000000000000000e+04
1.900500000000000000e+04
1.900700000000000000e+04
1.900900000000000000e+04
1.901000000000000000e+04
1.902300000000000000e+04
1.909100000000000000e+04
1.913300000000000000e+04
1.913400000000000000e+04
1.916000000000000000e+04
1.919500000000000000e+04
1.924400000000000000e+04
1.924800000000000000e+04
1.937500000000000000e+04
1.941700000000000000e+04
1.942400000000000000e+04
1.952000000000000000e+04
1.953900000000000000e+04
1.956800000000000000e+04
1.959300000000000000e+04
1.960300000000000000e+04
1.961600000000000000e+04
1.967000000000000000e+04
1.971100000000000000e+04
1.974300000000000000e+04
1.980800000000000000e+04
1.987300000000000000e+04
1.997100000000000000e+04
1.997200000000000000e+04
2.001000000000000000e+04
2.001200000000000000e+04
2.001500000000000000e+04
2.001700000000000000e+04
2.008300000000000000e+04
2.011000000000000000e+04
2.016200000000000000e+04
2.016400000000000000e+04
2.016500000000000000e+04
2.016800000000000000e+04
2.017500000000000000e+04
2.017600000000000000e+04
2.017700000000000000e+04
2.017900000000000000e+04
2.020600000000000000e+04
2.021100000000000000e+04
2.021800000000000000e+04
2.025700000000000000e+04
2.029500000000000000e+04
2.029700000000000000e+04
2.031000000000000000e+04
2.035400000000000000e+04
2.036800000000000000e+04
2.038300000000000000e+04
2.042300000000000000e+04
2.042900000000000000e+04
2.044700000000000000e+04
2.051600000000000000e+04
2.052200000000000000e+04
2.052500000000000000e+04
2.052900000000000000e+04
2.053000000000000000e+04
2.053900000000000000e+04
2.054900000000000000e+04
2.057800000000000000e+04
2.069100000000000000e+04
2.071000000000000000e+04
2.071200000000000000e+04
2.071300000000000000e+04
2.072500000000000000e+04
2.075700000000000000e+04
2.081400000000000000e+04
2.090800000000000000e+04
2.095700000000000000e+04
2.098400000000000000e+04
2.104400000000000000e+04
2.108700000000000000e+04
2.113900000000000000e+04
2.118400000000000000e+04
2.119300000000000000e+04
2.123000000000000000e+04
2.125800000000000000e+04
2.125900000000000000e+04
2.131000000000000000e+04
2.131500000000000000e+04
2.138800000000000000e+04
2.140000000000000000e+04
2.142700000000000000e+04
2.146700000000000000e+04
2.163800000000000000e+04
2.166100000000000000e+04
2.176000000000000000e+04
2.178800000000000000e+04
2.186400000000000000e+04
2.192400000000000000e+04
2.193100000000000000e+04
2.200900000000000000e+04
2.202800000000000000e+04
2.203700000000000000e+04
2.208400000000000000e+04
2.219300000000000000e+04
2.220100000000000000e+04
2.227400000000000000e+04
2.227500000000000000e+04
2.227600000000000000e+04
2.232900000000000000e+04
2.233000000000000000e+04
2.233500000000000000e+04
2.238000000000000000e+04
2.241000000000000000e+04
2.242800000000000000e+04
2.243100000000000000e+04
2.243900000000000000e+04
2.246200000000000000e+04
2.250600000000000000e+04
2.253400000000000000e+04
2.259100000000000000e+04
2.261700000000000000e+04
2.263300000000000000e+04
2.266300000000000000e+04
2.275900000000000000e+04
2.276300000000000000e+04
2.281600000000000000e+04
2.284000000000000000e+04
2.285000000000000000e+04
2.287800000000000000e+04
2.291900000000000000e+04
2.296400000000000000e+04
2.296700000000000000e+04
2.299500000000000000e+04
2.301600000000000000e+04
2.303600000000000000e+04
2.304200000000000000e+04
2.305800000000000000e+04
2.309800000000000000e+04
2.312100000000000000e+04
2.312800000000000000e+04
2.313600000000000000e+04
2.315800000000000000e+04
2.316700000000000000e+04
2.318800000000000000e+04
2.335300000000000000e+04
2.335500000000000000e+04
2.350200000000000000e+04
2.350400000000000000e+04
2.353800000000000000e+04
2.356900000000000000e+04
2.360700000000000000e+04
2.362200000000000000e+04
2.372000000000000000e+04
2.373100000000000000e+04
2.375400000000000000e+04
2.378200000000000000e+04
2.385700000000000000e+04
2.387400000000000000e+04
2.393400000000000000e+04
2.401700000000000000e+04
2.410900000000000000e+04
2.421900000000000000e+04
2.422100000000000000e+04
2.422500000000000000e+04
2.426700000000000000e+04
2.426800000000000000e+04
2.427000000000000000e+04
2.428600000000000000e+04
2.429900000000000000e+04
2.431600000000000000e+04
2.433100000000000000e+04
2.434300000000000000e+04
2.435900000000000000e+04
2.440400000000000000e+04
2.445000000000000000e+04
2.449400000000000000e+04
2.450000000000000000e+04
2.467600000000000000e+04
2.470800000000000000e+04
2.474100000000000000e+04
2.476200000000000000e+04
2.477000000000000000e+04
2.477200000000000000e+04
2.478100000000000000e+04
2.481700000000000000e+04
2.487000000000000000e+04
2.489100000000000000e+04
2.495000000000000000e+04
2.501000000000000000e+04
2.501500000000000000e+04
2.501900000000000000e+04
2.517300000000000000e+04
2.518700000000000000e+04
2.519400000000000000e+04
2.527900000000000000e+04
2.528900000000000000e+04
2.532600000000000000e+04
2.533000000000000000e+04
2.534700000000000000e+04
2.538500000000000000e+04
2.539200000000000000e+04
2.539300000000000000e+04
2.539500000000000000e+04
2.539900000000000000e+04
2.543700000000000000e+04
2.544900000000000000e+04
2.547300000000000000e+04
2.547500000000000000e+04
2.547800000000000000e+04
2.549800000000000000e+04
2.551200000000000000e+04
2.557800000000000000e+04
2.564800000000000000e+04
2.565600000000000000e+04
2.570400000000000000e+04
2.575500000000000000e+04
2.578600000000000000e+04
2.580800000000000000e+04
2.581200000000000000e+04
2.583500000000000000e+04
2.583700000000000000e+04
2.583800000000000000e+04
2.583900000000000000e+04
2.587700000000000000e+04
2.590900000000000000e+04
2.596400000000000000e+04
2.601600000000000000e+04
2.603100000000000000e+04
2.604100000000000000e+04
2.605900000000000000e+04
2.611500000000000000e+04
2.615700000000000000e+04
2.616000000000000000e+04
2.617800000000000000e+04
2.617900000000000000e+04
2.621800000000000000e+04
2.625600000000000000e+04
2.626500000000000000e+04
2.630700000000000000e+04
2.633100000000000000e+04
2.634500000000000000e+04
2.634600000000000000e+04
2.634700000000000000e+04
2.643000000000000000e+04
2.644600000000000000e+04
2.645800000000000000e+04
2.650800000000000000e+04
2.653100000000000000e+04
2.654400000000000000e+04
2.665200000000000000e+04
2.668000000000000000e+04
2.668100000000000000e+04
2.668800000000000000e+04
2.669000000000000000e+04
2.669900000000000000e+04
2.676500000000000000e+04
2.679900000000000000e+04
2.683200000000000000e+04
2.683300000000000000e+04
2.685600000000000000e+04
2.685800000000000000e+04
2.685900000000000000e+04
2.693800000000000000e+04
2.697800000000000000e+04
2.698000000000000000e+04
2.706100000000000000e+04
2.706400000000000000e+04
2.706800000000000000e+04
2.708700000000000000e+04
2.708800000000000000e+04
2.709000000000000000e+04
2.709100000000000000e+04
2.716200000000000000e+04
2.716700000000000000e+04
2.720000000000000000e+04
2.722300000000000000e+04
2.725200000000000000e+04
2.728700000000000000e+04
2.730800000000000000e+04
2.735700000000000000e+04
2.744700000000000000e+04
2.746000000000000000e+04
2.751200000000000000e+04
2.756300000000000000e+04
2.763200000000000000e+04
2.768300000000000000e+04
2.770600000000000000e+04
2.780700000000000000e+04
2.781100000000000000e+04
2.788200000000000000e+04
2.789700000000000000e+04
2.792100000000000000e+04
2.793000000000000000e+04
2.793200000000000000e+04
2.793600000000000000e+04
2.797000000000000000e+04
2.797200000000000000e+04
2.797600000000000000e+04
2.808900000000000000e+04
2.809200000000000000e+04
2.811700000000000000e+04
2.816100000000000000e+04
2.817900000000000000e+04
2.818000000000000000e+04
2.822400000000000000e+04
2.833900000000000000e+04
2.842400000000000000e+04
2.848700000000000000e+04
2.849100000000000000e+04
2.859700000000000000e+04
2.859800000000000000e+04
2.860200000000000000e+04
2.862900000000000000e+04
2.863100000000000000e+04
2.866600000000000000e+04
2.866800000000000000e+04
2.868600000000000000e+04
2.869200000000000000e+04
2.869900000000000000e+04
2.873900000000000000e+04
2.876600000000000000e+04
2.876700000000000000e+04
2.877200000000000000e+04
2.878300000000000000e+04
2.881300000000000000e+04
2.881700000000000000e+04
2.882200000000000000e+04
2.883100000000000000e+04
2.885000000000000000e+04
2.887400000000000000e+04
2.887500000000000000e+04
2.888600000000000000e+04
2.889000000000000000e+04
2.889100000000000000e+04
2.893900000000000000e+04
2.896600000000000000e+04
2.903700000000000000e+04
2.904700000000000000e+04
2.905800000000000000e+04
2.912100000000000000e+04
2.917900000000000000e+04
2.918700000000000000e+04
2.935000000000000000e+04
2.938500000000000000e+04
2.938900000000000000e+04
2.939800000000000000e+04
2.940700000000000000e+04
2.945700000000000000e+04
2.947400000000000000e+04
2.954800000000000000e+04
2.956400000000000000e+04
2.956600000000000000e+04
2.958800000000000000e+04
2.960800000000000000e+04
2.962400000000000000e+04
2.963300000000000000e+04
2.966400000000000000e+04
2.966600000000000000e+04
2.966700000000000000e+04
2.976100000000000000e+04
2.979800000000000000e+04
2.980300000000000000e+04
2.984900000000000000e+04
2.986600000000000000e+04
2.986800000000000000e+04
2.986900000000000000e+04
2.987000000000000000e+04
2.988400000000000000e+04
2.989300000000000000e+04
2.989400000000000000e+04
2.994300000000000000e+04
2.994700000000000000e+04
2.996800000000000000e+04
2.998800000000000000e+04
3.003200000000000000e+04
3.007700000000000000e+04
3.008200000000000000e+04
3.009800000000000000e+04
3.015800000000000000e+04
3.016000000000000000e+04
3.016300000000000000e+04
3.017600000000000000e+04
3.028800000000000000e+04
3.030800000000000000e+04
3.043000000000000000e+04
3.043700000000000000e+04
3.046000000000000000e+04
3.046200000000000000e+04
3.051900000000000000e+04
3.057300000000000000e+04
3.057800000000000000e+04
3.057900000000000000e+04
3.059200000000000000e+04
3.069000000000000000e+04
3.077200000000000000e+04
3.078600000000000000e+04
3.080100000000000000e+04
3.080500000000000000e+04
3.080900000000000000e+04
3.084100000000000000e+04
3.085200000000000000e+04
3.086600000000000000e+04
3.090500000000000000e+04
3.091000000000000000e+04
3.091100000000000000e+04
3.093900000000000000e+04
3.094700000000000000e+04
3.104300000000000000e+04
3.108500000000000000e+04
3.112200000000000000e+04
3.114900000000000000e+04
3.115700000000000000e+04
3.116700000000000000e+04
3.119600000000000000e+04
3.120500000000000000e+04
3.121300000000000000e+04
3.121900000000000000e+04
3.125400000000000000e+04
3.132500000000000000e+04
3.135900000000000000e+04
3.136000000000000000e+04
3.140600000000000000e+04
3.140800000000000000e+04
3.146600000000000000e+04
3.150500000000000000e+04
3.151100000000000000e+04
3.154400000000000000e+04
3.165200000000000000e+04
3.171000000000000000e+04
3.172700000000000000e+04
3.177000000000000000e+04
3.178100000000000000e+04
3.179100000000000000e+04
3.180200000000000000e+04
3.184700000000000000e+04
3.185900000000000000e+04
3.187500000000000000e+04
3.187700000000000000e+04
3.191600000000000000e+04
3.198500000000000000e+04
3.204700000000000000e+04
3.205300000000000000e+04
3.208600000000000000e+04
3.209700000000000000e+04
3.210800000000000000e+04
3.212500000000000000e+04
3.214700000000000000e+04
3.216900000000000000e+04
3.220000000000000000e+04
3.221000000000000000e+04
3.221500000000000000e+04
3.221800000000000000e+04
3.224400000000000000e+04
3.230400000000000000e+04
3.230900000000000000e+04
3.238000000000000000e+04
3.250200000000000000e+04
3.250500000000000000e+04
3.252800000000000000e+04
3.256700000000000000e+04
3.257400000000000000e+04
3.260500000000000000e+04
3.260800000000000000e+04
3.261200000000000000e+04
3.262600000000000000e+04
3.263000000000000000e+04
3.266600000000000000e+04
3.273900000000000000e+04
3.275000000000000000e+04
3.275700000000000000e+04
3.282100000000000000e+04
3.286200000000000000e+04
3.287300000000000000e+04
3.291500000000000000e+04
3.294500000000000000e+04
3.294600000000000000e+04
3.295800000000000000e+04
3.301100000000000000e+04
3.302800000000000000e+04
3.304400000000000000e+04
3.310200000000000000e+04
3.316100000000000000e+04
3.317700000000000000e+04
3.318300000000000000e+04
3.322800000000000000e+04
3.326700000000000000e+04
3.328400000000000000e+04
3.330700000000000000e+04
3.330900000000000000e+04
3.332400000000000000e+04
3.332700000000000000e+04
3.347100000000000000e+04
3.349500000000000000e+04
3.351700000000000000e+04
3.358900000000000000e+04
3.359100000000000000e+04
3.359500000000000000e+04
3.362100000000000000e+04
3.363300000000000000e+04
3.364900000000000000e+04
3.365000000000000000e+04
3.367200000000000000e+04
3.371400000000000000e+04
3.373500000000000000e+04
3.373900000000000000e+04
3.375000000000000000e+04
3.376900000000000000e+04
3.377500000000000000e+04
3.378500000000000000e+04
3.379800000000000000e+04
3.393300000000000000e+04
3.395700000000000000e+04
3.395900000000000000e+04
3.397100000000000000e+04
3.397300000000000000e+04
3.397800000000000000e+04
3.398700000000000000e+04
3.398800000000000000e+04
3.399000000000000000e+04
3.399300000000000000e+04
3.400000000000000000e+04
3.402700000000000000e+04
3.405600000000000000e+04
3.406100000000000000e+04
3.409600000000000000e+04
3.412400000000000000e+04
3.414900000000000000e+04
3.415900000000000000e+04
3.428200000000000000e+04
3.434300000000000000e+04
3.441100000000000000e+04
3.442900000000000000e+04
3.443200000000000000e+04
3.445900000000000000e+04
3.452900000000000000e+04
3.463800000000000000e+04
3.468100000000000000e+04
3.470200000000000000e+04
3.471100000000000000e+04
3.471200000000000000e+04
3.477400000000000000e+04
3.479900000000000000e+04
3.481000000000000000e+04
3.483100000000000000e+04
3.483700000000000000e+04
3.485500000000000000e+04
3.485600000000000000e+04
3.485800000000000000e+04
3.487500000000000000e+04
3.493800000000000000e+04
3.505600000000000000e+04
3.514200000000000000e+04
3.515200000000000000e+04
3.519200000000000000e+04
3.520900000000000000e+04
3.521300000000000000e+04
3.521400000000000000e+04
3.521600000000000000e+04
3.527800000000000000e+04
3.535800000000000000e+04
3.541400000000000000e+04
3.544800000000000000e+04
3.545100000000000000e+04
3.545500000000000000e+04
3.549700000000000000e+04
3.551100000000000000e+04
3.551400000000000000e+04
3.555900000000000000e+04
3.557700000000000000e+04
3.558100000000000000e+04
3.559900000000000000e+04
3.563500000000000000e+04
3.572700000000000000e+04
3.576200000000000000e+04
3.576400000000000000e+04
3.577100000000000000e+04
3.582900000000000000e+04
3.583500000000000000e+04
3.585900000000000000e+04
3.587800000000000000e+04
3.589500000000000000e+04
3.590300000000000000e+04
3.591200000000000000e+04
3.591800000000000000e+04
3.592500000000000000e+04
3.593900000000000000e+04
3.594800000000000000e+04
3.594900000000000000e+04
3.595200000000000000e+04
3.595300000000000000e+04
3.602900000000000000e+04
3.603200000000000000e+04
3.604400000000000000e+04
3.609000000000000000e+04
3.610200000000000000e+04
3.612600000000000000e+04
3.616500000000000000e+04
3.616900000000000000e+04
3.617200000000000000e+04
3.618400000000000000e+04
3.623100000000000000e+04
3.629400000000000000e+04
3.639600000000000000e+04
3.641500000000000000e+04
3.641700000000000000e+04
3.645900000000000000e+04
3.658400000000000000e+04
3.659800000000000000e+04
3.662200000000000000e+04
3.664500000000000000e+04
3.667000000000000000e+04
3.669000000000000000e+04
3.670500000000000000e+04
3.672900000000000000e+04
3.675000000000000000e+04
3.675900000000000000e+04
3.681900000000000000e+04
3.695800000000000000e+04
3.698800000000000000e+04
3.699100000000000000e+04
3.699300000000000000e+04
3.701600000000000000e+04
3.702800000000000000e+04
3.703800000000000000e+04
3.704300000000000000e+04
3.704800000000000000e+04
3.705600000000000000e+04
3.707400000000000000e+04
3.708500000000000000e+04
3.710500000000000000e+04
3.711800000000000000e+04
3.715200000000000000e+04
3.719400000000000000e+04
3.722200000000000000e+04
3.722700000000000000e+04
3.723300000000000000e+04
3.725000000000000000e+04
3.725900000000000000e+04
3.728700000000000000e+04
3.729800000000000000e+04
3.737700000000000000e+04
3.740000000000000000e+04
3.740600000000000000e+04
3.747700000000000000e+04
3.750400000000000000e+04
3.751600000000000000e+04
3.752300000000000000e+04
3.754200000000000000e+04
3.764500000000000000e+04
3.765000000000000000e+04
3.775200000000000000e+04
3.776700000000000000e+04
3.779600000000000000e+04
3.790100000000000000e+04
3.792600000000000000e+04
3.793700000000000000e+04
3.795700000000000000e+04
3.796800000000000000e+04
3.798000000000000000e+04
3.802900000000000000e+04
3.806100000000000000e+04
3.806600000000000000e+04
3.810000000000000000e+04
3.811600000000000000e+04
3.814900000000000000e+04
3.817500000000000000e+04
3.829200000000000000e+04
3.834800000000000000e+04
3.842300000000000000e+04
3.858600000000000000e+04
3.860500000000000000e+04
3.865300000000000000e+04
3.867600000000000000e+04
3.876400000000000000e+04
3.884700000000000000e+04
3.886200000000000000e+04
3.889500000000000000e+04
3.890000000000000000e+04
3.890300000000000000e+04
3.891500000000000000e+04
3.892200000000000000e+04
3.892300000000000000e+04
3.892400000000000000e+04
3.892500000000000000e+04
3.893000000000000000e+04
3.894900000000000000e+04
3.895500000000000000e+04
3.895800000000000000e+04
3.897900000000000000e+04
3.899500000000000000e+04
3.899900000000000000e+04
3.901800000000000000e+04
3.904600000000000000e+04
3.905600000000000000e+04
3.907400000000000000e+04
3.909900000000000000e+04
3.913100000000000000e+04
3.913200000000000000e+04
3.914000000000000000e+04
3.920000000000000000e+04
3.922100000000000000e+04
3.923300000000000000e+04
3.923400000000000000e+04
3.926100000000000000e+04
3.927300000000000000e+04
3.927900000000000000e+04
3.933400000000000000e+04
3.934800000000000000e+04
3.935000000000000000e+04
3.939400000000000000e+04
3.939500000000000000e+04
3.940200000000000000e+04
3.941500000000000000e+04
3.944900000000000000e+04
3.954500000000000000e+04
3.955200000000000000e+04
3.955300000000000000e+04
3.957900000000000000e+04
3.958100000000000000e+04
3.960400000000000000e+04
3.971500000000000000e+04
3.973000000000000000e+04
3.980300000000000000e+04
3.982300000000000000e+04
3.982900000000000000e+04
3.983800000000000000e+04
3.984000000000000000e+04
3.984100000000000000e+04
3.985500000000000000e+04
3.992500000000000000e+04
3.995700000000000000e+04
3.999600000000000000e+04
4.002900000000000000e+04
4.008000000000000000e+04
4.012700000000000000e+04
4.015800000000000000e+04
4.016700000000000000e+04
4.016900000000000000e+04
4.017100000000000000e+04
4.017200000000000000e+04
4.017600000000000000e+04
4.018300000000000000e+04
4.018500000000000000e+04
4.018700000000000000e+04
4.019200000000000000e+04
4.020200000000000000e+04
4.020400000000000000e+04
4.020600000000000000e+04
4.021000000000000000e+04
4.021300000000000000e+04
4.021400000000000000e+04
4.021800000000000000e+04
4.021900000000000000e+04
4.035100000000000000e+04
4.038500000000000000e+04
4.038800000000000000e+04
4.044200000000000000e+04
4.044400000000000000e+04
4.045900000000000000e+04
4.046300000000000000e+04
4.047200000000000000e+04
4.053400000000000000e+04
4.056700000000000000e+04
4.057700000000000000e+04
4.059400000000000000e+04
4.065900000000000000e+04
4.072000000000000000e+04
4.072100000000000000e+04
4.077700000000000000e+04
4.079100000000000000e+04
4.081600000000000000e+04
4.085000000000000000e+04
4.088600000000000000e+04
4.094100000000000000e+04
4.102700000000000000e+04
4.103600000000000000e+04
4.103700000000000000e+04
4.105300000000000000e+04
4.109900000000000000e+04
4.111800000000000000e+04
4.111900000000000000e+04
4.128700000000000000e+04
4.134400000000000000e+04
4.137600000000000000e+04
4.147400000000000000e+04
4.150000000000000000e+04
4.150700000000000000e+04
4.152100000000000000e+04
4.152200000000000000e+04
4.153200000000000000e+04
4.156300000000000000e+04
4.156500000000000000e+04
4.162400000000000000e+04
4.163400000000000000e+04
4.169000000000000000e+04
4.170500000000000000e+04
4.172300000000000000e+04
4.172900000000000000e+04
4.176400000000000000e+04
4.178500000000000000e+04
4.184900000000000000e+04
4.185000000000000000e+04
4.187500000000000000e+04
4.190300000000000000e+04
4.190400000000000000e+04
4.192000000000000000e+04
4.195100000000000000e+04
4.196000000000000000e+04
4.202800000000000000e+04
4.204300000000000000e+04
4.204400000000000000e+04
4.204900000000000000e+04
4.205100000000000000e+04
4.205800000000000000e+04
4.207200000000000000e+04
4.207300000000000000e+04
4.208800000000000000e+04
4.209200000000000000e+04
4.214400000000000000e+04
4.223100000000000000e+04
4.223600000000000000e+04
4.228900000000000000e+04
4.229400000000000000e+04
4.230400000000000000e+04
4.242300000000000000e+04
4.243100000000000000e+04
4.244000000000000000e+04
4.244100000000000000e+04
4.254600000000000000e+04
4.262500000000000000e+04
4.263800000000000000e+04
4.265700000000000000e+04
4.271700000000000000e+04
4.276100000000000000e+04
4.287400000000000000e+04
4.300700000000000000e+04
4.303800000000000000e+04
4.307900000000000000e+04
4.311300000000000000e+04
4.311400000000000000e+04
4.311500000000000000e+04
4.315000000000000000e+04
4.316600000000000000e+04
4.318500000000000000e+04
4.326500000000000000e+04
4.326600000000000000e+04
4.328400000000000000e+04
4.330200000000000000e+04
4.333100000000000000e+04
4.336100000000000000e+04
4.339200000000000000e+04
4.352200000000000000e+04
4.360600000000000000e+04
4.362400000000000000e+04
4.370300000000000000e+04
4.371300000000000000e+04
4.372700000000000000e+04
4.375000000000000000e+04
4.379300000000000000e+04
4.379400000000000000e+04
4.380800000000000000e+04
4.380900000000000000e+04
4.381000000000000000e+04
4.381100000000000000e+04
4.382900000000000000e+04
4.393000000000000000e+04
4.404300000000000000e+04
4.404400000000000000e+04
4.408100000000000000e+04
4.410900000000000000e+04
4.413400000000000000e+04
4.422100000000000000e+04
4.422300000000000000e+04
4.423000000000000000e+04
4.424000000000000000e+04
4.426800000000000000e+04
4.426900000000000000e+04
4.427100000000000000e+04
4.428000000000000000e+04
4.433600000000000000e+04
4.433700000000000000e+04
4.433800000000000000e+04
4.434900000000000000e+04
4.436400000000000000e+04
4.437700000000000000e+04
4.438300000000000000e+04
4.441600000000000000e+04
4.441900000000000000e+04
4.446600000000000000e+04
4.447500000000000000e+04
4.448300000000000000e+04
4.448400000000000000e+04
4.448700000000000000e+04
4.449100000000000000e+04
4.449400000000000000e+04
4.450500000000000000e+04
4.452300000000000000e+04
4.456000000000000000e+04
4.456100000000000000e+04
4.458000000000000000e+04
4.461800000000000000e+04
4.463600000000000000e+04
4.464800000000000000e+04
4.465100000000000000e+04
4.466100000000000000e+04
4.473500000000000000e+04
4.477900000000000000e+04
4.478200000000000000e+04
4.479800000000000000e+04
4.480300000000000000e+04
4.480400000000000000e+04
4.484400000000000000e+04
4.484900000000000000e+04
4.485900000000000000e+04
4.486200000000000000e+04
4.487500000000000000e+04
4.488000000000000000e+04
4.492000000000000000e+04
4.500200000000000000e+04
4.500300000000000000e+04
4.501000000000000000e+04
4.501100000000000000e+04
4.503700000000000000e+04
4.505700000000000000e+04
4.515800000000000000e+04
4.517800000000000000e+04
4.518300000000000000e+04
4.518400000000000000e+04
4.520600000000000000e+04
4.521600000000000000e+04
4.528300000000000000e+04
4.532500000000000000e+04
4.532800000000000000e+04
4.533400000000000000e+04
4.548500000000000000e+04
4.554800000000000000e+04
4.556300000000000000e+04
4.557200000000000000e+04
4.562700000000000000e+04
4.563300000000000000e+04
4.563500000000000000e+04
4.567000000000000000e+04
4.567300000000000000e+04
4.568100000000000000e+04
4.574900000000000000e+04
4.575200000000000000e+04
4.575800000000000000e+04
4.592000000000000000e+04
4.592400000000000000e+04
4.595000000000000000e+04
4.601600000000000000e+04
4.602900000000000000e+04
4.608800000000000000e+04
4.612500000000000000e+04
4.623200000000000000e+04
4.624100000000000000e+04
4.626400000000000000e+04
4.627000000000000000e+04
4.627200000000000000e+04
4.627500000000000000e+04
4.628300000000000000e+04
4.628400000000000000e+04
4.630000000000000000e+04
4.641600000000000000e+04
4.641700000000000000e+04
4.642000000000000000e+04
4.642200000000000000e+04
4.642600000000000000e+04
4.647000000000000000e+04
4.650200000000000000e+04
4.650700000000000000e+04
4.654400000000000000e+04
4.654900000000000000e+04
4.661800000000000000e+04
4.663800000000000000e+04
4.664300000000000000e+04
4.667800000000000000e+04
4.668500000000000000e+04
4.670600000000000000e+04
4.670700000000000000e+04
4.672600000000000000e+04
4.678800000000000000e+04
4.679900000000000000e+04
4.681100000000000000e+04
4.682900000000000000e+04
4.685100000000000000e+04
4.689800000000000000e+04
4.695100000000000000e+04
4.695900000000000000e+04
4.700100000000000000e+04
4.707100000000000000e+04
4.708100000000000000e+04
4.708300000000000000e+04
4.709200000000000000e+04
4.709300000000000000e+04
4.712100000000000000e+04
4.712200000000000000e+04
4.726500000000000000e+04
4.728800000000000000e+04
4.732800000000000000e+04
4.734000000000000000e+04
4.742300000000000000e+04
4.750400000000000000e+04
4.756300000000000000e+04
4.756500000000000000e+04
4.766300000000000000e+04
4.771000000000000000e+04
4.772900000000000000e+04
4.775200000000000000e+04
4.778000000000000000e+04
4.780900000000000000e+04
4.784300000000000000e+04
4.784900000000000000e+04
4.785100000000000000e+04
4.785300000000000000e+04
4.785400000000000000e+04
4.785500000000000000e+04
4.792500000000000000e+04
4.795100000000000000e+04
4.796100000000000000e+04
4.796300000000000000e+04
4.798700000000000000e+04
4.800900000000000000e+04
4.802900000000000000e+04
4.804400000000000000e+04
4.805300000000000000e+04
4.808100000000000000e+04
4.809000000000000000e+04
4.816100000000000000e+04
4.818700000000000000e+04
4.820400000000000000e+04
4.820600000000000000e+04
4.820700000000000000e+04
4.823400000000000000e+04
4.826100000000000000e+04
4.826400000000000000e+04
4.829300000000000000e+04
4.829800000000000000e+04
4.831700000000000000e+04
4.834900000000000000e+04
4.835100000000000000e+04
4.835600000000000000e+04
4.836800000000000000e+04
4.836900000000000000e+04
4.837400000000000000e+04
4.837700000000000000e+04
4.838700000000000000e+04
4.839700000000000000e+04
4.845100000000000000e+04
4.849600000000000000e+04
4.850500000000000000e+04
4.850900000000000000e+04
4.853600000000000000e+04
4.856600000000000000e+04
4.861400000000000000e+04
4.865200000000000000e+04
4.867200000000000000e+04
4.871600000000000000e+04
4.874100000000000000e+04
4.875300000000000000e+04
4.876900000000000000e+04
4.880300000000000000e+04
4.880400000000000000e+04
4.881200000000000000e+04
4.881300000000000000e+04
4.885500000000000000e+04
4.887500000000000000e+04
4.887700000000000000e+04
4.889200000000000000e+04
4.889900000000000000e+04
4.891300000000000000e+04
4.891400000000000000e+04
4.891500000000000000e+04
4.893900000000000000e+04
4.895000000000000000e+04
4.908100000000000000e+04
4.909700000000000000e+04
4.910000000000000000e+04
4.911700000000000000e+04
4.912000000000000000e+04
4.917500000000000000e+04
4.931500000000000000e+04
4.946800000000000000e+04
4.950900000000000000e+04
4.957400000000000000e+04
4.966400000000000000e+04
4.966500000000000000e+04
4.972100000000000000e+04
4.973900000000000000e+04
4.977600000000000000e+04
4.982500000000000000e+04
4.983000000000000000e+04
4.985200000000000000e+04
4.988900000000000000e+04
4.994100000000000000e+04
5.003700000000000000e+04
5.009800000000000000e+04
5.015700000000000000e+04
5.015800000000000000e+04
5.015900000000000000e+04
5.020300000000000000e+04
5.022200000000000000e+04
5.023000000000000000e+04
5.028300000000000000e+04
5.028500000000000000e+04
5.028900000000000000e+04
5.029600000000000000e+04
5.040200000000000000e+04
5.040300000000000000e+04
5.040600000000000000e+04
5.044500000000000000e+04
5.048900000000000000e+04
5.052200000000000000e+04
5.057800000000000000e+04
5.059900000000000000e+04
5.064400000000000000e+04
5.078100000000000000e+04
5.079900000000000000e+04
5.082400000000000000e+04
5.082900000000000000e+04
5.087900000000000000e+04
5.092500000000000000e+04
5.095800000000000000e+04
5.109300000000000000e+04
5.109600000000000000e+04
5.112300000000000000e+04
5.121800000000000000e+04
5.122000000000000000e+04
5.124200000000000000e+04
5.124600000000000000e+04
5.134800000000000000e+04
5.138600000000000000e+04
5.143200000000000000e+04
5.143600000000000000e+04
5.143700000000000000e+04
5.145000000000000000e+04
5.145300000000000000e+04
5.147000000000000000e+04
5.147400000000000000e+04
5.154000000000000000e+04
5.163800000000000000e+04
5.180900000000000000e+04
5.182600000000000000e+04
5.185600000000000000e+04
5.185800000000000000e+04
5.188000000000000000e+04
5.192000000000000000e+04
5.192200000000000000e+04
5.196700000000000000e+04
5.197900000000000000e+04
5.199200000000000000e+04
5.201000000000000000e+04
5.206900000000000000e+04
5.208800000000000000e+04
5.212400000000000000e+04
5.214400000000000000e+04
5.218600000000000000e+04
5.219100000000000000e+04
5.219300000000000000e+04
5.221300000000000000e+04
5.221500000000000000e+04
5.223800000000000000e+04
5.227800000000000000e+04
5.228300000000000000e+04
5.228600000000000000e+04
5.229200000000000000e+04
5.233600000000000000e+04
5.236000000000000000e+04
5.236600000000000000e+04
5.242100000000000000e+04
5.250000000000000000e+04
5.250100000000000000e+04
5.254000000000000000e+04
5.265200000000000000e+04
5.265400000000000000e+04
5.268000000000000000e+04
5.274100000000000000e+04
5.274300000000000000e+04
5.275900000000000000e+04
5.276100000000000000e+04
5.276600000000000000e+04
5.286500000000000000e+04
5.289700000000000000e+04
5.291600000000000000e+04
5.294600000000000000e+04
5.298200000000000000e+04
5.301000000000000000e+04
5.302200000000000000e+04
5.302400000000000000e+04
5.302700000000000000e+04
5.303100000000000000e+04
5.307300000000000000e+04
5.307600000000000000e+04
5.307700000000000000e+04
5.308300000000000000e+04
5.308400000000000000e+04
5.308900000000000000e+04
5.316000000000000000e+04
5.325100000000000000e+04
5.325700000000000000e+04
5.327800000000000000e+04
5.327900000000000000e+04
5.329100000000000000e+04
5.330900000000000000e+04
5.331400000000000000e+04
5.332300000000000000e+04
5.332400000000000000e+04
5.332900000000000000e+04
5.337500000000000000e+04
5.337600000000000000e+04
5.351500000000000000e+04
5.351900000000000000e+04
5.352700000000000000e+04
5.354400000000000000e+04
5.355300000000000000e+04
5.356800000000000000e+04
5.365500000000000000e+04
5.370800000000000000e+04
5.372000000000000000e+04
5.381400000000000000e+04
5.381700000000000000e+04
5.385000000000000000e+04
5.386200000000000000e+04
5.390300000000000000e+04
5.390900000000000000e+04
5.393800000000000000e+04
5.394200000000000000e+04
5.395100000000000000e+04
5.399000000000000000e+04
5.405900000000000000e+04
5.410000000000000000e+04
5.411100000000000000e+04
5.420000000000000000e+04
5.420500000000000000e+04
5.422600000000000000e+04
5.424200000000000000e+04
5.424500000000000000e+04
5.426300000000000000e+04
5.426600000000000000e+04
5.429800000000000000e+04
5.430800000000000000e+04
5.431500000000000000e+04
5.431900000000000000e+04
5.432000000000000000e+04
5.432100000000000000e+04
5.432200000000000000e+04
5.433200000000000000e+04
5.433300000000000000e+04
5.435000000000000000e+04
5.435700000000000000e+04
5.438700000000000000e+04
5.441400000000000000e+04
5.446300000000000000e+04
5.447600000000000000e+04
5.448800000000000000e+04
5.451700000000000000e+04
5.457100000000000000e+04
5.457300000000000000e+04
5.457600000000000000e+04
5.458400000000000000e+04
5.459700000000000000e+04
5.463200000000000000e+04
5.465300000000000000e+04
5.466000000000000000e+04
5.467000000000000000e+04
5.467400000000000000e+04
5.467700000000000000e+04
5.468100000000000000e+04
5.468500000000000000e+04
5.473100000000000000e+04
5.477500000000000000e+04
5.478200000000000000e+04
5.481100000000000000e+04
5.481200000000000000e+04
5.482700000000000000e+04
5.484000000000000000e+04
5.484300000000000000e+04
5.484900000000000000e+04
5.485200000000000000e+04
5.485500000000000000e+04
5.489000000000000000e+04
5.490500000000000000e+04
5.490600000000000000e+04
5.490800000000000000e+04
5.490900000000000000e+04
5.493400000000000000e+04
5.494300000000000000e+04
5.494400000000000000e+04
5.494500000000000000e+04
5.494800000000000000e+04
5.495500000000000000e+04
5.496900000000000000e+04
5.498500000000000000e+04
5.500900000000000000e+04
5.504600000000000000e+04
5.504900000000000000e+04
5.508600000000000000e+04
5.510200000000000000e+04
5.510500000000000000e+04
5.514400000000000000e+04
5.515300000000000000e+04
5.515500000000000000e+04
5.515600000000000000e+04
5.516600000000000000e+04
5.518300000000000000e+04
5.523600000000000000e+04
5.525100000000000000e+04
5.526800000000000000e+04
5.529500000000000000e+04
5.533900000000000000e+04
5.534800000000000000e+04
5.535200000000000000e+04
5.536900000000000000e+04
5.537900000000000000e+04
5.545300000000000000e+04
5.545700000000000000e+04
5.546500000000000000e+04
5.546900000000000000e+04
5.550100000000000000e+04
5.550500000000000000e+04
5.550800000000000000e+04
5.551400000000000000e+04
5.552200000000000000e+04
5.557100000000000000e+04
5.558500000000000000e+04
5.561500000000000000e+04
5.562600000000000000e+04
5.566300000000000000e+04
5.567800000000000000e+04
5.568400000000000000e+04
5.569200000000000000e+04
5.569900000000000000e+04
5.570200000000000000e+04
5.570900000000000000e+04
5.575500000000000000e+04
5.580400000000000000e+04
5.580600000000000000e+04
5.580800000000000000e+04
5.582900000000000000e+04
5.583000000000000000e+04
5.584200000000000000e+04
5.584300000000000000e+04
5.584700000000000000e+04
5.584900000000000000e+04
5.585000000000000000e+04
5.585100000000000000e+04
5.585200000000000000e+04
5.585400000000000000e+04
5.585500000000000000e+04
5.591900000000000000e+04
5.592000000000000000e+04
5.594200000000000000e+04
5.594400000000000000e+04
5.596900000000000000e+04
5.600500000000000000e+04
5.601100000000000000e+04
5.603500000000000000e+04
5.606300000000000000e+04
5.614400000000000000e+04
5.614700000000000000e+04
5.616400000000000000e+04
5.617800000000000000e+04
5.620800000000000000e+04
5.621600000000000000e+04
5.624300000000000000e+04
5.627500000000000000e+04
5.628100000000000000e+04
5.628200000000000000e+04
5.628600000000000000e+04
5.628800000000000000e+04
5.631500000000000000e+04
5.633300000000000000e+04
5.636400000000000000e+04
5.636500000000000000e+04
5.638000000000000000e+04
5.638500000000000000e+04
5.638600000000000000e+04
5.639100000000000000e+04
5.640300000000000000e+04
5.640900000000000000e+04
5.641100000000000000e+04
5.645900000000000000e+04
5.646900000000000000e+04
5.650400000000000000e+04
5.651800000000000000e+04
5.652200000000000000e+04
5.659200000000000000e+04
5.659500000000000000e+04
5.661400000000000000e+04
5.664600000000000000e+04
5.666600000000000000e+04
5.668200000000000000e+04
5.671400000000000000e+04
5.673700000000000000e+04
5.675700000000000000e+04
5.676500000000000000e+04
5.685600000000000000e+04
5.687800000000000000e+04
5.691800000000000000e+04
5.694800000000000000e+04
5.699300000000000000e+04
5.700000000000000000e+04
5.702900000000000000e+04
5.705900000000000000e+04
5.708600000000000000e+04
5.708800000000000000e+04
5.710800000000000000e+04
5.712000000000000000e+04
5.712300000000000000e+04
5.712400000000000000e+04
5.714800000000000000e+04
5.720300000000000000e+04
5.721700000000000000e+04
5.726800000000000000e+04
5.732600000000000000e+04
5.734400000000000000e+04
5.735600000000000000e+04
5.735800000000000000e+04
5.736400000000000000e+04
5.738400000000000000e+04
5.739000000000000000e+04
5.739100000000000000e+04
5.743300000000000000e+04
5.744400000000000000e+04
5.744600000000000000e+04
5.748900000000000000e+04
5.749000000000000000e+04
5.749700000000000000e+04
5.750800000000000000e+04
5.751100000000000000e+04
5.754800000000000000e+04
5.755100000000000000e+04
5.758800000000000000e+04
5.759500000000000000e+04
5.759600000000000000e+04
5.762800000000000000e+04
5.764000000000000000e+04
5.764600000000000000e+04
5.765000000000000000e+04
5.765400000000000000e+04
5.767400000000000000e+04
5.767900000000000000e+04
5.768300000000000000e+04
5.772100000000000000e+04
5.773900000000000000e+04
5.778600000000000000e+04
5.787500000000000000e+04
5.790500000000000000e+04
5.791500000000000000e+04
5.791800000000000000e+04
5.792500000000000000e+04
5.795000000000000000e+04
5.795600000000000000e+04
5.798100000000000000e+04
5.801600000000000000e+04
5.802400000000000000e+04
5.802500000000000000e+04
5.803000000000000000e+04
5.807300000000000000e+04
5.808200000000000000e+04
5.811500000000000000e+04
5.812900000000000000e+04
5.819400000000000000e+04
5.821400000000000000e+04
5.823800000000000000e+04
5.823900000000000000e+04
5.824600000000000000e+04
5.825300000000000000e+04
5.830100000000000000e+04
5.830400000000000000e+04
5.835800000000000000e+04
5.836100000000000000e+04
5.841400000000000000e+04
5.841800000000000000e+04
5.842500000000000000e+04
5.844100000000000000e+04
5.845100000000000000e+04
5.851900000000000000e+04
5.852100000000000000e+04
5.852900000000000000e+04
5.862000000000000000e+04
5.863800000000000000e+04
5.866400000000000000e+04
5.868600000000000000e+04
5.871700000000000000e+04
5.871800000000000000e+04
5.871900000000000000e+04
5.872600000000000000e+04
5.873100000000000000e+04
5.882500000000000000e+04
5.886400000000000000e+04
5.887200000000000000e+04
5.894100000000000000e+04
5.894800000000000000e+04
5.896000000000000000e+04
5.896100000000000000e+04
5.896800000000000000e+04
5.900400000000000000e+04
5.904200000000000000e+04
5.904900000000000000e+04
5.905500000000000000e+04
5.908700000000000000e+04
5.920100000000000000e+04
5.920200000000000000e+04
5.920700000000000000e+04
5.921500000000000000e+04
5.921900000000000000e+04
5.924500000000000000e+04
5.925800000000000000e+04
5.925900000000000000e+04
5.932900000000000000e+04
5.937700000000000000e+04
5.941300000000000000e+04
5.942200000000000000e+04
5.943100000000000000e+04
5.943900000000000000e+04
5.949000000000000000e+04
5.952500000000000000e+04
5.958000000000000000e+04
5.958400000000000000e+04
5.960800000000000000e+04
5.962600000000000000e+04
5.971900000000000000e+04
5.974700000000000000e+04
5.975800000000000000e+04
5.977600000000000000e+04
5.978700000000000000e+04
5.981600000000000000e+04
5.982500000000000000e+04
5.988600000000000000e+04
5.994700000000000000e+04
5.995900000000000000e+04
5.996000000000000000e+04
5.998500000000000000e+04
5.999400000000000000e+04
6.000100000000000000e+04
6.000600000000000000e+04
6.001400000000000000e+04
6.001900000000000000e+04
6.002500000000000000e+04
6.003100000000000000e+04
6.005100000000000000e+04
6.006100000000000000e+04
6.006200000000000000e+04
6.011400000000000000e+04
6.011600000000000000e+04
6.013700000000000000e+04
6.020000000000000000e+04
6.020300000000000000e+04
6.026000000000000000e+04
6.029100000000000000e+04
6.029600000000000000e+04
6.031100000000000000e+04
6.031900000000000000e+04
6.036300000000000000e+04
6.036900000000000000e+04
6.038200000000000000e+04
6.038300000000000000e+04
6.038500000000000000e+04
6.040100000000000000e+04
6.040500000000000000e+04
6.040700000000000000e+04
6.041000000000000000e+04
6.043200000000000000e+04
6.045100000000000000e+04
6.049600000000000000e+04
6.051600000000000000e+04
6.051900000000000000e+04
6.055300000000000000e+04
6.055800000000000000e+04
6.055900000000000000e+04
6.059200000000000000e+04
6.059400000000000000e+04
6.059800000000000000e+04
6.060100000000000000e+04
6.070600000000000000e+04
6.071200000000000000e+04
6.073000000000000000e+04
6.073600000000000000e+04
6.073700000000000000e+04
6.075000000000000000e+04
6.076000000000000000e+04
6.077900000000000000e+04
6.078200000000000000e+04
6.079600000000000000e+04
6.081100000000000000e+04
6.082400000000000000e+04
6.082600000000000000e+04
6.082700000000000000e+04
6.088800000000000000e+04
6.090400000000000000e+04
6.092400000000000000e+04
6.093600000000000000e+04
6.094900000000000000e+04
6.099500000000000000e+04
6.099600000000000000e+04
6.101700000000000000e+04
6.102000000000000000e+04
6.102100000000000000e+04
6.105700000000000000e+04
6.106500000000000000e+04
6.106600000000000000e+04
6.106700000000000000e+04
6.106800000000000000e+04
6.107300000000000000e+04
6.107400000000000000e+04
6.109000000000000000e+04
6.112800000000000000e+04
6.112900000000000000e+04
6.113200000000000000e+04
6.114300000000000000e+04
6.114600000000000000e+04
6.118900000000000000e+04
6.119000000000000000e+04
6.119100000000000000e+04
6.119200000000000000e+04
6.119500000000000000e+04
6.119600000000000000e+04
6.120300000000000000e+04
6.120900000000000000e+04
6.121300000000000000e+04
6.121900000000000000e+04
6.122100000000000000e+04
6.122200000000000000e+04
6.123200000000000000e+04
6.123700000000000000e+04
6.124300000000000000e+04
6.128500000000000000e+04
6.130600000000000000e+04
6.130700000000000000e+04
6.131300000000000000e+04
6.131700000000000000e+04
6.133700000000000000e+04
6.134200000000000000e+04
6.134400000000000000e+04
6.135300000000000000e+04
6.135800000000000000e+04
6.137800000000000000e+04
6.145300000000000000e+04
6.146300000000000000e+04
6.147700000000000000e+04
6.148300000000000000e+04
6.149800000000000000e+04
6.150400000000000000e+04
6.150800000000000000e+04
6.156500000000000000e+04
6.156600000000000000e+04
6.156800000000000000e+04
6.157300000000000000e+04
6.157800000000000000e+04
6.162400000000000000e+04
6.166900000000000000e+04
6.173300000000000000e+04
6.183000000000000000e+04
6.184400000000000000e+04
6.184900000000000000e+04
6.188500000000000000e+04
6.189500000000000000e+04
6.189800000000000000e+04
6.193900000000000000e+04
6.197100000000000000e+04
6.197300000000000000e+04
6.201400000000000000e+04
6.208800000000000000e+04
6.210600000000000000e+04
6.213300000000000000e+04
6.221100000000000000e+04
6.221900000000000000e+04
6.223100000000000000e+04
6.227000000000000000e+04
6.230500000000000000e+04
6.231200000000000000e+04
6.232800000000000000e+04
6.232900000000000000e+04
6.233300000000000000e+04
6.234400000000000000e+04
6.234500000000000000e+04
6.238700000000000000e+04
6.253400000000000000e+04
6.254300000000000000e+04
6.256700000000000000e+04
6.264000000000000000e+04
6.264200000000000000e+04
6.264400000000000000e+04
6.264500000000000000e+04
6.265400000000000000e+04
6.267600000000000000e+04
6.269600000000000000e+04
6.269900000000000000e+04
6.270300000000000000e+04
6.274000000000000000e+04
6.274100000000000000e+04
6.274700000000000000e+04
6.274800000000000000e+04
6.275500000000000000e+04
6.280800000000000000e+04
6.284500000000000000e+04
6.285500000000000000e+04
6.288700000000000000e+04
6.292400000000000000e+04
6.299200000000000000e+04
6.301800000000000000e+04
6.312800000000000000e+04
6.316100000000000000e+04
6.318700000000000000e+04
6.328600000000000000e+04
6.332400000000000000e+04
6.332500000000000000e+04
6.333700000000000000e+04
6.336700000000000000e+04
6.345400000000000000e+04
6.347400000000000000e+04
6.349700000000000000e+04
6.350600000000000000e+04
6.353100000000000000e+04
6.356000000000000000e+04
6.356500000000000000e+04
6.356800000000000000e+04
6.362000000000000000e+04
6.368400000000000000e+04
6.369500000000000000e+04
6.381200000000000000e+04
6.382000000000000000e+04
6.390500000000000000e+04
6.403300000000000000e+04
6.413100000000000000e+04
6.419100000000000000e+04
6.419400000000000000e+04
6.419700000000000000e+04
6.428200000000000000e+04
6.432000000000000000e+04
6.432200000000000000e+04
6.434400000000000000e+04
6.436500000000000000e+04
6.436600000000000000e+04
6.436700000000000000e+04
6.437000000000000000e+04
6.443500000000000000e+04
6.451600000000000000e+04
6.469000000000000000e+04
6.470700000000000000e+04
6.471000000000000000e+04
6.471300000000000000e+04
6.478000000000000000e+04
6.479500000000000000e+04
6.479600000000000000e+04
6.484900000000000000e+04
6.491900000000000000e+04
6.493100000000000000e+04
6.494300000000000000e+04
6.501000000000000000e+04
6.509000000000000000e+04
6.509300000000000000e+04
6.512300000000000000e+04
6.513900000000000000e+04
6.515800000000000000e+04
6.516300000000000000e+04
6.520500000000000000e+04
6.520700000000000000e+04
6.528100000000000000e+04
6.528200000000000000e+04
6.528900000000000000e+04
6.530400000000000000e+04
6.530700000000000000e+04
6.544600000000000000e+04
6.546900000000000000e+04
6.548100000000000000e+04
6.551400000000000000e+04
6.551600000000000000e+04
6.558200000000000000e+04
6.559000000000000000e+04
6.560500000000000000e+04
6.563100000000000000e+04
6.570000000000000000e+04
6.570600000000000000e+04
6.575300000000000000e+04
6.577900000000000000e+04
6.584400000000000000e+04
6.590500000000000000e+04
6.590800000000000000e+04
6.591200000000000000e+04
6.591500000000000000e+04
6.591700000000000000e+04
6.592500000000000000e+04
6.593300000000000000e+04
6.597800000000000000e+04
6.597900000000000000e+04
6.598000000000000000e+04
6.598500000000000000e+04
6.599500000000000000e+04
6.600800000000000000e+04
6.600900000000000000e+04
6.601000000000000000e+04
6.601100000000000000e+04
6.601300000000000000e+04
6.601400000000000000e+04
6.601700000000000000e+04
6.604700000000000000e+04
6.606800000000000000e+04
6.606900000000000000e+04
6.607100000000000000e+04
6.607400000000000000e+04
6.608100000000000000e+04
6.608200000000000000e+04
6.613800000000000000e+04
6.620000000000000000e+04
6.621400000000000000e+04
6.622000000000000000e+04
6.629900000000000000e+04
6.635700000000000000e+04
6.636100000000000000e+04
6.644700000000000000e+04
6.645800000000000000e+04
6.646100000000000000e+04
6.648400000000000000e+04
6.650200000000000000e+04
6.663300000000000000e+04
6.666800000000000000e+04
6.667300000000000000e+04
6.667900000000000000e+04
6.670000000000000000e+04
6.671500000000000000e+04
6.675500000000000000e+04
6.683600000000000000e+04
6.684000000000000000e+04
6.688900000000000000e+04
6.691100000000000000e+04
6.701700000000000000e+04
6.702400000000000000e+04
6.703300000000000000e+04
6.704900000000000000e+04
6.717300000000000000e+04
6.723600000000000000e+04
6.725100000000000000e+04
6.725600000000000000e+04
6.726800000000000000e+04
6.728000000000000000e+04
6.729100000000000000e+04
6.730100000000000000e+04
6.731300000000000000e+04
6.731700000000000000e+04
6.732000000000000000e+04
6.732300000000000000e+04
6.733600000000000000e+04
6.735000000000000000e+04
6.736400000000000000e+04
6.739400000000000000e+04
6.745700000000000000e+04
6.748300000000000000e+04
6.760300000000000000e+04
6.760500000000000000e+04
6.761000000000000000e+04
6.762500000000000000e+04
6.764100000000000000e+04
6.764500000000000000e+04
6.767400000000000000e+04
6.768300000000000000e+04
6.769700000000000000e+04
6.772000000000000000e+04
6.785300000000000000e+04
6.787600000000000000e+04
6.792400000000000000e+04
6.794800000000000000e+04
6.795700000000000000e+04
6.795800000000000000e+04
6.796700000000000000e+04
6.802200000000000000e+04
6.802700000000000000e+04
6.805100000000000000e+04
6.805300000000000000e+04
6.810800000000000000e+04
6.825900000000000000e+04
6.826600000000000000e+04
6.831900000000000000e+04
6.833600000000000000e+04
6.836900000000000000e+04
6.840400000000000000e+04
6.840700000000000000e+04
6.842700000000000000e+04
6.846000000000000000e+04
6.848800000000000000e+04
6.849300000000000000e+04
6.849500000000000000e+04
6.855900000000000000e+04
6.858100000000000000e+04
6.858500000000000000e+04
6.859200000000000000e+04
6.859300000000000000e+04
6.861600000000000000e+04
6.865800000000000000e+04
6.870900000000000000e+04
6.872700000000000000e+04
6.875000000000000000e+04
6.882000000000000000e+04
6.883100000000000000e+04
6.886900000000000000e+04
6.890400000000000000e+04
6.892100000000000000e+04
6.895600000000000000e+04
6.900100000000000000e+04
6.903900000000000000e+04
6.904100000000000000e+04
6.907500000000000000e+04
6.909900000000000000e+04
6.911700000000000000e+04
6.912700000000000000e+04
6.913900000000000000e+04
6.914100000000000000e+04
6.914400000000000000e+04
6.919900000000000000e+04
6.921100000000000000e+04
6.930600000000000000e+04
6.934200000000000000e+04
6.936900000000000000e+04
6.941500000000000000e+04
6.942400000000000000e+04
6.942500000000000000e+04
6.942600000000000000e+04
6.944200000000000000e+04
6.947800000000000000e+04
6.948000000000000000e+04
6.948100000000000000e+04
6.949200000000000000e+04
6.954600000000000000e+04
6.961800000000000000e+04
6.961900000000000000e+04
6.962600000000000000e+04
6.962800000000000000e+04
6.963100000000000000e+04
6.963700000000000000e+04
6.968800000000000000e+04
6.976800000000000000e+04
6.985600000000000000e+04
6.992800000000000000e+04
6.993100000000000000e+04
6.995400000000000000e+04
6.995500000000000000e+04
6.998200000000000000e+04
6.998300000000000000e+04
6.998400000000000000e+04
6.998500000000000000e+04
6.998700000000000000e+04
6.998900000000000000e+04
6.999200000000000000e+04
6.999300000000000000e+04
6.999400000000000000e+04
6.999600000000000000e+04
7.002900000000000000e+04
7.003500000000000000e+04
7.007400000000000000e+04
7.007500000000000000e+04
7.013300000000000000e+04
7.013800000000000000e+04
7.018400000000000000e+04
7.019000000000000000e+04
7.021200000000000000e+04
7.024800000000000000e+04
7.034700000000000000e+04
7.036100000000000000e+04
7.037700000000000000e+04
7.038800000000000000e+04
7.040200000000000000e+04
7.043300000000000000e+04
7.046100000000000000e+04
7.056100000000000000e+04
7.056600000000000000e+04
7.061300000000000000e+04
7.063400000000000000e+04
7.064700000000000000e+04
7.068000000000000000e+04
7.068100000000000000e+04
7.068500000000000000e+04
7.068600000000000000e+04
7.068700000000000000e+04
7.068800000000000000e+04
7.069000000000000000e+04
7.069600000000000000e+04
7.071500000000000000e+04
7.071900000000000000e+04
7.076700000000000000e+04
7.078900000000000000e+04
7.083100000000000000e+04
7.088900000000000000e+04
7.090500000000000000e+04
7.094400000000000000e+04
7.094900000000000000e+04
7.099100000000000000e+04
7.103000000000000000e+04
7.103200000000000000e+04
7.103400000000000000e+04
7.112000000000000000e+04
7.118000000000000000e+04
7.118100000000000000e+04
7.125500000000000000e+04
7.129900000000000000e+04
7.131600000000000000e+04
7.132100000000000000e+04
7.132800000000000000e+04
7.132900000000000000e+04
7.133000000000000000e+04
7.133200000000000000e+04
7.134300000000000000e+04
7.134900000000000000e+04
7.140800000000000000e+04
7.145400000000000000e+04
7.149800000000000000e+04
7.151100000000000000e+04
7.153500000000000000e+04
7.155600000000000000e+04
7.158000000000000000e+04
7.158400000000000000e+04
7.160500000000000000e+04
7.163300000000000000e+04
7.167300000000000000e+04
7.168300000000000000e+04
7.168400000000000000e+04
7.169200000000000000e+04
7.169500000000000000e+04
7.171400000000000000e+04
7.177800000000000000e+04
7.179900000000000000e+04
7.182200000000000000e+04
7.183500000000000000e+04
7.183800000000000000e+04
7.186300000000000000e+04
7.191200000000000000e+04
7.191400000000000000e+04
7.193700000000000000e+04
7.194400000000000000e+04
7.194600000000000000e+04
7.198000000000000000e+04
7.198200000000000000e+04
7.203000000000000000e+04
7.204400000000000000e+04
7.204700000000000000e+04
7.204900000000000000e+04
7.205000000000000000e+04
7.205200000000000000e+04
7.207400000000000000e+04
7.208000000000000000e+04
7.213800000000000000e+04
7.214100000000000000e+04
7.218300000000000000e+04
7.221200000000000000e+04
7.223600000000000000e+04
7.231600000000000000e+04
7.232600000000000000e+04
7.234100000000000000e+04
7.234300000000000000e+04
7.237700000000000000e+04
7.239400000000000000e+04
7.241500000000000000e+04
7.241600000000000000e+04
7.245800000000000000e+04
7.250800000000000000e+04
7.257900000000000000e+04
7.258700000000000000e+04
7.259000000000000000e+04
7.260300000000000000e+04
7.260400000000000000e+04
7.264400000000000000e+04
7.265400000000000000e+04
7.270300000000000000e+04
7.271300000000000000e+04
7.272800000000000000e+04
7.274800000000000000e+04
7.277400000000000000e+04
7.278200000000000000e+04
7.284500000000000000e+04
7.287200000000000000e+04
7.287300000000000000e+04
7.287700000000000000e+04
7.288200000000000000e+04
7.288400000000000000e+04
7.288700000000000000e+04
7.296200000000000000e+04
7.299600000000000000e+04
7.306600000000000000e+04
7.307400000000000000e+04
7.309700000000000000e+04
7.313000000000000000e+04
7.315700000000000000e+04
7.318500000000000000e+04
7.319100000000000000e+04
7.319900000000000000e+04
7.320500000000000000e+04
7.324600000000000000e+04
7.331000000000000000e+04
7.332300000000000000e+04
7.332500000000000000e+04
7.339100000000000000e+04
7.339400000000000000e+04
7.340300000000000000e+04
7.341000000000000000e+04
7.341400000000000000e+04
7.352200000000000000e+04
7.356100000000000000e+04
7.357400000000000000e+04
7.358000000000000000e+04
7.361200000000000000e+04
7.362100000000000000e+04
7.363300000000000000e+04
7.365200000000000000e+04
7.366700000000000000e+04
7.366800000000000000e+04
7.367900000000000000e+04
7.368000000000000000e+04
7.368600000000000000e+04
7.371000000000000000e+04
7.375600000000000000e+04
7.375900000000000000e+04
7.376000000000000000e+04
7.377200000000000000e+04
7.377600000000000000e+04
7.380700000000000000e+04
7.380800000000000000e+04
7.381000000000000000e+04
7.381100000000000000e+04
7.382200000000000000e+04
7.382300000000000000e+04
7.383300000000000000e+04
7.383400000000000000e+04
7.383500000000000000e+04
7.383600000000000000e+04
7.383900000000000000e+04
7.387800000000000000e+04
7.389000000000000000e+04
7.389100000000000000e+04
7.390500000000000000e+04
7.392300000000000000e+04
7.394400000000000000e+04
7.394500000000000000e+04
7.398300000000000000e+04
7.401000000000000000e+04
7.408600000000000000e+04
7.409300000000000000e+04
7.410700000000000000e+04
7.412100000000000000e+04
7.412500000000000000e+04
7.413800000000000000e+04
7.415300000000000000e+04
7.416500000000000000e+04
7.423800000000000000e+04
7.424900000000000000e+04
7.425700000000000000e+04
7.427900000000000000e+04
7.431100000000000000e+04
7.431500000000000000e+04
7.433600000000000000e+04
7.450900000000000000e+04
7.452200000000000000e+04
7.455600000000000000e+04
7.458100000000000000e+04
7.460800000000000000e+04
7.460900000000000000e+04
7.462000000000000000e+04
7.471900000000000000e+04
7.475900000000000000e+04
7.476200000000000000e+04
7.479500000000000000e+04
7.480800000000000000e+04
7.485200000000000000e+04
7.491700000000000000e+04
7.493400000000000000e+04
7.494300000000000000e+04
7.494400000000000000e+04
7.494500000000000000e+04
7.494800000000000000e+04
7.495700000000000000e+04
7.502100000000000000e+04
7.508900000000000000e+04
7.509000000000000000e+04
7.509100000000000000e+04
7.509200000000000000e+04
7.509500000000000000e+04
7.509600000000000000e+04
7.512500000000000000e+04
7.518900000000000000e+04
7.522700000000000000e+04
7.524700000000000000e+04
7.524800000000000000e+04
7.524900000000000000e+04
7.525700000000000000e+04
7.526300000000000000e+04
7.527200000000000000e+04
7.528000000000000000e+04
7.528700000000000000e+04
7.529100000000000000e+04
7.529200000000000000e+04
7.530300000000000000e+04
7.532800000000000000e+04
7.537900000000000000e+04
7.540300000000000000e+04
7.546300000000000000e+04
7.546600000000000000e+04
7.551800000000000000e+04
7.551900000000000000e+04
7.552000000000000000e+04
7.554400000000000000e+04
7.554800000000000000e+04
7.560900000000000000e+04
7.565100000000000000e+04
7.565200000000000000e+04
7.565300000000000000e+04
7.565400000000000000e+04
7.567800000000000000e+04
7.567900000000000000e+04
7.568200000000000000e+04
7.571900000000000000e+04
7.573000000000000000e+04
7.575900000000000000e+04
7.578300000000000000e+04
7.579200000000000000e+04
7.579300000000000000e+04
7.579400000000000000e+04
7.586100000000000000e+04
7.587800000000000000e+04
7.587900000000000000e+04
7.588000000000000000e+04
7.588200000000000000e+04
7.588600000000000000e+04
7.588900000000000000e+04
7.593700000000000000e+04
7.595000000000000000e+04
7.595300000000000000e+04
7.596000000000000000e+04
7.596800000000000000e+04
7.597200000000000000e+04
7.607200000000000000e+04
7.608300000000000000e+04
7.610900000000000000e+04
7.611400000000000000e+04
7.614800000000000000e+04
7.615100000000000000e+04
7.615600000000000000e+04
7.615800000000000000e+04
7.617900000000000000e+04
7.631500000000000000e+04
7.633600000000000000e+04
7.633700000000000000e+04
7.634100000000000000e+04
7.637100000000000000e+04
7.638000000000000000e+04
7.640000000000000000e+04
7.642100000000000000e+04
7.643800000000000000e+04
7.644700000000000000e+04
7.647600000000000000e+04
7.656600000000000000e+04
7.658700000000000000e+04
7.661200000000000000e+04
7.666000000000000000e+04
7.670200000000000000e+04
7.671300000000000000e+04
7.675200000000000000e+04
7.677800000000000000e+04
7.681600000000000000e+04
7.682600000000000000e+04
7.684700000000000000e+04
7.686000000000000000e+04
7.686100000000000000e+04
7.691200000000000000e+04
7.693000000000000000e+04
7.695500000000000000e+04
7.695600000000000000e+04
7.704700000000000000e+04
7.706900000000000000e+04
7.709000000000000000e+04
7.712300000000000000e+04
7.713000000000000000e+04
7.713200000000000000e+04
7.713300000000000000e+04
7.714100000000000000e+04
7.714200000000000000e+04
7.718900000000000000e+04
7.721400000000000000e+04
7.733400000000000000e+04
7.735500000000000000e+04
7.736400000000000000e+04
7.741700000000000000e+04
7.742500000000000000e+04
7.743800000000000000e+04
7.744000000000000000e+04
7.744200000000000000e+04
7.744600000000000000e+04
7.745300000000000000e+04
7.747400000000000000e+04
7.749500000000000000e+04
7.753200000000000000e+04
7.753600000000000000e+04
7.759200000000000000e+04
7.759400000000000000e+04
7.762500000000000000e+04
7.764600000000000000e+04
7.767100000000000000e+04
7.799900000000000000e+04
7.800300000000000000e+04
7.800400000000000000e+04
7.803700000000000000e+04
7.806200000000000000e+04
7.807500000000000000e+04
7.808500000000000000e+04
7.808600000000000000e+04
7.811300000000000000e+04
7.813900000000000000e+04
7.818600000000000000e+04
7.818900000000000000e+04
7.819100000000000000e+04
7.819300000000000000e+04
7.819700000000000000e+04
7.820500000000000000e+04
7.821900000000000000e+04
7.823300000000000000e+04
7.823700000000000000e+04
7.832000000000000000e+04
7.839000000000000000e+04
7.842100000000000000e+04
7.842600000000000000e+04
7.847300000000000000e+04
7.849900000000000000e+04
7.859000000000000000e+04
7.860500000000000000e+04
7.862000000000000000e+04
7.863500000000000000e+04
7.864000000000000000e+04
7.864900000000000000e+04
7.868500000000000000e+04
7.868600000000000000e+04
7.871700000000000000e+04
7.877300000000000000e+04
7.877400000000000000e+04
7.885000000000000000e+04
7.891000000000000000e+04
7.891400000000000000e+04
7.899500000000000000e+04
7.900800000000000000e+04
7.903300000000000000e+04
7.905200000000000000e+04
7.910700000000000000e+04
7.910900000000000000e+04
7.911000000000000000e+04
7.913400000000000000e+04
7.915900000000000000e+04
7.916900000000000000e+04
7.917800000000000000e+04
7.918700000000000000e+04
7.919300000000000000e+04
7.919800000000000000e+04
7.921900000000000000e+04
7.924600000000000000e+04
7.934500000000000000e+04
7.937600000000000000e+04
7.940300000000000000e+04
7.948500000000000000e+04
7.953100000000000000e+04
7.953500000000000000e+04
7.957400000000000000e+04
7.962700000000000000e+04
7.963300000000000000e+04
7.972300000000000000e+04
7.972800000000000000e+04
7.979800000000000000e+04
7.983000000000000000e+04
7.986700000000000000e+04
7.987000000000000000e+04
7.991700000000000000e+04
7.994300000000000000e+04
7.997600000000000000e+04
7.998000000000000000e+04
8.003900000000000000e+04
8.008700000000000000e+04
8.009800000000000000e+04
8.010400000000000000e+04
8.013900000000000000e+04
8.018700000000000000e+04
8.019700000000000000e+04
8.022100000000000000e+04
8.022300000000000000e+04
8.022500000000000000e+04
8.025000000000000000e+04
8.026100000000000000e+04
8.029800000000000000e+04
8.037200000000000000e+04
8.037400000000000000e+04
8.043400000000000000e+04
8.043600000000000000e+04
8.044000000000000000e+04
8.046200000000000000e+04
8.046300000000000000e+04
8.053200000000000000e+04
8.053600000000000000e+04
8.059600000000000000e+04
8.065700000000000000e+04
8.065800000000000000e+04
8.069500000000000000e+04
8.070100000000000000e+04
8.078400000000000000e+04
8.078600000000000000e+04
8.078700000000000000e+04
8.081500000000000000e+04
8.083800000000000000e+04
8.084500000000000000e+04
8.086800000000000000e+04
8.087400000000000000e+04
8.087600000000000000e+04
8.093300000000000000e+04
8.096800000000000000e+04
8.097600000000000000e+04
8.114300000000000000e+04
8.118000000000000000e+04
8.118400000000000000e+04
8.125800000000000000e+04
8.126100000000000000e+04
8.128100000000000000e+04
8.128400000000000000e+04
8.135600000000000000e+04
8.146500000000000000e+04
8.148300000000000000e+04
8.148400000000000000e+04
8.150000000000000000e+04
8.162700000000000000e+04
8.166100000000000000e+04
8.169000000000000000e+04
8.169500000000000000e+04
8.171700000000000000e+04
8.174700000000000000e+04
8.175600000000000000e+04
8.185300000000000000e+04
8.194300000000000000e+04
8.199400000000000000e+04
8.205000000000000000e+04
8.205300000000000000e+04
8.206900000000000000e+04
8.207400000000000000e+04
8.208000000000000000e+04
8.213700000000000000e+04
8.214400000000000000e+04
8.215500000000000000e+04
8.215800000000000000e+04
8.217000000000000000e+04
8.218600000000000000e+04
8.226500000000000000e+04
8.229100000000000000e+04
8.229400000000000000e+04
8.233700000000000000e+04
8.235700000000000000e+04
8.240700000000000000e+04
8.251500000000000000e+04
8.258000000000000000e+04
8.258900000000000000e+04
8.260900000000000000e+04
8.263000000000000000e+04
8.267000000000000000e+04
8.281000000000000000e+04
8.281400000000000000e+04
8.283000000000000000e+04
8.286100000000000000e+04
8.286400000000000000e+04
8.288400000000000000e+04
8.289200000000000000e+04
8.290900000000000000e+04
8.295500000000000000e+04
8.295700000000000000e+04
8.297000000000000000e+04
8.297900000000000000e+04
8.298700000000000000e+04
8.302000000000000000e+04
8.302100000000000000e+04
8.303000000000000000e+04
8.303600000000000000e+04
8.305300000000000000e+04
8.309700000000000000e+04
8.311300000000000000e+04
8.311400000000000000e+04
8.311500000000000000e+04
8.312600000000000000e+04
8.312700000000000000e+04
8.312800000000000000e+04
8.313800000000000000e+04
8.314100000000000000e+04
8.316700000000000000e+04
8.316800000000000000e+04
8.325700000000000000e+04
8.325800000000000000e+04
8.333200000000000000e+04
8.333700000000000000e+04
8.334200000000000000e+04
8.334400000000000000e+04
8.334600000000000000e+04
8.337000000000000000e+04
8.341800000000000000e+04
8.345300000000000000e+04
8.346200000000000000e+04
8.348100000000000000e+04
8.350900000000000000e+04
8.352700000000000000e+04
8.355700000000000000e+04
8.357600000000000000e+04
8.362300000000000000e+04
8.364900000000000000e+04
8.366100000000000000e+04
8.368000000000000000e+04
8.371200000000000000e+04
8.371300000000000000e+04
8.371800000000000000e+04
8.374500000000000000e+04
8.377800000000000000e+04
8.384500000000000000e+04
8.385600000000000000e+04
8.390000000000000000e+04
8.390800000000000000e+04
8.391400000000000000e+04
8.392200000000000000e+04
8.405900000000000000e+04
8.407900000000000000e+04
8.408200000000000000e+04
8.409400000000000000e+04
8.412600000000000000e+04
8.417300000000000000e+04
8.422700000000000000e+04
8.422800000000000000e+04
8.423400000000000000e+04
8.424200000000000000e+04
8.427900000000000000e+04
8.429000000000000000e+04
8.430600000000000000e+04
8.430800000000000000e+04
8.431500000000000000e+04
8.435000000000000000e+04
8.440600000000000000e+04
8.446300000000000000e+04
8.447700000000000000e+04
8.451200000000000000e+04
8.451600000000000000e+04
8.452800000000000000e+04
8.455100000000000000e+04
8.458000000000000000e+04
8.462400000000000000e+04
8.462800000000000000e+04
8.468900000000000000e+04
8.469300000000000000e+04
8.471900000000000000e+04
8.474000000000000000e+04
8.476300000000000000e+04
8.477300000000000000e+04
8.479000000000000000e+04
8.479700000000000000e+04
8.488900000000000000e+04
8.491000000000000000e+04
8.491200000000000000e+04
8.492700000000000000e+04
8.492800000000000000e+04
8.493100000000000000e+04
8.496800000000000000e+04
8.497100000000000000e+04
8.500000000000000000e+04
8.500900000000000000e+04
8.503500000000000000e+04
8.505000000000000000e+04
8.508500000000000000e+04
8.511800000000000000e+04
8.511900000000000000e+04
8.512100000000000000e+04
8.512200000000000000e+04
8.512400000000000000e+04
8.512500000000000000e+04
8.516400000000000000e+04
8.516800000000000000e+04
8.518700000000000000e+04
8.519100000000000000e+04
8.519800000000000000e+04
8.521600000000000000e+04
8.524700000000000000e+04
8.527700000000000000e+04
8.528700000000000000e+04
8.529900000000000000e+04
8.530800000000000000e+04
8.533300000000000000e+04
8.533600000000000000e+04
8.534100000000000000e+04
8.534500000000000000e+04
8.534600000000000000e+04
8.544500000000000000e+04
8.545900000000000000e+04
8.546000000000000000e+04
8.548600000000000000e+04
8.548900000000000000e+04
8.552300000000000000e+04
8.552800000000000000e+04
8.558300000000000000e+04
8.560100000000000000e+04
8.562500000000000000e+04
8.566200000000000000e+04
8.582300000000000000e+04
8.582400000000000000e+04
8.590800000000000000e+04
8.592300000000000000e+04
8.603000000000000000e+04
8.603100000000000000e+04
8.605400000000000000e+04
8.610400000000000000e+04
8.610500000000000000e+04
8.611600000000000000e+04
8.612400000000000000e+04
8.615000000000000000e+04
8.615200000000000000e+04
8.621200000000000000e+04
8.624100000000000000e+04
8.625600000000000000e+04
8.626400000000000000e+04
8.631300000000000000e+04
8.633800000000000000e+04
8.634100000000000000e+04
8.634300000000000000e+04
8.636000000000000000e+04
8.636500000000000000e+04
8.637700000000000000e+04
8.638000000000000000e+04
8.638800000000000000e+04
8.643000000000000000e+04
8.645400000000000000e+04
8.646100000000000000e+04
8.652100000000000000e+04
8.655800000000000000e+04
8.658700000000000000e+04
8.658900000000000000e+04
8.665900000000000000e+04
8.669100000000000000e+04
8.669300000000000000e+04
8.677000000000000000e+04
8.678400000000000000e+04
8.681000000000000000e+04
8.684800000000000000e+04
8.685500000000000000e+04
8.694200000000000000e+04
8.699600000000000000e+04
8.699700000000000000e+04
8.702400000000000000e+04
8.704600000000000000e+04
8.705000000000000000e+04
8.705300000000000000e+04
8.707800000000000000e+04
8.708000000000000000e+04
8.714200000000000000e+04
8.714300000000000000e+04
8.716100000000000000e+04
8.717400000000000000e+04
