6.000000000000000000e+00
1.400000000000000000e+01
1.600000000000000000e+01
1.900000000000000000e+01
2.500000000000000000e+01
4.800000000000000000e+01
5.300000000000000000e+01
6.100000000000000000e+01
7.800000000000000000e+01
1.020000000000000000e+02
1.030000000000000000e+02
1.070000000000000000e+02
1.330000000000000000e+02
1.340000000000000000e+02
1.390000000000000000e+02
1.450000000000000000e+02
1.520000000000000000e+02
1.700000000000000000e+02
1.870000000000000000e+02
1.890000000000000000e+02
2.080000000000000000e+02
2.100000000000000000e+02
2.200000000000000000e+02
2.310000000000000000e+02
2.430000000000000000e+02
2.450000000000000000e+02
2.490000000000000000e+02
2.690000000000000000e+02
2.710000000000000000e+02
2.870000000000000000e+02
3.180000000000000000e+02
3.570000000000000000e+02
3.690000000000000000e+02
3.700000000000000000e+02
3.720000000000000000e+02
3.740000000000000000e+02
3.750000000000000000e+02
3.980000000000000000e+02
4.180000000000000000e+02
4.210000000000000000e+02
4.220000000000000000e+02
4.260000000000000000e+02
4.560000000000000000e+02
4.780000000000000000e+02
4.810000000000000000e+02
4.830000000000000000e+02
4.880000000000000000e+02
4.890000000000000000e+02
4.910000000000000000e+02
5.000000000000000000e+02
5.040000000000000000e+02
5.730000000000000000e+02
5.750000000000000000e+02
5.810000000000000000e+02
5.950000000000000000e+02
6.010000000000000000e+02
6.100000000000000000e+02
6.300000000000000000e+02
6.450000000000000000e+02
6.600000000000000000e+02
6.640000000000000000e+02
6.780000000000000000e+02
6.790000000000000000e+02
6.970000000000000000e+02
7.180000000000000000e+02
7.230000000000000000e+02
7.240000000000000000e+02
7.290000000000000000e+02
7.510000000000000000e+02
8.130000000000000000e+02
8.210000000000000000e+02
8.240000000000000000e+02
8.370000000000000000e+02
8.400000000000000000e+02
8.770000000000000000e+02
8.970000000000000000e+02
9.010000000000000000e+02
9.140000000000000000e+02
9.240000000000000000e+02
9.250000000000000000e+02
9.270000000000000000e+02
9.530000000000000000e+02
9.630000000000000000e+02
9.770000000000000000e+02
9.980000000000000000e+02
9.990000000000000000e+02
1.001000000000000000e+03
1.009000000000000000e+03
1.010000000000000000e+03
1.030000000000000000e+03
1.033000000000000000e+03
1.039000000000000000e+03
1.055000000000000000e+03
1.065000000000000000e+03
1.072000000000000000e+03
1.100000000000000000e+03
1.101000000000000000e+03
1.118000000000000000e+03
1.120000000000000000e+03
1.154000000000000000e+03
1.165000000000000000e+03
1.175000000000000000e+03
1.178000000000000000e+03
1.199000000000000000e+03
1.201000000000000000e+03
1.213000000000000000e+03
1.239000000000000000e+03
1.261000000000000000e+03
1.265000000000000000e+03
1.270000000000000000e+03
1.313000000000000000e+03
1.314000000000000000e+03
1.319000000000000000e+03
1.320000000000000000e+03
1.321000000000000000e+03
1.322000000000000000e+03
1.323000000000000000e+03
1.347000000000000000e+03
1.353000000000000000e+03
1.377000000000000000e+03
1.387000000000000000e+03
1.390000000000000000e+03
1.402000000000000000e+03
1.415000000000000000e+03
1.421000000000000000e+03
1.452000000000000000e+03
1.455000000000000000e+03
1.479000000000000000e+03
1.528000000000000000e+03
1.532000000000000000e+03
1.533000000000000000e+03
1.545000000000000000e+03
1.554000000000000000e+03
1.576000000000000000e+03
1.584000000000000000e+03
1.599000000000000000e+03
1.619000000000000000e+03
1.634000000000000000e+03
1.643000000000000000e+03
1.646000000000000000e+03
1.670000000000000000e+03
1.676000000000000000e+03
1.687000000000000000e+03
1.698000000000000000e+03
1.715000000000000000e+03
1.731000000000000000e+03
1.736000000000000000e+03
1.739000000000000000e+03
1.758000000000000000e+03
1.784000000000000000e+03
1.820000000000000000e+03
1.826000000000000000e+03
1.851000000000000000e+03
1.865000000000000000e+03
1.866000000000000000e+03
1.919000000000000000e+03
1.953000000000000000e+03
1.971000000000000000e+03
1.975000000000000000e+03
1.985000000000000000e+03
1.989000000000000000e+03
2.009000000000000000e+03
2.021000000000000000e+03
2.064000000000000000e+03
2.072000000000000000e+03
2.089000000000000000e+03
2.093000000000000000e+03
2.099000000000000000e+03
2.115000000000000000e+03
2.116000000000000000e+03
2.124000000000000000e+03
2.138000000000000000e+03
2.167000000000000000e+03
2.189000000000000000e+03
2.191000000000000000e+03
2.199000000000000000e+03
2.211000000000000000e+03
2.212000000000000000e+03
2.217000000000000000e+03
2.222000000000000000e+03
2.223000000000000000e+03
2.267000000000000000e+03
2.320000000000000000e+03
2.325000000000000000e+03
2.363000000000000000e+03
2.373000000000000000e+03
2.396000000000000000e+03
2.403000000000000000e+03
2.404000000000000000e+03
2.416000000000000000e+03
2.439000000000000000e+03
2.456000000000000000e+03
2.467000000000000000e+03
2.480000000000000000e+03
2.505000000000000000e+03
2.529000000000000000e+03
2.536000000000000000e+03
2.548000000000000000e+03
2.550000000000000000e+03
2.551000000000000000e+03
2.562000000000000000e+03
2.593000000000000000e+03
2.632000000000000000e+03
2.646000000000000000e+03
2.670000000000000000e+03
2.697000000000000000e+03
2.703000000000000000e+03
2.706000000000000000e+03
2.717000000000000000e+03
2.720000000000000000e+03
2.724000000000000000e+03
2.743000000000000000e+03
2.788000000000000000e+03
2.798000000000000000e+03
2.799000000000000000e+03
2.830000000000000000e+03
2.831000000000000000e+03
2.881000000000000000e+03
2.909000000000000000e+03
2.921000000000000000e+03
2.999000000000000000e+03
3.011000000000000000e+03
3.021000000000000000e+03
3.033000000000000000e+03
3.041000000000000000e+03
3.093000000000000000e+03
3.098000000000000000e+03
3.104000000000000000e+03
3.113000000000000000e+03
3.138000000000000000e+03
3.190000000000000000e+03
3.193000000000000000e+03
3.240000000000000000e+03
3.254000000000000000e+03
3.296000000000000000e+03
3.306000000000000000e+03
3.308000000000000000e+03
3.320000000000000000e+03
3.326000000000000000e+03
3.362000000000000000e+03
3.373000000000000000e+03
3.377000000000000000e+03
3.397000000000000000e+03
3.404000000000000000e+03
3.444000000000000000e+03
3.465000000000000000e+03
3.470000000000000000e+03
3.475000000000000000e+03
3.493000000000000000e+03
3.496000000000000000e+03
3.497000000000000000e+03
3.499000000000000000e+03
3.518000000000000000e+03
3.522000000000000000e+03
3.523000000000000000e+03
3.527000000000000000e+03
3.539000000000000000e+03
3.577000000000000000e+03
3.580000000000000000e+03
3.599000000000000000e+03
3.605000000000000000e+03
3.606000000000000000e+03
3.624000000000000000e+03
3.635000000000000000e+03
3.652000000000000000e+03
3.678000000000000000e+03
3.706000000000000000e+03
3.768000000000000000e+03
3.772000000000000000e+03
3.798000000000000000e+03
3.870000000000000000e+03
3.905000000000000000e+03
3.930000000000000000e+03
3.977000000000000000e+03
3.985000000000000000e+03
4.003000000000000000e+03
4.026000000000000000e+03
4.029000000000000000e+03
4.037000000000000000e+03
4.044000000000000000e+03
4.090000000000000000e+03
4.094000000000000000e+03
4.120000000000000000e+03
4.164000000000000000e+03
4.182000000000000000e+03
4.198000000000000000e+03
4.201000000000000000e+03
4.203000000000000000e+03
4.214000000000000000e+03
4.235000000000000000e+03
4.236000000000000000e+03
4.252000000000000000e+03
4.293000000000000000e+03
4.295000000000000000e+03
4.306000000000000000e+03
4.311000000000000000e+03
4.313000000000000000e+03
4.339000000000000000e+03
4.351000000000000000e+03
4.368000000000000000e+03
4.393000000000000000e+03
4.395000000000000000e+03
4.439000000000000000e+03
4.443000000000000000e+03
4.446000000000000000e+03
4.477000000000000000e+03
4.490000000000000000e+03
4.505000000000000000e+03
4.515000000000000000e+03
4.525000000000000000e+03
4.564000000000000000e+03
4.582000000000000000e+03
4.603000000000000000e+03
4.646000000000000000e+03
4.647000000000000000e+03
4.655000000000000000e+03
4.674000000000000000e+03
4.682000000000000000e+03
4.693000000000000000e+03
4.696000000000000000e+03
4.717000000000000000e+03
4.744000000000000000e+03
4.760000000000000000e+03
4.782000000000000000e+03
4.798000000000000000e+03
4.810000000000000000e+03
4.812000000000000000e+03
4.813000000000000000e+03
4.814000000000000000e+03
4.917000000000000000e+03
4.954000000000000000e+03
4.962000000000000000e+03
4.993000000000000000e+03
5.020000000000000000e+03
5.024000000000000000e+03
5.030000000000000000e+03
5.050000000000000000e+03
5.115000000000000000e+03
5.126000000000000000e+03
5.138000000000000000e+03
5.143000000000000000e+03
5.147000000000000000e+03
5.152000000000000000e+03
5.164000000000000000e+03
5.294000000000000000e+03
5.319000000000000000e+03
5.321000000000000000e+03
5.322000000000000000e+03
5.340000000000000000e+03
5.341000000000000000e+03
5.357000000000000000e+03
5.373000000000000000e+03
5.378000000000000000e+03
5.413000000000000000e+03
5.417000000000000000e+03
5.478000000000000000e+03
5.523000000000000000e+03
5.579000000000000000e+03
5.600000000000000000e+03
5.613000000000000000e+03
5.637000000000000000e+03
5.642000000000000000e+03
5.645000000000000000e+03
5.646000000000000000e+03
5.707000000000000000e+03
5.725000000000000000e+03
5.726000000000000000e+03
5.731000000000000000e+03
5.745000000000000000e+03
5.749000000000000000e+03
5.785000000000000000e+03
5.787000000000000000e+03
5.798000000000000000e+03
5.799000000000000000e+03
5.826000000000000000e+03
5.835000000000000000e+03
5.837000000000000000e+03
5.847000000000000000e+03
5.850000000000000000e+03
5.868000000000000000e+03
5.875000000000000000e+03
5.896000000000000000e+03
5.913000000000000000e+03
5.948000000000000000e+03
5.952000000000000000e+03
5.964000000000000000e+03
6.015000000000000000e+03
6.023000000000000000e+03
6.050000000000000000e+03
6.104000000000000000e+03
6.140000000000000000e+03
6.154000000000000000e+03
6.160000000000000000e+03
6.170000000000000000e+03
6.245000000000000000e+03
6.273000000000000000e+03
6.292000000000000000e+03
6.352000000000000000e+03
6.376000000000000000e+03
6.492000000000000000e+03
6.496000000000000000e+03
6.507000000000000000e+03
6.527000000000000000e+03
6.615000000000000000e+03
6.647000000000000000e+03
6.656000000000000000e+03
6.684000000000000000e+03
6.692000000000000000e+03
6.693000000000000000e+03
6.704000000000000000e+03
6.707000000000000000e+03
6.711000000000000000e+03
6.721000000000000000e+03
6.735000000000000000e+03
6.763000000000000000e+03
6.790000000000000000e+03
6.794000000000000000e+03
6.829000000000000000e+03
6.837000000000000000e+03
6.849000000000000000e+03
6.850000000000000000e+03
6.852000000000000000e+03
6.883000000000000000e+03
6.885000000000000000e+03
6.974000000000000000e+03
6.979000000000000000e+03
6.997000000000000000e+03
7.053000000000000000e+03
7.059000000000000000e+03
7.116000000000000000e+03
7.136000000000000000e+03
7.151000000000000000e+03
7.174000000000000000e+03
7.184000000000000000e+03
7.203000000000000000e+03
7.206000000000000000e+03
7.225000000000000000e+03
7.253000000000000000e+03
7.273000000000000000e+03
7.284000000000000000e+03
7.326000000000000000e+03
7.331000000000000000e+03
7.352000000000000000e+03
7.375000000000000000e+03
7.383000000000000000e+03
7.413000000000000000e+03
7.455000000000000000e+03
7.500000000000000000e+03
7.590000000000000000e+03
7.660000000000000000e+03
7.726000000000000000e+03
7.748000000000000000e+03
7.770000000000000000e+03
7.841000000000000000e+03
7.853000000000000000e+03
7.856000000000000000e+03
7.871000000000000000e+03
7.876000000000000000e+03
7.883000000000000000e+03
7.906000000000000000e+03
7.932000000000000000e+03
7.933000000000000000e+03
8.028000000000000000e+03
8.033000000000000000e+03
8.035000000000000000e+03
8.056000000000000000e+03
8.089000000000000000e+03
8.130000000000000000e+03
8.135000000000000000e+03
8.226000000000000000e+03
8.231000000000000000e+03
8.247000000000000000e+03
8.248000000000000000e+03
8.252000000000000000e+03
8.287000000000000000e+03
8.290000000000000000e+03
8.417000000000000000e+03
8.491000000000000000e+03
8.495000000000000000e+03
8.548000000000000000e+03
8.622000000000000000e+03
8.640000000000000000e+03
8.706000000000000000e+03
8.748000000000000000e+03
8.783000000000000000e+03
8.788000000000000000e+03
8.864000000000000000e+03
8.871000000000000000e+03
8.963000000000000000e+03
9.007000000000000000e+03
9.128000000000000000e+03
9.159000000000000000e+03
9.187000000000000000e+03
9.237000000000000000e+03
9.250000000000000000e+03
9.291000000000000000e+03
9.309000000000000000e+03
9.331000000000000000e+03
9.333000000000000000e+03
9.334000000000000000e+03
9.337000000000000000e+03
9.368000000000000000e+03
9.384000000000000000e+03
9.439000000000000000e+03
9.468000000000000000e+03
9.473000000000000000e+03
9.479000000000000000e+03
9.484000000000000000e+03
9.591000000000000000e+03
9.647000000000000000e+03
9.679000000000000000e+03
9.686000000000000000e+03
9.801000000000000000e+03
9.864000000000000000e+03
9.878000000000000000e+03
9.894000000000000000e+03
9.897000000000000000e+03
1.011100000000000000e+04
1.015600000000000000e+04
1.021400000000000000e+04
1.033500000000000000e+04
1.059100000000000000e+04
1.061600000000000000e+04
1.064800000000000000e+04
1.065500000000000000e+04
1.067300000000000000e+04
1.073900000000000000e+04
1.074800000000000000e+04
1.083100000000000000e+04
1.086700000000000000e+04
1.087000000000000000e+04
1.090500000000000000e+04
1.091000000000000000e+04
1.097900000000000000e+04
1.105000000000000000e+04
1.105100000000000000e+04
1.105200000000000000e+04
1.106600000000000000e+04
1.111200000000000000e+04
1.111400000000000000e+04
1.114600000000000000e+04
1.127600000000000000e+04
1.129200000000000000e+04
1.137200000000000000e+04
1.139200000000000000e+04
1.139400000000000000e+04
1.139600000000000000e+04
1.145400000000000000e+04
1.150100000000000000e+04
1.152200000000000000e+04
1.153500000000000000e+04
1.157200000000000000e+04
1.157300000000000000e+04
1.162600000000000000e+04
1.167900000000000000e+04
1.168000000000000000e+04
1.168200000000000000e+04
1.172000000000000000e+04
1.176300000000000000e+04
1.177800000000000000e+04
1.180900000000000000e+04
1.181400000000000000e+04
1.192700000000000000e+04
1.199900000000000000e+04
1.205800000000000000e+04
1.211600000000000000e+04
1.213200000000000000e+04
1.218300000000000000e+04
1.227700000000000000e+04
1.228500000000000000e+04
1.229100000000000000e+04
1.229300000000000000e+04
1.229700000000000000e+04
1.231900000000000000e+04
1.243600000000000000e+04
1.244800000000000000e+04
1.257900000000000000e+04
1.274900000000000000e+04
1.277300000000000000e+04
1.279800000000000000e+04
1.280800000000000000e+04
1.281700000000000000e+04
1.289700000000000000e+04
1.290300000000000000e+04
1.293500000000000000e+04
1.295900000000000000e+04
1.298200000000000000e+04
1.301500000000000000e+04
1.304600000000000000e+04
1.310100000000000000e+04
1.312000000000000000e+04
1.319000000000000000e+04
1.320200000000000000e+04
1.339100000000000000e+04
1.340100000000000000e+04
1.349400000000000000e+04
1.366500000000000000e+04
1.375700000000000000e+04
1.392200000000000000e+04
1.393000000000000000e+04
1.394200000000000000e+04
1.397100000000000000e+04
1.405500000000000000e+04
1.405600000000000000e+04
1.408100000000000000e+04
1.408200000000000000e+04
1.410400000000000000e+04
1.436400000000000000e+04
1.439500000000000000e+04
1.444800000000000000e+04
1.446300000000000000e+04
1.452400000000000000e+04
1.454300000000000000e+04
1.456000000000000000e+04
1.462400000000000000e+04
1.463900000000000000e+04
1.464500000000000000e+04
1.470200000000000000e+04
1.484000000000000000e+04
1.486200000000000000e+04
1.490300000000000000e+04
1.497700000000000000e+04
1.498500000000000000e+04
1.498600000000000000e+04
1.502700000000000000e+04
1.502800000000000000e+04
1.511800000000000000e+04
1.526400000000000000e+04
1.530600000000000000e+04
1.534500000000000000e+04
1.537000000000000000e+04
1.539200000000000000e+04
1.540600000000000000e+04
1.544700000000000000e+04
1.548100000000000000e+04
1.551300000000000000e+04
1.565900000000000000e+04
1.572100000000000000e+04
1.574700000000000000e+04
1.575000000000000000e+04
1.581900000000000000e+04
1.583100000000000000e+04
1.619100000000000000e+04
1.620400000000000000e+04
1.624500000000000000e+04
1.628200000000000000e+04
1.628500000000000000e+04
1.634500000000000000e+04
1.639800000000000000e+04
1.641400000000000000e+04
1.644900000000000000e+04
1.646800000000000000e+04
1.650500000000000000e+04
1.650800000000000000e+04
1.656000000000000000e+04
1.656300000000000000e+04
1.660400000000000000e+04
1.660800000000000000e+04
1.675500000000000000e+04
1.675900000000000000e+04
1.676000000000000000e+04
1.679700000000000000e+04
1.685100000000000000e+04
1.687300000000000000e+04
1.697300000000000000e+04
1.697800000000000000e+04
1.709600000000000000e+04
1.711300000000000000e+04
1.719100000000000000e+04
1.733700000000000000e+04
1.747300000000000000e+04
1.749300000000000000e+04
1.764100000000000000e+04
1.766700000000000000e+04
1.767800000000000000e+04
1.800500000000000000e+04
1.812800000000000000e+04
1.815000000000000000e+04
1.819100000000000000e+04
1.829700000000000000e+04
1.830000000000000000e+04
1.835800000000000000e+04
1.840400000000000000e+04
1.851900000000000000e+04
1.863900000000000000e+04
1.865400000000000000e+04
1.868600000000000000e+04
1.871000000000000000e+04
1.874100000000000000e+04
1.877600000000000000e+04
1.887800000000000000e+04
1.897100000000000000e+04
1.908700000000000000e+04
1.928600000000000000e+04
1.945000000000000000e+04
1.948000000000000000e+04
1.948300000000000000e+04
1.950000000000000000e+04
1.953400000000000000e+04
1.955700000000000000e+04
1.970400000000000000e+04
1.973900000000000000e+04
1.979100000000000000e+04
1.983400000000000000e+04
1.986200000000000000e+04
2.011900000000000000e+04
2.012800000000000000e+04
2.020200000000000000e+04
2.021900000000000000e+04
2.024000000000000000e+04
2.035000000000000000e+04
2.043400000000000000e+04
2.049900000000000000e+04
2.061700000000000000e+04
2.081000000000000000e+04
2.081300000000000000e+04
2.102000000000000000e+04
2.114600000000000000e+04
2.114700000000000000e+04
2.115700000000000000e+04
2.118700000000000000e+04
2.120900000000000000e+04
2.128700000000000000e+04
2.130700000000000000e+04
2.131100000000000000e+04
2.132000000000000000e+04
2.135800000000000000e+04
2.137600000000000000e+04
2.138500000000000000e+04
2.139700000000000000e+04
2.141800000000000000e+04
2.145200000000000000e+04
2.145500000000000000e+04
2.145800000000000000e+04
2.149400000000000000e+04
2.152700000000000000e+04
2.154200000000000000e+04
2.158500000000000000e+04
2.159600000000000000e+04
2.166600000000000000e+04
2.167900000000000000e+04
2.173400000000000000e+04
2.175900000000000000e+04
2.194400000000000000e+04
2.196900000000000000e+04
2.202000000000000000e+04
2.205200000000000000e+04
2.206100000000000000e+04
2.209700000000000000e+04
2.216800000000000000e+04
2.218500000000000000e+04
2.220400000000000000e+04
2.222800000000000000e+04
2.229000000000000000e+04
2.233100000000000000e+04
2.234300000000000000e+04
2.237000000000000000e+04
2.239100000000000000e+04
2.245000000000000000e+04
2.246300000000000000e+04
2.247900000000000000e+04
2.253500000000000000e+04
2.253800000000000000e+04
2.258900000000000000e+04
2.259200000000000000e+04
2.266600000000000000e+04
2.268600000000000000e+04
2.269000000000000000e+04
2.272500000000000000e+04
2.275200000000000000e+04
2.277700000000000000e+04
2.284200000000000000e+04
2.289500000000000000e+04
2.290000000000000000e+04
2.290300000000000000e+04
2.293400000000000000e+04
2.293700000000000000e+04
2.298900000000000000e+04
2.302200000000000000e+04
2.304600000000000000e+04
2.317000000000000000e+04
2.322700000000000000e+04
2.335700000000000000e+04
2.336200000000000000e+04
2.348700000000000000e+04
2.353100000000000000e+04
2.363400000000000000e+04
2.364600000000000000e+04
2.367700000000000000e+04
2.380700000000000000e+04
2.382900000000000000e+04
2.386400000000000000e+04
2.387900000000000000e+04
2.389400000000000000e+04
2.390200000000000000e+04
2.399900000000000000e+04
2.407600000000000000e+04
2.409700000000000000e+04
2.415000000000000000e+04
2.426100000000000000e+04
2.444400000000000000e+04
2.446100000000000000e+04
2.450300000000000000e+04
2.457500000000000000e+04
2.458600000000000000e+04
2.462200000000000000e+04
2.465100000000000000e+04
2.469500000000000000e+04
2.472400000000000000e+04
2.487300000000000000e+04
2.493000000000000000e+04
2.499000000000000000e+04
2.500000000000000000e+04
2.513600000000000000e+04
2.556900000000000000e+04
2.558000000000000000e+04
2.565200000000000000e+04
2.567200000000000000e+04
2.584900000000000000e+04
2.600200000000000000e+04
2.627500000000000000e+04
2.628500000000000000e+04
2.631000000000000000e+04
2.631200000000000000e+04
2.644200000000000000e+04
2.652500000000000000e+04
2.669700000000000000e+04
2.695400000000000000e+04
2.695500000000000000e+04
2.695800000000000000e+04
2.757000000000000000e+04
2.757700000000000000e+04
2.763500000000000000e+04
2.767200000000000000e+04
2.777800000000000000e+04
2.781400000000000000e+04
2.789600000000000000e+04
2.794000000000000000e+04
2.798100000000000000e+04
2.806100000000000000e+04
2.806200000000000000e+04
2.812400000000000000e+04
2.817300000000000000e+04
2.819600000000000000e+04
2.821200000000000000e+04
2.824200000000000000e+04
2.840700000000000000e+04
2.841800000000000000e+04
2.845400000000000000e+04
2.849500000000000000e+04
2.860400000000000000e+04
2.860900000000000000e+04
2.873300000000000000e+04
2.890400000000000000e+04
2.894400000000000000e+04
2.911900000000000000e+04
2.913400000000000000e+04
2.923600000000000000e+04
2.940200000000000000e+04
2.961700000000000000e+04
2.962000000000000000e+04
2.963600000000000000e+04
2.977800000000000000e+04
3.000700000000000000e+04
3.018400000000000000e+04
3.022600000000000000e+04
3.028700000000000000e+04
3.029000000000000000e+04
3.034400000000000000e+04
3.045000000000000000e+04
3.050000000000000000e+04
3.055000000000000000e+04
3.058000000000000000e+04
3.070500000000000000e+04
3.070600000000000000e+04
3.093800000000000000e+04
3.094500000000000000e+04
3.097900000000000000e+04
3.102000000000000000e+04
3.109300000000000000e+04
3.126100000000000000e+04
3.134300000000000000e+04
3.149900000000000000e+04
3.151800000000000000e+04
3.152100000000000000e+04
3.155000000000000000e+04
3.156600000000000000e+04
3.185000000000000000e+04
3.188600000000000000e+04
3.194100000000000000e+04
3.196700000000000000e+04
3.197000000000000000e+04
3.206700000000000000e+04
3.213300000000000000e+04
3.213600000000000000e+04
3.223000000000000000e+04
3.247900000000000000e+04
3.251100000000000000e+04
3.254000000000000000e+04
3.254600000000000000e+04
3.254900000000000000e+04
3.258100000000000000e+04
3.259800000000000000e+04
3.262900000000000000e+04
3.281700000000000000e+04
3.296300000000000000e+04
3.298100000000000000e+04
3.305300000000000000e+04
3.310800000000000000e+04
3.355500000000000000e+04
3.366000000000000000e+04
3.370700000000000000e+04
3.370800000000000000e+04
3.389200000000000000e+04
3.392800000000000000e+04
3.403100000000000000e+04
3.408300000000000000e+04
3.413300000000000000e+04
3.413500000000000000e+04
3.424900000000000000e+04
3.427100000000000000e+04
3.455000000000000000e+04
3.455400000000000000e+04
3.458300000000000000e+04
3.468300000000000000e+04
3.468600000000000000e+04
3.472100000000000000e+04
3.474000000000000000e+04
3.474600000000000000e+04
3.488100000000000000e+04
3.489400000000000000e+04
3.498900000000000000e+04
3.503000000000000000e+04
3.509900000000000000e+04
3.515900000000000000e+04
3.519100000000000000e+04
3.520600000000000000e+04
3.523700000000000000e+04
3.525100000000000000e+04
3.529500000000000000e+04
3.530600000000000000e+04
3.541100000000000000e+04
3.551500000000000000e+04
3.554600000000000000e+04
3.558900000000000000e+04
3.567700000000000000e+04
3.568800000000000000e+04
3.583700000000000000e+04
3.594000000000000000e+04
3.610700000000000000e+04
3.614600000000000000e+04
3.630800000000000000e+04
3.641000000000000000e+04
3.663400000000000000e+04
3.678800000000000000e+04
3.684800000000000000e+04
3.685500000000000000e+04
3.698100000000000000e+04
3.703000000000000000e+04
3.714300000000000000e+04
3.723200000000000000e+04
3.728300000000000000e+04
3.746200000000000000e+04
3.763700000000000000e+04
3.777600000000000000e+04
3.782200000000000000e+04
3.785900000000000000e+04
3.789900000000000000e+04
3.812700000000000000e+04
3.813300000000000000e+04
3.814200000000000000e+04
3.850400000000000000e+04
3.851600000000000000e+04
3.852800000000000000e+04
3.857100000000000000e+04
3.861200000000000000e+04
3.862000000000000000e+04
3.879200000000000000e+04
3.883300000000000000e+04
3.901000000000000000e+04
3.903900000000000000e+04
3.904100000000000000e+04
3.909100000000000000e+04
3.923700000000000000e+04
3.924600000000000000e+04
3.930100000000000000e+04
3.937700000000000000e+04
3.938100000000000000e+04
3.949000000000000000e+04
3.997800000000000000e+04
4.012900000000000000e+04
4.024800000000000000e+04
4.026900000000000000e+04
4.027400000000000000e+04
4.027700000000000000e+04
4.047400000000000000e+04
4.050600000000000000e+04
4.056800000000000000e+04
4.057300000000000000e+04
4.058700000000000000e+04
4.060200000000000000e+04
4.061900000000000000e+04
4.066200000000000000e+04
4.066600000000000000e+04
4.072200000000000000e+04
4.079500000000000000e+04
4.079600000000000000e+04
4.085900000000000000e+04
4.089900000000000000e+04
4.103400000000000000e+04
4.122000000000000000e+04
4.141700000000000000e+04
4.142900000000000000e+04
4.147000000000000000e+04
4.149300000000000000e+04
4.160900000000000000e+04
4.161700000000000000e+04
4.177800000000000000e+04
4.178900000000000000e+04
4.185900000000000000e+04
4.198300000000000000e+04
4.199700000000000000e+04
4.203700000000000000e+04
4.211500000000000000e+04
4.218500000000000000e+04
4.218800000000000000e+04
4.232600000000000000e+04
4.234200000000000000e+04
4.234900000000000000e+04
4.245900000000000000e+04
4.251300000000000000e+04
4.263700000000000000e+04
4.265200000000000000e+04
4.275200000000000000e+04
4.282700000000000000e+04
4.287000000000000000e+04
4.303600000000000000e+04
4.330600000000000000e+04
4.331600000000000000e+04
4.339800000000000000e+04
4.342300000000000000e+04
4.343700000000000000e+04
4.347600000000000000e+04
4.349400000000000000e+04
4.355000000000000000e+04
4.357800000000000000e+04
4.374200000000000000e+04
4.377900000000000000e+04
4.380300000000000000e+04
4.386100000000000000e+04
4.389200000000000000e+04
4.397900000000000000e+04
4.411100000000000000e+04
4.428600000000000000e+04
4.437900000000000000e+04
4.438800000000000000e+04
4.439100000000000000e+04
4.473300000000000000e+04
4.473700000000000000e+04
4.479200000000000000e+04
4.480000000000000000e+04
4.497000000000000000e+04
4.521100000000000000e+04
4.525400000000000000e+04
4.550600000000000000e+04
4.558900000000000000e+04
4.560500000000000000e+04
4.561100000000000000e+04
4.573900000000000000e+04
4.579000000000000000e+04
4.580300000000000000e+04
4.591500000000000000e+04
4.592500000000000000e+04
4.592600000000000000e+04
4.594900000000000000e+04
4.609200000000000000e+04
4.639200000000000000e+04
4.642100000000000000e+04
4.645300000000000000e+04
4.645500000000000000e+04
4.653100000000000000e+04
4.656600000000000000e+04
4.660500000000000000e+04
4.664800000000000000e+04
4.668200000000000000e+04
4.668600000000000000e+04
4.669700000000000000e+04
4.673200000000000000e+04
4.673900000000000000e+04
4.684400000000000000e+04
4.686200000000000000e+04
4.686900000000000000e+04
4.696300000000000000e+04
4.697500000000000000e+04
4.698100000000000000e+04
4.702000000000000000e+04
4.704300000000000000e+04
4.706400000000000000e+04
4.707800000000000000e+04
4.722400000000000000e+04
4.722500000000000000e+04
4.730700000000000000e+04
4.745900000000000000e+04
4.754300000000000000e+04
4.755700000000000000e+04
4.793000000000000000e+04
4.832100000000000000e+04
4.838200000000000000e+04
4.859100000000000000e+04
4.869400000000000000e+04
4.870300000000000000e+04
4.875600000000000000e+04
4.884800000000000000e+04
4.889100000000000000e+04
4.900000000000000000e+04
4.923500000000000000e+04
4.962500000000000000e+04
4.965500000000000000e+04
4.969500000000000000e+04
4.971600000000000000e+04
4.974300000000000000e+04
4.983300000000000000e+04
4.990100000000000000e+04
5.013400000000000000e+04
5.016800000000000000e+04
5.043400000000000000e+04
5.050400000000000000e+04
5.058700000000000000e+04
5.060400000000000000e+04
5.074900000000000000e+04
5.076100000000000000e+04
5.081900000000000000e+04
5.089100000000000000e+04
5.090000000000000000e+04
5.095200000000000000e+04
5.096800000000000000e+04
5.098500000000000000e+04
5.101100000000000000e+04
5.103400000000000000e+04
5.110400000000000000e+04
5.114900000000000000e+04
5.118300000000000000e+04
5.119900000000000000e+04
5.144400000000000000e+04
5.152100000000000000e+04
5.183600000000000000e+04
5.184400000000000000e+04
5.199800000000000000e+04
5.239200000000000000e+04
5.239300000000000000e+04
5.241600000000000000e+04
5.254900000000000000e+04
5.281000000000000000e+04
5.310100000000000000e+04
5.311800000000000000e+04
5.315300000000000000e+04
5.320500000000000000e+04
5.363600000000000000e+04
5.373700000000000000e+04
5.374900000000000000e+04
5.379200000000000000e+04
5.379400000000000000e+04
5.382800000000000000e+04
5.390200000000000000e+04
5.413500000000000000e+04
5.421200000000000000e+04
5.453200000000000000e+04
5.458000000000000000e+04
5.458500000000000000e+04
5.462100000000000000e+04
5.480100000000000000e+04
5.491600000000000000e+04
5.502700000000000000e+04
5.512300000000000000e+04
5.519500000000000000e+04
5.530900000000000000e+04
5.551700000000000000e+04
5.554200000000000000e+04
5.555400000000000000e+04
5.560500000000000000e+04
5.562800000000000000e+04
5.565600000000000000e+04
5.569600000000000000e+04
5.574200000000000000e+04
5.606200000000000000e+04
5.607200000000000000e+04
5.622000000000000000e+04
5.654400000000000000e+04
5.660000000000000000e+04
5.661900000000000000e+04
5.680200000000000000e+04
5.686100000000000000e+04
5.705700000000000000e+04
5.708900000000000000e+04
5.728000000000000000e+04
5.728300000000000000e+04
5.728500000000000000e+04
5.734500000000000000e+04
5.740900000000000000e+04
5.749200000000000000e+04
5.783200000000000000e+04
5.789500000000000000e+04
5.791200000000000000e+04
5.792200000000000000e+04
5.796200000000000000e+04
5.806600000000000000e+04
5.827100000000000000e+04
5.828700000000000000e+04
5.831700000000000000e+04
5.834000000000000000e+04
5.834200000000000000e+04
5.864700000000000000e+04
5.902200000000000000e+04
5.947500000000000000e+04
5.962100000000000000e+04
5.965800000000000000e+04
5.970300000000000000e+04
5.971800000000000000e+04
5.988100000000000000e+04
6.001600000000000000e+04
6.007800000000000000e+04
6.008400000000000000e+04
6.017500000000000000e+04
6.034800000000000000e+04
6.044400000000000000e+04
6.064100000000000000e+04
6.070800000000000000e+04
6.072700000000000000e+04
6.076800000000000000e+04
6.092100000000000000e+04
6.095000000000000000e+04
6.102200000000000000e+04
6.136100000000000000e+04
6.155200000000000000e+04
6.161000000000000000e+04
6.176100000000000000e+04
6.177300000000000000e+04
6.199600000000000000e+04
6.200800000000000000e+04
6.208400000000000000e+04
6.215000000000000000e+04
6.216000000000000000e+04
6.233700000000000000e+04
6.241800000000000000e+04
6.245900000000000000e+04
6.271100000000000000e+04
6.273400000000000000e+04
6.274600000000000000e+04
6.278800000000000000e+04
6.282400000000000000e+04
6.287700000000000000e+04
6.288000000000000000e+04
6.291200000000000000e+04
6.322700000000000000e+04
6.324700000000000000e+04
6.346700000000000000e+04
6.348200000000000000e+04
6.355900000000000000e+04
6.356100000000000000e+04
6.361100000000000000e+04
6.401100000000000000e+04
6.404400000000000000e+04
6.411200000000000000e+04
6.412400000000000000e+04
6.413200000000000000e+04
6.418600000000000000e+04
6.419600000000000000e+04
6.437100000000000000e+04
6.469100000000000000e+04
6.510800000000000000e+04
6.520400000000000000e+04
6.526000000000000000e+04
6.529800000000000000e+04
6.537200000000000000e+04
6.538600000000000000e+04
6.542200000000000000e+04
6.547900000000000000e+04
6.566700000000000000e+04
6.567000000000000000e+04
6.584100000000000000e+04
6.588200000000000000e+04
6.607500000000000000e+04
6.625000000000000000e+04
6.647500000000000000e+04
6.656500000000000000e+04
6.662300000000000000e+04
6.669300000000000000e+04
6.675300000000000000e+04
6.685200000000000000e+04
6.698900000000000000e+04
6.712300000000000000e+04
6.721000000000000000e+04
6.739000000000000000e+04
6.741400000000000000e+04
6.742600000000000000e+04
6.751200000000000000e+04
6.765900000000000000e+04
6.778600000000000000e+04
6.784400000000000000e+04
6.785100000000000000e+04
6.785200000000000000e+04
6.797300000000000000e+04
6.813300000000000000e+04
6.823600000000000000e+04
6.826500000000000000e+04
6.831200000000000000e+04
6.836800000000000000e+04
6.855000000000000000e+04
6.857900000000000000e+04
6.888300000000000000e+04
6.929100000000000000e+04
6.934000000000000000e+04
6.944500000000000000e+04
6.949900000000000000e+04
6.984100000000000000e+04
7.002700000000000000e+04
7.005600000000000000e+04
7.011300000000000000e+04
7.019700000000000000e+04
7.019800000000000000e+04
7.020200000000000000e+04
7.021600000000000000e+04
7.029100000000000000e+04
7.041500000000000000e+04
7.057500000000000000e+04
7.060800000000000000e+04
7.075500000000000000e+04
7.077000000000000000e+04
7.080300000000000000e+04
7.107500000000000000e+04
7.111800000000000000e+04
7.112500000000000000e+04
7.113700000000000000e+04
7.115200000000000000e+04
7.120300000000000000e+04
7.120400000000000000e+04
7.134500000000000000e+04
7.137100000000000000e+04
7.153000000000000000e+04
7.179100000000000000e+04
7.184000000000000000e+04
7.185900000000000000e+04
7.201500000000000000e+04
7.206800000000000000e+04
7.207000000000000000e+04
7.207500000000000000e+04
7.213000000000000000e+04
7.222200000000000000e+04
7.241100000000000000e+04
7.241300000000000000e+04
7.247300000000000000e+04
7.265200000000000000e+04
7.271700000000000000e+04
7.296700000000000000e+04
7.296800000000000000e+04
7.307200000000000000e+04
7.309600000000000000e+04
7.328200000000000000e+04
7.329100000000000000e+04
7.338200000000000000e+04
7.356600000000000000e+04
7.359000000000000000e+04
7.367700000000000000e+04
7.410900000000000000e+04
7.413500000000000000e+04
7.416700000000000000e+04
7.423000000000000000e+04
7.432600000000000000e+04
7.442700000000000000e+04
7.443000000000000000e+04
7.443100000000000000e+04
7.452500000000000000e+04
7.459800000000000000e+04
7.460200000000000000e+04
7.464900000000000000e+04
7.505400000000000000e+04
7.506300000000000000e+04
7.511600000000000000e+04
7.519700000000000000e+04
7.523100000000000000e+04
7.526600000000000000e+04
7.534400000000000000e+04
7.535400000000000000e+04
7.544900000000000000e+04
7.559600000000000000e+04
7.559900000000000000e+04
7.563000000000000000e+04
7.564000000000000000e+04
7.564400000000000000e+04
7.576500000000000000e+04
7.578000000000000000e+04
7.584500000000000000e+04
7.586300000000000000e+04
7.586400000000000000e+04
7.587600000000000000e+04
7.601500000000000000e+04
7.603800000000000000e+04
7.609400000000000000e+04
7.624500000000000000e+04
7.638100000000000000e+04
7.643000000000000000e+04
7.650800000000000000e+04
7.651900000000000000e+04
7.653000000000000000e+04
7.685900000000000000e+04
7.691000000000000000e+04
7.693700000000000000e+04
7.707600000000000000e+04
7.710300000000000000e+04
7.717400000000000000e+04
7.723100000000000000e+04
7.727900000000000000e+04
7.730400000000000000e+04
7.733300000000000000e+04
7.736800000000000000e+04
7.737200000000000000e+04
7.750400000000000000e+04
7.751900000000000000e+04
7.763700000000000000e+04
7.769000000000000000e+04
7.776100000000000000e+04
7.782000000000000000e+04
7.796600000000000000e+04
7.821700000000000000e+04
7.827400000000000000e+04
7.875600000000000000e+04
7.875700000000000000e+04
7.911100000000000000e+04
7.942900000000000000e+04
7.943800000000000000e+04
7.946200000000000000e+04
7.946900000000000000e+04
7.947200000000000000e+04
7.951500000000000000e+04
7.972500000000000000e+04
7.982000000000000000e+04
7.990500000000000000e+04
7.995400000000000000e+04
8.000100000000000000e+04
8.000600000000000000e+04
8.013000000000000000e+04
8.014700000000000000e+04
8.017800000000000000e+04
8.034400000000000000e+04
8.037800000000000000e+04
8.040700000000000000e+04
8.043200000000000000e+04
8.072000000000000000e+04
8.105700000000000000e+04
8.108100000000000000e+04
8.149700000000000000e+04
8.154000000000000000e+04
8.178400000000000000e+04
8.182600000000000000e+04
8.186800000000000000e+04
8.189700000000000000e+04
8.203800000000000000e+04
8.214800000000000000e+04
8.234000000000000000e+04
8.241400000000000000e+04
8.258600000000000000e+04
8.259700000000000000e+04
8.280100000000000000e+04
8.285600000000000000e+04
8.309200000000000000e+04
8.315600000000000000e+04
8.323000000000000000e+04
8.342700000000000000e+04
8.343700000000000000e+04
8.347000000000000000e+04
8.359800000000000000e+04
8.362200000000000000e+04
8.377100000000000000e+04
8.386600000000000000e+04
8.428000000000000000e+04
8.440800000000000000e+04
8.441600000000000000e+04
8.442700000000000000e+04
8.456900000000000000e+04
8.470900000000000000e+04
8.483100000000000000e+04
8.500300000000000000e+04
8.501500000000000000e+04
8.520000000000000000e+04
8.523200000000000000e+04
8.525000000000000000e+04
8.541700000000000000e+04
8.558600000000000000e+04
8.566700000000000000e+04
8.569500000000000000e+04
8.576900000000000000e+04
8.580700000000000000e+04
8.585500000000000000e+04
8.590500000000000000e+04
8.602300000000000000e+04
8.615300000000000000e+04
8.616000000000000000e+04
8.647800000000000000e+04
8.648700000000000000e+04
8.651200000000000000e+04
8.659700000000000000e+04
8.679800000000000000e+04
8.682200000000000000e+04
8.693000000000000000e+04
8.694700000000000000e+04
8.697200000000000000e+04
8.703200000000000000e+04
8.704700000000000000e+04
8.719700000000000000e+04
