1.909000000000000000e+03
2.365000000000000000e+03
2.519000000000000000e+03
2.753000000000000000e+03
3.339000000000000000e+03
3.688000000000000000e+03
3.823000000000000000e+03
4.186000000000000000e+03
5.062000000000000000e+03
5.228000000000000000e+03
5.362000000000000000e+03
5.825000000000000000e+03
5.911000000000000000e+03
6.030000000000000000e+03
6.146000000000000000e+03
6.161000000000000000e+03
6.514000000000000000e+03
6.884000000000000000e+03
7.459000000000000000e+03
7.537000000000000000e+03
7.612000000000000000e+03
7.848000000000000000e+03
7.869000000000000000e+03
8.500000000000000000e+03
8.608000000000000000e+03
8.684000000000000000e+03
8.785000000000000000e+03
8.927000000000000000e+03
8.998000000000000000e+03
9.005000000000000000e+03
9.046000000000000000e+03
9.052000000000000000e+03
9.076000000000000000e+03
9.175000000000000000e+03
9.206000000000000000e+03
9.255000000000000000e+03
9.427000000000000000e+03
9.505000000000000000e+03
9.506000000000000000e+03
9.751000000000000000e+03
9.842000000000000000e+03
9.848000000000000000e+03
1.011500000000000000e+04
1.022300000000000000e+04
1.030500000000000000e+04
1.030900000000000000e+04
1.037900000000000000e+04
1.039500000000000000e+04
1.126100000000000000e+04
1.131700000000000000e+04
1.162900000000000000e+04
1.170900000000000000e+04
1.195100000000000000e+04
1.215100000000000000e+04
1.232600000000000000e+04
1.233500000000000000e+04
1.238400000000000000e+04
1.242800000000000000e+04
1.248200000000000000e+04
1.254200000000000000e+04
1.260200000000000000e+04
1.268700000000000000e+04
1.276800000000000000e+04
1.278000000000000000e+04
1.300000000000000000e+04
1.300900000000000000e+04
1.318400000000000000e+04
1.341200000000000000e+04
1.371400000000000000e+04
1.375200000000000000e+04
1.378800000000000000e+04
1.384400000000000000e+04
1.387900000000000000e+04
1.389100000000000000e+04
1.394000000000000000e+04
1.402100000000000000e+04
1.412500000000000000e+04
1.416000000000000000e+04
1.417400000000000000e+04
1.421400000000000000e+04
1.432200000000000000e+04
1.439400000000000000e+04
1.448700000000000000e+04
1.453700000000000000e+04
1.456400000000000000e+04
1.463600000000000000e+04
1.491900000000000000e+04
1.497900000000000000e+04
1.504700000000000000e+04
1.519600000000000000e+04
1.523300000000000000e+04
1.543100000000000000e+04
1.554800000000000000e+04
1.558200000000000000e+04
1.567000000000000000e+04
1.570900000000000000e+04
1.576700000000000000e+04
1.590100000000000000e+04
1.595100000000000000e+04
1.597000000000000000e+04
1.604100000000000000e+04
1.615600000000000000e+04
1.616100000000000000e+04
1.617200000000000000e+04
1.620800000000000000e+04
1.626200000000000000e+04
1.636600000000000000e+04
1.637700000000000000e+04
1.639200000000000000e+04
1.663100000000000000e+04
1.702400000000000000e+04
1.704800000000000000e+04
1.706600000000000000e+04
1.717300000000000000e+04
1.717400000000000000e+04
1.721500000000000000e+04
1.722700000000000000e+04
1.722800000000000000e+04
1.724200000000000000e+04
1.730600000000000000e+04
1.737100000000000000e+04
1.738800000000000000e+04
1.745500000000000000e+04
1.755200000000000000e+04
1.769700000000000000e+04
1.770600000000000000e+04
1.772500000000000000e+04
1.775500000000000000e+04
1.776000000000000000e+04
1.782400000000000000e+04
1.783600000000000000e+04
1.787800000000000000e+04
1.791100000000000000e+04
1.792700000000000000e+04
1.794000000000000000e+04
1.800600000000000000e+04
1.801100000000000000e+04
1.802000000000000000e+04
1.802400000000000000e+04
1.816000000000000000e+04
1.817400000000000000e+04
1.834300000000000000e+04
1.835200000000000000e+04
1.860900000000000000e+04
1.864200000000000000e+04
1.866500000000000000e+04
1.866600000000000000e+04
1.867400000000000000e+04
1.867800000000000000e+04
1.871800000000000000e+04
1.875600000000000000e+04
1.877100000000000000e+04
1.879000000000000000e+04
1.879700000000000000e+04
1.883700000000000000e+04
1.883900000000000000e+04
1.886900000000000000e+04
1.887100000000000000e+04
1.887400000000000000e+04
1.894600000000000000e+04
1.905700000000000000e+04
1.905800000000000000e+04
1.905900000000000000e+04
1.906000000000000000e+04
1.907000000000000000e+04
1.907900000000000000e+04
1.909900000000000000e+04
1.914600000000000000e+04
1.914900000000000000e+04
1.915200000000000000e+04
1.915900000000000000e+04
1.916100000000000000e+04
1.919100000000000000e+04
1.920300000000000000e+04
1.925000000000000000e+04
1.926900000000000000e+04
1.929600000000000000e+04
1.963000000000000000e+04
1.973800000000000000e+04
1.974800000000000000e+04
1.991300000000000000e+04
2.001800000000000000e+04
2.003100000000000000e+04
2.007600000000000000e+04
2.008200000000000000e+04
2.009500000000000000e+04
2.009600000000000000e+04
2.019100000000000000e+04
2.025100000000000000e+04
2.026200000000000000e+04
2.048100000000000000e+04
2.050800000000000000e+04
2.072100000000000000e+04
2.093500000000000000e+04
2.093700000000000000e+04
2.098200000000000000e+04
2.099300000000000000e+04
2.099700000000000000e+04
2.115600000000000000e+04
2.118800000000000000e+04
2.133300000000000000e+04
2.137700000000000000e+04
2.150600000000000000e+04
2.195200000000000000e+04
2.197400000000000000e+04
2.205500000000000000e+04
2.208700000000000000e+04
2.234500000000000000e+04
2.243400000000000000e+04
2.250700000000000000e+04
2.256300000000000000e+04
2.270000000000000000e+04
2.273700000000000000e+04
2.287900000000000000e+04
2.296100000000000000e+04
2.296500000000000000e+04
2.298700000000000000e+04
2.299400000000000000e+04
2.320600000000000000e+04
2.320700000000000000e+04
2.328900000000000000e+04
2.331800000000000000e+04
2.334800000000000000e+04
2.336600000000000000e+04
2.336900000000000000e+04
2.337400000000000000e+04
2.338500000000000000e+04
2.339400000000000000e+04
2.342300000000000000e+04
2.344800000000000000e+04
2.346200000000000000e+04
2.347000000000000000e+04
2.347700000000000000e+04
2.350500000000000000e+04
2.351400000000000000e+04
2.355000000000000000e+04
2.358400000000000000e+04
2.359800000000000000e+04
2.363700000000000000e+04
2.365300000000000000e+04
2.367600000000000000e+04
2.369400000000000000e+04
2.369500000000000000e+04
2.369800000000000000e+04
2.370800000000000000e+04
2.371600000000000000e+04
2.376700000000000000e+04
2.377400000000000000e+04
2.379900000000000000e+04
2.386500000000000000e+04
2.386600000000000000e+04
2.386700000000000000e+04
2.387300000000000000e+04
2.389200000000000000e+04
2.389600000000000000e+04
2.391000000000000000e+04
2.391700000000000000e+04
2.391800000000000000e+04
2.391900000000000000e+04
2.392400000000000000e+04
2.392600000000000000e+04
2.392800000000000000e+04
2.392900000000000000e+04
2.393100000000000000e+04
2.393300000000000000e+04
2.393500000000000000e+04
2.393800000000000000e+04
2.396800000000000000e+04
2.399000000000000000e+04
2.411600000000000000e+04
2.412000000000000000e+04
2.412100000000000000e+04
2.414200000000000000e+04
2.415600000000000000e+04
2.417700000000000000e+04
2.418200000000000000e+04
2.421700000000000000e+04
2.422000000000000000e+04
2.423100000000000000e+04
2.423400000000000000e+04
2.424600000000000000e+04
2.425000000000000000e+04
2.430200000000000000e+04
2.434200000000000000e+04
2.434900000000000000e+04
2.438200000000000000e+04
2.439000000000000000e+04
2.443200000000000000e+04
2.445700000000000000e+04
2.445800000000000000e+04
2.446200000000000000e+04
2.447700000000000000e+04
2.458500000000000000e+04
2.468700000000000000e+04
2.471000000000000000e+04
2.477800000000000000e+04
2.478400000000000000e+04
2.482700000000000000e+04
2.483200000000000000e+04
2.488100000000000000e+04
2.495600000000000000e+04
2.498400000000000000e+04
2.498600000000000000e+04
2.499800000000000000e+04
2.515500000000000000e+04
2.526100000000000000e+04
2.533200000000000000e+04
2.549300000000000000e+04
2.554900000000000000e+04
2.579400000000000000e+04
2.579500000000000000e+04
2.595700000000000000e+04
2.602600000000000000e+04
2.606700000000000000e+04
2.607100000000000000e+04
2.609600000000000000e+04
2.609800000000000000e+04
2.624900000000000000e+04
2.625100000000000000e+04
2.629600000000000000e+04
2.631900000000000000e+04
2.632400000000000000e+04
2.635000000000000000e+04
2.641200000000000000e+04
2.641300000000000000e+04
2.641400000000000000e+04
2.643800000000000000e+04
2.656000000000000000e+04
2.663200000000000000e+04
2.670100000000000000e+04
2.671300000000000000e+04
2.675200000000000000e+04
2.686000000000000000e+04
2.707300000000000000e+04
2.711000000000000000e+04
2.711700000000000000e+04
2.716400000000000000e+04
2.720200000000000000e+04
2.722400000000000000e+04
2.723800000000000000e+04
2.729800000000000000e+04
2.730500000000000000e+04
2.733300000000000000e+04
2.733400000000000000e+04
2.735200000000000000e+04
2.735300000000000000e+04
2.735400000000000000e+04
2.735500000000000000e+04
2.736800000000000000e+04
2.741600000000000000e+04
2.743500000000000000e+04
2.747900000000000000e+04
2.748100000000000000e+04
2.748300000000000000e+04
2.755200000000000000e+04
2.756800000000000000e+04
2.778100000000000000e+04
2.778200000000000000e+04
2.778600000000000000e+04
2.779100000000000000e+04
2.787900000000000000e+04
2.788700000000000000e+04
2.789500000000000000e+04
2.794600000000000000e+04
2.796500000000000000e+04
2.799400000000000000e+04
2.804400000000000000e+04
2.818200000000000000e+04
2.818700000000000000e+04
2.822300000000000000e+04
2.826500000000000000e+04
2.833600000000000000e+04
2.833700000000000000e+04
2.838200000000000000e+04
2.844600000000000000e+04
2.857900000000000000e+04
2.858300000000000000e+04
2.867900000000000000e+04
2.882600000000000000e+04
2.885900000000000000e+04
2.887600000000000000e+04
2.894700000000000000e+04
2.910600000000000000e+04
2.924100000000000000e+04
2.926300000000000000e+04
2.951300000000000000e+04
2.973800000000000000e+04
2.973900000000000000e+04
2.977700000000000000e+04
2.978600000000000000e+04
2.978700000000000000e+04
2.978900000000000000e+04
2.980400000000000000e+04
2.983600000000000000e+04
2.987700000000000000e+04
2.990100000000000000e+04
2.990400000000000000e+04
2.991400000000000000e+04
2.992600000000000000e+04
2.995200000000000000e+04
2.995300000000000000e+04
2.995400000000000000e+04
3.003000000000000000e+04
3.007500000000000000e+04
3.007600000000000000e+04
3.015700000000000000e+04
3.016700000000000000e+04
3.016900000000000000e+04
3.017000000000000000e+04
3.024700000000000000e+04
3.028000000000000000e+04
3.031500000000000000e+04
3.036000000000000000e+04
3.036700000000000000e+04
3.038500000000000000e+04
3.049400000000000000e+04
3.052200000000000000e+04
3.053000000000000000e+04
3.059900000000000000e+04
3.060000000000000000e+04
3.064800000000000000e+04
3.068400000000000000e+04
3.070300000000000000e+04
3.071200000000000000e+04
3.072000000000000000e+04
3.076100000000000000e+04
3.084400000000000000e+04
3.096800000000000000e+04
3.105700000000000000e+04
3.109400000000000000e+04
3.113300000000000000e+04
3.123800000000000000e+04
3.129100000000000000e+04
3.132800000000000000e+04
3.133700000000000000e+04
3.133900000000000000e+04
3.140700000000000000e+04
3.141000000000000000e+04
3.141500000000000000e+04
3.144000000000000000e+04
3.144100000000000000e+04
3.144200000000000000e+04
3.144300000000000000e+04
3.144400000000000000e+04
3.162100000000000000e+04
3.181500000000000000e+04
3.196100000000000000e+04
3.219600000000000000e+04
3.221400000000000000e+04
3.224500000000000000e+04
3.237500000000000000e+04
3.240900000000000000e+04
3.245300000000000000e+04
3.248900000000000000e+04
3.252200000000000000e+04
3.255800000000000000e+04
3.256600000000000000e+04
3.287000000000000000e+04
3.289100000000000000e+04
3.299000000000000000e+04
3.300100000000000000e+04
3.300600000000000000e+04
3.300800000000000000e+04
3.314500000000000000e+04
3.320600000000000000e+04
3.340300000000000000e+04
3.354400000000000000e+04
3.357000000000000000e+04
3.357200000000000000e+04
3.358400000000000000e+04
3.364000000000000000e+04
3.364100000000000000e+04
3.364400000000000000e+04
3.366100000000000000e+04
3.367600000000000000e+04
3.367800000000000000e+04
3.381500000000000000e+04
3.383300000000000000e+04
3.383400000000000000e+04
3.383800000000000000e+04
3.391500000000000000e+04
3.391800000000000000e+04
3.395000000000000000e+04
3.405200000000000000e+04
3.406800000000000000e+04
3.412200000000000000e+04
3.415300000000000000e+04
3.416500000000000000e+04
3.417000000000000000e+04
3.417100000000000000e+04
3.422800000000000000e+04
3.423000000000000000e+04
3.423500000000000000e+04
3.423900000000000000e+04
3.424400000000000000e+04
3.424500000000000000e+04
3.424800000000000000e+04
3.435900000000000000e+04
3.437600000000000000e+04
3.441400000000000000e+04
3.447100000000000000e+04
3.455300000000000000e+04
3.460300000000000000e+04
3.463900000000000000e+04
3.464300000000000000e+04
3.465500000000000000e+04
3.467600000000000000e+04
3.480200000000000000e+04
3.484200000000000000e+04
3.484300000000000000e+04
3.484900000000000000e+04
3.488700000000000000e+04
3.494700000000000000e+04
3.494800000000000000e+04
3.495200000000000000e+04
3.501000000000000000e+04
3.504500000000000000e+04
3.510600000000000000e+04
3.520000000000000000e+04
3.520100000000000000e+04
3.534800000000000000e+04
3.535300000000000000e+04
3.538600000000000000e+04
3.573500000000000000e+04
3.576300000000000000e+04
3.588500000000000000e+04
3.591900000000000000e+04
3.600400000000000000e+04
3.602100000000000000e+04
3.611100000000000000e+04
3.616800000000000000e+04
3.617800000000000000e+04
3.618200000000000000e+04
3.619500000000000000e+04
3.620900000000000000e+04
3.621100000000000000e+04
3.622000000000000000e+04
3.623600000000000000e+04
3.625500000000000000e+04
3.626200000000000000e+04
3.626900000000000000e+04
3.638100000000000000e+04
3.647500000000000000e+04
3.650700000000000000e+04
3.651200000000000000e+04
3.654600000000000000e+04
3.655200000000000000e+04
3.663900000000000000e+04
3.673700000000000000e+04
3.680000000000000000e+04
3.683200000000000000e+04
3.684900000000000000e+04
3.687100000000000000e+04
3.708300000000000000e+04
3.708400000000000000e+04
3.718000000000000000e+04
3.721400000000000000e+04
3.729500000000000000e+04
3.739300000000000000e+04
3.739600000000000000e+04
3.741000000000000000e+04
3.745800000000000000e+04
3.748800000000000000e+04
3.748900000000000000e+04
3.752700000000000000e+04
3.753900000000000000e+04
3.762100000000000000e+04
3.768600000000000000e+04
3.781200000000000000e+04
3.786200000000000000e+04
3.792100000000000000e+04
3.793000000000000000e+04
3.794600000000000000e+04
3.797400000000000000e+04
3.798800000000000000e+04
3.801600000000000000e+04
3.802400000000000000e+04
3.811500000000000000e+04
3.816000000000000000e+04
3.819000000000000000e+04
3.820400000000000000e+04
3.825600000000000000e+04
3.826000000000000000e+04
3.826100000000000000e+04
3.829600000000000000e+04
3.838200000000000000e+04
3.841700000000000000e+04
3.844200000000000000e+04
3.844400000000000000e+04
3.855800000000000000e+04
3.860300000000000000e+04
3.871300000000000000e+04
3.873200000000000000e+04
3.877600000000000000e+04
3.878200000000000000e+04
3.892700000000000000e+04
3.909400000000000000e+04
3.911300000000000000e+04
3.915500000000000000e+04
3.916500000000000000e+04
3.917200000000000000e+04
3.919400000000000000e+04
3.922200000000000000e+04
3.936100000000000000e+04
3.936600000000000000e+04
3.937800000000000000e+04
3.944800000000000000e+04
3.946700000000000000e+04
3.946900000000000000e+04
3.947500000000000000e+04
3.948200000000000000e+04
3.950400000000000000e+04
3.952100000000000000e+04
3.955500000000000000e+04
3.958500000000000000e+04
3.959200000000000000e+04
3.960300000000000000e+04
3.962000000000000000e+04
3.967400000000000000e+04
3.974000000000000000e+04
3.979700000000000000e+04
3.979800000000000000e+04
3.980200000000000000e+04
3.982600000000000000e+04
3.992000000000000000e+04
3.992200000000000000e+04
3.992600000000000000e+04
3.994200000000000000e+04
3.994300000000000000e+04
3.998100000000000000e+04
4.000800000000000000e+04
4.003800000000000000e+04
4.005500000000000000e+04
4.006400000000000000e+04
4.007500000000000000e+04
4.008300000000000000e+04
4.016500000000000000e+04
4.021600000000000000e+04
4.027200000000000000e+04
4.030900000000000000e+04
4.033900000000000000e+04
4.035800000000000000e+04
4.050000000000000000e+04
4.051200000000000000e+04
4.055000000000000000e+04
4.057000000000000000e+04
4.058300000000000000e+04
4.060300000000000000e+04
4.065300000000000000e+04
4.084700000000000000e+04
4.087100000000000000e+04
4.093500000000000000e+04
4.098000000000000000e+04
4.102300000000000000e+04
4.115200000000000000e+04
4.115700000000000000e+04
4.116600000000000000e+04
4.121000000000000000e+04
4.129200000000000000e+04
4.129400000000000000e+04
4.133100000000000000e+04
4.133800000000000000e+04
4.135200000000000000e+04
4.135400000000000000e+04
4.146000000000000000e+04
4.150500000000000000e+04
4.150900000000000000e+04
4.151000000000000000e+04
4.151100000000000000e+04
4.158200000000000000e+04
4.159200000000000000e+04
4.166300000000000000e+04
4.172400000000000000e+04
4.173600000000000000e+04
4.174300000000000000e+04
4.183000000000000000e+04
4.185500000000000000e+04
4.185600000000000000e+04
4.185800000000000000e+04
4.188700000000000000e+04
4.191100000000000000e+04
4.195000000000000000e+04
4.196200000000000000e+04
4.199200000000000000e+04
4.199300000000000000e+04
4.216700000000000000e+04
4.244800000000000000e+04
4.244900000000000000e+04
4.245000000000000000e+04
4.256900000000000000e+04
4.291300000000000000e+04
4.310200000000000000e+04
4.326000000000000000e+04
4.334500000000000000e+04
4.334800000000000000e+04
4.335700000000000000e+04
4.364700000000000000e+04
4.365800000000000000e+04
4.375700000000000000e+04
4.385800000000000000e+04
4.399200000000000000e+04
4.414700000000000000e+04
4.418600000000000000e+04
4.419700000000000000e+04
4.432400000000000000e+04
4.435200000000000000e+04
4.439300000000000000e+04
4.442400000000000000e+04
4.444900000000000000e+04
4.446500000000000000e+04
4.447200000000000000e+04
4.447400000000000000e+04
4.447800000000000000e+04
4.448000000000000000e+04
4.450200000000000000e+04
4.461300000000000000e+04
4.462000000000000000e+04
4.463300000000000000e+04
4.471700000000000000e+04
4.472700000000000000e+04
4.473100000000000000e+04
4.474500000000000000e+04
4.480200000000000000e+04
4.480700000000000000e+04
4.481400000000000000e+04
4.482300000000000000e+04
4.486000000000000000e+04
4.487000000000000000e+04
4.489000000000000000e+04
4.489300000000000000e+04
4.489600000000000000e+04
4.489800000000000000e+04
4.490700000000000000e+04
4.490800000000000000e+04
4.495800000000000000e+04
4.503500000000000000e+04
4.504600000000000000e+04
4.511700000000000000e+04
4.520100000000000000e+04
4.530900000000000000e+04
4.541900000000000000e+04
4.542300000000000000e+04
4.547200000000000000e+04
4.551200000000000000e+04
4.552100000000000000e+04
4.562000000000000000e+04
4.565200000000000000e+04
4.596600000000000000e+04
4.605900000000000000e+04
4.624900000000000000e+04
4.649500000000000000e+04
4.676500000000000000e+04
4.677700000000000000e+04
4.678300000000000000e+04
4.678600000000000000e+04
4.679000000000000000e+04
4.679200000000000000e+04
4.682000000000000000e+04
4.709400000000000000e+04
4.717400000000000000e+04
4.723400000000000000e+04
4.732300000000000000e+04
4.733000000000000000e+04
4.735000000000000000e+04
4.769300000000000000e+04
4.781500000000000000e+04
4.788000000000000000e+04
4.797000000000000000e+04
4.803000000000000000e+04
4.803700000000000000e+04
4.807000000000000000e+04
4.807600000000000000e+04
4.808500000000000000e+04
4.815500000000000000e+04
4.830600000000000000e+04
4.831800000000000000e+04
4.835200000000000000e+04
4.846200000000000000e+04
4.869300000000000000e+04
4.880500000000000000e+04
4.886400000000000000e+04
4.895700000000000000e+04
4.916600000000000000e+04
4.919900000000000000e+04
4.928900000000000000e+04
4.938600000000000000e+04
4.949800000000000000e+04
4.950100000000000000e+04
4.956100000000000000e+04
4.959700000000000000e+04
4.972900000000000000e+04
4.978500000000000000e+04
4.981300000000000000e+04
5.003200000000000000e+04
5.036400000000000000e+04
5.037800000000000000e+04
5.046200000000000000e+04
5.048700000000000000e+04
5.051000000000000000e+04
5.061000000000000000e+04
5.069200000000000000e+04
5.070900000000000000e+04
5.083300000000000000e+04
5.100300000000000000e+04
5.100400000000000000e+04
5.103900000000000000e+04
5.109200000000000000e+04
5.118800000000000000e+04
5.121200000000000000e+04
5.122100000000000000e+04
5.122300000000000000e+04
5.127300000000000000e+04
5.127400000000000000e+04
5.127700000000000000e+04
5.128700000000000000e+04
5.128800000000000000e+04
5.129200000000000000e+04
5.134500000000000000e+04
5.139100000000000000e+04
5.141800000000000000e+04
5.141900000000000000e+04
5.147100000000000000e+04
5.147700000000000000e+04
5.149000000000000000e+04
5.150600000000000000e+04
5.155800000000000000e+04
5.156300000000000000e+04
5.157600000000000000e+04
5.159200000000000000e+04
5.162000000000000000e+04
5.162200000000000000e+04
5.162900000000000000e+04
5.164000000000000000e+04
5.164900000000000000e+04
5.165800000000000000e+04
5.175500000000000000e+04
5.176400000000000000e+04
5.183100000000000000e+04
5.185200000000000000e+04
5.196000000000000000e+04
5.200500000000000000e+04
5.204200000000000000e+04
5.209300000000000000e+04
5.211500000000000000e+04
5.218500000000000000e+04
5.237000000000000000e+04
5.237100000000000000e+04
5.239400000000000000e+04
5.241700000000000000e+04
5.243500000000000000e+04
5.248000000000000000e+04
5.251000000000000000e+04
5.254300000000000000e+04
5.256600000000000000e+04
5.257800000000000000e+04
5.259100000000000000e+04
5.259400000000000000e+04
5.269900000000000000e+04
5.277600000000000000e+04
5.281600000000000000e+04
5.285900000000000000e+04
5.291400000000000000e+04
5.292000000000000000e+04
5.292600000000000000e+04
5.293800000000000000e+04
5.299500000000000000e+04
5.301200000000000000e+04
5.302900000000000000e+04
5.315500000000000000e+04
5.316300000000000000e+04
5.316500000000000000e+04
5.326700000000000000e+04
5.344800000000000000e+04
5.346800000000000000e+04
5.350600000000000000e+04
5.356600000000000000e+04
5.359200000000000000e+04
5.361500000000000000e+04
5.364700000000000000e+04
5.367200000000000000e+04
5.369500000000000000e+04
5.369800000000000000e+04
5.370100000000000000e+04
5.370900000000000000e+04
5.372700000000000000e+04
5.376900000000000000e+04
5.377900000000000000e+04
5.380700000000000000e+04
5.383400000000000000e+04
5.384200000000000000e+04
5.392400000000000000e+04
5.396300000000000000e+04
5.398200000000000000e+04
5.400100000000000000e+04
5.400200000000000000e+04
5.402700000000000000e+04
5.405000000000000000e+04
5.408800000000000000e+04
5.409100000000000000e+04
5.409300000000000000e+04
5.413700000000000000e+04
5.414400000000000000e+04
5.421700000000000000e+04
5.425000000000000000e+04
5.432500000000000000e+04
5.440800000000000000e+04
5.451000000000000000e+04
5.451600000000000000e+04
5.453000000000000000e+04
5.453800000000000000e+04
5.465600000000000000e+04
5.466400000000000000e+04
5.467200000000000000e+04
5.478900000000000000e+04
5.479400000000000000e+04
5.482100000000000000e+04
5.482300000000000000e+04
5.485300000000000000e+04
5.504400000000000000e+04
5.508200000000000000e+04
5.508700000000000000e+04
5.512600000000000000e+04
5.513200000000000000e+04
5.517800000000000000e+04
5.524600000000000000e+04
5.529600000000000000e+04
5.533800000000000000e+04
5.535000000000000000e+04
5.539700000000000000e+04
5.540900000000000000e+04
5.549000000000000000e+04
5.549700000000000000e+04
5.550300000000000000e+04
5.550900000000000000e+04
5.551800000000000000e+04
5.556000000000000000e+04
5.558900000000000000e+04
5.559000000000000000e+04
5.559600000000000000e+04
5.566000000000000000e+04
5.575200000000000000e+04
5.582200000000000000e+04
5.595700000000000000e+04
5.596300000000000000e+04
5.612200000000000000e+04
5.616100000000000000e+04
5.617900000000000000e+04
5.623800000000000000e+04
5.623900000000000000e+04
5.625900000000000000e+04
5.636800000000000000e+04
5.645200000000000000e+04
5.646500000000000000e+04
5.657100000000000000e+04
5.658100000000000000e+04
5.661200000000000000e+04
5.662700000000000000e+04
5.664800000000000000e+04
5.672000000000000000e+04
5.678700000000000000e+04
5.682100000000000000e+04
5.682300000000000000e+04
5.682900000000000000e+04
5.693600000000000000e+04
5.694200000000000000e+04
5.701200000000000000e+04
5.705600000000000000e+04
5.707300000000000000e+04
5.707600000000000000e+04
5.711100000000000000e+04
5.713200000000000000e+04
5.713300000000000000e+04
5.714000000000000000e+04
5.715000000000000000e+04
5.715100000000000000e+04
5.717600000000000000e+04
5.718500000000000000e+04
5.729700000000000000e+04
5.729900000000000000e+04
5.731800000000000000e+04
5.733200000000000000e+04
5.733400000000000000e+04
5.743100000000000000e+04
5.743400000000000000e+04
5.743900000000000000e+04
5.744000000000000000e+04
5.744300000000000000e+04
5.751300000000000000e+04
5.751800000000000000e+04
5.752900000000000000e+04
5.753500000000000000e+04
5.756200000000000000e+04
5.756500000000000000e+04
5.758400000000000000e+04
5.763500000000000000e+04
5.769700000000000000e+04
5.770000000000000000e+04
5.777200000000000000e+04
5.778900000000000000e+04
5.782000000000000000e+04
5.782900000000000000e+04
5.783500000000000000e+04
5.784100000000000000e+04
5.784600000000000000e+04
5.785700000000000000e+04
5.791600000000000000e+04
5.791900000000000000e+04
5.823600000000000000e+04
5.826500000000000000e+04
5.827300000000000000e+04
5.829200000000000000e+04
5.831200000000000000e+04
5.843600000000000000e+04
5.844300000000000000e+04
5.852000000000000000e+04
5.857900000000000000e+04
5.861900000000000000e+04
5.862600000000000000e+04
5.872300000000000000e+04
5.872900000000000000e+04
5.877600000000000000e+04
5.886700000000000000e+04
5.895700000000000000e+04
5.897200000000000000e+04
5.900300000000000000e+04
5.900500000000000000e+04
5.903400000000000000e+04
5.906100000000000000e+04
5.907900000000000000e+04
5.909700000000000000e+04
5.912900000000000000e+04
5.914700000000000000e+04
5.917300000000000000e+04
5.918400000000000000e+04
5.918500000000000000e+04
5.918900000000000000e+04
5.927800000000000000e+04
5.928100000000000000e+04
5.929200000000000000e+04
5.930100000000000000e+04
5.936100000000000000e+04
5.943600000000000000e+04
5.952900000000000000e+04
5.953100000000000000e+04
5.953200000000000000e+04
5.961500000000000000e+04
5.961600000000000000e+04
5.963500000000000000e+04
5.966000000000000000e+04
5.968900000000000000e+04
5.969800000000000000e+04
5.974400000000000000e+04
5.974500000000000000e+04
5.974600000000000000e+04
5.975000000000000000e+04
5.975100000000000000e+04
5.975300000000000000e+04
5.976300000000000000e+04
5.979500000000000000e+04
5.980700000000000000e+04
5.984700000000000000e+04
5.986800000000000000e+04
5.991000000000000000e+04
6.000400000000000000e+04
6.003200000000000000e+04
6.007300000000000000e+04
6.010800000000000000e+04
6.013600000000000000e+04
6.016800000000000000e+04
6.022000000000000000e+04
6.043800000000000000e+04
6.048100000000000000e+04
6.051700000000000000e+04
6.058200000000000000e+04
6.062500000000000000e+04
6.067500000000000000e+04
6.070700000000000000e+04
6.071600000000000000e+04
6.071800000000000000e+04
6.072500000000000000e+04
6.077200000000000000e+04
6.079800000000000000e+04
6.080000000000000000e+04
6.080100000000000000e+04
6.080400000000000000e+04
6.080800000000000000e+04
6.082100000000000000e+04
6.087000000000000000e+04
6.087900000000000000e+04
6.089400000000000000e+04
6.091400000000000000e+04
6.091500000000000000e+04
6.100100000000000000e+04
6.105500000000000000e+04
6.107600000000000000e+04
6.114500000000000000e+04
6.116800000000000000e+04
6.119300000000000000e+04
6.122600000000000000e+04
6.135700000000000000e+04
6.143800000000000000e+04
6.148900000000000000e+04
6.150100000000000000e+04
6.150700000000000000e+04
6.154500000000000000e+04
6.159900000000000000e+04
6.162600000000000000e+04
6.172000000000000000e+04
6.173700000000000000e+04
6.174600000000000000e+04
6.180400000000000000e+04
6.181800000000000000e+04
6.189700000000000000e+04
6.195600000000000000e+04
6.216900000000000000e+04
6.239000000000000000e+04
6.240000000000000000e+04
6.249400000000000000e+04
6.250800000000000000e+04
6.258400000000000000e+04
6.270400000000000000e+04
6.271400000000000000e+04
6.276700000000000000e+04
6.278300000000000000e+04
6.281200000000000000e+04
6.284800000000000000e+04
6.287000000000000000e+04
6.301600000000000000e+04
6.305300000000000000e+04
6.307300000000000000e+04
6.310900000000000000e+04
6.315200000000000000e+04
6.319200000000000000e+04
6.319300000000000000e+04
6.322400000000000000e+04
6.322800000000000000e+04
6.324600000000000000e+04
6.328300000000000000e+04
6.330100000000000000e+04
6.333200000000000000e+04
6.337600000000000000e+04
6.353400000000000000e+04
6.360100000000000000e+04
6.361600000000000000e+04
6.376700000000000000e+04
6.390600000000000000e+04
6.401200000000000000e+04
6.406400000000000000e+04
6.415300000000000000e+04
6.415600000000000000e+04
6.417200000000000000e+04
6.428700000000000000e+04
6.429200000000000000e+04
6.429400000000000000e+04
6.436000000000000000e+04
6.448600000000000000e+04
6.449200000000000000e+04
6.456800000000000000e+04
6.459500000000000000e+04
6.459700000000000000e+04
6.460300000000000000e+04
6.461400000000000000e+04
6.467000000000000000e+04
6.484100000000000000e+04
6.488200000000000000e+04
6.490600000000000000e+04
6.492100000000000000e+04
6.493700000000000000e+04
6.504400000000000000e+04
6.504600000000000000e+04
6.507700000000000000e+04
6.513700000000000000e+04
6.522900000000000000e+04
6.527600000000000000e+04
6.529900000000000000e+04
6.538000000000000000e+04
6.538800000000000000e+04
6.542600000000000000e+04
6.546800000000000000e+04
6.568100000000000000e+04
6.569400000000000000e+04
6.571500000000000000e+04
6.572900000000000000e+04
6.577200000000000000e+04
6.586100000000000000e+04
6.592200000000000000e+04
6.594500000000000000e+04
6.595400000000000000e+04
6.597400000000000000e+04
6.597500000000000000e+04
6.599400000000000000e+04
6.632100000000000000e+04
6.634500000000000000e+04
6.639200000000000000e+04
6.647800000000000000e+04
6.652200000000000000e+04
6.654000000000000000e+04
6.665800000000000000e+04
6.676300000000000000e+04
6.680500000000000000e+04
6.689000000000000000e+04
6.695700000000000000e+04
6.698000000000000000e+04
6.701800000000000000e+04
6.705600000000000000e+04
6.712500000000000000e+04
6.714400000000000000e+04
6.723900000000000000e+04
6.743400000000000000e+04
6.746100000000000000e+04
6.748500000000000000e+04
6.765600000000000000e+04
6.766200000000000000e+04
6.767300000000000000e+04
6.767900000000000000e+04
6.770500000000000000e+04
6.771000000000000000e+04
6.794300000000000000e+04
6.800800000000000000e+04
6.816500000000000000e+04
6.821400000000000000e+04
6.822400000000000000e+04
6.827400000000000000e+04
6.836600000000000000e+04
6.848100000000000000e+04
6.850100000000000000e+04
6.896800000000000000e+04
6.897200000000000000e+04
6.907100000000000000e+04
6.913700000000000000e+04
6.919700000000000000e+04
6.919800000000000000e+04
6.943100000000000000e+04
6.943800000000000000e+04
6.949500000000000000e+04
6.951900000000000000e+04
6.953500000000000000e+04
6.955100000000000000e+04
6.958200000000000000e+04
6.960100000000000000e+04
6.963900000000000000e+04
6.967200000000000000e+04
6.967300000000000000e+04
6.967700000000000000e+04
6.969200000000000000e+04
6.971000000000000000e+04
6.986100000000000000e+04
6.996700000000000000e+04
6.998100000000000000e+04
7.015900000000000000e+04
7.030400000000000000e+04
7.034800000000000000e+04
7.036400000000000000e+04
7.039900000000000000e+04
7.054800000000000000e+04
7.077100000000000000e+04
7.090600000000000000e+04
7.092300000000000000e+04
7.104700000000000000e+04
7.112400000000000000e+04
7.115500000000000000e+04
7.115700000000000000e+04
7.131400000000000000e+04
7.134600000000000000e+04
7.149100000000000000e+04
7.152600000000000000e+04
7.154200000000000000e+04
7.158800000000000000e+04
7.160700000000000000e+04
7.167900000000000000e+04
7.168800000000000000e+04
7.175000000000000000e+04
7.177600000000000000e+04
7.180700000000000000e+04
7.182800000000000000e+04
7.195200000000000000e+04
7.200500000000000000e+04
7.212500000000000000e+04
7.219300000000000000e+04
7.224200000000000000e+04
7.234000000000000000e+04
7.234600000000000000e+04
7.242500000000000000e+04
7.256600000000000000e+04
7.275400000000000000e+04
7.276700000000000000e+04
7.276900000000000000e+04
7.277600000000000000e+04
7.278600000000000000e+04
7.278700000000000000e+04
7.283700000000000000e+04
7.285500000000000000e+04
7.286500000000000000e+04
7.289600000000000000e+04
7.295400000000000000e+04
7.303600000000000000e+04
7.305000000000000000e+04
7.307800000000000000e+04
7.312400000000000000e+04
7.314200000000000000e+04
7.318600000000000000e+04
7.320800000000000000e+04
7.323400000000000000e+04
7.327600000000000000e+04
7.328500000000000000e+04
7.341800000000000000e+04
7.347100000000000000e+04
7.348700000000000000e+04
7.351600000000000000e+04
7.360400000000000000e+04
7.362000000000000000e+04
7.372700000000000000e+04
7.385100000000000000e+04
7.385200000000000000e+04
7.385400000000000000e+04
7.386600000000000000e+04
7.396100000000000000e+04
7.397600000000000000e+04
7.402000000000000000e+04
7.404800000000000000e+04
7.407600000000000000e+04
7.410000000000000000e+04
7.414200000000000000e+04
7.416600000000000000e+04
7.419400000000000000e+04
7.444600000000000000e+04
7.445300000000000000e+04
7.459000000000000000e+04
7.470900000000000000e+04
7.481000000000000000e+04
7.481100000000000000e+04
7.481200000000000000e+04
7.483400000000000000e+04
7.485300000000000000e+04
7.492800000000000000e+04
7.515500000000000000e+04
7.515600000000000000e+04
7.527000000000000000e+04
7.530200000000000000e+04
7.530600000000000000e+04
7.530800000000000000e+04
7.552300000000000000e+04
7.574300000000000000e+04
7.575600000000000000e+04
7.576800000000000000e+04
7.585800000000000000e+04
7.589900000000000000e+04
7.595400000000000000e+04
7.595500000000000000e+04
7.596100000000000000e+04
7.596200000000000000e+04
7.596300000000000000e+04
7.596400000000000000e+04
7.600300000000000000e+04
7.603900000000000000e+04
7.604000000000000000e+04
7.604100000000000000e+04
7.604200000000000000e+04
7.604300000000000000e+04
7.607500000000000000e+04
7.619700000000000000e+04
7.629600000000000000e+04
7.632700000000000000e+04
7.637800000000000000e+04
7.649300000000000000e+04
7.663100000000000000e+04
7.669900000000000000e+04
7.679800000000000000e+04
7.681900000000000000e+04
7.684400000000000000e+04
7.688300000000000000e+04
7.712900000000000000e+04
7.713500000000000000e+04
7.723800000000000000e+04
7.726700000000000000e+04
7.728900000000000000e+04
7.734600000000000000e+04
7.750800000000000000e+04
7.753800000000000000e+04
7.766100000000000000e+04
7.767900000000000000e+04
7.768700000000000000e+04
7.769500000000000000e+04
7.769600000000000000e+04
7.777200000000000000e+04
7.779300000000000000e+04
7.782200000000000000e+04
7.783800000000000000e+04
7.800200000000000000e+04
7.825000000000000000e+04
7.825600000000000000e+04
7.829000000000000000e+04
7.838400000000000000e+04
7.839700000000000000e+04
7.841800000000000000e+04
7.855600000000000000e+04
7.855900000000000000e+04
7.859400000000000000e+04
7.863900000000000000e+04
7.877500000000000000e+04
7.894400000000000000e+04
7.898200000000000000e+04
7.904200000000000000e+04
7.926500000000000000e+04
7.928400000000000000e+04
7.940600000000000000e+04
7.943400000000000000e+04
7.944200000000000000e+04
7.949900000000000000e+04
7.950300000000000000e+04
7.955900000000000000e+04
7.956000000000000000e+04
7.958200000000000000e+04
7.993900000000000000e+04
8.021900000000000000e+04
8.023000000000000000e+04
8.026500000000000000e+04
8.034800000000000000e+04
8.047400000000000000e+04
8.051200000000000000e+04
8.057700000000000000e+04
8.072800000000000000e+04
8.072900000000000000e+04
8.117100000000000000e+04
8.122100000000000000e+04
8.129800000000000000e+04
8.137700000000000000e+04
8.140900000000000000e+04
8.141000000000000000e+04
8.142200000000000000e+04
8.165000000000000000e+04
8.167200000000000000e+04
8.173700000000000000e+04
8.175900000000000000e+04
8.176100000000000000e+04
8.179700000000000000e+04
8.196500000000000000e+04
8.228200000000000000e+04
8.237400000000000000e+04
8.245100000000000000e+04
8.249600000000000000e+04
8.256200000000000000e+04
8.256700000000000000e+04
8.260100000000000000e+04
8.269100000000000000e+04
8.285500000000000000e+04
8.300300000000000000e+04
8.308700000000000000e+04
8.314500000000000000e+04
8.316400000000000000e+04
8.319000000000000000e+04
8.328300000000000000e+04
8.340900000000000000e+04
8.344100000000000000e+04
8.354400000000000000e+04
8.355200000000000000e+04
8.366600000000000000e+04
8.376400000000000000e+04
8.379800000000000000e+04
8.380600000000000000e+04
8.400100000000000000e+04
8.404700000000000000e+04
8.429300000000000000e+04
8.436000000000000000e+04
8.438200000000000000e+04
8.444400000000000000e+04
8.453000000000000000e+04
8.467500000000000000e+04
8.469400000000000000e+04
8.471600000000000000e+04
8.474900000000000000e+04
8.475600000000000000e+04
8.494600000000000000e+04
8.505700000000000000e+04
8.506800000000000000e+04
8.507500000000000000e+04
8.509600000000000000e+04
8.514900000000000000e+04
8.515000000000000000e+04
8.517300000000000000e+04
8.525400000000000000e+04
8.547100000000000000e+04
8.550200000000000000e+04
8.551500000000000000e+04
8.553900000000000000e+04
8.562200000000000000e+04
8.564300000000000000e+04
8.590900000000000000e+04
8.592900000000000000e+04
8.593000000000000000e+04
8.601600000000000000e+04
8.619300000000000000e+04
8.629900000000000000e+04
8.630100000000000000e+04
8.631500000000000000e+04
8.672900000000000000e+04
8.677400000000000000e+04
8.679600000000000000e+04
8.702000000000000000e+04
8.707400000000000000e+04
8.718100000000000000e+04
