5.900000000000000000e+01
1.430000000000000000e+02
2.300000000000000000e+02
4.360000000000000000e+02
5.590000000000000000e+02
8.380000000000000000e+02
9.050000000000000000e+02
9.120000000000000000e+02
9.760000000000000000e+02
1.193000000000000000e+03
1.214000000000000000e+03
1.241000000000000000e+03
1.288000000000000000e+03
1.326000000000000000e+03
1.427000000000000000e+03
1.440000000000000000e+03
1.461000000000000000e+03
1.499000000000000000e+03
1.607000000000000000e+03
1.706000000000000000e+03
1.719000000000000000e+03
1.922000000000000000e+03
1.962000000000000000e+03
2.142000000000000000e+03
2.179000000000000000e+03
2.186000000000000000e+03
2.272000000000000000e+03
2.279000000000000000e+03
2.314000000000000000e+03
2.355000000000000000e+03
2.395000000000000000e+03
2.398000000000000000e+03
2.495000000000000000e+03
2.568000000000000000e+03
2.596000000000000000e+03
2.600000000000000000e+03
2.624000000000000000e+03
2.677000000000000000e+03
2.728000000000000000e+03
2.757000000000000000e+03
2.840000000000000000e+03
2.938000000000000000e+03
3.001000000000000000e+03
3.031000000000000000e+03
3.119000000000000000e+03
3.130000000000000000e+03
3.144000000000000000e+03
3.165000000000000000e+03
3.263000000000000000e+03
3.343000000000000000e+03
3.381000000000000000e+03
3.388000000000000000e+03
3.402000000000000000e+03
3.406000000000000000e+03
3.428000000000000000e+03
3.469000000000000000e+03
3.481000000000000000e+03
3.482000000000000000e+03
3.503000000000000000e+03
3.511000000000000000e+03
3.774000000000000000e+03
3.796000000000000000e+03
3.998000000000000000e+03
4.127000000000000000e+03
4.161000000000000000e+03
4.192000000000000000e+03
4.216000000000000000e+03
4.230000000000000000e+03
4.254000000000000000e+03
4.285000000000000000e+03
4.298000000000000000e+03
4.377000000000000000e+03
4.384000000000000000e+03
4.426000000000000000e+03
4.427000000000000000e+03
4.465000000000000000e+03
4.486000000000000000e+03
4.553000000000000000e+03
4.591000000000000000e+03
4.614000000000000000e+03
4.639000000000000000e+03
4.640000000000000000e+03
4.661000000000000000e+03
4.714000000000000000e+03
4.730000000000000000e+03
4.863000000000000000e+03
4.885000000000000000e+03
4.889000000000000000e+03
4.915000000000000000e+03
4.927000000000000000e+03
4.961000000000000000e+03
4.976000000000000000e+03
5.005000000000000000e+03
5.048000000000000000e+03
5.150000000000000000e+03
5.177000000000000000e+03
5.190000000000000000e+03
5.212000000000000000e+03
5.219000000000000000e+03
5.279000000000000000e+03
5.308000000000000000e+03
5.313000000000000000e+03
5.326000000000000000e+03
5.328000000000000000e+03
5.366000000000000000e+03
5.382000000000000000e+03
5.395000000000000000e+03
5.402000000000000000e+03
5.403000000000000000e+03
5.499000000000000000e+03
5.535000000000000000e+03
5.547000000000000000e+03
5.660000000000000000e+03
5.664000000000000000e+03
5.692000000000000000e+03
5.706000000000000000e+03
5.720000000000000000e+03
5.722000000000000000e+03
5.811000000000000000e+03
5.812000000000000000e+03
5.816000000000000000e+03
5.844000000000000000e+03
5.882000000000000000e+03
5.884000000000000000e+03
5.906000000000000000e+03
5.916000000000000000e+03
5.935000000000000000e+03
5.946000000000000000e+03
5.950000000000000000e+03
5.957000000000000000e+03
5.959000000000000000e+03
5.971000000000000000e+03
5.995000000000000000e+03
6.086000000000000000e+03
6.150000000000000000e+03
6.207000000000000000e+03
6.289000000000000000e+03
6.321000000000000000e+03
6.332000000000000000e+03
6.375000000000000000e+03
6.406000000000000000e+03
6.407000000000000000e+03
6.410000000000000000e+03
6.430000000000000000e+03
6.532000000000000000e+03
6.555000000000000000e+03
6.635000000000000000e+03
6.701000000000000000e+03
6.705000000000000000e+03
6.744000000000000000e+03
6.751000000000000000e+03
6.788000000000000000e+03
6.910000000000000000e+03
6.920000000000000000e+03
6.967000000000000000e+03
6.990000000000000000e+03
7.074000000000000000e+03
7.097000000000000000e+03
7.106000000000000000e+03
7.163000000000000000e+03
7.178000000000000000e+03
7.182000000000000000e+03
7.191000000000000000e+03
7.217000000000000000e+03
7.254000000000000000e+03
7.389000000000000000e+03
7.391000000000000000e+03
7.494000000000000000e+03
7.586000000000000000e+03
7.611000000000000000e+03
7.663000000000000000e+03
7.714000000000000000e+03
7.734000000000000000e+03
8.012000000000000000e+03
8.051000000000000000e+03
8.104000000000000000e+03
8.106000000000000000e+03
8.149000000000000000e+03
8.151000000000000000e+03
8.195000000000000000e+03
8.234000000000000000e+03
8.270000000000000000e+03
8.328000000000000000e+03
8.340000000000000000e+03
8.350000000000000000e+03
8.399000000000000000e+03
8.406000000000000000e+03
8.418000000000000000e+03
8.476000000000000000e+03
8.614000000000000000e+03
8.630000000000000000e+03
8.731000000000000000e+03
8.769000000000000000e+03
8.819000000000000000e+03
8.858000000000000000e+03
8.985000000000000000e+03
9.044000000000000000e+03
9.048000000000000000e+03
9.082000000000000000e+03
9.089000000000000000e+03
9.123000000000000000e+03
9.132000000000000000e+03
9.148000000000000000e+03
9.184000000000000000e+03
9.252000000000000000e+03
9.306000000000000000e+03
9.329000000000000000e+03
9.406000000000000000e+03
9.448000000000000000e+03
9.501000000000000000e+03
9.524000000000000000e+03
9.606000000000000000e+03
9.665000000000000000e+03
9.687000000000000000e+03
9.783000000000000000e+03
9.798000000000000000e+03
9.867000000000000000e+03
9.905000000000000000e+03
9.920000000000000000e+03
9.931000000000000000e+03
1.002700000000000000e+04
1.008300000000000000e+04
1.010300000000000000e+04
1.030100000000000000e+04
1.030700000000000000e+04
1.036700000000000000e+04
1.043200000000000000e+04
1.061100000000000000e+04
1.063500000000000000e+04
1.066600000000000000e+04
1.068600000000000000e+04
1.072000000000000000e+04
1.079100000000000000e+04
1.085900000000000000e+04
1.086600000000000000e+04
1.087900000000000000e+04
1.088100000000000000e+04
1.092200000000000000e+04
1.092500000000000000e+04
1.098100000000000000e+04
1.098200000000000000e+04
1.107000000000000000e+04
1.110000000000000000e+04
1.114500000000000000e+04
1.125700000000000000e+04
1.129000000000000000e+04
1.133800000000000000e+04
1.139700000000000000e+04
1.143300000000000000e+04
1.152700000000000000e+04
1.153200000000000000e+04
1.155100000000000000e+04
1.166300000000000000e+04
1.168900000000000000e+04
1.175100000000000000e+04
1.179400000000000000e+04
1.180700000000000000e+04
1.183000000000000000e+04
1.190200000000000000e+04
1.191800000000000000e+04
1.196000000000000000e+04
1.208400000000000000e+04
1.212600000000000000e+04
1.215200000000000000e+04
1.227900000000000000e+04
1.228200000000000000e+04
1.228800000000000000e+04
1.238000000000000000e+04
1.244500000000000000e+04
1.246000000000000000e+04
1.247000000000000000e+04
1.247700000000000000e+04
1.247800000000000000e+04
1.249400000000000000e+04
1.259600000000000000e+04
1.264300000000000000e+04
1.276900000000000000e+04
1.278700000000000000e+04
1.279900000000000000e+04
1.281100000000000000e+04
1.287700000000000000e+04
1.290000000000000000e+04
1.290900000000000000e+04
1.291100000000000000e+04
1.293900000000000000e+04
1.300200000000000000e+04
1.304500000000000000e+04
1.318500000000000000e+04
1.322100000000000000e+04
1.337400000000000000e+04
1.348600000000000000e+04
1.352000000000000000e+04
1.363900000000000000e+04
1.367600000000000000e+04
1.370900000000000000e+04
1.385400000000000000e+04
1.391900000000000000e+04
1.399000000000000000e+04
1.400600000000000000e+04
1.401600000000000000e+04
1.408700000000000000e+04
1.415400000000000000e+04
1.422000000000000000e+04
1.430300000000000000e+04
1.432700000000000000e+04
1.437500000000000000e+04
1.440700000000000000e+04
1.451800000000000000e+04
1.458300000000000000e+04
1.464000000000000000e+04
1.466900000000000000e+04
1.471100000000000000e+04
1.477800000000000000e+04
1.480400000000000000e+04
1.484600000000000000e+04
1.488100000000000000e+04
1.489800000000000000e+04
1.491700000000000000e+04
1.498700000000000000e+04
1.499100000000000000e+04
1.514700000000000000e+04
1.517200000000000000e+04
1.518900000000000000e+04
1.526800000000000000e+04
1.527200000000000000e+04
1.529400000000000000e+04
1.530800000000000000e+04
1.530900000000000000e+04
1.531500000000000000e+04
1.532000000000000000e+04
1.532300000000000000e+04
1.534000000000000000e+04
1.535700000000000000e+04
1.537500000000000000e+04
1.545700000000000000e+04
1.548300000000000000e+04
1.562400000000000000e+04
1.563900000000000000e+04
1.566500000000000000e+04
1.569400000000000000e+04
1.577500000000000000e+04
1.605700000000000000e+04
1.609100000000000000e+04
1.609300000000000000e+04
1.612000000000000000e+04
1.613100000000000000e+04
1.614200000000000000e+04
1.622900000000000000e+04
1.624600000000000000e+04
1.628600000000000000e+04
1.630400000000000000e+04
1.636400000000000000e+04
1.637800000000000000e+04
1.639000000000000000e+04
1.639700000000000000e+04
1.643600000000000000e+04
1.650700000000000000e+04
1.655100000000000000e+04
1.664100000000000000e+04
1.672200000000000000e+04
1.685400000000000000e+04
1.685500000000000000e+04
1.689100000000000000e+04
1.690500000000000000e+04
1.693800000000000000e+04
1.696800000000000000e+04
1.697000000000000000e+04
1.698400000000000000e+04
1.702600000000000000e+04
1.713100000000000000e+04
1.717800000000000000e+04
1.728400000000000000e+04
1.729900000000000000e+04
1.735500000000000000e+04
1.744700000000000000e+04
1.748500000000000000e+04
1.756200000000000000e+04
1.757500000000000000e+04
1.771000000000000000e+04
1.773400000000000000e+04
1.774300000000000000e+04
1.778700000000000000e+04
1.783400000000000000e+04
1.789700000000000000e+04
1.791800000000000000e+04
1.802600000000000000e+04
1.805900000000000000e+04
1.808800000000000000e+04
1.811200000000000000e+04
1.817600000000000000e+04
1.817800000000000000e+04
1.824000000000000000e+04
1.828500000000000000e+04
1.845500000000000000e+04
1.846100000000000000e+04
1.847800000000000000e+04
1.848100000000000000e+04
1.852900000000000000e+04
1.854500000000000000e+04
1.859000000000000000e+04
1.865900000000000000e+04
1.869300000000000000e+04
1.879600000000000000e+04
1.890300000000000000e+04
1.900100000000000000e+04
1.907500000000000000e+04
1.912000000000000000e+04
1.912400000000000000e+04
1.912500000000000000e+04
1.915600000000000000e+04
1.915700000000000000e+04
1.931500000000000000e+04
1.935400000000000000e+04
1.936000000000000000e+04
1.936100000000000000e+04
1.936900000000000000e+04
1.937300000000000000e+04
1.937700000000000000e+04
1.938200000000000000e+04
1.945500000000000000e+04
1.946200000000000000e+04
1.946300000000000000e+04
1.947300000000000000e+04
1.954200000000000000e+04
1.954600000000000000e+04
1.954700000000000000e+04
1.959000000000000000e+04
1.959100000000000000e+04
1.959400000000000000e+04
1.961900000000000000e+04
1.966300000000000000e+04
1.970800000000000000e+04
1.971500000000000000e+04
1.971800000000000000e+04
1.987700000000000000e+04
2.010300000000000000e+04
2.014000000000000000e+04
2.015100000000000000e+04
2.017000000000000000e+04
2.040600000000000000e+04
2.040800000000000000e+04
2.046000000000000000e+04
2.047200000000000000e+04
2.052100000000000000e+04
2.053200000000000000e+04
2.055200000000000000e+04
2.058000000000000000e+04
2.070500000000000000e+04
2.073600000000000000e+04
2.073700000000000000e+04
2.073900000000000000e+04
2.076900000000000000e+04
2.079600000000000000e+04
2.088900000000000000e+04
2.091600000000000000e+04
2.092300000000000000e+04
2.104500000000000000e+04
2.105400000000000000e+04
2.110000000000000000e+04
2.110900000000000000e+04
2.111100000000000000e+04
2.111200000000000000e+04
2.112300000000000000e+04
2.114300000000000000e+04
2.115400000000000000e+04
2.117100000000000000e+04
2.122000000000000000e+04
2.124200000000000000e+04
2.124900000000000000e+04
2.130000000000000000e+04
2.132900000000000000e+04
2.136900000000000000e+04
2.141300000000000000e+04
2.145300000000000000e+04
2.146200000000000000e+04
2.147500000000000000e+04
2.147800000000000000e+04
2.166300000000000000e+04
2.167600000000000000e+04
2.168700000000000000e+04
2.171800000000000000e+04
2.178300000000000000e+04
2.178600000000000000e+04
2.180500000000000000e+04
2.180700000000000000e+04
2.184000000000000000e+04
2.189800000000000000e+04
2.192700000000000000e+04
2.198600000000000000e+04
2.199400000000000000e+04
2.200800000000000000e+04
2.202500000000000000e+04
2.202700000000000000e+04
2.205400000000000000e+04
2.210800000000000000e+04
2.214600000000000000e+04
2.215400000000000000e+04
2.219000000000000000e+04
2.227700000000000000e+04
2.229800000000000000e+04
2.233600000000000000e+04
2.242400000000000000e+04
2.243000000000000000e+04
2.245600000000000000e+04
2.250900000000000000e+04
2.251400000000000000e+04
2.253100000000000000e+04
2.253300000000000000e+04
2.254100000000000000e+04
2.257200000000000000e+04
2.270800000000000000e+04
2.272000000000000000e+04
2.274900000000000000e+04
2.275000000000000000e+04
2.275300000000000000e+04
2.277000000000000000e+04
2.286400000000000000e+04
2.293800000000000000e+04
2.301400000000000000e+04
2.302800000000000000e+04
2.303900000000000000e+04
2.304700000000000000e+04
2.310500000000000000e+04
2.316500000000000000e+04
2.317400000000000000e+04
2.326900000000000000e+04
2.333100000000000000e+04
2.342400000000000000e+04
2.367000000000000000e+04
2.373000000000000000e+04
2.384000000000000000e+04
2.385000000000000000e+04
2.391300000000000000e+04
2.401600000000000000e+04
2.406100000000000000e+04
2.409900000000000000e+04
2.420700000000000000e+04
2.425100000000000000e+04
2.428000000000000000e+04
2.428200000000000000e+04
2.449600000000000000e+04
2.457700000000000000e+04
2.464500000000000000e+04
2.468000000000000000e+04
2.475300000000000000e+04
2.481300000000000000e+04
2.482100000000000000e+04
2.482800000000000000e+04
2.492200000000000000e+04
2.494200000000000000e+04
2.495400000000000000e+04
2.499900000000000000e+04
2.500700000000000000e+04
2.537000000000000000e+04
2.540700000000000000e+04
2.540800000000000000e+04
2.547000000000000000e+04
2.550500000000000000e+04
2.558800000000000000e+04
2.561400000000000000e+04
2.570900000000000000e+04
2.572800000000000000e+04
2.576100000000000000e+04
2.594200000000000000e+04
2.599600000000000000e+04
2.606900000000000000e+04
2.607300000000000000e+04
2.608300000000000000e+04
2.611300000000000000e+04
2.613100000000000000e+04
2.620000000000000000e+04
2.620100000000000000e+04
2.620800000000000000e+04
2.625200000000000000e+04
2.627300000000000000e+04
2.638000000000000000e+04
2.643700000000000000e+04
2.647000000000000000e+04
2.658200000000000000e+04
2.659600000000000000e+04
2.663400000000000000e+04
2.666000000000000000e+04
2.666300000000000000e+04
2.668300000000000000e+04
2.670400000000000000e+04
2.671600000000000000e+04
2.673700000000000000e+04
2.679400000000000000e+04
2.686300000000000000e+04
2.689700000000000000e+04
2.702100000000000000e+04
2.702400000000000000e+04
2.703800000000000000e+04
2.708200000000000000e+04
2.723700000000000000e+04
2.728000000000000000e+04
2.728600000000000000e+04
2.731700000000000000e+04
2.749000000000000000e+04
2.751700000000000000e+04
2.754700000000000000e+04
2.757400000000000000e+04
2.757600000000000000e+04
2.759200000000000000e+04
2.762000000000000000e+04
2.762600000000000000e+04
2.763700000000000000e+04
2.767700000000000000e+04
2.774300000000000000e+04
2.781300000000000000e+04
2.781800000000000000e+04
2.783900000000000000e+04
2.789100000000000000e+04
2.795600000000000000e+04
2.811400000000000000e+04
2.814600000000000000e+04
2.816700000000000000e+04
2.817600000000000000e+04
2.819500000000000000e+04
2.823600000000000000e+04
2.827500000000000000e+04
2.829700000000000000e+04
2.832000000000000000e+04
2.839300000000000000e+04
2.843600000000000000e+04
2.857100000000000000e+04
2.860300000000000000e+04
2.861300000000000000e+04
2.864900000000000000e+04
2.870100000000000000e+04
2.870900000000000000e+04
2.871400000000000000e+04
2.873500000000000000e+04
2.888300000000000000e+04
2.896000000000000000e+04
2.896900000000000000e+04
2.901100000000000000e+04
2.905000000000000000e+04
2.905700000000000000e+04
2.906900000000000000e+04
2.909200000000000000e+04
2.910700000000000000e+04
2.912900000000000000e+04
2.915800000000000000e+04
2.916800000000000000e+04
2.920900000000000000e+04
2.925000000000000000e+04
2.930600000000000000e+04
2.934700000000000000e+04
2.936500000000000000e+04
2.937400000000000000e+04
2.939600000000000000e+04
2.941700000000000000e+04
2.941800000000000000e+04
2.941900000000000000e+04
2.944200000000000000e+04
2.944300000000000000e+04
2.944600000000000000e+04
2.945800000000000000e+04
2.947800000000000000e+04
2.953000000000000000e+04
2.954000000000000000e+04
2.964100000000000000e+04
2.967900000000000000e+04
2.970800000000000000e+04
2.973000000000000000e+04
2.974100000000000000e+04
2.974500000000000000e+04
2.986100000000000000e+04
2.986500000000000000e+04
2.992800000000000000e+04
2.994800000000000000e+04
2.995700000000000000e+04
2.995900000000000000e+04
2.999500000000000000e+04
3.003800000000000000e+04
3.010800000000000000e+04
3.028400000000000000e+04
3.030200000000000000e+04
3.031300000000000000e+04
3.033900000000000000e+04
3.034700000000000000e+04
3.037700000000000000e+04
3.038800000000000000e+04
3.039300000000000000e+04
3.040400000000000000e+04
3.047300000000000000e+04
3.047900000000000000e+04
3.048600000000000000e+04
3.049700000000000000e+04
3.056300000000000000e+04
3.057100000000000000e+04
3.059400000000000000e+04
3.063100000000000000e+04
3.070100000000000000e+04
3.071100000000000000e+04
3.072500000000000000e+04
3.080300000000000000e+04
3.084200000000000000e+04
3.086700000000000000e+04
3.092900000000000000e+04
3.104500000000000000e+04
3.107500000000000000e+04
3.108300000000000000e+04
3.108400000000000000e+04
3.108700000000000000e+04
3.110300000000000000e+04
3.110600000000000000e+04
3.111600000000000000e+04
3.112300000000000000e+04
3.117900000000000000e+04
3.124800000000000000e+04
3.132600000000000000e+04
3.133600000000000000e+04
3.137600000000000000e+04
3.139000000000000000e+04
3.139400000000000000e+04
3.140100000000000000e+04
3.142500000000000000e+04
3.148700000000000000e+04
3.152800000000000000e+04
3.153400000000000000e+04
3.157200000000000000e+04
3.159300000000000000e+04
3.160100000000000000e+04
3.162200000000000000e+04
3.165500000000000000e+04
3.167300000000000000e+04
3.167800000000000000e+04
3.167900000000000000e+04
3.171400000000000000e+04
3.171700000000000000e+04
3.177500000000000000e+04
3.182400000000000000e+04
3.186500000000000000e+04
3.187800000000000000e+04
3.188700000000000000e+04
3.192800000000000000e+04
3.195300000000000000e+04
3.205800000000000000e+04
3.209800000000000000e+04
3.211900000000000000e+04
3.218300000000000000e+04
3.224100000000000000e+04
3.225700000000000000e+04
3.225800000000000000e+04
3.226100000000000000e+04
3.229000000000000000e+04
3.231100000000000000e+04
3.232100000000000000e+04
3.234600000000000000e+04
3.250600000000000000e+04
3.252500000000000000e+04
3.260000000000000000e+04
3.264300000000000000e+04
3.271600000000000000e+04
3.272300000000000000e+04
3.277900000000000000e+04
3.280300000000000000e+04
3.281000000000000000e+04
3.282300000000000000e+04
3.284700000000000000e+04
3.285300000000000000e+04
3.287700000000000000e+04
3.289000000000000000e+04
3.290000000000000000e+04
3.296600000000000000e+04
3.297100000000000000e+04
3.298000000000000000e+04
3.303300000000000000e+04
3.313800000000000000e+04
3.313900000000000000e+04
3.320400000000000000e+04
3.323800000000000000e+04
3.331300000000000000e+04
3.334700000000000000e+04
3.342300000000000000e+04
3.342500000000000000e+04
3.354000000000000000e+04
3.357400000000000000e+04
3.361500000000000000e+04
3.370400000000000000e+04
3.372800000000000000e+04
3.380600000000000000e+04
3.388800000000000000e+04
3.398900000000000000e+04
3.408200000000000000e+04
3.408700000000000000e+04
3.411300000000000000e+04
3.412300000000000000e+04
3.417300000000000000e+04
3.417500000000000000e+04
3.424600000000000000e+04
3.424700000000000000e+04
3.425200000000000000e+04
3.428300000000000000e+04
3.428400000000000000e+04
3.430400000000000000e+04
3.430900000000000000e+04
3.431300000000000000e+04
3.432100000000000000e+04
3.433800000000000000e+04
3.444700000000000000e+04
3.457000000000000000e+04
3.457500000000000000e+04
3.459400000000000000e+04
3.473400000000000000e+04
3.475900000000000000e+04
3.480300000000000000e+04
3.480600000000000000e+04
3.480700000000000000e+04
3.487300000000000000e+04
3.487800000000000000e+04
3.491100000000000000e+04
3.493100000000000000e+04
3.496600000000000000e+04
3.501800000000000000e+04
3.506100000000000000e+04
3.514300000000000000e+04
3.520400000000000000e+04
3.526600000000000000e+04
3.527400000000000000e+04
3.528900000000000000e+04
3.533200000000000000e+04
3.536600000000000000e+04
3.537600000000000000e+04
3.538700000000000000e+04
3.540000000000000000e+04
3.541300000000000000e+04
3.541600000000000000e+04
3.543100000000000000e+04
3.543900000000000000e+04
3.544000000000000000e+04
3.545800000000000000e+04
3.546000000000000000e+04
3.553000000000000000e+04
3.555600000000000000e+04
3.556400000000000000e+04
3.557800000000000000e+04
3.558400000000000000e+04
3.559300000000000000e+04
3.559400000000000000e+04
3.562400000000000000e+04
3.562800000000000000e+04
3.563900000000000000e+04
3.564200000000000000e+04
3.564600000000000000e+04
3.566300000000000000e+04
3.570800000000000000e+04
3.572100000000000000e+04
3.573600000000000000e+04
3.576700000000000000e+04
3.577800000000000000e+04
3.581200000000000000e+04
3.584600000000000000e+04
3.591700000000000000e+04
3.592400000000000000e+04
3.601000000000000000e+04
3.601500000000000000e+04
3.603400000000000000e+04
3.611200000000000000e+04
3.611800000000000000e+04
3.614500000000000000e+04
3.617000000000000000e+04
3.621600000000000000e+04
3.622400000000000000e+04
3.627200000000000000e+04
3.628100000000000000e+04
3.633000000000000000e+04
3.633300000000000000e+04
3.636700000000000000e+04
3.647300000000000000e+04
3.651800000000000000e+04
3.652300000000000000e+04
3.656300000000000000e+04
3.666300000000000000e+04
3.670100000000000000e+04
3.676200000000000000e+04
3.680400000000000000e+04
3.682400000000000000e+04
3.689700000000000000e+04
3.702700000000000000e+04
3.709500000000000000e+04
3.713100000000000000e+04
3.713400000000000000e+04
3.718400000000000000e+04
3.730400000000000000e+04
3.737600000000000000e+04
3.739800000000000000e+04
3.746800000000000000e+04
3.747800000000000000e+04
3.751300000000000000e+04
3.751900000000000000e+04
3.752000000000000000e+04
3.760100000000000000e+04
3.760200000000000000e+04
3.769000000000000000e+04
3.772500000000000000e+04
3.774900000000000000e+04
3.777700000000000000e+04
3.778300000000000000e+04
3.778400000000000000e+04
3.781800000000000000e+04
3.783600000000000000e+04
3.785100000000000000e+04
3.797500000000000000e+04
3.797700000000000000e+04
3.801900000000000000e+04
3.810600000000000000e+04
3.810800000000000000e+04
3.811000000000000000e+04
3.811700000000000000e+04
3.820500000000000000e+04
3.822600000000000000e+04
3.826500000000000000e+04
3.826900000000000000e+04
3.833200000000000000e+04
3.838100000000000000e+04
3.838800000000000000e+04
3.841400000000000000e+04
3.842900000000000000e+04
3.847400000000000000e+04
3.847600000000000000e+04
3.848900000000000000e+04
3.849300000000000000e+04
3.856300000000000000e+04
3.858500000000000000e+04
3.859600000000000000e+04
3.879300000000000000e+04
3.890100000000000000e+04
3.891900000000000000e+04
3.896200000000000000e+04
3.898000000000000000e+04
3.900700000000000000e+04
3.902600000000000000e+04
3.908000000000000000e+04
3.908100000000000000e+04
3.908300000000000000e+04
3.908400000000000000e+04
3.915700000000000000e+04
3.915900000000000000e+04
3.923600000000000000e+04
3.931200000000000000e+04
3.945400000000000000e+04
3.950100000000000000e+04
3.950500000000000000e+04
3.960700000000000000e+04
3.962100000000000000e+04
3.962200000000000000e+04
3.976000000000000000e+04
3.977900000000000000e+04
3.980500000000000000e+04
3.981700000000000000e+04
3.983700000000000000e+04
3.988200000000000000e+04
3.993200000000000000e+04
4.003700000000000000e+04
4.023000000000000000e+04
4.032500000000000000e+04
4.032700000000000000e+04
4.037500000000000000e+04
4.040700000000000000e+04
4.048300000000000000e+04
4.056900000000000000e+04
4.061100000000000000e+04
4.063000000000000000e+04
4.067500000000000000e+04
4.073100000000000000e+04
4.073700000000000000e+04
4.074800000000000000e+04
4.075600000000000000e+04
4.081000000000000000e+04
4.081300000000000000e+04
4.082800000000000000e+04
4.085800000000000000e+04
4.086300000000000000e+04
4.086600000000000000e+04
4.086700000000000000e+04
4.087700000000000000e+04
4.088300000000000000e+04
4.089000000000000000e+04
4.094800000000000000e+04
4.101600000000000000e+04
4.101700000000000000e+04
4.103200000000000000e+04
4.104400000000000000e+04
4.105500000000000000e+04
4.110000000000000000e+04
4.110100000000000000e+04
4.111100000000000000e+04
4.114300000000000000e+04
4.116000000000000000e+04
4.116400000000000000e+04
4.120400000000000000e+04
4.121700000000000000e+04
4.126100000000000000e+04
4.134200000000000000e+04
4.137500000000000000e+04
4.144600000000000000e+04
4.144800000000000000e+04
4.145900000000000000e+04
4.148700000000000000e+04
4.149000000000000000e+04
4.149200000000000000e+04
4.150300000000000000e+04
4.158500000000000000e+04
4.158900000000000000e+04
4.159900000000000000e+04
4.160300000000000000e+04
4.163100000000000000e+04
4.165300000000000000e+04
4.166200000000000000e+04
4.167800000000000000e+04
4.169300000000000000e+04
4.176000000000000000e+04
4.182300000000000000e+04
4.189800000000000000e+04
4.190500000000000000e+04
4.195700000000000000e+04
4.196400000000000000e+04
4.203000000000000000e+04
4.207700000000000000e+04
4.207800000000000000e+04
4.211800000000000000e+04
4.211900000000000000e+04
4.215400000000000000e+04
4.215700000000000000e+04
4.216000000000000000e+04
4.228400000000000000e+04
4.247600000000000000e+04
4.249600000000000000e+04
4.255300000000000000e+04
4.273700000000000000e+04
4.274700000000000000e+04
4.279000000000000000e+04
4.285400000000000000e+04
4.294400000000000000e+04
4.301900000000000000e+04
4.308200000000000000e+04
4.309600000000000000e+04
4.313200000000000000e+04
4.318800000000000000e+04
4.320100000000000000e+04
4.320300000000000000e+04
4.324700000000000000e+04
4.325400000000000000e+04
4.328000000000000000e+04
4.329100000000000000e+04
4.340600000000000000e+04
4.342900000000000000e+04
4.343900000000000000e+04
4.347000000000000000e+04
4.347500000000000000e+04
4.349000000000000000e+04
4.354900000000000000e+04
4.356000000000000000e+04
4.357300000000000000e+04
4.357400000000000000e+04
4.358600000000000000e+04
4.361700000000000000e+04
4.369500000000000000e+04
4.371400000000000000e+04
4.374600000000000000e+04
4.375100000000000000e+04
4.378100000000000000e+04
4.389100000000000000e+04
4.392800000000000000e+04
4.398400000000000000e+04
4.399100000000000000e+04
4.401800000000000000e+04
4.405500000000000000e+04
4.405700000000000000e+04
4.407800000000000000e+04
4.414200000000000000e+04
4.418800000000000000e+04
4.419100000000000000e+04
4.419400000000000000e+04
4.420300000000000000e+04
4.423600000000000000e+04
4.423900000000000000e+04
4.424400000000000000e+04
4.426000000000000000e+04
4.426600000000000000e+04
4.429400000000000000e+04
4.430500000000000000e+04
4.430800000000000000e+04
4.442100000000000000e+04
4.454400000000000000e+04
4.456300000000000000e+04
4.458400000000000000e+04
4.458600000000000000e+04
4.460500000000000000e+04
4.462100000000000000e+04
4.462800000000000000e+04
4.463400000000000000e+04
4.463900000000000000e+04
4.464000000000000000e+04
4.466500000000000000e+04
4.467900000000000000e+04
4.469900000000000000e+04
4.471200000000000000e+04
4.472200000000000000e+04
4.472900000000000000e+04
4.473900000000000000e+04
4.488300000000000000e+04
4.489500000000000000e+04
4.492900000000000000e+04
4.493700000000000000e+04
4.494000000000000000e+04
4.502400000000000000e+04
4.510400000000000000e+04
4.511500000000000000e+04
4.513000000000000000e+04
4.525800000000000000e+04
4.531400000000000000e+04
4.531900000000000000e+04
4.532300000000000000e+04
4.534000000000000000e+04
4.539100000000000000e+04
4.539400000000000000e+04
4.539600000000000000e+04
4.545400000000000000e+04
4.545800000000000000e+04
4.548300000000000000e+04
4.549500000000000000e+04
4.554300000000000000e+04
4.554400000000000000e+04
4.557800000000000000e+04
4.558200000000000000e+04
4.571400000000000000e+04
4.572000000000000000e+04
4.577000000000000000e+04
4.581400000000000000e+04
4.581700000000000000e+04
4.584500000000000000e+04
4.585100000000000000e+04
4.587100000000000000e+04
4.588200000000000000e+04
4.589500000000000000e+04
4.596400000000000000e+04
4.598500000000000000e+04
4.601000000000000000e+04
4.601300000000000000e+04
4.602400000000000000e+04
4.602700000000000000e+04
4.606400000000000000e+04
4.607200000000000000e+04
4.614100000000000000e+04
4.615600000000000000e+04
4.616200000000000000e+04
4.620300000000000000e+04
4.625000000000000000e+04
4.629000000000000000e+04
4.631600000000000000e+04
4.632000000000000000e+04
4.632500000000000000e+04
4.638800000000000000e+04
4.639600000000000000e+04
4.640200000000000000e+04
4.641200000000000000e+04
4.643700000000000000e+04
4.645900000000000000e+04
4.648100000000000000e+04
4.648300000000000000e+04
4.648500000000000000e+04
4.649300000000000000e+04
4.651900000000000000e+04
4.653500000000000000e+04
4.656100000000000000e+04
4.657700000000000000e+04
4.660000000000000000e+04
4.660700000000000000e+04
4.664200000000000000e+04
4.664500000000000000e+04
4.672400000000000000e+04
4.674500000000000000e+04
4.679800000000000000e+04
4.680700000000000000e+04
4.682800000000000000e+04
4.687100000000000000e+04
4.689200000000000000e+04
4.695700000000000000e+04
4.696900000000000000e+04
4.698500000000000000e+04
4.700700000000000000e+04
4.701700000000000000e+04
4.701800000000000000e+04
4.701900000000000000e+04
4.702600000000000000e+04
4.707200000000000000e+04
4.716100000000000000e+04
4.716700000000000000e+04
4.717300000000000000e+04
4.720300000000000000e+04
4.730300000000000000e+04
4.731200000000000000e+04
4.736700000000000000e+04
4.739700000000000000e+04
4.748000000000000000e+04
4.749500000000000000e+04
4.749600000000000000e+04
4.750900000000000000e+04
4.752400000000000000e+04
4.755900000000000000e+04
4.762500000000000000e+04
4.773700000000000000e+04
4.777400000000000000e+04
4.777600000000000000e+04
4.782400000000000000e+04
4.782500000000000000e+04
4.784200000000000000e+04
4.786600000000000000e+04
4.789400000000000000e+04
4.791100000000000000e+04
4.792100000000000000e+04
4.797100000000000000e+04
4.800000000000000000e+04
4.802500000000000000e+04
4.807800000000000000e+04
4.810100000000000000e+04
4.815800000000000000e+04
4.817200000000000000e+04
4.819100000000000000e+04
4.819800000000000000e+04
4.823300000000000000e+04
4.827900000000000000e+04
4.828600000000000000e+04
4.828900000000000000e+04
4.830700000000000000e+04
4.831400000000000000e+04
4.835300000000000000e+04
4.836100000000000000e+04
4.836300000000000000e+04
4.838900000000000000e+04
4.840600000000000000e+04
4.841300000000000000e+04
4.841600000000000000e+04
4.842200000000000000e+04
4.843100000000000000e+04
4.845300000000000000e+04
4.850400000000000000e+04
4.851800000000000000e+04
4.852700000000000000e+04
4.857200000000000000e+04
4.860000000000000000e+04
4.867500000000000000e+04
4.869100000000000000e+04
4.872900000000000000e+04
4.873100000000000000e+04
4.877800000000000000e+04
4.881500000000000000e+04
4.881900000000000000e+04
4.882900000000000000e+04
4.884100000000000000e+04
4.884600000000000000e+04
4.886700000000000000e+04
4.889500000000000000e+04
4.891600000000000000e+04
4.892600000000000000e+04
4.893200000000000000e+04
4.896800000000000000e+04
4.901300000000000000e+04
4.901900000000000000e+04
4.902800000000000000e+04
4.906000000000000000e+04
4.907300000000000000e+04
4.912700000000000000e+04
4.912900000000000000e+04
4.913800000000000000e+04
4.915700000000000000e+04
4.919300000000000000e+04
4.920300000000000000e+04
4.921800000000000000e+04
4.925100000000000000e+04
4.925700000000000000e+04
4.932200000000000000e+04
4.937200000000000000e+04
4.937300000000000000e+04
4.938400000000000000e+04
4.942900000000000000e+04
4.943000000000000000e+04
4.943300000000000000e+04
4.949600000000000000e+04
4.950000000000000000e+04
4.950300000000000000e+04
4.951200000000000000e+04
4.951300000000000000e+04
4.952800000000000000e+04
4.954000000000000000e+04
4.960800000000000000e+04
4.966300000000000000e+04
4.967800000000000000e+04
4.967900000000000000e+04
4.970100000000000000e+04
4.970800000000000000e+04
4.972400000000000000e+04
4.974500000000000000e+04
4.980600000000000000e+04
4.980900000000000000e+04
4.984100000000000000e+04
4.986300000000000000e+04
4.988200000000000000e+04
4.991500000000000000e+04
4.991700000000000000e+04
4.991900000000000000e+04
4.995600000000000000e+04
5.005200000000000000e+04
5.006400000000000000e+04
5.007000000000000000e+04
5.019700000000000000e+04
5.023800000000000000e+04
5.026000000000000000e+04
5.029800000000000000e+04
5.029900000000000000e+04
5.031200000000000000e+04
5.031500000000000000e+04
5.032700000000000000e+04
5.036000000000000000e+04
5.039800000000000000e+04
5.040500000000000000e+04
5.042600000000000000e+04
5.051200000000000000e+04
5.052300000000000000e+04
5.056300000000000000e+04
5.057300000000000000e+04
5.065500000000000000e+04
5.067100000000000000e+04
5.067300000000000000e+04
5.071500000000000000e+04
5.071600000000000000e+04
5.072000000000000000e+04
5.073000000000000000e+04
5.079000000000000000e+04
5.082800000000000000e+04
5.084500000000000000e+04
5.085100000000000000e+04
5.085500000000000000e+04
5.088600000000000000e+04
5.091000000000000000e+04
5.092700000000000000e+04
5.097900000000000000e+04
5.098000000000000000e+04
5.099400000000000000e+04
5.105300000000000000e+04
5.105500000000000000e+04
5.106800000000000000e+04
5.116700000000000000e+04
5.117200000000000000e+04
5.119400000000000000e+04
5.125200000000000000e+04
5.126100000000000000e+04
5.127200000000000000e+04
5.132600000000000000e+04
5.133300000000000000e+04
5.135000000000000000e+04
5.135100000000000000e+04
5.137100000000000000e+04
5.137300000000000000e+04
5.140700000000000000e+04
5.141300000000000000e+04
5.145900000000000000e+04
5.147200000000000000e+04
5.151500000000000000e+04
5.158500000000000000e+04
5.160500000000000000e+04
5.161700000000000000e+04
5.168200000000000000e+04
5.173100000000000000e+04
5.173400000000000000e+04
5.176900000000000000e+04
5.178900000000000000e+04
5.179200000000000000e+04
5.179600000000000000e+04
5.180600000000000000e+04
5.180700000000000000e+04
5.181100000000000000e+04
5.181800000000000000e+04
5.183000000000000000e+04
5.185000000000000000e+04
5.187800000000000000e+04
5.188600000000000000e+04
5.191200000000000000e+04
5.197000000000000000e+04
5.202000000000000000e+04
5.206400000000000000e+04
5.213100000000000000e+04
5.216300000000000000e+04
5.221000000000000000e+04
5.226600000000000000e+04
5.231200000000000000e+04
5.233900000000000000e+04
5.236900000000000000e+04
5.238500000000000000e+04
5.238800000000000000e+04
5.239700000000000000e+04
5.245200000000000000e+04
5.254200000000000000e+04
5.255200000000000000e+04
5.258600000000000000e+04
5.259300000000000000e+04
5.260600000000000000e+04
5.261100000000000000e+04
5.265500000000000000e+04
5.266700000000000000e+04
5.268100000000000000e+04
5.270300000000000000e+04
5.271200000000000000e+04
5.272500000000000000e+04
5.273000000000000000e+04
5.275200000000000000e+04
5.278300000000000000e+04
5.285100000000000000e+04
5.287500000000000000e+04
5.287600000000000000e+04
5.290600000000000000e+04
5.291700000000000000e+04
5.293300000000000000e+04
5.293600000000000000e+04
5.294000000000000000e+04
5.298600000000000000e+04
5.300300000000000000e+04
5.300600000000000000e+04
5.304500000000000000e+04
5.304600000000000000e+04
5.305500000000000000e+04
5.310900000000000000e+04
5.311000000000000000e+04
5.314200000000000000e+04
5.315700000000000000e+04
5.319100000000000000e+04
5.319200000000000000e+04
5.320300000000000000e+04
5.321400000000000000e+04
5.322900000000000000e+04
5.323100000000000000e+04
5.325300000000000000e+04
5.325400000000000000e+04
5.326100000000000000e+04
5.329500000000000000e+04
5.337700000000000000e+04
5.337900000000000000e+04
5.342600000000000000e+04
5.343400000000000000e+04
5.347200000000000000e+04
5.350700000000000000e+04
5.363500000000000000e+04
5.364400000000000000e+04
5.364600000000000000e+04
5.378600000000000000e+04
5.388300000000000000e+04
5.392700000000000000e+04
5.397300000000000000e+04
5.402200000000000000e+04
5.403100000000000000e+04
5.404800000000000000e+04
5.405700000000000000e+04
5.407400000000000000e+04
5.413000000000000000e+04
5.414300000000000000e+04
5.419000000000000000e+04
5.421900000000000000e+04
5.423200000000000000e+04
5.431100000000000000e+04
5.440700000000000000e+04
5.441600000000000000e+04
5.446100000000000000e+04
5.447500000000000000e+04
5.448000000000000000e+04
5.451400000000000000e+04
5.454600000000000000e+04
5.454800000000000000e+04
5.455100000000000000e+04
5.462800000000000000e+04
5.464300000000000000e+04
5.467800000000000000e+04
5.468700000000000000e+04
5.470300000000000000e+04
5.473400000000000000e+04
5.473600000000000000e+04
5.480200000000000000e+04
5.481700000000000000e+04
5.483400000000000000e+04
5.484400000000000000e+04
5.484600000000000000e+04
5.492300000000000000e+04
5.498400000000000000e+04
5.503000000000000000e+04
5.513600000000000000e+04
5.518200000000000000e+04
5.519300000000000000e+04
5.521100000000000000e+04
5.521300000000000000e+04
5.524400000000000000e+04
5.527800000000000000e+04
5.529700000000000000e+04
5.541000000000000000e+04
5.542100000000000000e+04
5.547100000000000000e+04
5.547900000000000000e+04
5.549500000000000000e+04
5.549900000000000000e+04
5.555500000000000000e+04
5.558400000000000000e+04
5.562400000000000000e+04
5.562500000000000000e+04
5.569500000000000000e+04
5.573900000000000000e+04
5.575000000000000000e+04
5.575100000000000000e+04
5.577800000000000000e+04
5.580100000000000000e+04
5.580500000000000000e+04
5.581600000000000000e+04
5.581900000000000000e+04
5.584500000000000000e+04
5.588800000000000000e+04
5.589900000000000000e+04
5.591000000000000000e+04
5.599800000000000000e+04
5.604500000000000000e+04
5.605100000000000000e+04
5.605800000000000000e+04
5.610300000000000000e+04
5.610800000000000000e+04
5.612500000000000000e+04
5.615500000000000000e+04
5.615600000000000000e+04
5.616000000000000000e+04
5.616300000000000000e+04
5.619900000000000000e+04
5.620100000000000000e+04
5.631100000000000000e+04
5.632200000000000000e+04
5.632300000000000000e+04
5.633700000000000000e+04
5.640500000000000000e+04
5.642000000000000000e+04
5.644300000000000000e+04
5.646000000000000000e+04
5.647400000000000000e+04
5.648700000000000000e+04
5.649900000000000000e+04
5.650100000000000000e+04
5.650600000000000000e+04
5.651000000000000000e+04
5.652300000000000000e+04
5.654900000000000000e+04
5.656300000000000000e+04
5.659000000000000000e+04
5.660200000000000000e+04
5.663000000000000000e+04
5.666000000000000000e+04
5.672500000000000000e+04
5.674700000000000000e+04
5.680300000000000000e+04
5.681300000000000000e+04
5.682800000000000000e+04
5.686900000000000000e+04
5.688500000000000000e+04
5.688700000000000000e+04
5.693100000000000000e+04
5.693900000000000000e+04
5.694700000000000000e+04
5.699800000000000000e+04
5.701400000000000000e+04
5.702500000000000000e+04
5.706400000000000000e+04
5.709300000000000000e+04
5.711400000000000000e+04
5.718700000000000000e+04
5.719300000000000000e+04
5.722100000000000000e+04
5.730500000000000000e+04
5.734800000000000000e+04
5.734900000000000000e+04
5.741500000000000000e+04
5.746700000000000000e+04
5.746900000000000000e+04
5.754400000000000000e+04
5.759300000000000000e+04
5.761400000000000000e+04
5.763600000000000000e+04
5.764200000000000000e+04
5.769100000000000000e+04
5.772600000000000000e+04
5.774800000000000000e+04
5.775000000000000000e+04
5.777800000000000000e+04
5.786800000000000000e+04
5.793400000000000000e+04
5.799400000000000000e+04
5.804000000000000000e+04
5.816900000000000000e+04
5.821800000000000000e+04
5.822700000000000000e+04
5.835400000000000000e+04
5.841600000000000000e+04
5.842100000000000000e+04
5.844000000000000000e+04
5.845900000000000000e+04
5.852700000000000000e+04
5.858300000000000000e+04
5.863400000000000000e+04
5.865200000000000000e+04
5.869500000000000000e+04
5.869700000000000000e+04
5.869900000000000000e+04
5.874500000000000000e+04
5.875700000000000000e+04
5.877900000000000000e+04
5.880100000000000000e+04
5.883200000000000000e+04
5.886600000000000000e+04
5.893300000000000000e+04
5.897100000000000000e+04
5.898700000000000000e+04
5.899100000000000000e+04
5.901400000000000000e+04
5.904600000000000000e+04
5.907700000000000000e+04
5.909800000000000000e+04
5.910100000000000000e+04
5.910800000000000000e+04
5.912200000000000000e+04
5.919400000000000000e+04
5.920000000000000000e+04
5.923600000000000000e+04
5.928200000000000000e+04
5.931200000000000000e+04
5.938100000000000000e+04
5.940800000000000000e+04
5.948200000000000000e+04
5.957400000000000000e+04
5.959400000000000000e+04
5.966300000000000000e+04
5.971600000000000000e+04
5.975700000000000000e+04
5.977100000000000000e+04
5.977900000000000000e+04
5.978400000000000000e+04
5.979100000000000000e+04
5.980100000000000000e+04
5.984100000000000000e+04
5.984800000000000000e+04
5.985100000000000000e+04
5.986000000000000000e+04
5.988200000000000000e+04
5.990500000000000000e+04
5.993300000000000000e+04
5.993500000000000000e+04
5.998600000000000000e+04
5.998900000000000000e+04
6.006400000000000000e+04
6.008300000000000000e+04
6.014300000000000000e+04
6.015000000000000000e+04
6.017100000000000000e+04
6.025100000000000000e+04
6.028200000000000000e+04
6.032800000000000000e+04
6.036400000000000000e+04
6.039900000000000000e+04
6.042200000000000000e+04
6.042500000000000000e+04
6.047300000000000000e+04
6.048200000000000000e+04
6.049100000000000000e+04
6.062400000000000000e+04
6.062600000000000000e+04
6.066100000000000000e+04
6.070900000000000000e+04
6.072000000000000000e+04
6.074800000000000000e+04
6.076100000000000000e+04
6.078100000000000000e+04
6.086100000000000000e+04
6.089200000000000000e+04
6.097100000000000000e+04
6.099100000000000000e+04
6.102500000000000000e+04
6.104500000000000000e+04
6.106400000000000000e+04
6.109800000000000000e+04
6.116700000000000000e+04
6.120500000000000000e+04
6.123400000000000000e+04
6.126600000000000000e+04
6.127200000000000000e+04
6.133200000000000000e+04
6.142700000000000000e+04
6.142900000000000000e+04
6.144600000000000000e+04
6.145000000000000000e+04
6.148600000000000000e+04
6.154600000000000000e+04
6.156100000000000000e+04
6.156300000000000000e+04
6.162700000000000000e+04
6.163400000000000000e+04
6.164400000000000000e+04
6.165900000000000000e+04
6.175800000000000000e+04
6.178600000000000000e+04
6.193100000000000000e+04
6.194000000000000000e+04
6.195200000000000000e+04
6.201900000000000000e+04
6.203000000000000000e+04
6.204400000000000000e+04
6.204500000000000000e+04
6.207400000000000000e+04
6.221400000000000000e+04
6.223400000000000000e+04
6.225300000000000000e+04
6.225700000000000000e+04
6.234100000000000000e+04
6.238100000000000000e+04
6.240900000000000000e+04
6.242600000000000000e+04
6.246800000000000000e+04
6.250500000000000000e+04
6.250700000000000000e+04
6.252200000000000000e+04
6.252300000000000000e+04
6.252600000000000000e+04
6.266700000000000000e+04
6.272600000000000000e+04
6.273900000000000000e+04
6.274900000000000000e+04
6.275200000000000000e+04
6.282000000000000000e+04
6.288400000000000000e+04
6.288800000000000000e+04
6.295600000000000000e+04
6.296600000000000000e+04
6.298100000000000000e+04
6.299600000000000000e+04
6.303700000000000000e+04
6.304000000000000000e+04
6.304200000000000000e+04
6.304300000000000000e+04
6.304400000000000000e+04
6.304500000000000000e+04
6.305200000000000000e+04
6.305900000000000000e+04
6.309300000000000000e+04
6.311200000000000000e+04
6.319600000000000000e+04
6.328700000000000000e+04
6.330200000000000000e+04
6.338000000000000000e+04
6.339400000000000000e+04
6.340000000000000000e+04
6.340100000000000000e+04
6.343300000000000000e+04
6.347200000000000000e+04
6.348400000000000000e+04
6.352500000000000000e+04
6.355500000000000000e+04
6.361000000000000000e+04
6.361500000000000000e+04
6.370100000000000000e+04
6.372700000000000000e+04
6.378500000000000000e+04
6.379100000000000000e+04
6.379600000000000000e+04
6.381500000000000000e+04
6.386400000000000000e+04
6.392800000000000000e+04
6.396800000000000000e+04
6.402100000000000000e+04
6.402200000000000000e+04
6.407200000000000000e+04
6.413000000000000000e+04
6.414400000000000000e+04
6.417000000000000000e+04
6.417500000000000000e+04
6.417700000000000000e+04
6.421300000000000000e+04
6.423400000000000000e+04
6.425400000000000000e+04
6.426300000000000000e+04
6.430100000000000000e+04
6.430400000000000000e+04
6.430800000000000000e+04
6.431000000000000000e+04
6.435600000000000000e+04
6.443800000000000000e+04
6.445500000000000000e+04
6.447500000000000000e+04
6.448800000000000000e+04
6.457200000000000000e+04
6.458200000000000000e+04
6.458600000000000000e+04
6.459800000000000000e+04
6.460000000000000000e+04
6.461300000000000000e+04
6.466100000000000000e+04
6.467400000000000000e+04
6.473900000000000000e+04
6.475200000000000000e+04
6.481000000000000000e+04
6.486700000000000000e+04
6.489100000000000000e+04
6.490700000000000000e+04
6.493900000000000000e+04
6.494000000000000000e+04
6.496100000000000000e+04
6.506800000000000000e+04
6.512500000000000000e+04
6.514700000000000000e+04
6.518800000000000000e+04
6.520300000000000000e+04
6.522300000000000000e+04
6.523600000000000000e+04
6.526500000000000000e+04
6.537400000000000000e+04
6.537500000000000000e+04
6.539700000000000000e+04
6.541000000000000000e+04
6.551200000000000000e+04
6.552600000000000000e+04
6.552700000000000000e+04
6.556500000000000000e+04
6.562700000000000000e+04
6.562800000000000000e+04
6.563200000000000000e+04
6.563800000000000000e+04
6.565400000000000000e+04
6.565900000000000000e+04
6.566400000000000000e+04
6.566600000000000000e+04
6.569500000000000000e+04
6.570300000000000000e+04
6.570900000000000000e+04
6.580000000000000000e+04
6.583800000000000000e+04
6.584600000000000000e+04
6.584900000000000000e+04
6.585200000000000000e+04
6.587200000000000000e+04
6.592000000000000000e+04
6.592400000000000000e+04
6.594900000000000000e+04
6.596600000000000000e+04
6.611900000000000000e+04
6.613700000000000000e+04
6.622800000000000000e+04
6.622900000000000000e+04
6.626100000000000000e+04
6.629300000000000000e+04
6.631300000000000000e+04
6.631500000000000000e+04
6.634600000000000000e+04
6.635900000000000000e+04
6.637800000000000000e+04
6.638600000000000000e+04
6.642200000000000000e+04
6.643300000000000000e+04
6.645400000000000000e+04
6.645500000000000000e+04
6.648700000000000000e+04
6.650300000000000000e+04
6.655200000000000000e+04
6.660000000000000000e+04
6.663600000000000000e+04
6.667500000000000000e+04
6.668700000000000000e+04
6.671200000000000000e+04
6.676800000000000000e+04
6.683800000000000000e+04
6.687200000000000000e+04
6.689700000000000000e+04
6.695900000000000000e+04
6.696700000000000000e+04
6.697200000000000000e+04
6.703700000000000000e+04
6.708800000000000000e+04
6.713000000000000000e+04
6.717900000000000000e+04
6.722900000000000000e+04
6.724100000000000000e+04
6.724700000000000000e+04
6.726900000000000000e+04
6.727100000000000000e+04
6.729500000000000000e+04
6.733400000000000000e+04
6.736300000000000000e+04
6.738100000000000000e+04
6.738600000000000000e+04
6.744800000000000000e+04
6.747800000000000000e+04
6.750500000000000000e+04
6.751500000000000000e+04
6.757000000000000000e+04
6.760700000000000000e+04
6.765700000000000000e+04
6.771100000000000000e+04
6.776300000000000000e+04
6.780200000000000000e+04
6.780500000000000000e+04
6.782200000000000000e+04
6.788500000000000000e+04
6.792000000000000000e+04
6.792300000000000000e+04
6.792800000000000000e+04
6.792900000000000000e+04
6.794200000000000000e+04
6.795200000000000000e+04
6.798100000000000000e+04
6.800000000000000000e+04
6.802300000000000000e+04
6.802900000000000000e+04
6.821500000000000000e+04
6.822500000000000000e+04
6.823000000000000000e+04
6.823300000000000000e+04
6.825300000000000000e+04
6.825600000000000000e+04
6.826400000000000000e+04
6.834100000000000000e+04
6.836700000000000000e+04
6.842000000000000000e+04
6.842400000000000000e+04
6.844100000000000000e+04
6.845600000000000000e+04
6.847300000000000000e+04
6.854700000000000000e+04
6.857200000000000000e+04
6.859000000000000000e+04
6.860000000000000000e+04
6.863800000000000000e+04
6.864400000000000000e+04
6.864500000000000000e+04
6.866100000000000000e+04
6.866200000000000000e+04
6.867500000000000000e+04
6.875500000000000000e+04
6.883300000000000000e+04
6.883600000000000000e+04
6.885000000000000000e+04
6.886300000000000000e+04
6.887600000000000000e+04
6.887700000000000000e+04
6.888000000000000000e+04
6.888900000000000000e+04
6.889300000000000000e+04
6.894400000000000000e+04
6.895800000000000000e+04
6.898600000000000000e+04
6.899900000000000000e+04
6.900300000000000000e+04
6.913500000000000000e+04
6.913800000000000000e+04
6.916700000000000000e+04
6.917300000000000000e+04
6.920300000000000000e+04
6.928900000000000000e+04
6.933000000000000000e+04
6.942100000000000000e+04
6.942200000000000000e+04
6.943300000000000000e+04
6.952100000000000000e+04
6.953100000000000000e+04
6.953200000000000000e+04
6.953300000000000000e+04
6.954200000000000000e+04
6.956800000000000000e+04
6.959100000000000000e+04
6.959400000000000000e+04
6.964400000000000000e+04
6.966900000000000000e+04
6.969100000000000000e+04
6.971600000000000000e+04
6.972700000000000000e+04
6.972800000000000000e+04
6.972900000000000000e+04
6.974000000000000000e+04
6.974100000000000000e+04
6.974700000000000000e+04
6.979700000000000000e+04
6.980800000000000000e+04
6.986700000000000000e+04
6.987100000000000000e+04
6.989100000000000000e+04
6.992300000000000000e+04
6.993900000000000000e+04
6.994200000000000000e+04
6.994300000000000000e+04
6.996800000000000000e+04
6.997700000000000000e+04
6.997800000000000000e+04
6.999500000000000000e+04
7.000000000000000000e+04
7.000300000000000000e+04
7.007700000000000000e+04
7.008500000000000000e+04
7.008700000000000000e+04
7.008900000000000000e+04
7.009000000000000000e+04
7.009400000000000000e+04
7.011200000000000000e+04
7.011500000000000000e+04
7.011600000000000000e+04
7.012400000000000000e+04
7.012500000000000000e+04
7.012600000000000000e+04
7.013600000000000000e+04
7.019200000000000000e+04
7.019400000000000000e+04
7.021700000000000000e+04
7.022300000000000000e+04
7.026100000000000000e+04
7.028200000000000000e+04
7.036700000000000000e+04
7.037800000000000000e+04
7.038700000000000000e+04
7.039400000000000000e+04
7.040300000000000000e+04
7.042600000000000000e+04
7.045300000000000000e+04
7.045500000000000000e+04
7.047900000000000000e+04
7.048100000000000000e+04
7.048300000000000000e+04
7.061600000000000000e+04
7.063100000000000000e+04
7.063200000000000000e+04
7.068200000000000000e+04
7.072000000000000000e+04
7.072800000000000000e+04
7.075000000000000000e+04
7.075900000000000000e+04
7.077400000000000000e+04
7.077800000000000000e+04
7.079700000000000000e+04
7.081200000000000000e+04
7.083900000000000000e+04
7.084000000000000000e+04
7.084700000000000000e+04
7.091100000000000000e+04
7.092000000000000000e+04
7.094800000000000000e+04
7.096300000000000000e+04
7.096900000000000000e+04
7.101900000000000000e+04
7.106100000000000000e+04
7.107100000000000000e+04
7.107600000000000000e+04
7.107900000000000000e+04
7.108000000000000000e+04
7.109400000000000000e+04
7.116900000000000000e+04
7.117300000000000000e+04
7.117500000000000000e+04
7.117600000000000000e+04
7.120200000000000000e+04
7.120600000000000000e+04
7.122800000000000000e+04
7.123000000000000000e+04
7.123900000000000000e+04
7.124800000000000000e+04
7.126500000000000000e+04
7.126800000000000000e+04
7.127200000000000000e+04
7.127300000000000000e+04
7.129800000000000000e+04
7.130300000000000000e+04
7.133900000000000000e+04
7.137200000000000000e+04
7.140000000000000000e+04
7.140400000000000000e+04
7.143300000000000000e+04
7.148600000000000000e+04
7.149200000000000000e+04
7.151900000000000000e+04
7.152400000000000000e+04
7.159600000000000000e+04
7.164800000000000000e+04
7.170200000000000000e+04
7.170400000000000000e+04
7.172400000000000000e+04
7.174100000000000000e+04
7.179600000000000000e+04
7.185400000000000000e+04
7.186800000000000000e+04
7.187700000000000000e+04
7.196600000000000000e+04
7.202300000000000000e+04
7.202900000000000000e+04
7.204200000000000000e+04
7.204500000000000000e+04
7.204600000000000000e+04
7.210300000000000000e+04
7.213400000000000000e+04
7.214500000000000000e+04
7.215600000000000000e+04
7.219400000000000000e+04
7.220100000000000000e+04
7.222100000000000000e+04
7.223100000000000000e+04
7.228000000000000000e+04
7.228800000000000000e+04
7.230300000000000000e+04
7.233200000000000000e+04
7.244600000000000000e+04
7.252400000000000000e+04
7.256100000000000000e+04
7.258100000000000000e+04
7.260100000000000000e+04
7.264700000000000000e+04
7.264800000000000000e+04
7.265600000000000000e+04
7.267100000000000000e+04
7.269000000000000000e+04
7.276800000000000000e+04
7.280400000000000000e+04
7.281900000000000000e+04
7.283200000000000000e+04
7.285900000000000000e+04
7.294400000000000000e+04
7.302500000000000000e+04
7.303400000000000000e+04
7.311200000000000000e+04
7.314900000000000000e+04
7.317200000000000000e+04
7.317400000000000000e+04
7.322000000000000000e+04
7.322600000000000000e+04
7.323000000000000000e+04
7.324300000000000000e+04
7.330400000000000000e+04
7.333600000000000000e+04
7.334200000000000000e+04
7.335800000000000000e+04
7.336300000000000000e+04
7.336700000000000000e+04
7.337900000000000000e+04
7.342400000000000000e+04
7.348300000000000000e+04
7.349200000000000000e+04
7.357000000000000000e+04
7.357600000000000000e+04
7.361000000000000000e+04
7.363000000000000000e+04
7.370600000000000000e+04
7.371600000000000000e+04
7.374300000000000000e+04
7.376700000000000000e+04
7.377800000000000000e+04
7.378000000000000000e+04
7.378100000000000000e+04
7.383100000000000000e+04
7.392500000000000000e+04
7.394600000000000000e+04
7.394700000000000000e+04
7.396300000000000000e+04
7.398100000000000000e+04
7.403500000000000000e+04
7.403600000000000000e+04
7.404200000000000000e+04
7.408700000000000000e+04
7.415800000000000000e+04
7.419000000000000000e+04
7.421400000000000000e+04
7.423200000000000000e+04
7.425800000000000000e+04
7.425900000000000000e+04
7.430300000000000000e+04
7.433200000000000000e+04
7.439300000000000000e+04
7.446300000000000000e+04
7.446600000000000000e+04
7.448100000000000000e+04
7.448600000000000000e+04
7.449000000000000000e+04
7.449600000000000000e+04
7.450200000000000000e+04
7.452300000000000000e+04
7.457800000000000000e+04
7.461700000000000000e+04
7.464800000000000000e+04
7.468200000000000000e+04
7.468300000000000000e+04
7.471000000000000000e+04
7.472200000000000000e+04
7.473400000000000000e+04
7.473600000000000000e+04
7.475800000000000000e+04
7.477700000000000000e+04
7.478500000000000000e+04
7.479700000000000000e+04
7.481600000000000000e+04
7.486800000000000000e+04
7.487300000000000000e+04
7.496900000000000000e+04
7.501000000000000000e+04
7.505600000000000000e+04
7.506800000000000000e+04
7.506900000000000000e+04
7.511900000000000000e+04
7.513400000000000000e+04
7.514500000000000000e+04
7.514700000000000000e+04
7.519500000000000000e+04
7.523900000000000000e+04
7.526800000000000000e+04
7.526900000000000000e+04
7.528200000000000000e+04
7.536600000000000000e+04
7.536800000000000000e+04
7.540200000000000000e+04
7.541600000000000000e+04
7.541900000000000000e+04
7.544200000000000000e+04
7.545200000000000000e+04
7.547300000000000000e+04
7.549300000000000000e+04
7.554700000000000000e+04
7.559000000000000000e+04
7.562900000000000000e+04
7.563100000000000000e+04
7.563600000000000000e+04
7.568800000000000000e+04
7.569300000000000000e+04
7.569500000000000000e+04
7.579100000000000000e+04
7.580400000000000000e+04
7.586700000000000000e+04
7.588100000000000000e+04
7.591300000000000000e+04
7.593900000000000000e+04
7.606600000000000000e+04
7.606800000000000000e+04
7.610700000000000000e+04
7.614300000000000000e+04
7.622900000000000000e+04
7.626900000000000000e+04
7.627100000000000000e+04
7.627600000000000000e+04
7.628400000000000000e+04
7.630300000000000000e+04
7.632100000000000000e+04
7.632400000000000000e+04
7.632800000000000000e+04
7.633100000000000000e+04
7.634000000000000000e+04
7.639700000000000000e+04
7.648800000000000000e+04
7.649500000000000000e+04
7.650300000000000000e+04
7.650400000000000000e+04
7.651500000000000000e+04
7.658300000000000000e+04
7.661400000000000000e+04
7.662400000000000000e+04
7.662500000000000000e+04
7.662900000000000000e+04
7.664900000000000000e+04
7.668700000000000000e+04
7.669200000000000000e+04
7.670000000000000000e+04
7.670800000000000000e+04
7.672500000000000000e+04
7.673600000000000000e+04
7.674400000000000000e+04
7.674900000000000000e+04
7.677900000000000000e+04
7.682000000000000000e+04
7.682900000000000000e+04
7.683100000000000000e+04
7.683200000000000000e+04
7.686600000000000000e+04
7.689100000000000000e+04
7.689900000000000000e+04
7.690500000000000000e+04
7.691800000000000000e+04
7.697600000000000000e+04
7.700600000000000000e+04
7.707400000000000000e+04
7.710000000000000000e+04
7.712400000000000000e+04
7.713600000000000000e+04
7.718300000000000000e+04
7.718600000000000000e+04
7.720800000000000000e+04
7.724800000000000000e+04
7.726900000000000000e+04
7.727700000000000000e+04
7.731400000000000000e+04
7.734200000000000000e+04
7.737700000000000000e+04
7.737800000000000000e+04
7.742400000000000000e+04
7.743600000000000000e+04
7.744800000000000000e+04
7.745400000000000000e+04
7.746800000000000000e+04
7.751300000000000000e+04
7.752500000000000000e+04
7.755700000000000000e+04
7.756200000000000000e+04
7.757000000000000000e+04
7.758100000000000000e+04
7.762800000000000000e+04
7.764800000000000000e+04
7.765400000000000000e+04
7.765900000000000000e+04
7.766900000000000000e+04
7.769100000000000000e+04
7.771400000000000000e+04
7.771900000000000000e+04
7.775700000000000000e+04
7.777400000000000000e+04
7.780300000000000000e+04
7.782900000000000000e+04
7.788900000000000000e+04
7.789000000000000000e+04
7.789200000000000000e+04
7.790100000000000000e+04
7.791100000000000000e+04
7.791800000000000000e+04
7.794300000000000000e+04
7.796400000000000000e+04
7.798300000000000000e+04
7.798700000000000000e+04
7.799400000000000000e+04
7.804100000000000000e+04
7.805800000000000000e+04
7.809900000000000000e+04
7.810700000000000000e+04
7.811100000000000000e+04
7.812200000000000000e+04
7.815700000000000000e+04
7.816900000000000000e+04
7.821500000000000000e+04
7.825200000000000000e+04
7.825500000000000000e+04
7.832300000000000000e+04
7.832500000000000000e+04
7.833300000000000000e+04
7.838700000000000000e+04
7.845700000000000000e+04
7.846200000000000000e+04
7.848500000000000000e+04
7.848900000000000000e+04
7.851200000000000000e+04
7.852500000000000000e+04
7.857700000000000000e+04
7.860000000000000000e+04
7.861000000000000000e+04
7.862800000000000000e+04
7.863600000000000000e+04
7.867400000000000000e+04
7.871400000000000000e+04
7.873400000000000000e+04
7.877800000000000000e+04
7.879100000000000000e+04
7.883200000000000000e+04
7.892200000000000000e+04
7.898800000000000000e+04
7.900700000000000000e+04
7.901100000000000000e+04
7.903700000000000000e+04
7.905800000000000000e+04
7.907500000000000000e+04
7.911500000000000000e+04
7.914100000000000000e+04
7.914900000000000000e+04
7.918800000000000000e+04
7.919600000000000000e+04
7.920100000000000000e+04
7.924100000000000000e+04
7.929400000000000000e+04
7.931200000000000000e+04
7.932600000000000000e+04
7.934800000000000000e+04
7.935500000000000000e+04
7.936400000000000000e+04
7.938400000000000000e+04
7.939700000000000000e+04
7.942700000000000000e+04
7.946600000000000000e+04
7.953700000000000000e+04
7.961800000000000000e+04
7.964800000000000000e+04
7.965500000000000000e+04
7.976100000000000000e+04
7.979000000000000000e+04
7.980000000000000000e+04
7.980600000000000000e+04
7.980800000000000000e+04
7.983400000000000000e+04
7.983600000000000000e+04
7.987400000000000000e+04
7.988300000000000000e+04
7.989100000000000000e+04
7.991900000000000000e+04
7.992200000000000000e+04
7.992700000000000000e+04
7.993000000000000000e+04
7.993300000000000000e+04
7.993700000000000000e+04
7.999500000000000000e+04
8.001800000000000000e+04
8.004300000000000000e+04
8.005000000000000000e+04
8.005200000000000000e+04
8.006500000000000000e+04
8.006600000000000000e+04
8.006900000000000000e+04
8.008900000000000000e+04
8.017100000000000000e+04
8.018000000000000000e+04
8.019600000000000000e+04
8.021100000000000000e+04
8.025500000000000000e+04
8.025900000000000000e+04
8.026000000000000000e+04
8.026200000000000000e+04
8.027600000000000000e+04
8.028800000000000000e+04
8.037500000000000000e+04
8.037900000000000000e+04
8.041500000000000000e+04
8.043500000000000000e+04
8.044200000000000000e+04
8.046800000000000000e+04
8.048600000000000000e+04
8.050100000000000000e+04
8.054300000000000000e+04
8.063900000000000000e+04
8.067600000000000000e+04
8.069000000000000000e+04
8.069700000000000000e+04
8.071200000000000000e+04
8.071500000000000000e+04
8.071600000000000000e+04
8.071800000000000000e+04
8.073900000000000000e+04
8.074900000000000000e+04
8.078800000000000000e+04
8.080700000000000000e+04
8.081000000000000000e+04
8.083600000000000000e+04
8.086400000000000000e+04
8.086600000000000000e+04
8.090600000000000000e+04
8.091800000000000000e+04
8.091900000000000000e+04
8.092100000000000000e+04
8.093400000000000000e+04
8.093800000000000000e+04
8.100700000000000000e+04
8.101100000000000000e+04
8.114200000000000000e+04
8.123400000000000000e+04
8.127600000000000000e+04
8.128000000000000000e+04
8.128300000000000000e+04
8.129300000000000000e+04
8.130500000000000000e+04
8.134000000000000000e+04
8.138100000000000000e+04
8.140000000000000000e+04
8.141300000000000000e+04
8.141400000000000000e+04
8.141600000000000000e+04
8.145200000000000000e+04
8.146900000000000000e+04
8.147300000000000000e+04
8.147500000000000000e+04
8.148100000000000000e+04
8.149900000000000000e+04
8.150900000000000000e+04
8.151500000000000000e+04
8.153100000000000000e+04
8.156100000000000000e+04
8.157500000000000000e+04
8.159000000000000000e+04
8.160700000000000000e+04
8.160800000000000000e+04
8.162000000000000000e+04
8.162500000000000000e+04
8.166500000000000000e+04
8.166800000000000000e+04
8.167000000000000000e+04
8.168000000000000000e+04
8.168200000000000000e+04
8.168300000000000000e+04
8.169100000000000000e+04
8.169900000000000000e+04
8.170000000000000000e+04
8.170100000000000000e+04
8.171100000000000000e+04
8.171200000000000000e+04
8.171500000000000000e+04
8.173300000000000000e+04
8.173500000000000000e+04
8.174100000000000000e+04
8.176000000000000000e+04
8.180100000000000000e+04
8.183100000000000000e+04
8.184700000000000000e+04
8.186500000000000000e+04
8.187300000000000000e+04
8.190900000000000000e+04
8.193900000000000000e+04
8.194500000000000000e+04
8.199300000000000000e+04
8.199500000000000000e+04
8.199600000000000000e+04
8.201400000000000000e+04
8.201800000000000000e+04
8.207200000000000000e+04
8.209100000000000000e+04
8.211500000000000000e+04
8.213000000000000000e+04
8.213600000000000000e+04
8.218800000000000000e+04
8.219500000000000000e+04
8.224400000000000000e+04
8.226100000000000000e+04
8.239900000000000000e+04
8.242800000000000000e+04
8.243000000000000000e+04
8.244900000000000000e+04
8.245300000000000000e+04
8.246600000000000000e+04
8.250200000000000000e+04
8.251700000000000000e+04
8.251800000000000000e+04
8.255700000000000000e+04
8.258100000000000000e+04
8.260300000000000000e+04
8.264000000000000000e+04
8.264600000000000000e+04
8.265900000000000000e+04
8.267900000000000000e+04
8.269900000000000000e+04
8.272900000000000000e+04
8.274000000000000000e+04
8.276000000000000000e+04
8.286700000000000000e+04
8.287200000000000000e+04
8.288700000000000000e+04
8.291200000000000000e+04
8.292100000000000000e+04
8.292900000000000000e+04
8.299700000000000000e+04
8.301400000000000000e+04
8.320000000000000000e+04
8.322500000000000000e+04
8.327100000000000000e+04
8.333500000000000000e+04
8.334100000000000000e+04
8.344500000000000000e+04
8.344800000000000000e+04
8.348400000000000000e+04
8.350600000000000000e+04
8.353400000000000000e+04
8.359500000000000000e+04
8.360700000000000000e+04
8.367100000000000000e+04
8.375800000000000000e+04
8.376100000000000000e+04
8.377300000000000000e+04
8.384400000000000000e+04
8.387100000000000000e+04
8.388600000000000000e+04
8.392800000000000000e+04
8.394200000000000000e+04
8.395200000000000000e+04
8.395900000000000000e+04
8.396600000000000000e+04
8.397200000000000000e+04
8.398000000000000000e+04
8.403700000000000000e+04
8.404500000000000000e+04
8.404900000000000000e+04
8.405200000000000000e+04
8.413200000000000000e+04
8.415100000000000000e+04
8.415600000000000000e+04
8.425400000000000000e+04
8.438000000000000000e+04
8.443200000000000000e+04
8.446600000000000000e+04
8.447200000000000000e+04
8.447900000000000000e+04
8.450900000000000000e+04
8.456100000000000000e+04
8.461100000000000000e+04
8.462900000000000000e+04
8.464700000000000000e+04
8.464800000000000000e+04
8.469100000000000000e+04
8.470500000000000000e+04
8.473800000000000000e+04
8.474200000000000000e+04
8.474400000000000000e+04
8.475400000000000000e+04
8.476400000000000000e+04
8.476800000000000000e+04
8.477700000000000000e+04
8.480600000000000000e+04
8.480700000000000000e+04
8.480800000000000000e+04
8.485300000000000000e+04
8.486500000000000000e+04
8.487900000000000000e+04
8.489700000000000000e+04
8.490000000000000000e+04
8.490500000000000000e+04
8.491600000000000000e+04
8.497300000000000000e+04
8.500700000000000000e+04
8.502000000000000000e+04
8.507400000000000000e+04
8.508300000000000000e+04
8.510100000000000000e+04
8.514100000000000000e+04
8.515400000000000000e+04
8.516300000000000000e+04
8.516600000000000000e+04
8.517400000000000000e+04
8.517500000000000000e+04
8.518800000000000000e+04
8.518900000000000000e+04
8.519600000000000000e+04
8.525800000000000000e+04
8.527300000000000000e+04
8.531000000000000000e+04
8.538600000000000000e+04
8.542400000000000000e+04
8.542500000000000000e+04
8.544100000000000000e+04
8.545300000000000000e+04
8.545400000000000000e+04
8.547400000000000000e+04
8.548000000000000000e+04
8.549800000000000000e+04
8.555500000000000000e+04
8.555600000000000000e+04
8.561300000000000000e+04
8.568700000000000000e+04
8.571600000000000000e+04
8.571800000000000000e+04
8.572500000000000000e+04
8.573400000000000000e+04
8.574300000000000000e+04
8.577600000000000000e+04
8.582800000000000000e+04
8.584200000000000000e+04
8.584500000000000000e+04
8.584900000000000000e+04
8.590600000000000000e+04
8.593500000000000000e+04
8.594400000000000000e+04
8.595000000000000000e+04
8.601900000000000000e+04
8.605500000000000000e+04
8.606200000000000000e+04
8.607700000000000000e+04
8.610200000000000000e+04
8.612000000000000000e+04
8.617700000000000000e+04
8.621400000000000000e+04
8.623000000000000000e+04
8.625500000000000000e+04
8.627900000000000000e+04
8.629000000000000000e+04
8.630500000000000000e+04
8.632900000000000000e+04
8.637100000000000000e+04
8.637500000000000000e+04
8.638500000000000000e+04
8.641000000000000000e+04
8.642100000000000000e+04
8.642800000000000000e+04
8.643200000000000000e+04
8.644400000000000000e+04
8.649100000000000000e+04
8.650100000000000000e+04
8.653500000000000000e+04
8.661500000000000000e+04
8.661700000000000000e+04
8.661800000000000000e+04
8.664100000000000000e+04
8.665000000000000000e+04
8.667400000000000000e+04
8.669900000000000000e+04
8.671400000000000000e+04
8.673500000000000000e+04
8.674300000000000000e+04
8.680600000000000000e+04
8.682700000000000000e+04
8.688200000000000000e+04
8.690300000000000000e+04
8.690700000000000000e+04
8.692200000000000000e+04
8.693500000000000000e+04
8.693900000000000000e+04
8.694300000000000000e+04
8.698100000000000000e+04
8.698800000000000000e+04
8.703100000000000000e+04
8.704900000000000000e+04
8.708700000000000000e+04
8.711700000000000000e+04
8.712100000000000000e+04
8.717700000000000000e+04
8.717800000000000000e+04
8.722500000000000000e+04
8.722700000000000000e+04
