1.940000000000000000e+02
2.740000000000000000e+02
3.300000000000000000e+02
3.610000000000000000e+02
4.300000000000000000e+02
4.350000000000000000e+02
4.760000000000000000e+02
4.870000000000000000e+02
5.130000000000000000e+02
5.140000000000000000e+02
5.220000000000000000e+02
5.300000000000000000e+02
5.370000000000000000e+02
5.440000000000000000e+02
5.620000000000000000e+02
5.910000000000000000e+02
6.060000000000000000e+02
6.090000000000000000e+02
6.180000000000000000e+02
7.420000000000000000e+02
7.590000000000000000e+02
8.190000000000000000e+02
8.220000000000000000e+02
8.390000000000000000e+02
8.890000000000000000e+02
9.360000000000000000e+02
9.750000000000000000e+02
9.790000000000000000e+02
9.920000000000000000e+02
1.005000000000000000e+03
1.014000000000000000e+03
1.109000000000000000e+03
1.142000000000000000e+03
1.222000000000000000e+03
1.256000000000000000e+03
1.303000000000000000e+03
1.315000000000000000e+03
1.348000000000000000e+03
1.375000000000000000e+03
1.383000000000000000e+03
1.389000000000000000e+03
1.398000000000000000e+03
1.414000000000000000e+03
1.425000000000000000e+03
1.429000000000000000e+03
1.430000000000000000e+03
1.432000000000000000e+03
1.433000000000000000e+03
1.438000000000000000e+03
1.459000000000000000e+03
1.462000000000000000e+03
1.480000000000000000e+03
1.518000000000000000e+03
1.519000000000000000e+03
1.538000000000000000e+03
1.596000000000000000e+03
1.708000000000000000e+03
1.754000000000000000e+03
1.761000000000000000e+03
1.764000000000000000e+03
1.887000000000000000e+03
1.890000000000000000e+03
1.892000000000000000e+03
1.894000000000000000e+03
1.900000000000000000e+03
1.914000000000000000e+03
1.917000000000000000e+03
1.984000000000000000e+03
2.013000000000000000e+03
2.044000000000000000e+03
2.069000000000000000e+03
2.157000000000000000e+03
2.261000000000000000e+03
2.264000000000000000e+03
2.275000000000000000e+03
2.425000000000000000e+03
2.427000000000000000e+03
2.432000000000000000e+03
2.449000000000000000e+03
2.451000000000000000e+03
2.608000000000000000e+03
2.649000000000000000e+03
2.660000000000000000e+03
2.678000000000000000e+03
2.726000000000000000e+03
2.756000000000000000e+03
2.832000000000000000e+03
2.850000000000000000e+03
2.873000000000000000e+03
2.966000000000000000e+03
2.967000000000000000e+03
3.057000000000000000e+03
3.058000000000000000e+03
3.060000000000000000e+03
3.103000000000000000e+03
3.125000000000000000e+03
3.192000000000000000e+03
3.195000000000000000e+03
3.237000000000000000e+03
3.238000000000000000e+03
3.245000000000000000e+03
3.246000000000000000e+03
3.250000000000000000e+03
3.253000000000000000e+03
3.256000000000000000e+03
3.258000000000000000e+03
3.260000000000000000e+03
3.322000000000000000e+03
3.378000000000000000e+03
3.446000000000000000e+03
3.663000000000000000e+03
3.704000000000000000e+03
3.717000000000000000e+03
3.784000000000000000e+03
3.834000000000000000e+03
3.843000000000000000e+03
3.848000000000000000e+03
3.850000000000000000e+03
3.883000000000000000e+03
3.893000000000000000e+03
3.898000000000000000e+03
3.945000000000000000e+03
3.946000000000000000e+03
3.955000000000000000e+03
3.966000000000000000e+03
4.014000000000000000e+03
4.047000000000000000e+03
4.073000000000000000e+03
4.078000000000000000e+03
4.132000000000000000e+03
4.160000000000000000e+03
4.184000000000000000e+03
4.195000000000000000e+03
4.284000000000000000e+03
4.290000000000000000e+03
4.317000000000000000e+03
4.318000000000000000e+03
4.319000000000000000e+03
4.320000000000000000e+03
4.321000000000000000e+03
4.322000000000000000e+03
4.329000000000000000e+03
4.337000000000000000e+03
4.365000000000000000e+03
4.380000000000000000e+03
4.401000000000000000e+03
4.412000000000000000e+03
4.415000000000000000e+03
4.472000000000000000e+03
4.527000000000000000e+03
4.547000000000000000e+03
4.576000000000000000e+03
4.598000000000000000e+03
4.725000000000000000e+03
4.806000000000000000e+03
4.839000000000000000e+03
4.841000000000000000e+03
4.923000000000000000e+03
4.932000000000000000e+03
4.941000000000000000e+03
4.952000000000000000e+03
4.992000000000000000e+03
5.023000000000000000e+03
5.042000000000000000e+03
5.078000000000000000e+03
5.079000000000000000e+03
5.080000000000000000e+03
5.092000000000000000e+03
5.093000000000000000e+03
5.099000000000000000e+03
5.156000000000000000e+03
5.170000000000000000e+03
5.173000000000000000e+03
5.174000000000000000e+03
5.208000000000000000e+03
5.231000000000000000e+03
5.267000000000000000e+03
5.370000000000000000e+03
5.372000000000000000e+03
5.376000000000000000e+03
5.441000000000000000e+03
5.443000000000000000e+03
5.467000000000000000e+03
5.548000000000000000e+03
5.571000000000000000e+03
5.572000000000000000e+03
5.591000000000000000e+03
5.616000000000000000e+03
5.636000000000000000e+03
5.641000000000000000e+03
5.665000000000000000e+03
5.713000000000000000e+03
5.744000000000000000e+03
5.801000000000000000e+03
5.846000000000000000e+03
5.864000000000000000e+03
5.910000000000000000e+03
5.912000000000000000e+03
5.915000000000000000e+03
5.968000000000000000e+03
5.973000000000000000e+03
5.984000000000000000e+03
5.998000000000000000e+03
6.218000000000000000e+03
6.344000000000000000e+03
6.393000000000000000e+03
6.438000000000000000e+03
6.451000000000000000e+03
6.488000000000000000e+03
6.553000000000000000e+03
6.554000000000000000e+03
6.571000000000000000e+03
6.573000000000000000e+03
6.575000000000000000e+03
6.576000000000000000e+03
6.577000000000000000e+03
6.601000000000000000e+03
6.679000000000000000e+03
6.680000000000000000e+03
6.772000000000000000e+03
6.795000000000000000e+03
6.851000000000000000e+03
6.918000000000000000e+03
6.983000000000000000e+03
7.034000000000000000e+03
7.095000000000000000e+03
7.101000000000000000e+03
7.167000000000000000e+03
7.175000000000000000e+03
7.214000000000000000e+03
7.247000000000000000e+03
7.286000000000000000e+03
7.299000000000000000e+03
7.300000000000000000e+03
7.303000000000000000e+03
7.305000000000000000e+03
7.308000000000000000e+03
7.310000000000000000e+03
7.634000000000000000e+03
7.638000000000000000e+03
7.727000000000000000e+03
7.745000000000000000e+03
7.823000000000000000e+03
7.881000000000000000e+03
7.886000000000000000e+03
8.038000000000000000e+03
8.108000000000000000e+03
8.125000000000000000e+03
8.264000000000000000e+03
8.329000000000000000e+03
8.334000000000000000e+03
8.370000000000000000e+03
8.384000000000000000e+03
8.386000000000000000e+03
8.388000000000000000e+03
8.433000000000000000e+03
8.465000000000000000e+03
8.535000000000000000e+03
8.619000000000000000e+03
8.644000000000000000e+03
8.761000000000000000e+03
8.958000000000000000e+03
8.973000000000000000e+03
8.974000000000000000e+03
9.067000000000000000e+03
9.245000000000000000e+03
9.407000000000000000e+03
9.529000000000000000e+03
9.533000000000000000e+03
9.547000000000000000e+03
9.584000000000000000e+03
9.588000000000000000e+03
9.634000000000000000e+03
9.635000000000000000e+03
9.772000000000000000e+03
9.875000000000000000e+03
9.938000000000000000e+03
9.961000000000000000e+03
9.989000000000000000e+03
1.023000000000000000e+04
1.028400000000000000e+04
1.031500000000000000e+04
1.052100000000000000e+04
1.052300000000000000e+04
1.057800000000000000e+04
1.058300000000000000e+04
1.062600000000000000e+04
1.078700000000000000e+04
1.079700000000000000e+04
1.086800000000000000e+04
1.087600000000000000e+04
1.087700000000000000e+04
1.088900000000000000e+04
1.110900000000000000e+04
1.112600000000000000e+04
1.115600000000000000e+04
1.117500000000000000e+04
1.117600000000000000e+04
1.117700000000000000e+04
1.118900000000000000e+04
1.119000000000000000e+04
1.119100000000000000e+04
1.119200000000000000e+04
1.119300000000000000e+04
1.119400000000000000e+04
1.123600000000000000e+04
1.123800000000000000e+04
1.125400000000000000e+04
1.135200000000000000e+04
1.152400000000000000e+04
1.164200000000000000e+04
1.169600000000000000e+04
1.171300000000000000e+04
1.185300000000000000e+04
1.188800000000000000e+04
1.201200000000000000e+04
1.207800000000000000e+04
1.207900000000000000e+04
1.215400000000000000e+04
1.227000000000000000e+04
1.253500000000000000e+04
1.256100000000000000e+04
1.263900000000000000e+04
1.266000000000000000e+04
1.267200000000000000e+04
1.268400000000000000e+04
1.272900000000000000e+04
1.277600000000000000e+04
1.307900000000000000e+04
1.308100000000000000e+04
1.323900000000000000e+04
1.338300000000000000e+04
1.339900000000000000e+04
1.342100000000000000e+04
1.342300000000000000e+04
1.344200000000000000e+04
1.344900000000000000e+04
1.345700000000000000e+04
1.350300000000000000e+04
1.350400000000000000e+04
1.350500000000000000e+04
1.350600000000000000e+04
1.350700000000000000e+04
1.352300000000000000e+04
1.372100000000000000e+04
1.372500000000000000e+04
1.372600000000000000e+04
1.376300000000000000e+04
1.390200000000000000e+04
1.395800000000000000e+04
1.401100000000000000e+04
1.402700000000000000e+04
1.404200000000000000e+04
1.406600000000000000e+04
1.420200000000000000e+04
1.434700000000000000e+04
1.439300000000000000e+04
1.440600000000000000e+04
1.441900000000000000e+04
1.448100000000000000e+04
1.450900000000000000e+04
1.459100000000000000e+04
1.470800000000000000e+04
1.495800000000000000e+04
1.496700000000000000e+04
1.506500000000000000e+04
1.510200000000000000e+04
1.517600000000000000e+04
1.538700000000000000e+04
1.538900000000000000e+04
1.544100000000000000e+04
1.547700000000000000e+04
1.550400000000000000e+04
1.553500000000000000e+04
1.565100000000000000e+04
1.573000000000000000e+04
1.574200000000000000e+04
1.583000000000000000e+04
1.587900000000000000e+04
1.588300000000000000e+04
1.590700000000000000e+04
1.590900000000000000e+04
1.598800000000000000e+04
1.599700000000000000e+04
1.604500000000000000e+04
1.614800000000000000e+04
1.618300000000000000e+04
1.630900000000000000e+04
1.642900000000000000e+04
1.652600000000000000e+04
1.666400000000000000e+04
1.677000000000000000e+04
1.681900000000000000e+04
1.694500000000000000e+04
1.697700000000000000e+04
1.698100000000000000e+04
1.700100000000000000e+04
1.700500000000000000e+04
1.707500000000000000e+04
1.712500000000000000e+04
1.720900000000000000e+04
1.750800000000000000e+04
1.751500000000000000e+04
1.756000000000000000e+04
1.781000000000000000e+04
1.799300000000000000e+04
1.799700000000000000e+04
1.799800000000000000e+04
1.810100000000000000e+04
1.811000000000000000e+04
1.817700000000000000e+04
1.829600000000000000e+04
1.837100000000000000e+04
1.855400000000000000e+04
1.861400000000000000e+04
1.861700000000000000e+04
1.868400000000000000e+04
1.870900000000000000e+04
1.911500000000000000e+04
1.914200000000000000e+04
1.920100000000000000e+04
1.926800000000000000e+04
1.931800000000000000e+04
1.938600000000000000e+04
1.949000000000000000e+04
1.951100000000000000e+04
1.955500000000000000e+04
1.962800000000000000e+04
1.964000000000000000e+04
1.995700000000000000e+04
2.006000000000000000e+04
2.008800000000000000e+04
2.014300000000000000e+04
2.034100000000000000e+04
2.039200000000000000e+04
2.039700000000000000e+04
2.042000000000000000e+04
2.049100000000000000e+04
2.049200000000000000e+04
2.059000000000000000e+04
2.081500000000000000e+04
2.084500000000000000e+04
2.085400000000000000e+04
2.085800000000000000e+04
2.091300000000000000e+04
2.094500000000000000e+04
2.103600000000000000e+04
2.105600000000000000e+04
2.107100000000000000e+04
2.144400000000000000e+04
2.149900000000000000e+04
2.157400000000000000e+04
2.159900000000000000e+04
2.167800000000000000e+04
2.183600000000000000e+04
2.201300000000000000e+04
2.203600000000000000e+04
2.203800000000000000e+04
2.209000000000000000e+04
2.209400000000000000e+04
2.223600000000000000e+04
2.228200000000000000e+04
2.228300000000000000e+04
2.228500000000000000e+04
2.228600000000000000e+04
2.229300000000000000e+04
2.230400000000000000e+04
2.238900000000000000e+04
2.239200000000000000e+04
2.240200000000000000e+04
2.245800000000000000e+04
2.251300000000000000e+04
2.264300000000000000e+04
2.265400000000000000e+04
2.272100000000000000e+04
2.277100000000000000e+04
2.288700000000000000e+04
2.289400000000000000e+04
2.292800000000000000e+04
2.300700000000000000e+04
2.301800000000000000e+04
2.316900000000000000e+04
2.341500000000000000e+04
2.343400000000000000e+04
2.347200000000000000e+04
2.349100000000000000e+04
2.360100000000000000e+04
2.361200000000000000e+04
2.361300000000000000e+04
2.362000000000000000e+04
2.363600000000000000e+04
2.373600000000000000e+04
2.382300000000000000e+04
2.398600000000000000e+04
2.406900000000000000e+04
2.418500000000000000e+04
2.424500000000000000e+04
2.432300000000000000e+04
2.436900000000000000e+04
2.452000000000000000e+04
2.456000000000000000e+04
2.459200000000000000e+04
2.465500000000000000e+04
2.474900000000000000e+04
2.476300000000000000e+04
2.492600000000000000e+04
2.495200000000000000e+04
2.502000000000000000e+04
2.516700000000000000e+04
2.521500000000000000e+04
2.543800000000000000e+04
2.552400000000000000e+04
2.553400000000000000e+04
2.572100000000000000e+04
2.575200000000000000e+04
2.577400000000000000e+04
2.598100000000000000e+04
2.602500000000000000e+04
2.610700000000000000e+04
2.614200000000000000e+04
2.615900000000000000e+04
2.618200000000000000e+04
2.650600000000000000e+04
2.669600000000000000e+04
2.672800000000000000e+04
2.675000000000000000e+04
2.682000000000000000e+04
2.682400000000000000e+04
2.695900000000000000e+04
2.710300000000000000e+04
2.721800000000000000e+04
2.734100000000000000e+04
2.737000000000000000e+04
2.739900000000000000e+04
2.753000000000000000e+04
2.754500000000000000e+04
2.777000000000000000e+04
2.777100000000000000e+04
2.779000000000000000e+04
2.779200000000000000e+04
2.791900000000000000e+04
2.795000000000000000e+04
2.795300000000000000e+04
2.796300000000000000e+04
2.806300000000000000e+04
2.808200000000000000e+04
2.823100000000000000e+04
2.832400000000000000e+04
2.835600000000000000e+04
2.840000000000000000e+04
2.846000000000000000e+04
2.864200000000000000e+04
2.870500000000000000e+04
2.877900000000000000e+04
2.880400000000000000e+04
2.894600000000000000e+04
2.898500000000000000e+04
2.903200000000000000e+04
2.904000000000000000e+04
2.909300000000000000e+04
2.920100000000000000e+04
2.921200000000000000e+04
2.929900000000000000e+04
2.939200000000000000e+04
2.958200000000000000e+04
2.963100000000000000e+04
2.970000000000000000e+04
2.971700000000000000e+04
2.984700000000000000e+04
2.988000000000000000e+04
3.013300000000000000e+04
3.013900000000000000e+04
3.026200000000000000e+04
3.031000000000000000e+04
3.043600000000000000e+04
3.054600000000000000e+04
3.068200000000000000e+04
3.070000000000000000e+04
3.072600000000000000e+04
3.073200000000000000e+04
3.074100000000000000e+04
3.075100000000000000e+04
3.103200000000000000e+04
3.103300000000000000e+04
3.106200000000000000e+04
3.121000000000000000e+04
3.124300000000000000e+04
3.137300000000000000e+04
3.150800000000000000e+04
3.155600000000000000e+04
3.155800000000000000e+04
3.178300000000000000e+04
3.178500000000000000e+04
3.182500000000000000e+04
3.216100000000000000e+04
3.235000000000000000e+04
3.237100000000000000e+04
3.237200000000000000e+04
3.241300000000000000e+04
3.244600000000000000e+04
3.250900000000000000e+04
3.253600000000000000e+04
3.254200000000000000e+04
3.255300000000000000e+04
3.262500000000000000e+04
3.271100000000000000e+04
3.292000000000000000e+04
3.302900000000000000e+04
3.303000000000000000e+04
3.330300000000000000e+04
3.334400000000000000e+04
3.353500000000000000e+04
3.357800000000000000e+04
3.362500000000000000e+04
3.363100000000000000e+04
3.382300000000000000e+04
3.401100000000000000e+04
3.406400000000000000e+04
3.417600000000000000e+04
3.420600000000000000e+04
3.454400000000000000e+04
3.457700000000000000e+04
3.457900000000000000e+04
3.461300000000000000e+04
3.461400000000000000e+04
3.484600000000000000e+04
3.485700000000000000e+04
3.491600000000000000e+04
3.492700000000000000e+04
3.528600000000000000e+04
3.542500000000000000e+04
3.543600000000000000e+04
3.552200000000000000e+04
3.560000000000000000e+04
3.564700000000000000e+04
3.576000000000000000e+04
3.583600000000000000e+04
3.604500000000000000e+04
3.625000000000000000e+04
3.631800000000000000e+04
3.635300000000000000e+04
3.637000000000000000e+04
3.642300000000000000e+04
3.655600000000000000e+04
3.661300000000000000e+04
3.666900000000000000e+04
3.671300000000000000e+04
3.682700000000000000e+04
3.685700000000000000e+04
3.693300000000000000e+04
3.729300000000000000e+04
3.745500000000000000e+04
3.789000000000000000e+04
3.790800000000000000e+04
3.797600000000000000e+04
3.799400000000000000e+04
3.809100000000000000e+04
3.825000000000000000e+04
3.825200000000000000e+04
3.830400000000000000e+04
3.843700000000000000e+04
3.855900000000000000e+04
3.858000000000000000e+04
3.872100000000000000e+04
3.877800000000000000e+04
3.896600000000000000e+04
3.916300000000000000e+04
3.920500000000000000e+04
3.942600000000000000e+04
3.943700000000000000e+04
3.946600000000000000e+04
4.006100000000000000e+04
4.011800000000000000e+04
4.027500000000000000e+04
4.027600000000000000e+04
4.028700000000000000e+04
4.036900000000000000e+04
4.038600000000000000e+04
4.050800000000000000e+04
4.067200000000000000e+04
4.099600000000000000e+04
4.109100000000000000e+04
4.120100000000000000e+04
4.120300000000000000e+04
4.146300000000000000e+04
4.174000000000000000e+04
4.188600000000000000e+04
4.198400000000000000e+04
4.202100000000000000e+04
4.208100000000000000e+04
4.210000000000000000e+04
4.223400000000000000e+04
4.258700000000000000e+04
4.260400000000000000e+04
4.283600000000000000e+04
4.290800000000000000e+04
4.297100000000000000e+04
4.319000000000000000e+04
4.331800000000000000e+04
4.333800000000000000e+04
4.349100000000000000e+04
4.352300000000000000e+04
4.352600000000000000e+04
4.354800000000000000e+04
4.360700000000000000e+04
4.365200000000000000e+04
4.377600000000000000e+04
4.378800000000000000e+04
4.381200000000000000e+04
4.408900000000000000e+04
4.410400000000000000e+04
4.415500000000000000e+04
4.428100000000000000e+04
4.428300000000000000e+04
4.428400000000000000e+04
4.428900000000000000e+04
4.429000000000000000e+04
4.429600000000000000e+04
4.429700000000000000e+04
4.436500000000000000e+04
4.436800000000000000e+04
4.437100000000000000e+04
4.439800000000000000e+04
4.459300000000000000e+04
4.459800000000000000e+04
4.487200000000000000e+04
4.508800000000000000e+04
4.514600000000000000e+04
4.549200000000000000e+04
4.591800000000000000e+04
4.599200000000000000e+04
4.617100000000000000e+04
4.624400000000000000e+04
4.630500000000000000e+04
4.652000000000000000e+04
4.662300000000000000e+04
4.665300000000000000e+04
4.693900000000000000e+04
4.703000000000000000e+04
4.712300000000000000e+04
4.747100000000000000e+04
4.750300000000000000e+04
4.752100000000000000e+04
4.780800000000000000e+04
4.793500000000000000e+04
4.799500000000000000e+04
4.813000000000000000e+04
4.827500000000000000e+04
4.837800000000000000e+04
4.838100000000000000e+04
4.840200000000000000e+04
4.848200000000000000e+04
4.860200000000000000e+04
4.861900000000000000e+04
4.863100000000000000e+04
4.864700000000000000e+04
4.872600000000000000e+04
4.892300000000000000e+04
4.894200000000000000e+04
4.897400000000000000e+04
4.905000000000000000e+04
4.926600000000000000e+04
4.939800000000000000e+04
4.946200000000000000e+04
4.969100000000000000e+04
4.972200000000000000e+04
4.977700000000000000e+04
4.978100000000000000e+04
4.985800000000000000e+04
4.995900000000000000e+04
5.006900000000000000e+04
5.014200000000000000e+04
5.020000000000000000e+04
5.027000000000000000e+04
5.033900000000000000e+04
5.047500000000000000e+04
5.049000000000000000e+04
5.054800000000000000e+04
5.065900000000000000e+04
5.070400000000000000e+04
5.071900000000000000e+04
5.092300000000000000e+04
5.107600000000000000e+04
5.108000000000000000e+04
5.113200000000000000e+04
5.113700000000000000e+04
5.133700000000000000e+04
5.144900000000000000e+04
5.147500000000000000e+04
5.150800000000000000e+04
5.151000000000000000e+04
5.157400000000000000e+04
5.159400000000000000e+04
5.182000000000000000e+04
5.187700000000000000e+04
5.198300000000000000e+04
5.247600000000000000e+04
5.269100000000000000e+04
5.301700000000000000e+04
5.308000000000000000e+04
5.317600000000000000e+04
5.332600000000000000e+04
5.339000000000000000e+04
5.341700000000000000e+04
5.363400000000000000e+04
5.366500000000000000e+04
5.366900000000000000e+04
5.371200000000000000e+04
5.373900000000000000e+04
5.398400000000000000e+04
5.406800000000000000e+04
5.408300000000000000e+04
5.412100000000000000e+04
5.413400000000000000e+04
5.418400000000000000e+04
5.419300000000000000e+04
5.420100000000000000e+04
5.426200000000000000e+04
5.427200000000000000e+04
5.431800000000000000e+04
5.432700000000000000e+04
5.447700000000000000e+04
5.449900000000000000e+04
5.460300000000000000e+04
5.465700000000000000e+04
5.466500000000000000e+04
5.471600000000000000e+04
5.485900000000000000e+04
5.486500000000000000e+04
5.492600000000000000e+04
5.495300000000000000e+04
5.510800000000000000e+04
5.524800000000000000e+04
5.534400000000000000e+04
5.552000000000000000e+04
5.616800000000000000e+04
5.628700000000000000e+04
5.629300000000000000e+04
5.641200000000000000e+04
5.653900000000000000e+04
5.667600000000000000e+04
5.678200000000000000e+04
5.685200000000000000e+04
5.687000000000000000e+04
5.689300000000000000e+04
5.696200000000000000e+04
5.711500000000000000e+04
5.737300000000000000e+04
5.747900000000000000e+04
5.755200000000000000e+04
5.775900000000000000e+04
5.778000000000000000e+04
5.783400000000000000e+04
5.802200000000000000e+04
5.809300000000000000e+04
5.812800000000000000e+04
5.826300000000000000e+04
5.830900000000000000e+04
5.836000000000000000e+04
5.842400000000000000e+04
5.843000000000000000e+04
5.843300000000000000e+04
5.863600000000000000e+04
5.881800000000000000e+04
5.885700000000000000e+04
5.916100000000000000e+04
5.916200000000000000e+04
5.918800000000000000e+04
5.926500000000000000e+04
5.940400000000000000e+04
5.943200000000000000e+04
5.959700000000000000e+04
5.962500000000000000e+04
5.969700000000000000e+04
5.979000000000000000e+04
5.980800000000000000e+04
5.981700000000000000e+04
6.003900000000000000e+04
6.022700000000000000e+04
6.041700000000000000e+04
6.073800000000000000e+04
6.089300000000000000e+04
6.136000000000000000e+04
6.151900000000000000e+04
6.164600000000000000e+04
6.165600000000000000e+04
6.222600000000000000e+04
6.227800000000000000e+04
6.229300000000000000e+04
6.241500000000000000e+04
6.243200000000000000e+04
6.251300000000000000e+04
6.262300000000000000e+04
6.263600000000000000e+04
6.265000000000000000e+04
6.271300000000000000e+04
6.288100000000000000e+04
6.300900000000000000e+04
6.313300000000000000e+04
6.313400000000000000e+04
6.318400000000000000e+04
6.362900000000000000e+04
6.363000000000000000e+04
6.367100000000000000e+04
6.399800000000000000e+04
6.410300000000000000e+04
6.415900000000000000e+04
6.426200000000000000e+04
6.442300000000000000e+04
6.451400000000000000e+04
6.457300000000000000e+04
6.460500000000000000e+04
6.464500000000000000e+04
6.464600000000000000e+04
6.487400000000000000e+04
6.500700000000000000e+04
6.512900000000000000e+04
6.522400000000000000e+04
6.522600000000000000e+04
6.538300000000000000e+04
6.556600000000000000e+04
6.556800000000000000e+04
6.563600000000000000e+04
6.575400000000000000e+04
6.587600000000000000e+04
6.588300000000000000e+04
6.603700000000000000e+04
6.606100000000000000e+04
6.607900000000000000e+04
6.613500000000000000e+04
6.613900000000000000e+04
6.621700000000000000e+04
6.623800000000000000e+04
6.626000000000000000e+04
6.639400000000000000e+04
6.651100000000000000e+04
6.651300000000000000e+04
6.652100000000000000e+04
6.694400000000000000e+04
6.702200000000000000e+04
6.707400000000000000e+04
6.707500000000000000e+04
6.708400000000000000e+04
6.715100000000000000e+04
6.719000000000000000e+04
6.720000000000000000e+04
6.728100000000000000e+04
6.758000000000000000e+04
6.763000000000000000e+04
6.784300000000000000e+04
6.787000000000000000e+04
6.805200000000000000e+04
6.823400000000000000e+04
6.824900000000000000e+04
6.828400000000000000e+04
6.834000000000000000e+04
6.837600000000000000e+04
6.849700000000000000e+04
6.853400000000000000e+04
6.858800000000000000e+04
6.861900000000000000e+04
6.871900000000000000e+04
6.873400000000000000e+04
6.882100000000000000e+04
6.893300000000000000e+04
6.894300000000000000e+04
6.897400000000000000e+04
6.898400000000000000e+04
6.901200000000000000e+04
6.905500000000000000e+04
6.933600000000000000e+04
6.945900000000000000e+04
6.946400000000000000e+04
6.957400000000000000e+04
6.967500000000000000e+04
6.977600000000000000e+04
6.979200000000000000e+04
6.986600000000000000e+04
6.987600000000000000e+04
6.996100000000000000e+04
7.005300000000000000e+04
7.009200000000000000e+04
7.013700000000000000e+04
7.028000000000000000e+04
7.050200000000000000e+04
7.050900000000000000e+04
7.053100000000000000e+04
7.054500000000000000e+04
7.057300000000000000e+04
7.069300000000000000e+04
7.083400000000000000e+04
7.087800000000000000e+04
7.156400000000000000e+04
7.165500000000000000e+04
7.220700000000000000e+04
7.225300000000000000e+04
7.252000000000000000e+04
7.252100000000000000e+04
7.253100000000000000e+04
7.253200000000000000e+04
7.259600000000000000e+04
7.264500000000000000e+04
7.270200000000000000e+04
7.295100000000000000e+04
7.301500000000000000e+04
7.360800000000000000e+04
7.365400000000000000e+04
7.367800000000000000e+04
7.382500000000000000e+04
7.435400000000000000e+04
7.463600000000000000e+04
7.468800000000000000e+04
7.484400000000000000e+04
7.498800000000000000e+04
7.521500000000000000e+04
7.534000000000000000e+04
7.543100000000000000e+04
7.556100000000000000e+04
7.569800000000000000e+04
7.595700000000000000e+04
7.633400000000000000e+04
7.653600000000000000e+04
7.653700000000000000e+04
7.660900000000000000e+04
7.689400000000000000e+04
7.689500000000000000e+04
7.706100000000000000e+04
7.715500000000000000e+04
7.721300000000000000e+04
7.733100000000000000e+04
7.751500000000000000e+04
7.762300000000000000e+04
7.764200000000000000e+04
7.767200000000000000e+04
7.773300000000000000e+04
7.781200000000000000e+04
7.784600000000000000e+04
7.787800000000000000e+04
7.801200000000000000e+04
7.802100000000000000e+04
7.805300000000000000e+04
7.805900000000000000e+04
7.823600000000000000e+04
7.828800000000000000e+04
7.833900000000000000e+04
7.842900000000000000e+04
7.851000000000000000e+04
7.866000000000000000e+04
7.916600000000000000e+04
7.931700000000000000e+04
7.966300000000000000e+04
7.984600000000000000e+04
7.985200000000000000e+04
7.987100000000000000e+04
7.993600000000000000e+04
8.006800000000000000e+04
8.019400000000000000e+04
8.024100000000000000e+04
8.031400000000000000e+04
8.032300000000000000e+04
8.060400000000000000e+04
8.081700000000000000e+04
8.094600000000000000e+04
8.112100000000000000e+04
8.128600000000000000e+04
8.142300000000000000e+04
8.152000000000000000e+04
8.165100000000000000e+04
8.187500000000000000e+04
8.202800000000000000e+04
8.221200000000000000e+04
8.222700000000000000e+04
8.237700000000000000e+04
8.252000000000000000e+04
8.267200000000000000e+04
8.273100000000000000e+04
8.280000000000000000e+04
8.281500000000000000e+04
8.283400000000000000e+04
8.290000000000000000e+04
8.332500000000000000e+04
8.332600000000000000e+04
8.386300000000000000e+04
8.388200000000000000e+04
8.388800000000000000e+04
8.394000000000000000e+04
8.395400000000000000e+04
8.403900000000000000e+04
8.404000000000000000e+04
8.411000000000000000e+04
8.418500000000000000e+04
8.430700000000000000e+04
8.430900000000000000e+04
8.444000000000000000e+04
8.445500000000000000e+04
8.457900000000000000e+04
8.472200000000000000e+04
8.479800000000000000e+04
8.490800000000000000e+04
8.492600000000000000e+04
8.499900000000000000e+04
8.501200000000000000e+04
8.501300000000000000e+04
8.516500000000000000e+04
8.526500000000000000e+04
8.527000000000000000e+04
8.544000000000000000e+04
8.546500000000000000e+04
8.581900000000000000e+04
8.599500000000000000e+04
8.617300000000000000e+04
8.627300000000000000e+04
8.654700000000000000e+04
8.655100000000000000e+04
8.655900000000000000e+04
8.666800000000000000e+04
8.667900000000000000e+04
8.668200000000000000e+04
8.672400000000000000e+04
8.675800000000000000e+04
8.676000000000000000e+04
8.689400000000000000e+04
