2.000000000000000000e+00
1.000000000000000000e+01
4.300000000000000000e+01
4.500000000000000000e+01
1.190000000000000000e+02
1.260000000000000000e+02
1.830000000000000000e+02
1.900000000000000000e+02
2.130000000000000000e+02
2.370000000000000000e+02
2.530000000000000000e+02
2.730000000000000000e+02
2.810000000000000000e+02
2.930000000000000000e+02
2.940000000000000000e+02
2.990000000000000000e+02
3.120000000000000000e+02
3.190000000000000000e+02
3.460000000000000000e+02
3.560000000000000000e+02
3.590000000000000000e+02
3.680000000000000000e+02
3.880000000000000000e+02
4.250000000000000000e+02
4.330000000000000000e+02
4.790000000000000000e+02
4.850000000000000000e+02
4.970000000000000000e+02
5.070000000000000000e+02
5.100000000000000000e+02
5.160000000000000000e+02
5.320000000000000000e+02
5.580000000000000000e+02
5.610000000000000000e+02
5.720000000000000000e+02
5.770000000000000000e+02
5.790000000000000000e+02
5.840000000000000000e+02
5.860000000000000000e+02
5.970000000000000000e+02
6.380000000000000000e+02
6.500000000000000000e+02
6.520000000000000000e+02
6.650000000000000000e+02
7.160000000000000000e+02
7.220000000000000000e+02
7.250000000000000000e+02
7.310000000000000000e+02
7.330000000000000000e+02
7.710000000000000000e+02
7.750000000000000000e+02
7.880000000000000000e+02
8.170000000000000000e+02
8.250000000000000000e+02
8.410000000000000000e+02
8.450000000000000000e+02
8.520000000000000000e+02
8.820000000000000000e+02
8.850000000000000000e+02
8.860000000000000000e+02
8.880000000000000000e+02
8.920000000000000000e+02
8.950000000000000000e+02
9.000000000000000000e+02
9.220000000000000000e+02
9.320000000000000000e+02
9.420000000000000000e+02
9.440000000000000000e+02
9.720000000000000000e+02
9.850000000000000000e+02
9.880000000000000000e+02
9.940000000000000000e+02
1.006000000000000000e+03
1.011000000000000000e+03
1.012000000000000000e+03
1.015000000000000000e+03
1.038000000000000000e+03
1.106000000000000000e+03
1.113000000000000000e+03
1.124000000000000000e+03
1.149000000000000000e+03
1.185000000000000000e+03
1.287000000000000000e+03
1.294000000000000000e+03
1.340000000000000000e+03
1.349000000000000000e+03
1.358000000000000000e+03
1.367000000000000000e+03
1.376000000000000000e+03
1.412000000000000000e+03
1.434000000000000000e+03
1.449000000000000000e+03
1.450000000000000000e+03
1.478000000000000000e+03
1.483000000000000000e+03
1.484000000000000000e+03
1.485000000000000000e+03
1.503000000000000000e+03
1.542000000000000000e+03
1.564000000000000000e+03
1.581000000000000000e+03
1.668000000000000000e+03
1.679000000000000000e+03
1.680000000000000000e+03
1.700000000000000000e+03
1.710000000000000000e+03
1.724000000000000000e+03
1.747000000000000000e+03
1.753000000000000000e+03
1.755000000000000000e+03
1.767000000000000000e+03
1.773000000000000000e+03
1.816000000000000000e+03
1.849000000000000000e+03
1.852000000000000000e+03
1.855000000000000000e+03
1.869000000000000000e+03
1.885000000000000000e+03
1.910000000000000000e+03
1.924000000000000000e+03
1.925000000000000000e+03
1.965000000000000000e+03
2.007000000000000000e+03
2.023000000000000000e+03
2.081000000000000000e+03
2.085000000000000000e+03
2.086000000000000000e+03
2.105000000000000000e+03
2.108000000000000000e+03
2.125000000000000000e+03
2.161000000000000000e+03
2.162000000000000000e+03
2.163000000000000000e+03
2.165000000000000000e+03
2.169000000000000000e+03
2.173000000000000000e+03
2.177000000000000000e+03
2.181000000000000000e+03
2.184000000000000000e+03
2.196000000000000000e+03
2.201000000000000000e+03
2.231000000000000000e+03
2.239000000000000000e+03
2.251000000000000000e+03
2.252000000000000000e+03
2.256000000000000000e+03
2.290000000000000000e+03
2.302000000000000000e+03
2.321000000000000000e+03
2.351000000000000000e+03
2.361000000000000000e+03
2.390000000000000000e+03
2.392000000000000000e+03
2.405000000000000000e+03
2.407000000000000000e+03
2.428000000000000000e+03
2.433000000000000000e+03
2.436000000000000000e+03
2.437000000000000000e+03
2.448000000000000000e+03
2.453000000000000000e+03
2.458000000000000000e+03
2.486000000000000000e+03
2.538000000000000000e+03
2.574000000000000000e+03
2.584000000000000000e+03
2.610000000000000000e+03
2.618000000000000000e+03
2.641000000000000000e+03
2.650000000000000000e+03
2.651000000000000000e+03
2.654000000000000000e+03
2.658000000000000000e+03
2.661000000000000000e+03
2.695000000000000000e+03
2.698000000000000000e+03
2.721000000000000000e+03
2.740000000000000000e+03
2.778000000000000000e+03
2.800000000000000000e+03
2.805000000000000000e+03
2.813000000000000000e+03
2.823000000000000000e+03
2.827000000000000000e+03
2.866000000000000000e+03
2.903000000000000000e+03
2.952000000000000000e+03
2.962000000000000000e+03
2.964000000000000000e+03
2.976000000000000000e+03
2.983000000000000000e+03
3.006000000000000000e+03
3.039000000000000000e+03
3.114000000000000000e+03
3.146000000000000000e+03
3.166000000000000000e+03
3.183000000000000000e+03
3.189000000000000000e+03
3.228000000000000000e+03
3.229000000000000000e+03
3.234000000000000000e+03
3.265000000000000000e+03
3.269000000000000000e+03
3.274000000000000000e+03
3.302000000000000000e+03
3.311000000000000000e+03
3.321000000000000000e+03
3.332000000000000000e+03
3.336000000000000000e+03
3.355000000000000000e+03
3.372000000000000000e+03
3.387000000000000000e+03
3.398000000000000000e+03
3.409000000000000000e+03
3.471000000000000000e+03
3.495000000000000000e+03
3.519000000000000000e+03
3.521000000000000000e+03
3.578000000000000000e+03
3.637000000000000000e+03
3.638000000000000000e+03
3.661000000000000000e+03
3.670000000000000000e+03
3.687000000000000000e+03
3.694000000000000000e+03
3.695000000000000000e+03
3.715000000000000000e+03
3.731000000000000000e+03
3.736000000000000000e+03
3.765000000000000000e+03
3.771000000000000000e+03
3.787000000000000000e+03
3.842000000000000000e+03
3.875000000000000000e+03
3.896000000000000000e+03
3.912000000000000000e+03
3.916000000000000000e+03
3.933000000000000000e+03
3.967000000000000000e+03
3.970000000000000000e+03
3.982000000000000000e+03
4.002000000000000000e+03
4.010000000000000000e+03
4.023000000000000000e+03
4.065000000000000000e+03
4.071000000000000000e+03
4.077000000000000000e+03
4.135000000000000000e+03
4.170000000000000000e+03
4.178000000000000000e+03
4.179000000000000000e+03
4.197000000000000000e+03
4.226000000000000000e+03
4.229000000000000000e+03
4.250000000000000000e+03
4.257000000000000000e+03
4.260000000000000000e+03
4.276000000000000000e+03
4.278000000000000000e+03
4.279000000000000000e+03
4.345000000000000000e+03
4.356000000000000000e+03
4.461000000000000000e+03
4.530000000000000000e+03
4.583000000000000000e+03
4.597000000000000000e+03
4.602000000000000000e+03
4.606000000000000000e+03
4.643000000000000000e+03
4.741000000000000000e+03
4.742000000000000000e+03
4.762000000000000000e+03
4.771000000000000000e+03
4.784000000000000000e+03
4.785000000000000000e+03
4.793000000000000000e+03
4.794000000000000000e+03
4.855000000000000000e+03
4.919000000000000000e+03
4.947000000000000000e+03
4.966000000000000000e+03
5.022000000000000000e+03
5.028000000000000000e+03
5.051000000000000000e+03
5.070000000000000000e+03
5.073000000000000000e+03
5.121000000000000000e+03
5.122000000000000000e+03
5.135000000000000000e+03
5.141000000000000000e+03
5.175000000000000000e+03
5.188000000000000000e+03
5.291000000000000000e+03
5.296000000000000000e+03
5.298000000000000000e+03
5.345000000000000000e+03
5.367000000000000000e+03
5.422000000000000000e+03
5.434000000000000000e+03
5.474000000000000000e+03
5.489000000000000000e+03
5.560000000000000000e+03
5.575000000000000000e+03
5.598000000000000000e+03
5.669000000000000000e+03
5.716000000000000000e+03
5.762000000000000000e+03
5.763000000000000000e+03
5.791000000000000000e+03
5.888000000000000000e+03
5.895000000000000000e+03
5.904000000000000000e+03
5.905000000000000000e+03
5.960000000000000000e+03
5.996000000000000000e+03
6.115000000000000000e+03
6.257000000000000000e+03
6.282000000000000000e+03
6.287000000000000000e+03
6.288000000000000000e+03
6.296000000000000000e+03
6.301000000000000000e+03
6.309000000000000000e+03
6.403000000000000000e+03
6.404000000000000000e+03
6.405000000000000000e+03
6.432000000000000000e+03
6.449000000000000000e+03
6.596000000000000000e+03
6.611000000000000000e+03
6.669000000000000000e+03
6.685000000000000000e+03
6.689000000000000000e+03
6.713000000000000000e+03
6.738000000000000000e+03
6.771000000000000000e+03
6.773000000000000000e+03
6.804000000000000000e+03
6.854000000000000000e+03
6.956000000000000000e+03
7.020000000000000000e+03
7.024000000000000000e+03
7.025000000000000000e+03
7.043000000000000000e+03
7.047000000000000000e+03
7.082000000000000000e+03
7.087000000000000000e+03
7.128000000000000000e+03
7.160000000000000000e+03
7.313000000000000000e+03
7.364000000000000000e+03
7.371000000000000000e+03
7.452000000000000000e+03
7.493000000000000000e+03
7.507000000000000000e+03
7.509000000000000000e+03
7.511000000000000000e+03
7.535000000000000000e+03
7.538000000000000000e+03
7.546000000000000000e+03
7.548000000000000000e+03
7.591000000000000000e+03
7.615000000000000000e+03
7.619000000000000000e+03
7.671000000000000000e+03
7.731000000000000000e+03
7.740000000000000000e+03
7.781000000000000000e+03
7.840000000000000000e+03
7.884000000000000000e+03
7.940000000000000000e+03
8.023000000000000000e+03
8.042000000000000000e+03
8.215000000000000000e+03
8.217000000000000000e+03
8.223000000000000000e+03
8.225000000000000000e+03
8.267000000000000000e+03
8.285000000000000000e+03
8.293000000000000000e+03
8.304000000000000000e+03
8.307000000000000000e+03
8.337000000000000000e+03
8.394000000000000000e+03
8.427000000000000000e+03
8.464000000000000000e+03
8.467000000000000000e+03
8.520000000000000000e+03
8.525000000000000000e+03
8.533000000000000000e+03
8.579000000000000000e+03
8.580000000000000000e+03
8.744000000000000000e+03
8.755000000000000000e+03
8.775000000000000000e+03
8.778000000000000000e+03
8.847000000000000000e+03
8.920000000000000000e+03
8.967000000000000000e+03
9.055000000000000000e+03
9.066000000000000000e+03
9.091000000000000000e+03
9.106000000000000000e+03
9.172000000000000000e+03
9.225000000000000000e+03
9.227000000000000000e+03
9.256000000000000000e+03
9.422000000000000000e+03
9.437000000000000000e+03
9.517000000000000000e+03
9.599000000000000000e+03
9.711000000000000000e+03
9.742000000000000000e+03
9.892000000000000000e+03
9.926000000000000000e+03
9.945000000000000000e+03
9.993000000000000000e+03
1.002200000000000000e+04
1.010800000000000000e+04
1.015500000000000000e+04
1.015800000000000000e+04
1.016600000000000000e+04
1.018200000000000000e+04
1.019100000000000000e+04
1.020200000000000000e+04
1.021100000000000000e+04
1.029900000000000000e+04
1.030800000000000000e+04
1.038200000000000000e+04
1.040900000000000000e+04
1.045600000000000000e+04
1.045900000000000000e+04
1.047200000000000000e+04
1.058900000000000000e+04
1.060100000000000000e+04
1.064200000000000000e+04
1.096400000000000000e+04
1.107600000000000000e+04
1.132900000000000000e+04
1.133000000000000000e+04
1.133200000000000000e+04
1.135400000000000000e+04
1.139100000000000000e+04
1.140600000000000000e+04
1.143900000000000000e+04
1.147400000000000000e+04
1.151600000000000000e+04
1.153700000000000000e+04
1.155300000000000000e+04
1.158300000000000000e+04
1.171800000000000000e+04
1.173300000000000000e+04
1.178400000000000000e+04
1.186500000000000000e+04
1.187100000000000000e+04
1.197100000000000000e+04
1.197700000000000000e+04
1.199200000000000000e+04
1.200000000000000000e+04
1.200300000000000000e+04
1.203300000000000000e+04
1.206700000000000000e+04
1.206800000000000000e+04
1.208500000000000000e+04
1.214200000000000000e+04
1.214600000000000000e+04
1.223300000000000000e+04
1.225900000000000000e+04
1.226000000000000000e+04
1.226100000000000000e+04
1.227200000000000000e+04
1.249500000000000000e+04
1.257100000000000000e+04
1.257400000000000000e+04
1.261400000000000000e+04
1.266900000000000000e+04
1.269000000000000000e+04
1.271800000000000000e+04
1.278600000000000000e+04
1.282400000000000000e+04
1.293200000000000000e+04
1.295600000000000000e+04
1.302600000000000000e+04
1.329500000000000000e+04
1.332900000000000000e+04
1.334300000000000000e+04
1.335000000000000000e+04
1.336000000000000000e+04
1.336100000000000000e+04
1.337500000000000000e+04
1.348700000000000000e+04
1.351000000000000000e+04
1.354700000000000000e+04
1.365200000000000000e+04
1.370000000000000000e+04
1.378300000000000000e+04
1.379000000000000000e+04
1.381200000000000000e+04
1.384000000000000000e+04
1.391500000000000000e+04
1.415300000000000000e+04
1.416200000000000000e+04
1.437600000000000000e+04
1.442700000000000000e+04
1.443200000000000000e+04
1.443700000000000000e+04
1.455200000000000000e+04
1.456900000000000000e+04
1.465500000000000000e+04
1.465600000000000000e+04
1.469500000000000000e+04
1.474600000000000000e+04
1.477600000000000000e+04
1.478100000000000000e+04
1.490200000000000000e+04
1.492500000000000000e+04
1.496900000000000000e+04
1.506900000000000000e+04
1.508700000000000000e+04
1.513700000000000000e+04
1.516000000000000000e+04
1.516100000000000000e+04
1.518100000000000000e+04
1.526200000000000000e+04
1.533800000000000000e+04
1.539500000000000000e+04
1.540900000000000000e+04
1.544400000000000000e+04
1.549600000000000000e+04
1.567400000000000000e+04
1.572300000000000000e+04
1.574000000000000000e+04
1.576600000000000000e+04
1.579600000000000000e+04
1.581500000000000000e+04
1.582100000000000000e+04
1.583300000000000000e+04
1.584600000000000000e+04
1.589700000000000000e+04
1.607300000000000000e+04
1.609400000000000000e+04
1.611100000000000000e+04
1.617000000000000000e+04
1.618100000000000000e+04
1.618200000000000000e+04
1.630600000000000000e+04
1.632300000000000000e+04
1.633600000000000000e+04
1.633900000000000000e+04
1.635000000000000000e+04
1.650600000000000000e+04
1.657700000000000000e+04
1.657900000000000000e+04
1.661400000000000000e+04
1.662500000000000000e+04
1.676300000000000000e+04
1.681400000000000000e+04
1.681700000000000000e+04
1.687200000000000000e+04
1.693500000000000000e+04
1.712300000000000000e+04
1.715000000000000000e+04
1.723800000000000000e+04
1.726400000000000000e+04
1.739700000000000000e+04
1.746100000000000000e+04
1.755500000000000000e+04
1.759100000000000000e+04
1.759800000000000000e+04
1.763600000000000000e+04
1.779900000000000000e+04
1.780900000000000000e+04
1.785000000000000000e+04
1.785500000000000000e+04
1.788200000000000000e+04
1.806900000000000000e+04
1.814700000000000000e+04
1.816100000000000000e+04
1.832300000000000000e+04
1.835900000000000000e+04
1.839100000000000000e+04
1.842400000000000000e+04
1.850400000000000000e+04
1.871700000000000000e+04
1.872300000000000000e+04
1.874800000000000000e+04
1.876300000000000000e+04
1.881500000000000000e+04
1.894800000000000000e+04
1.895500000000000000e+04
1.896200000000000000e+04
1.896900000000000000e+04
1.898300000000000000e+04
1.911000000000000000e+04
1.918600000000000000e+04
1.920500000000000000e+04
1.921100000000000000e+04
1.927900000000000000e+04
1.928800000000000000e+04
1.936800000000000000e+04
1.941900000000000000e+04
1.945100000000000000e+04
1.946000000000000000e+04
1.946900000000000000e+04
1.947900000000000000e+04
1.950600000000000000e+04
1.951800000000000000e+04
1.953100000000000000e+04
1.973300000000000000e+04
1.977800000000000000e+04
1.986800000000000000e+04
1.988100000000000000e+04
1.988300000000000000e+04
1.988600000000000000e+04
1.988700000000000000e+04
1.991800000000000000e+04
2.004300000000000000e+04
2.008100000000000000e+04
2.012600000000000000e+04
2.022700000000000000e+04
2.024800000000000000e+04
2.031500000000000000e+04
2.038100000000000000e+04
2.038800000000000000e+04
2.038900000000000000e+04
2.040500000000000000e+04
2.042100000000000000e+04
2.044300000000000000e+04
2.050000000000000000e+04
2.051500000000000000e+04
2.060700000000000000e+04
2.074400000000000000e+04
2.075800000000000000e+04
2.076800000000000000e+04
2.077000000000000000e+04
2.078400000000000000e+04
2.078800000000000000e+04
2.079100000000000000e+04
2.080400000000000000e+04
2.100600000000000000e+04
2.109000000000000000e+04
2.110400000000000000e+04
2.110800000000000000e+04
2.112800000000000000e+04
2.118300000000000000e+04
2.120800000000000000e+04
2.127800000000000000e+04
2.141500000000000000e+04
2.141700000000000000e+04
2.148600000000000000e+04
2.151900000000000000e+04
2.153800000000000000e+04
2.155300000000000000e+04
2.160200000000000000e+04
2.167700000000000000e+04
2.172000000000000000e+04
2.174300000000000000e+04
2.174600000000000000e+04
2.191400000000000000e+04
2.195700000000000000e+04
2.196100000000000000e+04
2.211200000000000000e+04
2.216600000000000000e+04
2.224400000000000000e+04
2.235900000000000000e+04
2.254500000000000000e+04
2.258500000000000000e+04
2.260400000000000000e+04
2.263100000000000000e+04
2.265700000000000000e+04
2.266100000000000000e+04
2.267700000000000000e+04
2.268000000000000000e+04
2.268500000000000000e+04
2.269100000000000000e+04
2.275700000000000000e+04
2.276200000000000000e+04
2.279100000000000000e+04
2.281700000000000000e+04
2.293100000000000000e+04
2.309200000000000000e+04
2.315900000000000000e+04
2.324300000000000000e+04
2.325500000000000000e+04
2.328100000000000000e+04
2.329600000000000000e+04
2.352000000000000000e+04
2.360600000000000000e+04
2.373800000000000000e+04
2.374900000000000000e+04
2.376500000000000000e+04
2.379500000000000000e+04
2.387100000000000000e+04
2.399300000000000000e+04
2.403100000000000000e+04
2.403500000000000000e+04
2.403700000000000000e+04
2.409000000000000000e+04
2.410800000000000000e+04
2.419400000000000000e+04
2.428700000000000000e+04
2.437100000000000000e+04
2.446400000000000000e+04
2.446500000000000000e+04
2.446600000000000000e+04
2.458200000000000000e+04
2.483100000000000000e+04
2.490000000000000000e+04
2.502300000000000000e+04
2.504800000000000000e+04
2.506800000000000000e+04
2.507800000000000000e+04
2.509800000000000000e+04
2.511100000000000000e+04
2.512600000000000000e+04
2.516900000000000000e+04
2.520100000000000000e+04
2.525400000000000000e+04
2.533500000000000000e+04
2.534200000000000000e+04
2.554300000000000000e+04
2.563500000000000000e+04
2.567900000000000000e+04
2.579600000000000000e+04
2.589300000000000000e+04
2.589600000000000000e+04
2.592400000000000000e+04
2.617300000000000000e+04
2.624100000000000000e+04
2.635400000000000000e+04
2.660300000000000000e+04
2.696800000000000000e+04
2.697100000000000000e+04
2.699400000000000000e+04
2.710600000000000000e+04
2.713800000000000000e+04
2.744500000000000000e+04
2.753500000000000000e+04
2.755900000000000000e+04
2.772300000000000000e+04
2.782900000000000000e+04
2.783700000000000000e+04
2.794700000000000000e+04
2.796000000000000000e+04
2.809900000000000000e+04
2.816800000000000000e+04
2.826400000000000000e+04
2.830900000000000000e+04
2.835800000000000000e+04
2.845100000000000000e+04
2.847800000000000000e+04
2.853000000000000000e+04
2.855600000000000000e+04
2.855700000000000000e+04
2.856300000000000000e+04
2.856600000000000000e+04
2.856800000000000000e+04
2.857600000000000000e+04
2.858100000000000000e+04
2.858200000000000000e+04
2.865300000000000000e+04
2.865900000000000000e+04
2.866200000000000000e+04
2.871100000000000000e+04
2.884000000000000000e+04
2.907600000000000000e+04
2.931600000000000000e+04
2.952800000000000000e+04
2.957100000000000000e+04
2.964300000000000000e+04
2.983800000000000000e+04
2.999700000000000000e+04
3.008400000000000000e+04
3.011900000000000000e+04
3.014900000000000000e+04
3.016500000000000000e+04
3.029400000000000000e+04
3.032000000000000000e+04
3.040500000000000000e+04
3.044500000000000000e+04
3.049300000000000000e+04
3.053700000000000000e+04
3.064700000000000000e+04
3.066100000000000000e+04
3.081300000000000000e+04
3.081600000000000000e+04
3.082100000000000000e+04
3.082900000000000000e+04
3.089400000000000000e+04
3.094100000000000000e+04
3.100500000000000000e+04
3.115900000000000000e+04
3.128300000000000000e+04
3.140500000000000000e+04
3.141200000000000000e+04
3.153000000000000000e+04
3.161500000000000000e+04
3.161900000000000000e+04
3.164600000000000000e+04
3.169100000000000000e+04
3.173100000000000000e+04
3.175200000000000000e+04
3.179200000000000000e+04
3.184600000000000000e+04
3.185700000000000000e+04
3.198200000000000000e+04
3.202500000000000000e+04
3.204000000000000000e+04
3.209100000000000000e+04
3.210500000000000000e+04
3.211800000000000000e+04
3.212700000000000000e+04
3.232800000000000000e+04
3.242200000000000000e+04
3.244900000000000000e+04
3.247400000000000000e+04
3.256000000000000000e+04
3.261600000000000000e+04
3.275100000000000000e+04
3.279300000000000000e+04
3.283700000000000000e+04
3.291000000000000000e+04
3.313400000000000000e+04
3.326800000000000000e+04
3.345300000000000000e+04
3.355600000000000000e+04
3.361800000000000000e+04
3.365300000000000000e+04
3.370900000000000000e+04
3.372400000000000000e+04
3.384400000000000000e+04
3.384500000000000000e+04
3.388000000000000000e+04
3.388200000000000000e+04
3.388700000000000000e+04
3.389400000000000000e+04
3.392500000000000000e+04
3.393400000000000000e+04
3.394900000000000000e+04
3.397000000000000000e+04
3.405100000000000000e+04
3.406900000000000000e+04
3.410400000000000000e+04
3.412000000000000000e+04
3.418100000000000000e+04
3.418200000000000000e+04
3.425000000000000000e+04
3.434500000000000000e+04
3.440600000000000000e+04
3.446200000000000000e+04
3.446500000000000000e+04
3.446800000000000000e+04
3.459800000000000000e+04
3.460800000000000000e+04
3.469200000000000000e+04
3.483000000000000000e+04
3.493400000000000000e+04
3.502300000000000000e+04
3.502600000000000000e+04
3.507400000000000000e+04
3.515000000000000000e+04
3.515500000000000000e+04
3.516200000000000000e+04
3.517600000000000000e+04
3.521800000000000000e+04
3.522600000000000000e+04
3.522700000000000000e+04
3.529200000000000000e+04
3.531200000000000000e+04
3.547000000000000000e+04
3.552500000000000000e+04
3.559000000000000000e+04
3.561300000000000000e+04
3.570700000000000000e+04
3.578800000000000000e+04
3.579300000000000000e+04
3.591100000000000000e+04
3.595400000000000000e+04
3.607700000000000000e+04
3.623300000000000000e+04
3.648700000000000000e+04
3.659000000000000000e+04
3.660100000000000000e+04
3.662100000000000000e+04
3.662800000000000000e+04
3.674400000000000000e+04
3.677900000000000000e+04
3.679900000000000000e+04
3.682800000000000000e+04
3.683500000000000000e+04
3.686200000000000000e+04
3.694400000000000000e+04
3.696800000000000000e+04
3.700900000000000000e+04
3.705100000000000000e+04
3.722000000000000000e+04
3.730100000000000000e+04
3.736000000000000000e+04
3.756100000000000000e+04
3.764700000000000000e+04
3.772900000000000000e+04
3.775600000000000000e+04
3.776500000000000000e+04
3.779500000000000000e+04
3.780500000000000000e+04
3.780700000000000000e+04
3.781700000000000000e+04
3.784900000000000000e+04
3.796600000000000000e+04
3.798500000000000000e+04
3.799200000000000000e+04
3.815300000000000000e+04
3.820600000000000000e+04
3.824600000000000000e+04
3.828400000000000000e+04
3.830500000000000000e+04
3.832200000000000000e+04
3.853200000000000000e+04
3.855600000000000000e+04
3.860800000000000000e+04
3.862600000000000000e+04
3.865200000000000000e+04
3.872200000000000000e+04
3.878300000000000000e+04
3.880300000000000000e+04
3.883400000000000000e+04
3.887900000000000000e+04
3.889400000000000000e+04
3.895900000000000000e+04
3.897800000000000000e+04
3.899200000000000000e+04
3.911400000000000000e+04
3.913800000000000000e+04
3.917100000000000000e+04
3.921400000000000000e+04
3.931800000000000000e+04
3.942700000000000000e+04
3.942900000000000000e+04
3.946000000000000000e+04
3.948900000000000000e+04
3.960000000000000000e+04
3.960100000000000000e+04
3.964400000000000000e+04
3.969200000000000000e+04
3.969800000000000000e+04
3.974200000000000000e+04
3.975800000000000000e+04
3.975900000000000000e+04
3.978900000000000000e+04
3.983100000000000000e+04
3.992100000000000000e+04
4.013200000000000000e+04
4.022500000000000000e+04
4.025200000000000000e+04
4.026800000000000000e+04
4.042400000000000000e+04
4.049900000000000000e+04
4.066000000000000000e+04
4.078500000000000000e+04
4.095500000000000000e+04
4.098800000000000000e+04
4.099800000000000000e+04
4.106700000000000000e+04
4.108000000000000000e+04
4.111500000000000000e+04
4.113000000000000000e+04
4.114800000000000000e+04
4.119700000000000000e+04
4.124100000000000000e+04
4.134100000000000000e+04
4.136800000000000000e+04
4.140200000000000000e+04
4.145200000000000000e+04
4.145400000000000000e+04
4.150800000000000000e+04
4.154900000000000000e+04
4.159100000000000000e+04
4.159400000000000000e+04
4.176700000000000000e+04
4.179000000000000000e+04
4.186200000000000000e+04
4.196900000000000000e+04
4.215800000000000000e+04
4.217700000000000000e+04
4.262100000000000000e+04
4.267600000000000000e+04
4.271200000000000000e+04
4.271800000000000000e+04
4.279500000000000000e+04
4.287700000000000000e+04
4.292100000000000000e+04
4.313900000000000000e+04
4.328800000000000000e+04
4.335900000000000000e+04
4.336500000000000000e+04
4.352900000000000000e+04
4.358000000000000000e+04
4.363100000000000000e+04
4.370700000000000000e+04
4.380600000000000000e+04
4.381700000000000000e+04
4.382500000000000000e+04
4.383000000000000000e+04
4.385400000000000000e+04
4.386600000000000000e+04
4.388500000000000000e+04
4.421300000000000000e+04
4.422800000000000000e+04
4.424700000000000000e+04
4.427800000000000000e+04
4.428500000000000000e+04
4.442600000000000000e+04
4.445600000000000000e+04
4.455800000000000000e+04
4.467100000000000000e+04
4.482100000000000000e+04
4.482400000000000000e+04
4.489200000000000000e+04
4.496100000000000000e+04
4.506500000000000000e+04
4.517400000000000000e+04
4.526800000000000000e+04
4.527200000000000000e+04
4.529100000000000000e+04
4.534400000000000000e+04
4.544300000000000000e+04
4.545100000000000000e+04
4.547500000000000000e+04
4.577900000000000000e+04
4.590600000000000000e+04
4.590800000000000000e+04
4.595600000000000000e+04
4.596000000000000000e+04
4.598900000000000000e+04
4.608000000000000000e+04
4.615500000000000000e+04
4.622600000000000000e+04
4.647600000000000000e+04
4.650000000000000000e+04
4.670300000000000000e+04
4.681800000000000000e+04
4.690500000000000000e+04
4.704500000000000000e+04
4.708700000000000000e+04
4.710900000000000000e+04
4.721500000000000000e+04
4.723300000000000000e+04
4.730000000000000000e+04
4.739400000000000000e+04
4.742700000000000000e+04
4.744800000000000000e+04
4.746300000000000000e+04
4.751400000000000000e+04
4.751600000000000000e+04
4.755300000000000000e+04
4.756000000000000000e+04
4.759300000000000000e+04
4.759500000000000000e+04
4.762400000000000000e+04
4.762800000000000000e+04
4.763000000000000000e+04
4.764600000000000000e+04
4.770600000000000000e+04
4.771500000000000000e+04
4.783900000000000000e+04
4.786700000000000000e+04
4.791000000000000000e+04
4.793300000000000000e+04
4.804700000000000000e+04
4.812600000000000000e+04
4.819900000000000000e+04
4.821500000000000000e+04
4.822600000000000000e+04
4.825600000000000000e+04
4.834400000000000000e+04
4.843000000000000000e+04
4.845700000000000000e+04
4.852200000000000000e+04
4.871900000000000000e+04
4.873400000000000000e+04
4.878300000000000000e+04
4.878800000000000000e+04
4.896200000000000000e+04
4.901600000000000000e+04
4.903000000000000000e+04
4.904300000000000000e+04
4.905200000000000000e+04
4.913000000000000000e+04
4.935900000000000000e+04
4.943200000000000000e+04
4.946300000000000000e+04
4.954700000000000000e+04
4.955100000000000000e+04
4.964000000000000000e+04
4.968900000000000000e+04
4.980000000000000000e+04
4.987300000000000000e+04
4.987400000000000000e+04
4.993800000000000000e+04
4.995200000000000000e+04
5.030100000000000000e+04
5.036300000000000000e+04
5.037900000000000000e+04
5.038500000000000000e+04
5.040100000000000000e+04
5.044700000000000000e+04
5.046600000000000000e+04
5.050700000000000000e+04
5.055000000000000000e+04
5.056900000000000000e+04
5.059800000000000000e+04
5.068300000000000000e+04
5.079500000000000000e+04
5.084800000000000000e+04
5.089800000000000000e+04
5.099100000000000000e+04
5.100000000000000000e+04
5.100500000000000000e+04
5.108900000000000000e+04
5.113300000000000000e+04
5.118400000000000000e+04
5.123900000000000000e+04
5.124500000000000000e+04
5.148700000000000000e+04
5.154500000000000000e+04
5.163500000000000000e+04
5.169500000000000000e+04
5.177300000000000000e+04
5.212200000000000000e+04
5.219000000000000000e+04
5.238700000000000000e+04
5.266600000000000000e+04
5.300000000000000000e+04
5.301300000000000000e+04
5.322800000000000000e+04
5.328400000000000000e+04
5.337100000000000000e+04
5.354600000000000000e+04
5.362300000000000000e+04
5.393500000000000000e+04
5.395500000000000000e+04
5.401400000000000000e+04
5.408600000000000000e+04
5.408900000000000000e+04
5.411400000000000000e+04
5.421500000000000000e+04
5.443200000000000000e+04
5.447300000000000000e+04
5.465800000000000000e+04
5.491400000000000000e+04
5.507100000000000000e+04
5.507900000000000000e+04
5.508400000000000000e+04
5.510400000000000000e+04
5.524200000000000000e+04
5.585700000000000000e+04
5.595400000000000000e+04
5.601500000000000000e+04
5.603400000000000000e+04
5.622400000000000000e+04
5.624600000000000000e+04
5.628400000000000000e+04
5.630600000000000000e+04
5.634400000000000000e+04
5.637100000000000000e+04
5.664700000000000000e+04
5.679200000000000000e+04
5.689600000000000000e+04
5.697800000000000000e+04
5.698000000000000000e+04
5.698900000000000000e+04
5.699000000000000000e+04
5.699600000000000000e+04
5.703500000000000000e+04
5.707700000000000000e+04
5.710200000000000000e+04
5.724100000000000000e+04
5.726600000000000000e+04
5.753800000000000000e+04
5.755700000000000000e+04
5.762000000000000000e+04
5.784700000000000000e+04
5.789100000000000000e+04
5.806100000000000000e+04
5.807800000000000000e+04
5.815900000000000000e+04
5.819300000000000000e+04
5.820400000000000000e+04
5.821900000000000000e+04
5.837600000000000000e+04
5.838900000000000000e+04
5.847500000000000000e+04
5.848400000000000000e+04
5.861600000000000000e+04
5.863300000000000000e+04
5.874700000000000000e+04
5.875100000000000000e+04
5.880300000000000000e+04
5.886300000000000000e+04
5.893000000000000000e+04
5.894700000000000000e+04
5.918100000000000000e+04
5.927500000000000000e+04
5.966100000000000000e+04
5.970200000000000000e+04
5.973200000000000000e+04
5.994300000000000000e+04
5.999500000000000000e+04
6.000900000000000000e+04
6.004000000000000000e+04
6.007000000000000000e+04
6.010200000000000000e+04
6.029700000000000000e+04
6.032100000000000000e+04
6.033100000000000000e+04
6.054500000000000000e+04
6.068300000000000000e+04
6.079400000000000000e+04
6.081500000000000000e+04
6.089800000000000000e+04
6.095600000000000000e+04
6.128300000000000000e+04
6.138100000000000000e+04
6.139100000000000000e+04
6.157400000000000000e+04
6.158600000000000000e+04
6.162500000000000000e+04
6.169600000000000000e+04
6.172300000000000000e+04
6.180600000000000000e+04
6.193300000000000000e+04
6.201600000000000000e+04
6.203500000000000000e+04
6.209500000000000000e+04
6.213700000000000000e+04
6.225200000000000000e+04
6.245300000000000000e+04
6.255900000000000000e+04
6.262900000000000000e+04
6.263500000000000000e+04
6.263800000000000000e+04
6.264100000000000000e+04
6.266800000000000000e+04
6.276200000000000000e+04
6.294300000000000000e+04
6.298400000000000000e+04
6.305500000000000000e+04
6.325200000000000000e+04
6.325800000000000000e+04
6.327100000000000000e+04
6.348000000000000000e+04
6.363500000000000000e+04
6.375000000000000000e+04
6.376900000000000000e+04
6.377000000000000000e+04
6.380700000000000000e+04
6.383700000000000000e+04
6.385800000000000000e+04
6.391700000000000000e+04
6.395900000000000000e+04
6.396100000000000000e+04
6.397100000000000000e+04
6.416800000000000000e+04
6.419500000000000000e+04
6.434000000000000000e+04
6.435400000000000000e+04
6.443700000000000000e+04
6.450100000000000000e+04
6.454300000000000000e+04
6.455600000000000000e+04
6.465900000000000000e+04
6.482400000000000000e+04
6.495200000000000000e+04
6.507800000000000000e+04
6.507900000000000000e+04
6.508200000000000000e+04
6.512200000000000000e+04
6.531600000000000000e+04
6.532500000000000000e+04
6.535400000000000000e+04
6.549200000000000000e+04
6.551500000000000000e+04
6.552400000000000000e+04
6.566000000000000000e+04
6.567100000000000000e+04
6.567200000000000000e+04
6.573500000000000000e+04
6.586400000000000000e+04
6.595000000000000000e+04
6.600700000000000000e+04
6.612400000000000000e+04
6.618400000000000000e+04
6.625300000000000000e+04
6.625600000000000000e+04
6.629600000000000000e+04
6.633900000000000000e+04
6.667200000000000000e+04
6.674800000000000000e+04
6.674900000000000000e+04
6.678300000000000000e+04
6.687000000000000000e+04
6.696000000000000000e+04
6.701400000000000000e+04
6.720100000000000000e+04
6.725300000000000000e+04
6.725900000000000000e+04
6.731500000000000000e+04
6.734500000000000000e+04
6.742700000000000000e+04
6.748100000000000000e+04
6.752600000000000000e+04
6.762400000000000000e+04
6.766700000000000000e+04
6.767000000000000000e+04
6.771400000000000000e+04
6.781000000000000000e+04
6.781800000000000000e+04
6.795600000000000000e+04
6.796300000000000000e+04
6.797800000000000000e+04
6.801400000000000000e+04
6.813000000000000000e+04
6.814000000000000000e+04
6.828000000000000000e+04
6.837400000000000000e+04
6.855100000000000000e+04
6.857100000000000000e+04
6.861800000000000000e+04
6.878600000000000000e+04
6.881600000000000000e+04
6.901000000000000000e+04
6.902200000000000000e+04
6.922700000000000000e+04
6.923700000000000000e+04
6.931700000000000000e+04
6.946800000000000000e+04
6.950400000000000000e+04
6.951000000000000000e+04
6.957100000000000000e+04
6.961700000000000000e+04
6.963400000000000000e+04
6.978100000000000000e+04
6.996300000000000000e+04
6.997500000000000000e+04
7.031800000000000000e+04
7.049400000000000000e+04
7.055200000000000000e+04
7.057000000000000000e+04
7.057800000000000000e+04
7.058700000000000000e+04
7.083800000000000000e+04
7.090300000000000000e+04
7.105000000000000000e+04
7.111000000000000000e+04
7.111100000000000000e+04
7.119300000000000000e+04
7.123200000000000000e+04
7.137600000000000000e+04
7.143700000000000000e+04
7.145500000000000000e+04
7.151300000000000000e+04
7.152000000000000000e+04
7.156900000000000000e+04
7.168000000000000000e+04
7.174500000000000000e+04
7.174600000000000000e+04
7.176400000000000000e+04
7.181900000000000000e+04
7.190100000000000000e+04
7.200300000000000000e+04
7.206600000000000000e+04
7.213200000000000000e+04
7.223000000000000000e+04
7.226100000000000000e+04
7.231000000000000000e+04
7.236100000000000000e+04
7.236200000000000000e+04
7.237400000000000000e+04
7.240800000000000000e+04
7.240900000000000000e+04
7.241000000000000000e+04
7.246900000000000000e+04
7.264900000000000000e+04
7.273900000000000000e+04
7.275200000000000000e+04
7.307500000000000000e+04
7.321300000000000000e+04
7.333100000000000000e+04
7.333200000000000000e+04
7.349700000000000000e+04
7.358600000000000000e+04
7.369500000000000000e+04
7.370700000000000000e+04
7.375000000000000000e+04
7.376200000000000000e+04
7.384700000000000000e+04
7.399900000000000000e+04
7.411800000000000000e+04
7.421000000000000000e+04
7.421100000000000000e+04
7.421300000000000000e+04
7.426200000000000000e+04
7.447500000000000000e+04
7.453600000000000000e+04
7.463500000000000000e+04
7.463800000000000000e+04
7.464400000000000000e+04
7.464500000000000000e+04
7.464600000000000000e+04
7.465400000000000000e+04
7.480300000000000000e+04
7.510300000000000000e+04
7.513000000000000000e+04
7.513100000000000000e+04
7.516900000000000000e+04
7.562400000000000000e+04
7.592800000000000000e+04
7.597700000000000000e+04
7.617300000000000000e+04
7.618100000000000000e+04
7.622400000000000000e+04
7.622600000000000000e+04
7.623300000000000000e+04
7.627200000000000000e+04
7.642400000000000000e+04
7.643100000000000000e+04
7.669400000000000000e+04
7.672400000000000000e+04
7.679900000000000000e+04
7.682200000000000000e+04
7.687400000000000000e+04
7.698400000000000000e+04
7.698500000000000000e+04
7.701300000000000000e+04
7.705800000000000000e+04
7.707200000000000000e+04
7.707300000000000000e+04
7.721600000000000000e+04
7.747000000000000000e+04
7.760200000000000000e+04
7.766400000000000000e+04
7.771600000000000000e+04
7.782500000000000000e+04
7.795000000000000000e+04
7.795900000000000000e+04
7.807900000000000000e+04
7.837900000000000000e+04
7.842200000000000000e+04
7.860400000000000000e+04
7.873600000000000000e+04
7.878100000000000000e+04
7.885900000000000000e+04
7.887900000000000000e+04
7.889600000000000000e+04
7.909900000000000000e+04
7.910600000000000000e+04
7.916800000000000000e+04
7.923700000000000000e+04
7.928900000000000000e+04
7.941400000000000000e+04
7.948600000000000000e+04
7.952900000000000000e+04
7.974200000000000000e+04
7.986300000000000000e+04
8.006200000000000000e+04
8.021800000000000000e+04
8.024200000000000000e+04
8.036600000000000000e+04
8.041400000000000000e+04
8.041900000000000000e+04
8.055000000000000000e+04
8.056000000000000000e+04
8.057500000000000000e+04
8.077100000000000000e+04
8.078300000000000000e+04
8.078500000000000000e+04
8.081400000000000000e+04
8.089900000000000000e+04
8.090000000000000000e+04
8.092000000000000000e+04
8.092800000000000000e+04
8.096200000000000000e+04
8.097400000000000000e+04
8.110200000000000000e+04
8.115800000000000000e+04
8.115900000000000000e+04
8.116100000000000000e+04
8.136900000000000000e+04
8.146700000000000000e+04
8.153500000000000000e+04
8.161800000000000000e+04
8.170300000000000000e+04
8.172900000000000000e+04
8.173000000000000000e+04
8.190100000000000000e+04
8.191000000000000000e+04
8.209700000000000000e+04
8.226200000000000000e+04
8.247500000000000000e+04
8.252100000000000000e+04
8.264400000000000000e+04
8.265000000000000000e+04
8.266100000000000000e+04
8.268300000000000000e+04
8.272400000000000000e+04
8.275700000000000000e+04
8.283700000000000000e+04
8.287500000000000000e+04
8.301200000000000000e+04
8.310300000000000000e+04
8.320800000000000000e+04
8.321200000000000000e+04
8.326800000000000000e+04
8.340000000000000000e+04
8.340100000000000000e+04
8.341900000000000000e+04
8.349700000000000000e+04
8.372500000000000000e+04
8.373100000000000000e+04
8.386800000000000000e+04
8.411200000000000000e+04
8.427000000000000000e+04
8.430400000000000000e+04
8.445900000000000000e+04
8.451400000000000000e+04
8.452400000000000000e+04
8.484500000000000000e+04
8.487500000000000000e+04
8.498400000000000000e+04
8.508700000000000000e+04
8.514300000000000000e+04
8.523700000000000000e+04
8.528100000000000000e+04
8.529500000000000000e+04
8.529700000000000000e+04
8.534700000000000000e+04
8.535400000000000000e+04
8.539500000000000000e+04
8.552700000000000000e+04
8.562100000000000000e+04
8.574500000000000000e+04
8.578500000000000000e+04
8.591300000000000000e+04
8.591600000000000000e+04
8.596300000000000000e+04
8.596900000000000000e+04
8.624900000000000000e+04
8.634800000000000000e+04
8.661200000000000000e+04
8.675300000000000000e+04
8.684400000000000000e+04
8.686900000000000000e+04
8.701900000000000000e+04
