1.100000000000000000e+02
1.280000000000000000e+02
1.660000000000000000e+02
1.790000000000000000e+02
1.800000000000000000e+02
1.920000000000000000e+02
2.020000000000000000e+02
2.050000000000000000e+02
2.070000000000000000e+02
2.360000000000000000e+02
2.750000000000000000e+02
2.790000000000000000e+02
2.920000000000000000e+02
2.970000000000000000e+02
3.070000000000000000e+02
3.410000000000000000e+02
3.440000000000000000e+02
3.660000000000000000e+02
3.860000000000000000e+02
4.040000000000000000e+02
4.090000000000000000e+02
4.390000000000000000e+02
4.430000000000000000e+02
4.540000000000000000e+02
4.590000000000000000e+02
4.700000000000000000e+02
5.020000000000000000e+02
5.060000000000000000e+02
5.090000000000000000e+02
5.110000000000000000e+02
5.180000000000000000e+02
5.330000000000000000e+02
5.400000000000000000e+02
5.470000000000000000e+02
5.480000000000000000e+02
5.780000000000000000e+02
6.400000000000000000e+02
6.470000000000000000e+02
6.560000000000000000e+02
6.680000000000000000e+02
6.730000000000000000e+02
6.800000000000000000e+02
6.880000000000000000e+02
6.940000000000000000e+02
7.300000000000000000e+02
7.460000000000000000e+02
7.530000000000000000e+02
8.000000000000000000e+02
8.020000000000000000e+02
8.160000000000000000e+02
8.340000000000000000e+02
8.690000000000000000e+02
8.960000000000000000e+02
9.040000000000000000e+02
9.300000000000000000e+02
9.340000000000000000e+02
9.450000000000000000e+02
9.590000000000000000e+02
9.800000000000000000e+02
9.890000000000000000e+02
1.007000000000000000e+03
1.027000000000000000e+03
1.028000000000000000e+03
1.036000000000000000e+03
1.037000000000000000e+03
1.058000000000000000e+03
1.059000000000000000e+03
1.080000000000000000e+03
1.105000000000000000e+03
1.112000000000000000e+03
1.157000000000000000e+03
1.167000000000000000e+03
1.184000000000000000e+03
1.187000000000000000e+03
1.188000000000000000e+03
1.205000000000000000e+03
1.243000000000000000e+03
1.248000000000000000e+03
1.252000000000000000e+03
1.274000000000000000e+03
1.282000000000000000e+03
1.292000000000000000e+03
1.307000000000000000e+03
1.330000000000000000e+03
1.331000000000000000e+03
1.351000000000000000e+03
1.361000000000000000e+03
1.365000000000000000e+03
1.374000000000000000e+03
1.441000000000000000e+03
1.443000000000000000e+03
1.471000000000000000e+03
1.477000000000000000e+03
1.512000000000000000e+03
1.514000000000000000e+03
1.525000000000000000e+03
1.559000000000000000e+03
1.566000000000000000e+03
1.572000000000000000e+03
1.629000000000000000e+03
1.653000000000000000e+03
1.671000000000000000e+03
1.674000000000000000e+03
1.685000000000000000e+03
1.716000000000000000e+03
1.796000000000000000e+03
1.853000000000000000e+03
1.921000000000000000e+03
1.961000000000000000e+03
1.974000000000000000e+03
1.994000000000000000e+03
1.997000000000000000e+03
1.999000000000000000e+03
2.015000000000000000e+03
2.106000000000000000e+03
2.170000000000000000e+03
2.176000000000000000e+03
2.192000000000000000e+03
2.198000000000000000e+03
2.203000000000000000e+03
2.229000000000000000e+03
2.259000000000000000e+03
2.348000000000000000e+03
2.360000000000000000e+03
2.389000000000000000e+03
2.400000000000000000e+03
2.470000000000000000e+03
2.490000000000000000e+03
2.555000000000000000e+03
2.557000000000000000e+03
2.563000000000000000e+03
2.573000000000000000e+03
2.627000000000000000e+03
2.665000000000000000e+03
2.679000000000000000e+03
2.690000000000000000e+03
2.696000000000000000e+03
2.699000000000000000e+03
2.718000000000000000e+03
2.809000000000000000e+03
2.829000000000000000e+03
2.972000000000000000e+03
2.977000000000000000e+03
3.005000000000000000e+03
3.078000000000000000e+03
3.082000000000000000e+03
3.088000000000000000e+03
3.096000000000000000e+03
3.102000000000000000e+03
3.149000000000000000e+03
3.158000000000000000e+03
3.162000000000000000e+03
3.208000000000000000e+03
3.267000000000000000e+03
3.283000000000000000e+03
3.304000000000000000e+03
3.386000000000000000e+03
3.391000000000000000e+03
3.400000000000000000e+03
3.412000000000000000e+03
3.424000000000000000e+03
3.436000000000000000e+03
3.526000000000000000e+03
3.531000000000000000e+03
3.551000000000000000e+03
3.562000000000000000e+03
3.588000000000000000e+03
3.607000000000000000e+03
3.626000000000000000e+03
3.633000000000000000e+03
3.761000000000000000e+03
3.841000000000000000e+03
3.847000000000000000e+03
3.887000000000000000e+03
3.953000000000000000e+03
4.046000000000000000e+03
4.105000000000000000e+03
4.128000000000000000e+03
4.131000000000000000e+03
4.145000000000000000e+03
4.210000000000000000e+03
4.227000000000000000e+03
4.251000000000000000e+03
4.266000000000000000e+03
4.425000000000000000e+03
4.600000000000000000e+03
4.632000000000000000e+03
4.641000000000000000e+03
4.659000000000000000e+03
4.671000000000000000e+03
4.768000000000000000e+03
4.786000000000000000e+03
4.809000000000000000e+03
4.816000000000000000e+03
4.832000000000000000e+03
4.842000000000000000e+03
4.845000000000000000e+03
4.846000000000000000e+03
4.850000000000000000e+03
4.892000000000000000e+03
4.903000000000000000e+03
4.936000000000000000e+03
4.959000000000000000e+03
4.968000000000000000e+03
4.971000000000000000e+03
5.044000000000000000e+03
5.084000000000000000e+03
5.124000000000000000e+03
5.209000000000000000e+03
5.236000000000000000e+03
5.252000000000000000e+03
5.275000000000000000e+03
5.278000000000000000e+03
5.309000000000000000e+03
5.323000000000000000e+03
5.337000000000000000e+03
5.356000000000000000e+03
5.442000000000000000e+03
5.449000000000000000e+03
5.462000000000000000e+03
5.463000000000000000e+03
5.464000000000000000e+03
5.468000000000000000e+03
5.473000000000000000e+03
5.480000000000000000e+03
5.501000000000000000e+03
5.515000000000000000e+03
5.525000000000000000e+03
5.567000000000000000e+03
5.582000000000000000e+03
5.653000000000000000e+03
5.667000000000000000e+03
5.668000000000000000e+03
5.685000000000000000e+03
5.712000000000000000e+03
5.721000000000000000e+03
5.750000000000000000e+03
5.761000000000000000e+03
5.784000000000000000e+03
5.804000000000000000e+03
5.814000000000000000e+03
5.848000000000000000e+03
5.853000000000000000e+03
5.894000000000000000e+03
5.919000000000000000e+03
5.942000000000000000e+03
5.967000000000000000e+03
5.978000000000000000e+03
5.991000000000000000e+03
6.010000000000000000e+03
6.024000000000000000e+03
6.026000000000000000e+03
6.083000000000000000e+03
6.099000000000000000e+03
6.119000000000000000e+03
6.134000000000000000e+03
6.139000000000000000e+03
6.147000000000000000e+03
6.182000000000000000e+03
6.185000000000000000e+03
6.214000000000000000e+03
6.336000000000000000e+03
6.481000000000000000e+03
6.501000000000000000e+03
6.510000000000000000e+03
6.512000000000000000e+03
6.534000000000000000e+03
6.600000000000000000e+03
6.609000000000000000e+03
6.621000000000000000e+03
6.629000000000000000e+03
6.646000000000000000e+03
6.670000000000000000e+03
6.720000000000000000e+03
6.727000000000000000e+03
6.745000000000000000e+03
6.754000000000000000e+03
6.784000000000000000e+03
6.876000000000000000e+03
6.880000000000000000e+03
6.913000000000000000e+03
6.972000000000000000e+03
6.976000000000000000e+03
7.030000000000000000e+03
7.036000000000000000e+03
7.055000000000000000e+03
7.177000000000000000e+03
7.232000000000000000e+03
7.347000000000000000e+03
7.362000000000000000e+03
7.420000000000000000e+03
7.437000000000000000e+03
7.492000000000000000e+03
7.564000000000000000e+03
7.662000000000000000e+03
7.664000000000000000e+03
7.672000000000000000e+03
7.741000000000000000e+03
7.778000000000000000e+03
7.937000000000000000e+03
7.980000000000000000e+03
7.999000000000000000e+03
8.009000000000000000e+03
8.010000000000000000e+03
8.027000000000000000e+03
8.052000000000000000e+03
8.098000000000000000e+03
8.127000000000000000e+03
8.187000000000000000e+03
8.268000000000000000e+03
8.301000000000000000e+03
8.302000000000000000e+03
8.314000000000000000e+03
8.368000000000000000e+03
8.395000000000000000e+03
8.396000000000000000e+03
8.411000000000000000e+03
8.412000000000000000e+03
8.497000000000000000e+03
8.521000000000000000e+03
8.560000000000000000e+03
8.561000000000000000e+03
8.635000000000000000e+03
8.636000000000000000e+03
8.667000000000000000e+03
8.718000000000000000e+03
8.817000000000000000e+03
8.895000000000000000e+03
8.926000000000000000e+03
8.931000000000000000e+03
8.936000000000000000e+03
8.940000000000000000e+03
9.056000000000000000e+03
9.059000000000000000e+03
9.346000000000000000e+03
9.354000000000000000e+03
9.364000000000000000e+03
9.409000000000000000e+03
9.426000000000000000e+03
9.585000000000000000e+03
9.602000000000000000e+03
9.674000000000000000e+03
9.728000000000000000e+03
9.814000000000000000e+03
9.819000000000000000e+03
9.869000000000000000e+03
9.934000000000000000e+03
9.942000000000000000e+03
1.008700000000000000e+04
1.008900000000000000e+04
1.009000000000000000e+04
1.012300000000000000e+04
1.013600000000000000e+04
1.017200000000000000e+04
1.032300000000000000e+04
1.045700000000000000e+04
1.048500000000000000e+04
1.049100000000000000e+04
1.065700000000000000e+04
1.065800000000000000e+04
1.069700000000000000e+04
1.070200000000000000e+04
1.075600000000000000e+04
1.076100000000000000e+04
1.081700000000000000e+04
1.083600000000000000e+04
1.084100000000000000e+04
1.092900000000000000e+04
1.099600000000000000e+04
1.103000000000000000e+04
1.106800000000000000e+04
1.108900000000000000e+04
1.109000000000000000e+04
1.109900000000000000e+04
1.117300000000000000e+04
1.134500000000000000e+04
1.142700000000000000e+04
1.143500000000000000e+04
1.152800000000000000e+04
1.160600000000000000e+04
1.166100000000000000e+04
1.167100000000000000e+04
1.170200000000000000e+04
1.172900000000000000e+04
1.175200000000000000e+04
1.189200000000000000e+04
1.190300000000000000e+04
1.197300000000000000e+04
1.200500000000000000e+04
1.201500000000000000e+04
1.205900000000000000e+04
1.225800000000000000e+04
1.228300000000000000e+04
1.229400000000000000e+04
1.240900000000000000e+04
1.244300000000000000e+04
1.244400000000000000e+04
1.249800000000000000e+04
1.257600000000000000e+04
1.259200000000000000e+04
1.263200000000000000e+04
1.270700000000000000e+04
1.271000000000000000e+04
1.275400000000000000e+04
1.276500000000000000e+04
1.280600000000000000e+04
1.283500000000000000e+04
1.291800000000000000e+04
1.292500000000000000e+04
1.295200000000000000e+04
1.295400000000000000e+04
1.296000000000000000e+04
1.298100000000000000e+04
1.300300000000000000e+04
1.300600000000000000e+04
1.306800000000000000e+04
1.309800000000000000e+04
1.313900000000000000e+04
1.321400000000000000e+04
1.332200000000000000e+04
1.332500000000000000e+04
1.335800000000000000e+04
1.335900000000000000e+04
1.338100000000000000e+04
1.340200000000000000e+04
1.340500000000000000e+04
1.340800000000000000e+04
1.340900000000000000e+04
1.347500000000000000e+04
1.353100000000000000e+04
1.357500000000000000e+04
1.364600000000000000e+04
1.370100000000000000e+04
1.373600000000000000e+04
1.377000000000000000e+04
1.382700000000000000e+04
1.382800000000000000e+04
1.394300000000000000e+04
1.408300000000000000e+04
1.410000000000000000e+04
1.412000000000000000e+04
1.414600000000000000e+04
1.432600000000000000e+04
1.433600000000000000e+04
1.441600000000000000e+04
1.442800000000000000e+04
1.453100000000000000e+04
1.453400000000000000e+04
1.456200000000000000e+04
1.456600000000000000e+04
1.458500000000000000e+04
1.464400000000000000e+04
1.469300000000000000e+04
1.469600000000000000e+04
1.472900000000000000e+04
1.474100000000000000e+04
1.476600000000000000e+04
1.497100000000000000e+04
1.500600000000000000e+04
1.502600000000000000e+04
1.502900000000000000e+04
1.521900000000000000e+04
1.524000000000000000e+04
1.524200000000000000e+04
1.525800000000000000e+04
1.527400000000000000e+04
1.534400000000000000e+04
1.540200000000000000e+04
1.554300000000000000e+04
1.560200000000000000e+04
1.561600000000000000e+04
1.563200000000000000e+04
1.564600000000000000e+04
1.571500000000000000e+04
1.573500000000000000e+04
1.580100000000000000e+04
1.590800000000000000e+04
1.591600000000000000e+04
1.592000000000000000e+04
1.593600000000000000e+04
1.594300000000000000e+04
1.598700000000000000e+04
1.608600000000000000e+04
1.612500000000000000e+04
1.612600000000000000e+04
1.619200000000000000e+04
1.620000000000000000e+04
1.622400000000000000e+04
1.636100000000000000e+04
1.639600000000000000e+04
1.644200000000000000e+04
1.647600000000000000e+04
1.648600000000000000e+04
1.652300000000000000e+04
1.657800000000000000e+04
1.664300000000000000e+04
1.665800000000000000e+04
1.669000000000000000e+04
1.670300000000000000e+04
1.676700000000000000e+04
1.679100000000000000e+04
1.679600000000000000e+04
1.682700000000000000e+04
1.683400000000000000e+04
1.704000000000000000e+04
1.706200000000000000e+04
1.713300000000000000e+04
1.724700000000000000e+04
1.728700000000000000e+04
1.740300000000000000e+04
1.741000000000000000e+04
1.760400000000000000e+04
1.763300000000000000e+04
1.767100000000000000e+04
1.770100000000000000e+04
1.778300000000000000e+04
1.791200000000000000e+04
1.794900000000000000e+04
1.797100000000000000e+04
1.797200000000000000e+04
1.798300000000000000e+04
1.799900000000000000e+04
1.805200000000000000e+04
1.805800000000000000e+04
1.811500000000000000e+04
1.821600000000000000e+04
1.822300000000000000e+04
1.833600000000000000e+04
1.834600000000000000e+04
1.837800000000000000e+04
1.838000000000000000e+04
1.838100000000000000e+04
1.842200000000000000e+04
1.842300000000000000e+04
1.849200000000000000e+04
1.849600000000000000e+04
1.852300000000000000e+04
1.854800000000000000e+04
1.859700000000000000e+04
1.864900000000000000e+04
1.875000000000000000e+04
1.886800000000000000e+04
1.893100000000000000e+04
1.906900000000000000e+04
1.914000000000000000e+04
1.918100000000000000e+04
1.934100000000000000e+04
1.944000000000000000e+04
1.948200000000000000e+04
1.951000000000000000e+04
1.951200000000000000e+04
1.952500000000000000e+04
1.956700000000000000e+04
1.957100000000000000e+04
1.963300000000000000e+04
1.965300000000000000e+04
1.974600000000000000e+04
1.977900000000000000e+04
1.978900000000000000e+04
1.981700000000000000e+04
1.990400000000000000e+04
1.995600000000000000e+04
1.995800000000000000e+04
1.996900000000000000e+04
2.018200000000000000e+04
2.022100000000000000e+04
2.031800000000000000e+04
2.037600000000000000e+04
2.038600000000000000e+04
2.043800000000000000e+04
2.058100000000000000e+04
2.075900000000000000e+04
2.079200000000000000e+04
2.085700000000000000e+04
2.093100000000000000e+04
2.096600000000000000e+04
2.108300000000000000e+04
2.109500000000000000e+04
2.109700000000000000e+04
2.111500000000000000e+04
2.116600000000000000e+04
2.122900000000000000e+04
2.124300000000000000e+04
2.130500000000000000e+04
2.132700000000000000e+04
2.143600000000000000e+04
2.145700000000000000e+04
2.146400000000000000e+04
2.148500000000000000e+04
2.149200000000000000e+04
2.149700000000000000e+04
2.150300000000000000e+04
2.157900000000000000e+04
2.158600000000000000e+04
2.166200000000000000e+04
2.167200000000000000e+04
2.177600000000000000e+04
2.177900000000000000e+04
2.178000000000000000e+04
2.185900000000000000e+04
2.188900000000000000e+04
2.197200000000000000e+04
2.210300000000000000e+04
2.212800000000000000e+04
2.213100000000000000e+04
2.214000000000000000e+04
2.218700000000000000e+04
2.233800000000000000e+04
2.234700000000000000e+04
2.236200000000000000e+04
2.238300000000000000e+04
2.241500000000000000e+04
2.241900000000000000e+04
2.244700000000000000e+04
2.250800000000000000e+04
2.251000000000000000e+04
2.252000000000000000e+04
2.254600000000000000e+04
2.256200000000000000e+04
2.257900000000000000e+04
2.262300000000000000e+04
2.270400000000000000e+04
2.271200000000000000e+04
2.279300000000000000e+04
2.279700000000000000e+04
2.283400000000000000e+04
2.286500000000000000e+04
2.287000000000000000e+04
2.288200000000000000e+04
2.289000000000000000e+04
2.289200000000000000e+04
2.290600000000000000e+04
2.300900000000000000e+04
2.304300000000000000e+04
2.317700000000000000e+04
2.318900000000000000e+04
2.326200000000000000e+04
2.329500000000000000e+04
2.334500000000000000e+04
2.352700000000000000e+04
2.368700000000000000e+04
2.369900000000000000e+04
2.376200000000000000e+04
2.380200000000000000e+04
2.380800000000000000e+04
2.381300000000000000e+04
2.383100000000000000e+04
2.389500000000000000e+04
2.396600000000000000e+04
2.433200000000000000e+04
2.440700000000000000e+04
2.441300000000000000e+04
2.441400000000000000e+04
2.443400000000000000e+04
2.452600000000000000e+04
2.453800000000000000e+04
2.453900000000000000e+04
2.456900000000000000e+04
2.463400000000000000e+04
2.464100000000000000e+04
2.467400000000000000e+04
2.497000000000000000e+04
2.509300000000000000e+04
2.548600000000000000e+04
2.549900000000000000e+04
2.559600000000000000e+04
2.560500000000000000e+04
2.571400000000000000e+04
2.573100000000000000e+04
2.573300000000000000e+04
2.581600000000000000e+04
2.584700000000000000e+04
2.587300000000000000e+04
2.590200000000000000e+04
2.593400000000000000e+04
2.594400000000000000e+04
2.596500000000000000e+04
2.608700000000000000e+04
2.616100000000000000e+04
2.616200000000000000e+04
2.616300000000000000e+04
2.616900000000000000e+04
2.619400000000000000e+04
2.621200000000000000e+04
2.623300000000000000e+04
2.623800000000000000e+04
2.628800000000000000e+04
2.629800000000000000e+04
2.638100000000000000e+04
2.640300000000000000e+04
2.643500000000000000e+04
2.645700000000000000e+04
2.659500000000000000e+04
2.660600000000000000e+04
2.670600000000000000e+04
2.672100000000000000e+04
2.692500000000000000e+04
2.696300000000000000e+04
2.704800000000000000e+04
2.705100000000000000e+04
2.709500000000000000e+04
2.712500000000000000e+04
2.713700000000000000e+04
2.721000000000000000e+04
2.739200000000000000e+04
2.741800000000000000e+04
2.743100000000000000e+04
2.776200000000000000e+04
2.776900000000000000e+04
2.792900000000000000e+04
2.793900000000000000e+04
2.796700000000000000e+04
2.808400000000000000e+04
2.813000000000000000e+04
2.820200000000000000e+04
2.820700000000000000e+04
2.821000000000000000e+04
2.824900000000000000e+04
2.825200000000000000e+04
2.849900000000000000e+04
2.858700000000000000e+04
2.863600000000000000e+04
2.864600000000000000e+04
2.882500000000000000e+04
2.894500000000000000e+04
2.895700000000000000e+04
2.899900000000000000e+04
2.908400000000000000e+04
2.915900000000000000e+04
2.922800000000000000e+04
2.928300000000000000e+04
2.931800000000000000e+04
2.934500000000000000e+04
2.937300000000000000e+04
2.941000000000000000e+04
2.943100000000000000e+04
2.944800000000000000e+04
2.945100000000000000e+04
2.951400000000000000e+04
2.955100000000000000e+04
2.956000000000000000e+04
2.959800000000000000e+04
2.961600000000000000e+04
2.964400000000000000e+04
2.965400000000000000e+04
2.970200000000000000e+04
2.984100000000000000e+04
2.984400000000000000e+04
2.988300000000000000e+04
2.996100000000000000e+04
2.996600000000000000e+04
3.002800000000000000e+04
3.008500000000000000e+04
3.015000000000000000e+04
3.017900000000000000e+04
3.018900000000000000e+04
3.020000000000000000e+04
3.024300000000000000e+04
3.027400000000000000e+04
3.028500000000000000e+04
3.036400000000000000e+04
3.036600000000000000e+04
3.042100000000000000e+04
3.042500000000000000e+04
3.045700000000000000e+04
3.046400000000000000e+04
3.055800000000000000e+04
3.059500000000000000e+04
3.065600000000000000e+04
3.071000000000000000e+04
3.076600000000000000e+04
3.093100000000000000e+04
3.101900000000000000e+04
3.106700000000000000e+04
3.114800000000000000e+04
3.115200000000000000e+04
3.115500000000000000e+04
3.120200000000000000e+04
3.126300000000000000e+04
3.128100000000000000e+04
3.128600000000000000e+04
3.137500000000000000e+04
3.137700000000000000e+04
3.146500000000000000e+04
3.149400000000000000e+04
3.153600000000000000e+04
3.154000000000000000e+04
3.157500000000000000e+04
3.160600000000000000e+04
3.167600000000000000e+04
3.169200000000000000e+04
3.169900000000000000e+04
3.179000000000000000e+04
3.185400000000000000e+04
3.191200000000000000e+04
3.200900000000000000e+04
3.201800000000000000e+04
3.202400000000000000e+04
3.211200000000000000e+04
3.212100000000000000e+04
3.212800000000000000e+04
3.226600000000000000e+04
3.246700000000000000e+04
3.258500000000000000e+04
3.263300000000000000e+04
3.265000000000000000e+04
3.266100000000000000e+04
3.276400000000000000e+04
3.277500000000000000e+04
3.279200000000000000e+04
3.283100000000000000e+04
3.283200000000000000e+04
3.285800000000000000e+04
3.293400000000000000e+04
3.298200000000000000e+04
3.312300000000000000e+04
3.324700000000000000e+04
3.325900000000000000e+04
3.330600000000000000e+04
3.338700000000000000e+04
3.356800000000000000e+04
3.372500000000000000e+04
3.382500000000000000e+04
3.385700000000000000e+04
3.386300000000000000e+04
3.387300000000000000e+04
3.387600000000000000e+04
3.393700000000000000e+04
3.394500000000000000e+04
3.399500000000000000e+04
3.402300000000000000e+04
3.410200000000000000e+04
3.410900000000000000e+04
3.415000000000000000e+04
3.415600000000000000e+04
3.416200000000000000e+04
3.416900000000000000e+04
3.418400000000000000e+04
3.420900000000000000e+04
3.421400000000000000e+04
3.421600000000000000e+04
3.427000000000000000e+04
3.428500000000000000e+04
3.436900000000000000e+04
3.440100000000000000e+04
3.441700000000000000e+04
3.446000000000000000e+04
3.452400000000000000e+04
3.460600000000000000e+04
3.461000000000000000e+04
3.496900000000000000e+04
3.497800000000000000e+04
3.502400000000000000e+04
3.507200000000000000e+04
3.513900000000000000e+04
3.514400000000000000e+04
3.515800000000000000e+04
3.516000000000000000e+04
3.519900000000000000e+04
3.531400000000000000e+04
3.541000000000000000e+04
3.541800000000000000e+04
3.549800000000000000e+04
3.553900000000000000e+04
3.554400000000000000e+04
3.564800000000000000e+04
3.567500000000000000e+04
3.571200000000000000e+04
3.575300000000000000e+04
3.575900000000000000e+04
3.588600000000000000e+04
3.593500000000000000e+04
3.610800000000000000e+04
3.623200000000000000e+04
3.627900000000000000e+04
3.631200000000000000e+04
3.639700000000000000e+04
3.641800000000000000e+04
3.646700000000000000e+04
3.648900000000000000e+04
3.651000000000000000e+04
3.655800000000000000e+04
3.667900000000000000e+04
3.679500000000000000e+04
3.682100000000000000e+04
3.687900000000000000e+04
3.692800000000000000e+04
3.694900000000000000e+04
3.710800000000000000e+04
3.711900000000000000e+04
3.712200000000000000e+04
3.714800000000000000e+04
3.721000000000000000e+04
3.724800000000000000e+04
3.728600000000000000e+04
3.738400000000000000e+04
3.739100000000000000e+04
3.744000000000000000e+04
3.753200000000000000e+04
3.756200000000000000e+04
3.759300000000000000e+04
3.761100000000000000e+04
3.763300000000000000e+04
3.765600000000000000e+04
3.766200000000000000e+04
3.768500000000000000e+04
3.775000000000000000e+04
3.776900000000000000e+04
3.777200000000000000e+04
3.781500000000000000e+04
3.782100000000000000e+04
3.797200000000000000e+04
3.797300000000000000e+04
3.801800000000000000e+04
3.805200000000000000e+04
3.817300000000000000e+04
3.825800000000000000e+04
3.828100000000000000e+04
3.834300000000000000e+04
3.837000000000000000e+04
3.839700000000000000e+04
3.842500000000000000e+04
3.846300000000000000e+04
3.850300000000000000e+04
3.864600000000000000e+04
3.879400000000000000e+04
3.883200000000000000e+04
3.884600000000000000e+04
3.886400000000000000e+04
3.894700000000000000e+04
3.898100000000000000e+04
3.909500000000000000e+04
3.914100000000000000e+04
3.914500000000000000e+04
3.918900000000000000e+04
3.929700000000000000e+04
3.933700000000000000e+04
3.936000000000000000e+04
3.936800000000000000e+04
3.941400000000000000e+04
3.941800000000000000e+04
3.946800000000000000e+04
3.947600000000000000e+04
3.956300000000000000e+04
3.957300000000000000e+04
3.965500000000000000e+04
3.969300000000000000e+04
3.983000000000000000e+04
3.985400000000000000e+04
3.991900000000000000e+04
3.995600000000000000e+04
3.998700000000000000e+04
4.000000000000000000e+04
4.001100000000000000e+04
4.007000000000000000e+04
4.007800000000000000e+04
4.008600000000000000e+04
4.008900000000000000e+04
4.017400000000000000e+04
4.020900000000000000e+04
4.022900000000000000e+04
4.023200000000000000e+04
4.025100000000000000e+04
4.026200000000000000e+04
4.034100000000000000e+04
4.035700000000000000e+04
4.038200000000000000e+04
4.045000000000000000e+04
4.046500000000000000e+04
4.074400000000000000e+04
4.080400000000000000e+04
4.080700000000000000e+04
4.082100000000000000e+04
4.083000000000000000e+04
4.083600000000000000e+04
4.088200000000000000e+04
4.100900000000000000e+04
4.119100000000000000e+04
4.121200000000000000e+04
4.127400000000000000e+04
4.133500000000000000e+04
4.134600000000000000e+04
4.143100000000000000e+04
4.148100000000000000e+04
4.155400000000000000e+04
4.166500000000000000e+04
4.170700000000000000e+04
4.175400000000000000e+04
4.177100000000000000e+04
4.179400000000000000e+04
4.182800000000000000e+04
4.194400000000000000e+04
4.194900000000000000e+04
4.196800000000000000e+04
4.200000000000000000e+04
4.212200000000000000e+04
4.215200000000000000e+04
4.216400000000000000e+04
4.240200000000000000e+04
4.244600000000000000e+04
4.259300000000000000e+04
4.265900000000000000e+04
4.272200000000000000e+04
4.275500000000000000e+04
4.275700000000000000e+04
4.277000000000000000e+04
4.278700000000000000e+04
4.279400000000000000e+04
4.285800000000000000e+04
4.296700000000000000e+04
4.297800000000000000e+04
4.299100000000000000e+04
4.302700000000000000e+04
4.305100000000000000e+04
4.310600000000000000e+04
4.313400000000000000e+04
4.315300000000000000e+04
4.315900000000000000e+04
4.319100000000000000e+04
4.320900000000000000e+04
4.332600000000000000e+04
4.332900000000000000e+04
4.334200000000000000e+04
4.334900000000000000e+04
4.339500000000000000e+04
4.340400000000000000e+04
4.355600000000000000e+04
4.375200000000000000e+04
4.379500000000000000e+04
4.395100000000000000e+04
4.401200000000000000e+04
4.414400000000000000e+04
4.442300000000000000e+04
4.445000000000000000e+04
4.445300000000000000e+04
4.461600000000000000e+04
4.461900000000000000e+04
4.470500000000000000e+04
4.470600000000000000e+04
4.516700000000000000e+04
4.521200000000000000e+04
4.523200000000000000e+04
4.526200000000000000e+04
4.529500000000000000e+04
4.530300000000000000e+04
4.539200000000000000e+04
4.540200000000000000e+04
4.574600000000000000e+04
4.579400000000000000e+04
4.582800000000000000e+04
4.585800000000000000e+04
4.585900000000000000e+04
4.599300000000000000e+04
4.605200000000000000e+04
4.612800000000000000e+04
4.618700000000000000e+04
4.621700000000000000e+04
4.634000000000000000e+04
4.635000000000000000e+04
4.646900000000000000e+04
4.649100000000000000e+04
4.653400000000000000e+04
4.658400000000000000e+04
4.662900000000000000e+04
4.668900000000000000e+04
4.683600000000000000e+04
4.687400000000000000e+04
4.693600000000000000e+04
4.697100000000000000e+04
4.699500000000000000e+04
4.700600000000000000e+04
4.706800000000000000e+04
4.711300000000000000e+04
4.712700000000000000e+04
4.713600000000000000e+04
4.714000000000000000e+04
4.723700000000000000e+04
4.733800000000000000e+04
4.734200000000000000e+04
4.734300000000000000e+04
4.737000000000000000e+04
4.739800000000000000e+04
4.740100000000000000e+04
4.740300000000000000e+04
4.741300000000000000e+04
4.741600000000000000e+04
4.742800000000000000e+04
4.743400000000000000e+04
4.746700000000000000e+04
4.746800000000000000e+04
4.749700000000000000e+04
4.750000000000000000e+04
4.754500000000000000e+04
4.761000000000000000e+04
4.761600000000000000e+04
4.761700000000000000e+04
4.768100000000000000e+04
4.774000000000000000e+04
4.786500000000000000e+04
4.807500000000000000e+04
4.812100000000000000e+04
4.828200000000000000e+04
4.829000000000000000e+04
4.830400000000000000e+04
4.831100000000000000e+04
4.831500000000000000e+04
4.834700000000000000e+04
4.836000000000000000e+04
4.840100000000000000e+04
4.842800000000000000e+04
4.848400000000000000e+04
4.849000000000000000e+04
4.852400000000000000e+04
4.852500000000000000e+04
4.855100000000000000e+04
4.859900000000000000e+04
4.863200000000000000e+04
4.865900000000000000e+04
4.872800000000000000e+04
4.874500000000000000e+04
4.876300000000000000e+04
4.885400000000000000e+04
4.886000000000000000e+04
4.888400000000000000e+04
4.897800000000000000e+04
4.902200000000000000e+04
4.905500000000000000e+04
4.912400000000000000e+04
4.920400000000000000e+04
4.921400000000000000e+04
4.924700000000000000e+04
4.934600000000000000e+04
4.936000000000000000e+04
4.942000000000000000e+04
4.951700000000000000e+04
4.953700000000000000e+04
4.956000000000000000e+04
4.956600000000000000e+04
4.959500000000000000e+04
4.963400000000000000e+04
4.965600000000000000e+04
4.968200000000000000e+04
4.970600000000000000e+04
4.982000000000000000e+04
4.985900000000000000e+04
4.996700000000000000e+04
4.997300000000000000e+04
5.004200000000000000e+04
5.009100000000000000e+04
5.010100000000000000e+04
5.010600000000000000e+04
5.013200000000000000e+04
5.014800000000000000e+04
5.014900000000000000e+04
5.015100000000000000e+04
5.015200000000000000e+04
5.019300000000000000e+04
5.030900000000000000e+04
5.043200000000000000e+04
5.044600000000000000e+04
5.054900000000000000e+04
5.055800000000000000e+04
5.061200000000000000e+04
5.065700000000000000e+04
5.067900000000000000e+04
5.073500000000000000e+04
5.081100000000000000e+04
5.081600000000000000e+04
5.090400000000000000e+04
5.091100000000000000e+04
5.099000000000000000e+04
5.103200000000000000e+04
5.104400000000000000e+04
5.110200000000000000e+04
5.132400000000000000e+04
5.133800000000000000e+04
5.137600000000000000e+04
5.139400000000000000e+04
5.140000000000000000e+04
5.144300000000000000e+04
5.156400000000000000e+04
5.158300000000000000e+04
5.160800000000000000e+04
5.165600000000000000e+04
5.176300000000000000e+04
5.185500000000000000e+04
5.189300000000000000e+04
5.189600000000000000e+04
5.191500000000000000e+04
5.197800000000000000e+04
5.203100000000000000e+04
5.212000000000000000e+04
5.213200000000000000e+04
5.215700000000000000e+04
5.226200000000000000e+04
5.231800000000000000e+04
5.244400000000000000e+04
5.244500000000000000e+04
5.245400000000000000e+04
5.247400000000000000e+04
5.265100000000000000e+04
5.266000000000000000e+04
5.267800000000000000e+04
5.273600000000000000e+04
5.279000000000000000e+04
5.286800000000000000e+04
5.291100000000000000e+04
5.309300000000000000e+04
5.315000000000000000e+04
5.320100000000000000e+04
5.320800000000000000e+04
5.321000000000000000e+04
5.331700000000000000e+04
5.334500000000000000e+04
5.337800000000000000e+04
5.342700000000000000e+04
5.382000000000000000e+04
5.387300000000000000e+04
5.388900000000000000e+04
5.389000000000000000e+04
5.398100000000000000e+04
5.405800000000000000e+04
5.408700000000000000e+04
5.409600000000000000e+04
5.413300000000000000e+04
5.425100000000000000e+04
5.435100000000000000e+04
5.444100000000000000e+04
5.460000000000000000e+04
5.469300000000000000e+04
5.473500000000000000e+04
5.474000000000000000e+04
5.475300000000000000e+04
5.477000000000000000e+04
5.477600000000000000e+04
5.493200000000000000e+04
5.499900000000000000e+04
5.500600000000000000e+04
5.520100000000000000e+04
5.524500000000000000e+04
5.528900000000000000e+04
5.541700000000000000e+04
5.544900000000000000e+04
5.546300000000000000e+04
5.547400000000000000e+04
5.547500000000000000e+04
5.547800000000000000e+04
5.556600000000000000e+04
5.558100000000000000e+04
5.566100000000000000e+04
5.570700000000000000e+04
5.571400000000000000e+04
5.576800000000000000e+04
5.582100000000000000e+04
5.582300000000000000e+04
5.591100000000000000e+04
5.596400000000000000e+04
5.597800000000000000e+04
5.603600000000000000e+04
5.605300000000000000e+04
5.606400000000000000e+04
5.629800000000000000e+04
5.639000000000000000e+04
5.639600000000000000e+04
5.644500000000000000e+04
5.645400000000000000e+04
5.647200000000000000e+04
5.647800000000000000e+04
5.652600000000000000e+04
5.654000000000000000e+04
5.669200000000000000e+04
5.671000000000000000e+04
5.675500000000000000e+04
5.689700000000000000e+04
5.690400000000000000e+04
5.693200000000000000e+04
5.695300000000000000e+04
5.708500000000000000e+04
5.712100000000000000e+04
5.723500000000000000e+04
5.740200000000000000e+04
5.742500000000000000e+04
5.748600000000000000e+04
5.769300000000000000e+04
5.778100000000000000e+04
5.779600000000000000e+04
5.781100000000000000e+04
5.785200000000000000e+04
5.806900000000000000e+04
5.816300000000000000e+04
5.832500000000000000e+04
5.833400000000000000e+04
5.844500000000000000e+04
5.845500000000000000e+04
5.850600000000000000e+04
5.856100000000000000e+04
5.861800000000000000e+04
5.877700000000000000e+04
5.878000000000000000e+04
5.887000000000000000e+04
5.888400000000000000e+04
5.911100000000000000e+04
5.913200000000000000e+04
5.917200000000000000e+04
5.924000000000000000e+04
5.924900000000000000e+04
5.929500000000000000e+04
5.933400000000000000e+04
5.933700000000000000e+04
5.937400000000000000e+04
5.938500000000000000e+04
5.945600000000000000e+04
5.947400000000000000e+04
5.947800000000000000e+04
5.964200000000000000e+04
5.969000000000000000e+04
5.972700000000000000e+04
5.973700000000000000e+04
5.980200000000000000e+04
5.983000000000000000e+04
5.988800000000000000e+04
5.989500000000000000e+04
5.991900000000000000e+04
6.018900000000000000e+04
6.020600000000000000e+04
6.021300000000000000e+04
6.029500000000000000e+04
6.032400000000000000e+04
6.034600000000000000e+04
6.037800000000000000e+04
6.046100000000000000e+04
6.053300000000000000e+04
6.064500000000000000e+04
6.070100000000000000e+04
6.075100000000000000e+04
6.078600000000000000e+04
6.101100000000000000e+04
6.108400000000000000e+04
6.113300000000000000e+04
6.114100000000000000e+04
6.129900000000000000e+04
6.134600000000000000e+04
6.138000000000000000e+04
6.139400000000000000e+04
6.139900000000000000e+04
6.140100000000000000e+04
6.142000000000000000e+04
6.146000000000000000e+04
6.147400000000000000e+04
6.154800000000000000e+04
6.155000000000000000e+04
6.156400000000000000e+04
6.158200000000000000e+04
6.158500000000000000e+04
6.159400000000000000e+04
6.159500000000000000e+04
6.179100000000000000e+04
6.188900000000000000e+04
6.201100000000000000e+04
6.203400000000000000e+04
6.205300000000000000e+04
6.219300000000000000e+04
6.220600000000000000e+04
6.230100000000000000e+04
6.234800000000000000e+04
6.243600000000000000e+04
6.248600000000000000e+04
6.250300000000000000e+04
6.278900000000000000e+04
6.293500000000000000e+04
6.293600000000000000e+04
6.298300000000000000e+04
6.300300000000000000e+04
6.305000000000000000e+04
6.305400000000000000e+04
6.305700000000000000e+04
6.305800000000000000e+04
6.306100000000000000e+04
6.311500000000000000e+04
6.311600000000000000e+04
6.312000000000000000e+04
6.323100000000000000e+04
6.335600000000000000e+04
6.341000000000000000e+04
6.343800000000000000e+04
6.351700000000000000e+04
6.354700000000000000e+04
6.362700000000000000e+04
6.363900000000000000e+04
6.364000000000000000e+04
6.364700000000000000e+04
6.365700000000000000e+04
6.366000000000000000e+04
6.366100000000000000e+04
6.372300000000000000e+04
6.374100000000000000e+04
6.375100000000000000e+04
6.376200000000000000e+04
6.380600000000000000e+04
6.382700000000000000e+04
6.386000000000000000e+04
6.393200000000000000e+04
6.409200000000000000e+04
6.409800000000000000e+04
6.411600000000000000e+04
6.414300000000000000e+04
6.419900000000000000e+04
6.420000000000000000e+04
6.421900000000000000e+04
6.422900000000000000e+04
6.423300000000000000e+04
6.426700000000000000e+04
6.443300000000000000e+04
6.443400000000000000e+04
6.448000000000000000e+04
6.462400000000000000e+04
6.470600000000000000e+04
6.471500000000000000e+04
6.476800000000000000e+04
6.479900000000000000e+04
6.488100000000000000e+04
6.489600000000000000e+04
6.504100000000000000e+04
6.510300000000000000e+04
6.511400000000000000e+04
6.512100000000000000e+04
6.513500000000000000e+04
6.518700000000000000e+04
6.523000000000000000e+04
6.523900000000000000e+04
6.526100000000000000e+04
6.526800000000000000e+04
6.528500000000000000e+04
6.528700000000000000e+04
6.528800000000000000e+04
6.532000000000000000e+04
6.540000000000000000e+04
6.549900000000000000e+04
6.565000000000000000e+04
6.566300000000000000e+04
6.566500000000000000e+04
6.578000000000000000e+04
6.579200000000000000e+04
6.582700000000000000e+04
6.585400000000000000e+04
6.588000000000000000e+04
6.593400000000000000e+04
6.602900000000000000e+04
6.607600000000000000e+04
6.619700000000000000e+04
6.627300000000000000e+04
6.627700000000000000e+04
6.631900000000000000e+04
6.640900000000000000e+04
6.643200000000000000e+04
6.644100000000000000e+04
6.678100000000000000e+04
6.679100000000000000e+04
6.679200000000000000e+04
6.693000000000000000e+04
6.699100000000000000e+04
6.715000000000000000e+04
6.715400000000000000e+04
6.722200000000000000e+04
6.728700000000000000e+04
6.730700000000000000e+04
6.743900000000000000e+04
6.749300000000000000e+04
6.751100000000000000e+04
6.751600000000000000e+04
6.758700000000000000e+04
6.758800000000000000e+04
6.760600000000000000e+04
6.761400000000000000e+04
6.761500000000000000e+04
6.763200000000000000e+04
6.764300000000000000e+04
6.773700000000000000e+04
6.775400000000000000e+04
6.775500000000000000e+04
6.783200000000000000e+04
6.791000000000000000e+04
6.793500000000000000e+04
6.797600000000000000e+04
6.801800000000000000e+04
6.802000000000000000e+04
6.810000000000000000e+04
6.825400000000000000e+04
6.826100000000000000e+04
6.848900000000000000e+04
6.853700000000000000e+04
6.869000000000000000e+04
6.874000000000000000e+04
6.874300000000000000e+04
6.880500000000000000e+04
6.885400000000000000e+04
6.885700000000000000e+04
6.886700000000000000e+04
6.888800000000000000e+04
6.889900000000000000e+04
6.891400000000000000e+04
6.893900000000000000e+04
6.897500000000000000e+04
6.900000000000000000e+04
6.910200000000000000e+04
6.914500000000000000e+04
6.929500000000000000e+04
6.942000000000000000e+04
6.943600000000000000e+04
6.946200000000000000e+04
6.947700000000000000e+04
6.965200000000000000e+04
6.980300000000000000e+04
6.984000000000000000e+04
6.986400000000000000e+04
6.992600000000000000e+04
6.997100000000000000e+04
6.999100000000000000e+04
7.009600000000000000e+04
7.022500000000000000e+04
7.022900000000000000e+04
7.026900000000000000e+04
7.032800000000000000e+04
7.037400000000000000e+04
7.049000000000000000e+04
7.052200000000000000e+04
7.052400000000000000e+04
7.061900000000000000e+04
7.066900000000000000e+04
7.072200000000000000e+04
7.085200000000000000e+04
7.097700000000000000e+04
7.097900000000000000e+04
7.098100000000000000e+04
7.106200000000000000e+04
7.108200000000000000e+04
7.108900000000000000e+04
7.111500000000000000e+04
7.112200000000000000e+04
7.123100000000000000e+04
7.131900000000000000e+04
7.133700000000000000e+04
7.136400000000000000e+04
7.139200000000000000e+04
7.142400000000000000e+04
7.143500000000000000e+04
7.146200000000000000e+04
7.146600000000000000e+04
7.147700000000000000e+04
7.154700000000000000e+04
7.157800000000000000e+04
7.157900000000000000e+04
7.160000000000000000e+04
7.165400000000000000e+04
7.167000000000000000e+04
7.172200000000000000e+04
7.177300000000000000e+04
7.179700000000000000e+04
7.180000000000000000e+04
7.192500000000000000e+04
7.202500000000000000e+04
7.203300000000000000e+04
7.205700000000000000e+04
7.214700000000000000e+04
7.216800000000000000e+04
7.217500000000000000e+04
7.219600000000000000e+04
7.219700000000000000e+04
7.229500000000000000e+04
7.231200000000000000e+04
7.232000000000000000e+04
7.241400000000000000e+04
7.241700000000000000e+04
7.245500000000000000e+04
7.259300000000000000e+04
7.259500000000000000e+04
7.284100000000000000e+04
7.284900000000000000e+04
7.299300000000000000e+04
7.304000000000000000e+04
7.304400000000000000e+04
7.315000000000000000e+04
7.317700000000000000e+04
7.318100000000000000e+04
7.323200000000000000e+04
7.323800000000000000e+04
7.325600000000000000e+04
7.332100000000000000e+04
7.337800000000000000e+04
7.338800000000000000e+04
7.340700000000000000e+04
7.353200000000000000e+04
7.364000000000000000e+04
7.374800000000000000e+04
7.375400000000000000e+04
7.375500000000000000e+04
7.377000000000000000e+04
7.377500000000000000e+04
7.386900000000000000e+04
7.401900000000000000e+04
7.407700000000000000e+04
7.417000000000000000e+04
7.423500000000000000e+04
7.440700000000000000e+04
7.450500000000000000e+04
7.450800000000000000e+04
7.469000000000000000e+04
7.474200000000000000e+04
7.477900000000000000e+04
7.479800000000000000e+04
7.490500000000000000e+04
7.516800000000000000e+04
7.528100000000000000e+04
7.537100000000000000e+04
7.554300000000000000e+04
7.561500000000000000e+04
7.568600000000000000e+04
7.577300000000000000e+04
7.578500000000000000e+04
7.603500000000000000e+04
7.613400000000000000e+04
7.617100000000000000e+04
7.617200000000000000e+04
7.624700000000000000e+04
7.626300000000000000e+04
7.635900000000000000e+04
7.651100000000000000e+04
7.651700000000000000e+04
7.661500000000000000e+04
7.676900000000000000e+04
7.685100000000000000e+04
7.685800000000000000e+04
7.691600000000000000e+04
7.696500000000000000e+04
7.700800000000000000e+04
7.700900000000000000e+04
7.703200000000000000e+04
7.715900000000000000e+04
7.718800000000000000e+04
7.720600000000000000e+04
7.723600000000000000e+04
7.725700000000000000e+04
7.741800000000000000e+04
7.761800000000000000e+04
7.762600000000000000e+04
7.772800000000000000e+04
7.778400000000000000e+04
7.784900000000000000e+04
7.809200000000000000e+04
7.810900000000000000e+04
7.817300000000000000e+04
7.817800000000000000e+04
7.821200000000000000e+04
7.826400000000000000e+04
7.835000000000000000e+04
7.835100000000000000e+04
7.849000000000000000e+04
7.858900000000000000e+04
7.869100000000000000e+04
7.872900000000000000e+04
7.876900000000000000e+04
7.888100000000000000e+04
7.889300000000000000e+04
7.889400000000000000e+04
7.899600000000000000e+04
7.901800000000000000e+04
7.912100000000000000e+04
7.913200000000000000e+04
7.919000000000000000e+04
7.922900000000000000e+04
7.930500000000000000e+04
7.941800000000000000e+04
7.950900000000000000e+04
7.956500000000000000e+04
7.957100000000000000e+04
7.963700000000000000e+04
7.967900000000000000e+04
7.968700000000000000e+04
7.970900000000000000e+04
7.974000000000000000e+04
7.974100000000000000e+04
7.991500000000000000e+04
7.993500000000000000e+04
7.997200000000000000e+04
7.999200000000000000e+04
8.003800000000000000e+04
8.014000000000000000e+04
8.018600000000000000e+04
8.021400000000000000e+04
8.023800000000000000e+04
8.025400000000000000e+04
8.028900000000000000e+04
8.030300000000000000e+04
8.031600000000000000e+04
8.038100000000000000e+04
8.058600000000000000e+04
8.064500000000000000e+04
8.070200000000000000e+04
8.070300000000000000e+04
8.078100000000000000e+04
8.102900000000000000e+04
8.103600000000000000e+04
8.115200000000000000e+04
8.133900000000000000e+04
8.135400000000000000e+04
8.155000000000000000e+04
8.161100000000000000e+04
8.163600000000000000e+04
8.177400000000000000e+04
8.203500000000000000e+04
8.205800000000000000e+04
8.211800000000000000e+04
8.223200000000000000e+04
8.223900000000000000e+04
8.224200000000000000e+04
8.230400000000000000e+04
8.231200000000000000e+04
8.233400000000000000e+04
8.237300000000000000e+04
8.237900000000000000e+04
8.238100000000000000e+04
8.239100000000000000e+04
8.240400000000000000e+04
8.258300000000000000e+04
8.264300000000000000e+04
8.270300000000000000e+04
8.286600000000000000e+04
8.296400000000000000e+04
8.299900000000000000e+04
8.300600000000000000e+04
8.302500000000000000e+04
8.304500000000000000e+04
8.305600000000000000e+04
8.306200000000000000e+04
8.309900000000000000e+04
8.319200000000000000e+04
8.321900000000000000e+04
8.327300000000000000e+04
8.355100000000000000e+04
8.356500000000000000e+04
8.363800000000000000e+04
8.364000000000000000e+04
8.367400000000000000e+04
8.374700000000000000e+04
8.382600000000000000e+04
8.397500000000000000e+04
8.398300000000000000e+04
8.413700000000000000e+04
8.419600000000000000e+04
8.421800000000000000e+04
8.431100000000000000e+04
8.440000000000000000e+04
8.455400000000000000e+04
8.455500000000000000e+04
8.458300000000000000e+04
8.459900000000000000e+04
8.461800000000000000e+04
8.466800000000000000e+04
8.467400000000000000e+04
8.473000000000000000e+04
8.475300000000000000e+04
8.477900000000000000e+04
8.489100000000000000e+04
8.493700000000000000e+04
8.493800000000000000e+04
8.495400000000000000e+04
8.496700000000000000e+04
8.501400000000000000e+04
8.502900000000000000e+04
8.507900000000000000e+04
8.509700000000000000e+04
8.511000000000000000e+04
8.514400000000000000e+04
8.520900000000000000e+04
8.529600000000000000e+04
8.535800000000000000e+04
8.536300000000000000e+04
8.537900000000000000e+04
8.547900000000000000e+04
8.556900000000000000e+04
8.557000000000000000e+04
8.558900000000000000e+04
8.598700000000000000e+04
8.602700000000000000e+04
8.608100000000000000e+04
8.611500000000000000e+04
8.614200000000000000e+04
8.616600000000000000e+04
8.621500000000000000e+04
8.628200000000000000e+04
8.652300000000000000e+04
8.659100000000000000e+04
8.667800000000000000e+04
8.670800000000000000e+04
8.677300000000000000e+04
8.678100000000000000e+04
8.681200000000000000e+04
8.683400000000000000e+04
8.684100000000000000e+04
8.685900000000000000e+04
8.687100000000000000e+04
8.697800000000000000e+04
8.699800000000000000e+04
8.702100000000000000e+04
8.703400000000000000e+04
8.707500000000000000e+04
8.709600000000000000e+04
8.713200000000000000e+04
8.715300000000000000e+04
