8.900000000000000000e+01
1.080000000000000000e+02
1.220000000000000000e+02
1.710000000000000000e+02
2.120000000000000000e+02
2.210000000000000000e+02
2.220000000000000000e+02
2.560000000000000000e+02
2.760000000000000000e+02
3.160000000000000000e+02
3.360000000000000000e+02
3.380000000000000000e+02
3.640000000000000000e+02
3.930000000000000000e+02
4.370000000000000000e+02
4.570000000000000000e+02
5.120000000000000000e+02
5.210000000000000000e+02
5.540000000000000000e+02
5.690000000000000000e+02
5.870000000000000000e+02
6.020000000000000000e+02
6.210000000000000000e+02
6.550000000000000000e+02
6.590000000000000000e+02
6.690000000000000000e+02
6.840000000000000000e+02
6.890000000000000000e+02
7.110000000000000000e+02
7.200000000000000000e+02
7.650000000000000000e+02
7.980000000000000000e+02
8.030000000000000000e+02
8.110000000000000000e+02
8.460000000000000000e+02
8.940000000000000000e+02
9.540000000000000000e+02
9.700000000000000000e+02
9.710000000000000000e+02
9.830000000000000000e+02
9.840000000000000000e+02
1.004000000000000000e+03
1.020000000000000000e+03
1.034000000000000000e+03
1.044000000000000000e+03
1.060000000000000000e+03
1.062000000000000000e+03
1.134000000000000000e+03
1.146000000000000000e+03
1.151000000000000000e+03
1.182000000000000000e+03
1.186000000000000000e+03
1.221000000000000000e+03
1.251000000000000000e+03
1.253000000000000000e+03
1.254000000000000000e+03
1.268000000000000000e+03
1.279000000000000000e+03
1.286000000000000000e+03
1.298000000000000000e+03
1.386000000000000000e+03
1.407000000000000000e+03
1.423000000000000000e+03
1.437000000000000000e+03
1.454000000000000000e+03
1.473000000000000000e+03
1.487000000000000000e+03
1.500000000000000000e+03
1.510000000000000000e+03
1.515000000000000000e+03
1.530000000000000000e+03
1.563000000000000000e+03
1.586000000000000000e+03
1.610000000000000000e+03
1.637000000000000000e+03
1.665000000000000000e+03
1.709000000000000000e+03
1.743000000000000000e+03
1.751000000000000000e+03
1.757000000000000000e+03
1.781000000000000000e+03
1.804000000000000000e+03
1.812000000000000000e+03
1.911000000000000000e+03
1.920000000000000000e+03
1.937000000000000000e+03
1.976000000000000000e+03
1.981000000000000000e+03
1.993000000000000000e+03
2.001000000000000000e+03
2.003000000000000000e+03
2.014000000000000000e+03
2.017000000000000000e+03
2.018000000000000000e+03
2.024000000000000000e+03
2.031000000000000000e+03
2.051000000000000000e+03
2.054000000000000000e+03
2.074000000000000000e+03
2.098000000000000000e+03
2.110000000000000000e+03
2.122000000000000000e+03
2.133000000000000000e+03
2.134000000000000000e+03
2.146000000000000000e+03
2.149000000000000000e+03
2.187000000000000000e+03
2.233000000000000000e+03
2.263000000000000000e+03
2.265000000000000000e+03
2.286000000000000000e+03
2.293000000000000000e+03
2.312000000000000000e+03
2.313000000000000000e+03
2.340000000000000000e+03
2.343000000000000000e+03
2.374000000000000000e+03
2.391000000000000000e+03
2.401000000000000000e+03
2.438000000000000000e+03
2.441000000000000000e+03
2.442000000000000000e+03
2.446000000000000000e+03
2.454000000000000000e+03
2.455000000000000000e+03
2.460000000000000000e+03
2.481000000000000000e+03
2.485000000000000000e+03
2.506000000000000000e+03
2.507000000000000000e+03
2.512000000000000000e+03
2.513000000000000000e+03
2.514000000000000000e+03
2.520000000000000000e+03
2.526000000000000000e+03
2.530000000000000000e+03
2.535000000000000000e+03
2.559000000000000000e+03
2.561000000000000000e+03
2.585000000000000000e+03
2.591000000000000000e+03
2.636000000000000000e+03
2.644000000000000000e+03
2.657000000000000000e+03
2.672000000000000000e+03
2.700000000000000000e+03
2.789000000000000000e+03
2.802000000000000000e+03
2.837000000000000000e+03
2.838000000000000000e+03
2.884000000000000000e+03
2.895000000000000000e+03
2.899000000000000000e+03
2.907000000000000000e+03
2.916000000000000000e+03
2.944000000000000000e+03
2.985000000000000000e+03
2.988000000000000000e+03
2.994000000000000000e+03
3.012000000000000000e+03
3.040000000000000000e+03
3.062000000000000000e+03
3.095000000000000000e+03
3.099000000000000000e+03
3.101000000000000000e+03
3.142000000000000000e+03
3.143000000000000000e+03
3.154000000000000000e+03
3.160000000000000000e+03
3.185000000000000000e+03
3.214000000000000000e+03
3.223000000000000000e+03
3.275000000000000000e+03
3.309000000000000000e+03
3.325000000000000000e+03
3.327000000000000000e+03
3.364000000000000000e+03
3.365000000000000000e+03
3.383000000000000000e+03
3.461000000000000000e+03
3.769000000000000000e+03
3.811000000000000000e+03
3.829000000000000000e+03
3.830000000000000000e+03
3.840000000000000000e+03
3.884000000000000000e+03
3.885000000000000000e+03
3.919000000000000000e+03
3.920000000000000000e+03
3.924000000000000000e+03
3.934000000000000000e+03
3.936000000000000000e+03
3.937000000000000000e+03
3.939000000000000000e+03
3.944000000000000000e+03
3.951000000000000000e+03
3.971000000000000000e+03
3.979000000000000000e+03
3.984000000000000000e+03
3.994000000000000000e+03
4.045000000000000000e+03
4.066000000000000000e+03
4.072000000000000000e+03
4.084000000000000000e+03
4.085000000000000000e+03
4.091000000000000000e+03
4.095000000000000000e+03
4.102000000000000000e+03
4.103000000000000000e+03
4.104000000000000000e+03
4.108000000000000000e+03
4.109000000000000000e+03
4.151000000000000000e+03
4.183000000000000000e+03
4.191000000000000000e+03
4.200000000000000000e+03
4.228000000000000000e+03
4.259000000000000000e+03
4.264000000000000000e+03
4.280000000000000000e+03
4.289000000000000000e+03
4.291000000000000000e+03
4.292000000000000000e+03
4.342000000000000000e+03
4.353000000000000000e+03
4.373000000000000000e+03
4.375000000000000000e+03
4.376000000000000000e+03
4.381000000000000000e+03
4.402000000000000000e+03
4.404000000000000000e+03
4.467000000000000000e+03
4.481000000000000000e+03
4.495000000000000000e+03
4.502000000000000000e+03
4.508000000000000000e+03
4.512000000000000000e+03
4.518000000000000000e+03
4.536000000000000000e+03
4.537000000000000000e+03
4.611000000000000000e+03
4.612000000000000000e+03
4.644000000000000000e+03
4.710000000000000000e+03
4.740000000000000000e+03
4.766000000000000000e+03
4.804000000000000000e+03
4.823000000000000000e+03
4.875000000000000000e+03
4.888000000000000000e+03
4.942000000000000000e+03
4.989000000000000000e+03
5.047000000000000000e+03
5.129000000000000000e+03
5.130000000000000000e+03
5.137000000000000000e+03
5.159000000000000000e+03
5.169000000000000000e+03
5.187000000000000000e+03
5.223000000000000000e+03
5.225000000000000000e+03
5.243000000000000000e+03
5.245000000000000000e+03
5.248000000000000000e+03
5.250000000000000000e+03
5.274000000000000000e+03
5.277000000000000000e+03
5.285000000000000000e+03
5.316000000000000000e+03
5.390000000000000000e+03
5.398000000000000000e+03
5.439000000000000000e+03
5.541000000000000000e+03
5.566000000000000000e+03
5.608000000000000000e+03
5.611000000000000000e+03
5.612000000000000000e+03
5.615000000000000000e+03
5.658000000000000000e+03
5.659000000000000000e+03
5.732000000000000000e+03
5.775000000000000000e+03
5.800000000000000000e+03
5.830000000000000000e+03
5.831000000000000000e+03
5.832000000000000000e+03
5.839000000000000000e+03
5.854000000000000000e+03
5.877000000000000000e+03
5.879000000000000000e+03
5.883000000000000000e+03
5.901000000000000000e+03
5.937000000000000000e+03
5.945000000000000000e+03
5.958000000000000000e+03
6.012000000000000000e+03
6.037000000000000000e+03
6.056000000000000000e+03
6.074000000000000000e+03
6.136000000000000000e+03
6.165000000000000000e+03
6.190000000000000000e+03
6.192000000000000000e+03
6.201000000000000000e+03
6.251000000000000000e+03
6.252000000000000000e+03
6.281000000000000000e+03
6.290000000000000000e+03
6.328000000000000000e+03
6.345000000000000000e+03
6.367000000000000000e+03
6.373000000000000000e+03
6.381000000000000000e+03
6.382000000000000000e+03
6.408000000000000000e+03
6.452000000000000000e+03
6.467000000000000000e+03
6.468000000000000000e+03
6.528000000000000000e+03
6.572000000000000000e+03
6.599000000000000000e+03
6.653000000000000000e+03
6.659000000000000000e+03
6.682000000000000000e+03
6.767000000000000000e+03
6.791000000000000000e+03
6.879000000000000000e+03
6.937000000000000000e+03
7.042000000000000000e+03
7.067000000000000000e+03
7.094000000000000000e+03
7.120000000000000000e+03
7.153000000000000000e+03
7.234000000000000000e+03
7.289000000000000000e+03
7.319000000000000000e+03
7.322000000000000000e+03
7.323000000000000000e+03
7.324000000000000000e+03
7.328000000000000000e+03
7.380000000000000000e+03
7.398000000000000000e+03
7.400000000000000000e+03
7.412000000000000000e+03
7.483000000000000000e+03
7.530000000000000000e+03
7.575000000000000000e+03
7.576000000000000000e+03
7.657000000000000000e+03
7.677000000000000000e+03
7.684000000000000000e+03
7.710000000000000000e+03
7.860000000000000000e+03
7.909000000000000000e+03
7.996000000000000000e+03
7.997000000000000000e+03
8.025000000000000000e+03
8.043000000000000000e+03
8.061000000000000000e+03
8.081000000000000000e+03
8.085000000000000000e+03
8.088000000000000000e+03
8.133000000000000000e+03
8.192000000000000000e+03
8.326000000000000000e+03
8.331000000000000000e+03
8.400000000000000000e+03
8.402000000000000000e+03
8.470000000000000000e+03
8.569000000000000000e+03
8.571000000000000000e+03
8.666000000000000000e+03
8.694000000000000000e+03
8.700000000000000000e+03
8.740000000000000000e+03
8.747000000000000000e+03
8.768000000000000000e+03
8.866000000000000000e+03
8.872000000000000000e+03
8.874000000000000000e+03
8.891000000000000000e+03
8.938000000000000000e+03
8.950000000000000000e+03
9.131000000000000000e+03
9.174000000000000000e+03
9.197000000000000000e+03
9.410000000000000000e+03
9.454000000000000000e+03
9.500000000000000000e+03
9.530000000000000000e+03
9.569000000000000000e+03
9.660000000000000000e+03
9.795000000000000000e+03
9.829000000000000000e+03
9.868000000000000000e+03
9.882000000000000000e+03
9.896000000000000000e+03
9.981000000000000000e+03
1.001900000000000000e+04
1.007400000000000000e+04
1.007500000000000000e+04
1.009900000000000000e+04
1.010600000000000000e+04
1.013300000000000000e+04
1.014000000000000000e+04
1.016100000000000000e+04
1.021200000000000000e+04
1.028200000000000000e+04
1.029300000000000000e+04
1.034700000000000000e+04
1.038800000000000000e+04
1.044200000000000000e+04
1.046500000000000000e+04
1.055000000000000000e+04
1.055100000000000000e+04
1.056100000000000000e+04
1.056500000000000000e+04
1.064400000000000000e+04
1.068000000000000000e+04
1.069600000000000000e+04
1.074000000000000000e+04
1.074500000000000000e+04
1.083300000000000000e+04
1.085100000000000000e+04
1.088600000000000000e+04
1.089900000000000000e+04
1.096500000000000000e+04
1.097200000000000000e+04
1.099000000000000000e+04
1.106500000000000000e+04
1.108600000000000000e+04
1.108800000000000000e+04
1.113800000000000000e+04
1.123000000000000000e+04
1.124400000000000000e+04
1.136900000000000000e+04
1.145500000000000000e+04
1.145600000000000000e+04
1.146000000000000000e+04
1.147900000000000000e+04
1.158700000000000000e+04
1.162400000000000000e+04
1.166400000000000000e+04
1.168100000000000000e+04
1.171400000000000000e+04
1.175700000000000000e+04
1.175800000000000000e+04
1.177600000000000000e+04
1.181200000000000000e+04
1.183600000000000000e+04
1.189600000000000000e+04
1.190900000000000000e+04
1.191000000000000000e+04
1.191100000000000000e+04
1.193200000000000000e+04
1.198600000000000000e+04
1.206200000000000000e+04
1.211100000000000000e+04
1.219400000000000000e+04
1.219500000000000000e+04
1.220200000000000000e+04
1.220500000000000000e+04
1.225400000000000000e+04
1.227400000000000000e+04
1.227500000000000000e+04
1.227600000000000000e+04
1.231100000000000000e+04
1.235500000000000000e+04
1.239500000000000000e+04
1.239900000000000000e+04
1.243400000000000000e+04
1.243900000000000000e+04
1.245200000000000000e+04
1.263600000000000000e+04
1.263700000000000000e+04
1.267800000000000000e+04
1.294100000000000000e+04
1.295800000000000000e+04
1.299900000000000000e+04
1.311500000000000000e+04
1.316100000000000000e+04
1.324700000000000000e+04
1.325800000000000000e+04
1.329100000000000000e+04
1.329200000000000000e+04
1.331200000000000000e+04
1.334500000000000000e+04
1.338400000000000000e+04
1.341500000000000000e+04
1.343800000000000000e+04
1.349000000000000000e+04
1.353000000000000000e+04
1.359300000000000000e+04
1.359700000000000000e+04
1.360000000000000000e+04
1.360700000000000000e+04
1.360800000000000000e+04
1.360900000000000000e+04
1.365400000000000000e+04
1.367500000000000000e+04
1.370700000000000000e+04
1.374500000000000000e+04
1.375500000000000000e+04
1.379300000000000000e+04
1.382400000000000000e+04
1.386000000000000000e+04
1.389900000000000000e+04
1.392600000000000000e+04
1.407300000000000000e+04
1.410800000000000000e+04
1.423400000000000000e+04
1.426600000000000000e+04
1.426800000000000000e+04
1.427600000000000000e+04
1.428200000000000000e+04
1.446800000000000000e+04
1.455600000000000000e+04
1.463800000000000000e+04
1.468200000000000000e+04
1.469100000000000000e+04
1.469200000000000000e+04
1.472400000000000000e+04
1.476200000000000000e+04
1.490800000000000000e+04
1.493000000000000000e+04
1.494500000000000000e+04
1.497200000000000000e+04
1.498900000000000000e+04
1.504400000000000000e+04
1.533900000000000000e+04
1.538100000000000000e+04
1.546100000000000000e+04
1.547100000000000000e+04
1.547200000000000000e+04
1.551600000000000000e+04
1.559600000000000000e+04
1.562700000000000000e+04
1.569900000000000000e+04
1.571900000000000000e+04
1.578000000000000000e+04
1.585200000000000000e+04
1.593700000000000000e+04
1.600400000000000000e+04
1.602500000000000000e+04
1.611900000000000000e+04
1.616300000000000000e+04
1.619900000000000000e+04
1.622300000000000000e+04
1.622500000000000000e+04
1.622700000000000000e+04
1.622800000000000000e+04
1.623000000000000000e+04
1.623400000000000000e+04
1.624200000000000000e+04
1.625500000000000000e+04
1.625600000000000000e+04
1.626100000000000000e+04
1.626400000000000000e+04
1.626700000000000000e+04
1.627900000000000000e+04
1.628400000000000000e+04
1.630000000000000000e+04
1.631000000000000000e+04
1.640500000000000000e+04
1.642200000000000000e+04
1.643200000000000000e+04
1.648500000000000000e+04
1.648800000000000000e+04
1.649300000000000000e+04
1.649400000000000000e+04
1.650900000000000000e+04
1.651400000000000000e+04
1.654400000000000000e+04
1.655900000000000000e+04
1.664800000000000000e+04
1.668600000000000000e+04
1.677100000000000000e+04
1.681300000000000000e+04
1.682000000000000000e+04
1.687900000000000000e+04
1.693700000000000000e+04
1.695000000000000000e+04
1.696300000000000000e+04
1.697900000000000000e+04
1.703300000000000000e+04
1.703900000000000000e+04
1.710300000000000000e+04
1.711000000000000000e+04
1.727800000000000000e+04
1.732700000000000000e+04
1.733100000000000000e+04
1.742700000000000000e+04
1.748900000000000000e+04
1.751300000000000000e+04
1.751800000000000000e+04
1.752600000000000000e+04
1.752900000000000000e+04
1.754800000000000000e+04
1.775100000000000000e+04
1.777500000000000000e+04
1.786200000000000000e+04
1.790500000000000000e+04
1.791700000000000000e+04
1.794300000000000000e+04
1.800800000000000000e+04
1.813600000000000000e+04
1.823000000000000000e+04
1.824200000000000000e+04
1.825800000000000000e+04
1.830700000000000000e+04
1.834100000000000000e+04
1.839500000000000000e+04
1.842700000000000000e+04
1.843700000000000000e+04
1.851200000000000000e+04
1.853000000000000000e+04
1.855900000000000000e+04
1.856600000000000000e+04
1.861300000000000000e+04
1.863400000000000000e+04
1.875800000000000000e+04
1.877500000000000000e+04
1.878500000000000000e+04
1.880000000000000000e+04
1.896100000000000000e+04
1.900800000000000000e+04
1.903100000000000000e+04
1.904200000000000000e+04
1.905400000000000000e+04
1.913000000000000000e+04
1.916200000000000000e+04
1.919400000000000000e+04
1.930400000000000000e+04
1.950800000000000000e+04
1.953600000000000000e+04
1.954300000000000000e+04
1.956000000000000000e+04
1.956400000000000000e+04
1.958700000000000000e+04
1.967700000000000000e+04
1.972900000000000000e+04
1.977300000000000000e+04
1.988900000000000000e+04
1.995300000000000000e+04
1.996800000000000000e+04
2.010000000000000000e+04
2.011200000000000000e+04
2.014600000000000000e+04
2.023100000000000000e+04
2.024400000000000000e+04
2.030200000000000000e+04
2.031700000000000000e+04
2.040200000000000000e+04
2.040900000000000000e+04
2.045200000000000000e+04
2.050900000000000000e+04
2.079000000000000000e+04
2.079900000000000000e+04
2.088200000000000000e+04
2.090400000000000000e+04
2.092400000000000000e+04
2.092500000000000000e+04
2.092600000000000000e+04
2.092800000000000000e+04
2.092900000000000000e+04
2.093200000000000000e+04
2.094400000000000000e+04
2.095500000000000000e+04
2.096200000000000000e+04
2.097500000000000000e+04
2.100400000000000000e+04
2.103000000000000000e+04
2.105500000000000000e+04
2.109100000000000000e+04
2.112000000000000000e+04
2.112700000000000000e+04
2.114100000000000000e+04
2.130900000000000000e+04
2.133700000000000000e+04
2.134100000000000000e+04
2.135400000000000000e+04
2.163400000000000000e+04
2.165300000000000000e+04
2.165700000000000000e+04
2.169900000000000000e+04
2.170700000000000000e+04
2.181400000000000000e+04
2.191500000000000000e+04
2.214100000000000000e+04
2.231400000000000000e+04
2.232600000000000000e+04
2.233300000000000000e+04
2.236300000000000000e+04
2.247100000000000000e+04
2.256000000000000000e+04
2.257500000000000000e+04
2.265300000000000000e+04
2.268700000000000000e+04
2.287600000000000000e+04
2.291000000000000000e+04
2.294900000000000000e+04
2.299000000000000000e+04
2.310200000000000000e+04
2.311500000000000000e+04
2.316600000000000000e+04
2.318300000000000000e+04
2.320500000000000000e+04
2.320900000000000000e+04
2.325800000000000000e+04
2.332500000000000000e+04
2.332900000000000000e+04
2.333000000000000000e+04
2.333500000000000000e+04
2.352900000000000000e+04
2.362400000000000000e+04
2.375600000000000000e+04
2.383200000000000000e+04
2.391400000000000000e+04
2.400000000000000000e+04
2.400700000000000000e+04
2.400900000000000000e+04
2.401400000000000000e+04
2.402500000000000000e+04
2.402700000000000000e+04
2.404400000000000000e+04
2.404900000000000000e+04
2.408500000000000000e+04
2.411700000000000000e+04
2.411900000000000000e+04
2.417100000000000000e+04
2.419700000000000000e+04
2.422800000000000000e+04
2.430700000000000000e+04
2.432200000000000000e+04
2.436200000000000000e+04
2.439400000000000000e+04
2.442400000000000000e+04
2.444100000000000000e+04
2.444300000000000000e+04
2.444500000000000000e+04
2.445900000000000000e+04
2.449800000000000000e+04
2.453600000000000000e+04
2.456200000000000000e+04
2.456600000000000000e+04
2.457600000000000000e+04
2.461700000000000000e+04
2.461900000000000000e+04
2.462400000000000000e+04
2.463500000000000000e+04
2.467200000000000000e+04
2.471800000000000000e+04
2.478000000000000000e+04
2.494600000000000000e+04
2.502800000000000000e+04
2.508800000000000000e+04
2.513800000000000000e+04
2.521400000000000000e+04
2.526500000000000000e+04
2.527700000000000000e+04
2.530300000000000000e+04
2.542800000000000000e+04
2.549000000000000000e+04
2.562600000000000000e+04
2.562700000000000000e+04
2.569100000000000000e+04
2.569800000000000000e+04
2.573800000000000000e+04
2.574600000000000000e+04
2.575700000000000000e+04
2.580200000000000000e+04
2.583200000000000000e+04
2.589400000000000000e+04
2.589500000000000000e+04
2.589800000000000000e+04
2.598900000000000000e+04
2.603900000000000000e+04
2.609700000000000000e+04
2.610500000000000000e+04
2.618800000000000000e+04
2.626000000000000000e+04
2.627200000000000000e+04
2.632000000000000000e+04
2.655100000000000000e+04
2.664700000000000000e+04
2.666600000000000000e+04
2.667000000000000000e+04
2.676100000000000000e+04
2.680700000000000000e+04
2.692700000000000000e+04
2.698900000000000000e+04
2.709200000000000000e+04
2.714100000000000000e+04
2.715200000000000000e+04
2.716600000000000000e+04
2.725400000000000000e+04
2.735900000000000000e+04
2.744100000000000000e+04
2.748700000000000000e+04
2.751300000000000000e+04
2.754000000000000000e+04
2.757900000000000000e+04
2.762700000000000000e+04
2.763300000000000000e+04
2.766800000000000000e+04
2.773300000000000000e+04
2.775800000000000000e+04
2.778800000000000000e+04
2.790500000000000000e+04
2.794800000000000000e+04
2.797100000000000000e+04
2.808500000000000000e+04
2.809300000000000000e+04
2.809400000000000000e+04
2.815700000000000000e+04
2.827900000000000000e+04
2.847600000000000000e+04
2.851200000000000000e+04
2.857500000000000000e+04
2.861700000000000000e+04
2.864400000000000000e+04
2.864500000000000000e+04
2.871700000000000000e+04
2.897000000000000000e+04
2.906000000000000000e+04
2.912400000000000000e+04
2.917000000000000000e+04
2.927900000000000000e+04
2.938300000000000000e+04
2.939700000000000000e+04
2.940500000000000000e+04
2.961400000000000000e+04
2.961900000000000000e+04
2.965000000000000000e+04
2.967700000000000000e+04
2.968800000000000000e+04
2.989100000000000000e+04
2.992200000000000000e+04
2.998000000000000000e+04
3.012200000000000000e+04
3.012900000000000000e+04
3.026700000000000000e+04
3.040700000000000000e+04
3.042700000000000000e+04
3.043400000000000000e+04
3.049600000000000000e+04
3.055300000000000000e+04
3.076800000000000000e+04
3.083100000000000000e+04
3.085600000000000000e+04
3.103100000000000000e+04
3.105000000000000000e+04
3.110900000000000000e+04
3.113600000000000000e+04
3.122100000000000000e+04
3.135000000000000000e+04
3.137100000000000000e+04
3.141400000000000000e+04
3.142400000000000000e+04
3.143800000000000000e+04
3.174000000000000000e+04
3.176100000000000000e+04
3.185300000000000000e+04
3.190400000000000000e+04
3.204100000000000000e+04
3.216600000000000000e+04
3.217100000000000000e+04
3.218000000000000000e+04
3.225100000000000000e+04
3.245800000000000000e+04
3.248100000000000000e+04
3.251000000000000000e+04
3.260200000000000000e+04
3.271700000000000000e+04
3.275800000000000000e+04
3.282800000000000000e+04
3.297900000000000000e+04
3.299700000000000000e+04
3.305900000000000000e+04
3.310900000000000000e+04
3.326500000000000000e+04
3.341900000000000000e+04
3.358500000000000000e+04
3.360200000000000000e+04
3.364600000000000000e+04
3.369200000000000000e+04
3.374700000000000000e+04
3.374800000000000000e+04
3.374900000000000000e+04
3.376400000000000000e+04
3.381000000000000000e+04
3.384800000000000000e+04
3.386000000000000000e+04
3.392300000000000000e+04
3.395600000000000000e+04
3.397400000000000000e+04
3.411100000000000000e+04
3.415400000000000000e+04
3.434200000000000000e+04
3.446900000000000000e+04
3.451700000000000000e+04
3.460900000000000000e+04
3.461200000000000000e+04
3.463200000000000000e+04
3.464500000000000000e+04
3.466600000000000000e+04
3.466900000000000000e+04
3.468700000000000000e+04
3.478100000000000000e+04
3.488800000000000000e+04
3.493700000000000000e+04
3.496400000000000000e+04
3.504800000000000000e+04
3.506000000000000000e+04
3.506200000000000000e+04
3.520500000000000000e+04
3.521900000000000000e+04
3.523300000000000000e+04
3.530500000000000000e+04
3.533500000000000000e+04
3.537400000000000000e+04
3.538300000000000000e+04
3.539500000000000000e+04
3.549500000000000000e+04
3.554100000000000000e+04
3.557100000000000000e+04
3.574900000000000000e+04
3.579900000000000000e+04
3.590400000000000000e+04
3.593300000000000000e+04
3.608200000000000000e+04
3.617700000000000000e+04
3.630400000000000000e+04
3.632300000000000000e+04
3.633400000000000000e+04
3.637200000000000000e+04
3.638800000000000000e+04
3.642100000000000000e+04
3.643400000000000000e+04
3.645300000000000000e+04
3.651700000000000000e+04
3.652900000000000000e+04
3.659100000000000000e+04
3.661000000000000000e+04
3.670200000000000000e+04
3.696000000000000000e+04
3.701100000000000000e+04
3.705700000000000000e+04
3.706300000000000000e+04
3.713600000000000000e+04
3.724900000000000000e+04
3.748000000000000000e+04
3.751100000000000000e+04
3.776400000000000000e+04
3.803000000000000000e+04
3.803400000000000000e+04
3.803500000000000000e+04
3.804100000000000000e+04
3.804500000000000000e+04
3.804700000000000000e+04
3.804900000000000000e+04
3.805000000000000000e+04
3.807700000000000000e+04
3.810100000000000000e+04
3.814800000000000000e+04
3.818600000000000000e+04
3.822500000000000000e+04
3.835600000000000000e+04
3.836200000000000000e+04
3.848200000000000000e+04
3.863300000000000000e+04
3.863400000000000000e+04
3.866900000000000000e+04
3.867800000000000000e+04
3.868100000000000000e+04
3.868700000000000000e+04
3.868800000000000000e+04
3.872800000000000000e+04
3.879600000000000000e+04
3.880800000000000000e+04
3.883800000000000000e+04
3.889000000000000000e+04
3.902500000000000000e+04
3.903500000000000000e+04
3.911700000000000000e+04
3.917700000000000000e+04
3.920700000000000000e+04
3.928300000000000000e+04
3.931900000000000000e+04
3.941700000000000000e+04
3.948600000000000000e+04
3.958200000000000000e+04
3.966300000000000000e+04
3.972500000000000000e+04
3.974300000000000000e+04
3.974400000000000000e+04
3.978500000000000000e+04
3.981300000000000000e+04
3.996700000000000000e+04
4.014800000000000000e+04
4.039300000000000000e+04
4.040200000000000000e+04
4.046200000000000000e+04
4.051300000000000000e+04
4.055400000000000000e+04
4.056000000000000000e+04
4.058600000000000000e+04
4.060700000000000000e+04
4.065800000000000000e+04
4.071400000000000000e+04
4.071900000000000000e+04
4.074600000000000000e+04
4.077800000000000000e+04
4.087000000000000000e+04
4.101000000000000000e+04
4.109600000000000000e+04
4.112200000000000000e+04
4.125100000000000000e+04
4.127000000000000000e+04
4.129600000000000000e+04
4.137400000000000000e+04
4.137900000000000000e+04
4.148400000000000000e+04
4.157600000000000000e+04
4.163300000000000000e+04
4.189000000000000000e+04
4.189300000000000000e+04
4.202200000000000000e+04
4.208300000000000000e+04
4.213300000000000000e+04
4.217900000000000000e+04
4.218700000000000000e+04
4.218900000000000000e+04
4.236400000000000000e+04
4.243000000000000000e+04
4.248800000000000000e+04
4.261100000000000000e+04
4.269700000000000000e+04
4.271500000000000000e+04
4.278100000000000000e+04
4.282100000000000000e+04
4.338100000000000000e+04
4.345600000000000000e+04
4.347300000000000000e+04
4.348400000000000000e+04
4.349900000000000000e+04
4.350400000000000000e+04
4.350700000000000000e+04
4.356900000000000000e+04
4.364900000000000000e+04
4.365000000000000000e+04
4.365300000000000000e+04
4.370200000000000000e+04
4.376700000000000000e+04
4.381800000000000000e+04
4.390300000000000000e+04
4.394100000000000000e+04
4.401000000000000000e+04
4.408000000000000000e+04
4.412800000000000000e+04
4.420700000000000000e+04
4.427400000000000000e+04
4.431700000000000000e+04
4.431900000000000000e+04
4.432000000000000000e+04
4.440400000000000000e+04
4.443100000000000000e+04
4.443200000000000000e+04
4.446300000000000000e+04
4.452700000000000000e+04
4.452800000000000000e+04
4.471900000000000000e+04
4.502300000000000000e+04
4.507100000000000000e+04
4.519900000000000000e+04
4.520300000000000000e+04
4.527900000000000000e+04
4.532200000000000000e+04
4.532600000000000000e+04
4.532700000000000000e+04
4.532900000000000000e+04
4.533000000000000000e+04
4.533100000000000000e+04
4.533200000000000000e+04
4.537100000000000000e+04
4.537700000000000000e+04
4.545700000000000000e+04
4.559700000000000000e+04
4.579500000000000000e+04
4.600900000000000000e+04
4.607300000000000000e+04
4.631900000000000000e+04
4.646100000000000000e+04
4.648700000000000000e+04
4.658900000000000000e+04
4.666200000000000000e+04
4.666300000000000000e+04
4.667200000000000000e+04
4.669200000000000000e+04
4.672100000000000000e+04
4.676800000000000000e+04
4.688900000000000000e+04
4.693400000000000000e+04
4.693500000000000000e+04
4.698000000000000000e+04
4.699800000000000000e+04
4.731400000000000000e+04
4.737600000000000000e+04
4.748100000000000000e+04
4.759200000000000000e+04
4.774700000000000000e+04
4.777200000000000000e+04
4.778200000000000000e+04
4.778400000000000000e+04
4.787700000000000000e+04
4.798200000000000000e+04
4.802600000000000000e+04
4.803900000000000000e+04
4.805000000000000000e+04
4.805900000000000000e+04
4.817000000000000000e+04
4.818800000000000000e+04
4.820200000000000000e+04
4.821000000000000000e+04
4.823600000000000000e+04
4.824900000000000000e+04
4.829700000000000000e+04
4.834800000000000000e+04
4.838600000000000000e+04
4.843300000000000000e+04
4.843500000000000000e+04
4.854200000000000000e+04
4.859200000000000000e+04
4.867900000000000000e+04
4.873600000000000000e+04
4.873900000000000000e+04
4.880000000000000000e+04
4.883300000000000000e+04
4.900100000000000000e+04
4.904400000000000000e+04
4.912100000000000000e+04
4.917300000000000000e+04
4.926500000000000000e+04
4.934300000000000000e+04
4.935600000000000000e+04
4.939000000000000000e+04
4.953900000000000000e+04
4.958200000000000000e+04
4.967600000000000000e+04
4.992100000000000000e+04
4.996000000000000000e+04
4.998500000000000000e+04
5.007300000000000000e+04
5.010200000000000000e+04
5.016400000000000000e+04
5.026600000000000000e+04
5.031100000000000000e+04
5.033100000000000000e+04
5.038400000000000000e+04
5.054500000000000000e+04
5.062000000000000000e+04
5.080000000000000000e+04
5.081300000000000000e+04
5.082300000000000000e+04
5.085200000000000000e+04
5.093800000000000000e+04
5.094600000000000000e+04
5.095100000000000000e+04
5.104200000000000000e+04
5.114700000000000000e+04
5.116600000000000000e+04
5.120100000000000000e+04
5.133200000000000000e+04
5.136300000000000000e+04
5.145700000000000000e+04
5.146500000000000000e+04
5.155900000000000000e+04
5.156500000000000000e+04
5.171900000000000000e+04
5.183800000000000000e+04
5.183900000000000000e+04
5.195600000000000000e+04
5.200700000000000000e+04
5.201600000000000000e+04
5.213700000000000000e+04
5.215800000000000000e+04
5.216400000000000000e+04
5.217400000000000000e+04
5.222200000000000000e+04
5.239900000000000000e+04
5.240800000000000000e+04
5.241400000000000000e+04
5.251500000000000000e+04
5.251600000000000000e+04
5.259200000000000000e+04
5.259700000000000000e+04
5.259800000000000000e+04
5.260100000000000000e+04
5.263300000000000000e+04
5.273100000000000000e+04
5.277000000000000000e+04
5.301600000000000000e+04
5.305900000000000000e+04
5.307500000000000000e+04
5.307800000000000000e+04
5.316100000000000000e+04
5.321300000000000000e+04
5.348800000000000000e+04
5.352000000000000000e+04
5.357700000000000000e+04
5.364000000000000000e+04
5.378700000000000000e+04
5.384400000000000000e+04
5.385400000000000000e+04
5.391300000000000000e+04
5.395300000000000000e+04
5.401300000000000000e+04
5.404700000000000000e+04
5.410200000000000000e+04
5.413100000000000000e+04
5.448600000000000000e+04
5.453100000000000000e+04
5.455600000000000000e+04
5.473900000000000000e+04
5.475800000000000000e+04
5.478100000000000000e+04
5.489800000000000000e+04
5.506800000000000000e+04
5.508800000000000000e+04
5.516300000000000000e+04
5.516400000000000000e+04
5.516900000000000000e+04
5.523000000000000000e+04
5.531700000000000000e+04
5.531900000000000000e+04
5.543400000000000000e+04
5.560000000000000000e+04
5.560200000000000000e+04
5.560700000000000000e+04
5.566900000000000000e+04
5.571500000000000000e+04
5.572500000000000000e+04
5.603300000000000000e+04
5.607000000000000000e+04
5.612600000000000000e+04
5.615100000000000000e+04
5.626500000000000000e+04
5.627300000000000000e+04
5.636300000000000000e+04
5.640000000000000000e+04
5.651100000000000000e+04
5.652000000000000000e+04
5.659100000000000000e+04
5.666400000000000000e+04
5.679800000000000000e+04
5.682500000000000000e+04
5.691700000000000000e+04
5.705500000000000000e+04
5.712200000000000000e+04
5.712800000000000000e+04
5.722400000000000000e+04
5.724200000000000000e+04
5.724600000000000000e+04
5.728900000000000000e+04
5.732700000000000000e+04
5.736600000000000000e+04
5.736800000000000000e+04
5.742400000000000000e+04
5.749600000000000000e+04
5.757000000000000000e+04
5.761600000000000000e+04
5.771400000000000000e+04
5.775500000000000000e+04
5.809400000000000000e+04
5.809500000000000000e+04
5.826900000000000000e+04
5.827900000000000000e+04
5.835200000000000000e+04
5.835700000000000000e+04
5.853700000000000000e+04
5.855000000000000000e+04
5.862100000000000000e+04
5.864600000000000000e+04
5.881400000000000000e+04
5.885200000000000000e+04
5.901600000000000000e+04
5.904300000000000000e+04
5.915300000000000000e+04
5.915900000000000000e+04
5.926200000000000000e+04
5.928900000000000000e+04
5.946900000000000000e+04
5.953500000000000000e+04
5.953600000000000000e+04
5.964500000000000000e+04
5.976500000000000000e+04
5.996500000000000000e+04
6.002800000000000000e+04
6.006000000000000000e+04
6.027400000000000000e+04
6.028900000000000000e+04
6.030300000000000000e+04
6.030600000000000000e+04
6.033900000000000000e+04
6.034100000000000000e+04
6.037000000000000000e+04
6.039600000000000000e+04
6.046300000000000000e+04
6.054000000000000000e+04
6.069400000000000000e+04
6.072400000000000000e+04
6.074400000000000000e+04
6.079500000000000000e+04
6.085000000000000000e+04
6.100300000000000000e+04
6.100900000000000000e+04
6.101200000000000000e+04
6.105000000000000000e+04
6.110700000000000000e+04
6.115800000000000000e+04
6.123100000000000000e+04
6.123300000000000000e+04
6.124400000000000000e+04
6.125000000000000000e+04
6.125100000000000000e+04
6.132300000000000000e+04
6.135900000000000000e+04
6.140800000000000000e+04
6.144900000000000000e+04
6.149300000000000000e+04
6.153800000000000000e+04
6.164000000000000000e+04
6.184100000000000000e+04
6.187100000000000000e+04
6.214800000000000000e+04
6.218400000000000000e+04
6.222400000000000000e+04
6.229900000000000000e+04
6.238900000000000000e+04
6.257200000000000000e+04
6.257500000000000000e+04
6.260900000000000000e+04
6.263700000000000000e+04
6.268200000000000000e+04
6.290600000000000000e+04
6.308100000000000000e+04
6.326700000000000000e+04
6.328500000000000000e+04
6.330800000000000000e+04
6.334400000000000000e+04
6.334500000000000000e+04
6.334600000000000000e+04
6.373200000000000000e+04
6.373400000000000000e+04
6.380100000000000000e+04
6.391200000000000000e+04
6.395100000000000000e+04
6.395700000000000000e+04
6.404900000000000000e+04
6.409000000000000000e+04
6.412500000000000000e+04
6.431200000000000000e+04
6.432100000000000000e+04
6.446200000000000000e+04
6.465800000000000000e+04
6.484800000000000000e+04
6.492000000000000000e+04
6.503600000000000000e+04
6.517700000000000000e+04
6.541800000000000000e+04
6.545300000000000000e+04
6.548500000000000000e+04
6.551000000000000000e+04
6.563500000000000000e+04
6.571000000000000000e+04
6.577300000000000000e+04
6.594100000000000000e+04
6.602800000000000000e+04
6.612700000000000000e+04
6.615300000000000000e+04
6.646800000000000000e+04
6.657000000000000000e+04
6.659100000000000000e+04
6.659900000000000000e+04
6.689600000000000000e+04
6.690200000000000000e+04
6.690300000000000000e+04
6.692700000000000000e+04
6.705200000000000000e+04
6.708200000000000000e+04
6.708300000000000000e+04
6.708500000000000000e+04
6.711100000000000000e+04
6.712100000000000000e+04
6.712900000000000000e+04
6.719400000000000000e+04
6.720600000000000000e+04
6.732400000000000000e+04
6.734000000000000000e+04
6.738500000000000000e+04
6.745000000000000000e+04
6.746400000000000000e+04
6.749000000000000000e+04
6.750200000000000000e+04
6.757500000000000000e+04
6.765800000000000000e+04
6.766400000000000000e+04
6.787800000000000000e+04
6.797200000000000000e+04
6.802600000000000000e+04
6.803800000000000000e+04
6.806400000000000000e+04
6.806900000000000000e+04
6.824100000000000000e+04
6.837300000000000000e+04
6.843200000000000000e+04
6.849200000000000000e+04
6.877800000000000000e+04
6.878300000000000000e+04
6.901500000000000000e+04
6.912000000000000000e+04
6.927700000000000000e+04
6.928200000000000000e+04
6.956200000000000000e+04
6.957000000000000000e+04
6.986900000000000000e+04
6.993600000000000000e+04
7.005700000000000000e+04
7.021900000000000000e+04
7.028100000000000000e+04
7.037900000000000000e+04
7.044300000000000000e+04
7.060100000000000000e+04
7.060900000000000000e+04
7.071100000000000000e+04
7.073500000000000000e+04
7.073900000000000000e+04
7.088200000000000000e+04
7.088300000000000000e+04
7.098000000000000000e+04
7.099700000000000000e+04
7.101000000000000000e+04
7.114200000000000000e+04
7.120700000000000000e+04
7.145600000000000000e+04
7.148800000000000000e+04
7.157700000000000000e+04
7.161000000000000000e+04
7.189100000000000000e+04
7.196500000000000000e+04
7.198500000000000000e+04
7.199700000000000000e+04
7.207600000000000000e+04
7.220600000000000000e+04
7.222500000000000000e+04
7.224900000000000000e+04
7.252300000000000000e+04
7.270500000000000000e+04
7.275300000000000000e+04
7.276400000000000000e+04
7.285800000000000000e+04
7.299400000000000000e+04
7.301200000000000000e+04
7.322700000000000000e+04
7.331300000000000000e+04
7.334700000000000000e+04
7.335500000000000000e+04
7.338300000000000000e+04
7.350500000000000000e+04
7.359900000000000000e+04
7.388200000000000000e+04
7.395000000000000000e+04
7.396600000000000000e+04
7.409600000000000000e+04
7.422800000000000000e+04
7.427300000000000000e+04
7.433500000000000000e+04
7.465600000000000000e+04
7.494200000000000000e+04
7.510500000000000000e+04
7.514000000000000000e+04
7.531600000000000000e+04
7.535700000000000000e+04
7.542700000000000000e+04
7.568000000000000000e+04
7.585000000000000000e+04
7.585900000000000000e+04
7.590000000000000000e+04
7.590200000000000000e+04
7.597600000000000000e+04
7.599500000000000000e+04
7.611300000000000000e+04
7.618000000000000000e+04
7.621300000000000000e+04
7.621700000000000000e+04
7.622200000000000000e+04
7.628700000000000000e+04
7.632000000000000000e+04
7.632600000000000000e+04
7.673000000000000000e+04
7.675700000000000000e+04
7.678500000000000000e+04
7.680000000000000000e+04
7.690300000000000000e+04
7.690800000000000000e+04
7.696600000000000000e+04
7.711700000000000000e+04
7.728500000000000000e+04
7.730500000000000000e+04
7.734000000000000000e+04
7.751600000000000000e+04
7.767800000000000000e+04
7.769800000000000000e+04
7.785300000000000000e+04
7.804700000000000000e+04
7.813500000000000000e+04
7.845100000000000000e+04
7.860600000000000000e+04
7.860700000000000000e+04
7.861200000000000000e+04
7.862600000000000000e+04
7.864200000000000000e+04
7.867500000000000000e+04
7.872200000000000000e+04
7.875400000000000000e+04
7.882000000000000000e+04
7.888800000000000000e+04
7.898700000000000000e+04
7.902600000000000000e+04
7.903800000000000000e+04
7.907700000000000000e+04
7.936800000000000000e+04
7.952100000000000000e+04
7.954700000000000000e+04
8.009700000000000000e+04
8.024000000000000000e+04
8.054000000000000000e+04
8.069200000000000000e+04
8.100100000000000000e+04
8.124700000000000000e+04
8.143200000000000000e+04
8.148200000000000000e+04
8.170800000000000000e+04
8.210600000000000000e+04
8.213900000000000000e+04
8.215200000000000000e+04
8.229700000000000000e+04
8.238600000000000000e+04
8.243800000000000000e+04
8.250900000000000000e+04
8.253200000000000000e+04
8.263700000000000000e+04
8.290500000000000000e+04
8.305100000000000000e+04
8.318900000000000000e+04
8.319700000000000000e+04
8.319900000000000000e+04
8.333600000000000000e+04
8.335400000000000000e+04
8.348600000000000000e+04
8.365700000000000000e+04
8.366200000000000000e+04
8.368500000000000000e+04
8.381200000000000000e+04
8.385900000000000000e+04
8.386400000000000000e+04
8.396000000000000000e+04
8.403200000000000000e+04
8.407000000000000000e+04
8.410700000000000000e+04
8.420200000000000000e+04
8.454600000000000000e+04
8.456800000000000000e+04
8.477200000000000000e+04
8.477800000000000000e+04
8.479500000000000000e+04
8.496900000000000000e+04
8.515100000000000000e+04
8.537000000000000000e+04
8.558800000000000000e+04
8.567200000000000000e+04
8.569400000000000000e+04
8.584300000000000000e+04
8.584700000000000000e+04
8.586800000000000000e+04
8.589900000000000000e+04
8.599900000000000000e+04
8.633200000000000000e+04
8.635400000000000000e+04
8.640500000000000000e+04
8.689000000000000000e+04
8.696300000000000000e+04
8.697600000000000000e+04
8.700400000000000000e+04
8.709200000000000000e+04
8.717600000000000000e+04
8.719000000000000000e+04
8.720100000000000000e+04
8.720400000000000000e+04
8.721500000000000000e+04
