2.894000000000000000e+03
2.895000000000000000e+03
3.701000000000000000e+03
5.014000000000000000e+03
5.015000000000000000e+03
5.016000000000000000e+03
5.017000000000000000e+03
5.019000000000000000e+03
5.023000000000000000e+03
5.026000000000000000e+03
5.052000000000000000e+03
5.233000000000000000e+03
5.908000000000000000e+03
6.256000000000000000e+03
6.798000000000000000e+03
8.011000000000000000e+03
8.012000000000000000e+03
8.013000000000000000e+03
8.014000000000000000e+03
8.015000000000000000e+03
8.016000000000000000e+03
8.017000000000000000e+03
8.018000000000000000e+03
8.019000000000000000e+03
8.020000000000000000e+03
1.196000000000000000e+04
1.196100000000000000e+04
1.196200000000000000e+04
1.196300000000000000e+04
1.196400000000000000e+04
1.196500000000000000e+04
1.196600000000000000e+04
1.196700000000000000e+04
1.196800000000000000e+04
1.196900000000000000e+04
1.197000000000000000e+04
1.197100000000000000e+04
1.197200000000000000e+04
1.197300000000000000e+04
1.197400000000000000e+04
1.197600000000000000e+04
1.197700000000000000e+04
1.197800000000000000e+04
1.197900000000000000e+04
1.198000000000000000e+04
1.198100000000000000e+04
1.198200000000000000e+04
1.198300000000000000e+04
1.198400000000000000e+04
1.198500000000000000e+04
1.198600000000000000e+04
1.198700000000000000e+04
1.198800000000000000e+04
1.198900000000000000e+04
1.199000000000000000e+04
1.199100000000000000e+04
1.199200000000000000e+04
1.199300000000000000e+04
1.199400000000000000e+04
1.199500000000000000e+04
1.199600000000000000e+04
1.199700000000000000e+04
1.199800000000000000e+04
1.199900000000000000e+04
1.200000000000000000e+04
1.200100000000000000e+04
1.200200000000000000e+04
1.200300000000000000e+04
1.200400000000000000e+04
1.205000000000000000e+04
1.208100000000000000e+04
1.232300000000000000e+04
1.232400000000000000e+04
1.232500000000000000e+04
1.232700000000000000e+04
1.232800000000000000e+04
1.232900000000000000e+04
1.233000000000000000e+04
1.233100000000000000e+04
1.314500000000000000e+04
1.314600000000000000e+04
1.374400000000000000e+04
1.374600000000000000e+04
1.591000000000000000e+04
1.867000000000000000e+04
1.886900000000000000e+04
1.887000000000000000e+04
1.887100000000000000e+04
1.887200000000000000e+04
1.887300000000000000e+04
1.887400000000000000e+04
1.961200000000000000e+04
1.966700000000000000e+04
1.966800000000000000e+04
1.967200000000000000e+04
1.967300000000000000e+04
1.967500000000000000e+04
2.005300000000000000e+04
2.005500000000000000e+04
2.005600000000000000e+04
2.005700000000000000e+04
2.035000000000000000e+04
2.099700000000000000e+04
2.099800000000000000e+04
2.099900000000000000e+04
2.100200000000000000e+04
2.213700000000000000e+04
2.214000000000000000e+04
2.335600000000000000e+04
2.335700000000000000e+04
2.335800000000000000e+04
2.335900000000000000e+04
2.336000000000000000e+04
2.336100000000000000e+04
2.336200000000000000e+04
2.336300000000000000e+04
2.622800000000000000e+04
2.768800000000000000e+04
2.799600000000000000e+04
2.889300000000000000e+04
2.889600000000000000e+04
2.889800000000000000e+04
2.996400000000000000e+04
2.997800000000000000e+04
2.997900000000000000e+04
2.998500000000000000e+04
3.120200000000000000e+04
3.289200000000000000e+04
3.289300000000000000e+04
3.289600000000000000e+04
3.289700000000000000e+04
3.289800000000000000e+04
3.289900000000000000e+04
3.290000000000000000e+04
3.290100000000000000e+04
3.290200000000000000e+04
3.290300000000000000e+04
3.290400000000000000e+04
3.290600000000000000e+04
3.290700000000000000e+04
3.290800000000000000e+04
3.290900000000000000e+04
3.291000000000000000e+04
3.499700000000000000e+04
3.499900000000000000e+04
3.500100000000000000e+04
3.500200000000000000e+04
3.500300000000000000e+04
3.500400000000000000e+04
3.500500000000000000e+04
3.500600000000000000e+04
3.500800000000000000e+04
3.503200000000000000e+04
3.594000000000000000e+04
3.594100000000000000e+04
3.594300000000000000e+04
3.594400000000000000e+04
3.626400000000000000e+04
3.706400000000000000e+04
3.706500000000000000e+04
3.754100000000000000e+04
3.758100000000000000e+04
3.758200000000000000e+04
3.783200000000000000e+04
3.800800000000000000e+04
3.889100000000000000e+04
3.963300000000000000e+04
3.963500000000000000e+04
3.963600000000000000e+04
3.979400000000000000e+04
3.979500000000000000e+04
3.979600000000000000e+04
3.979700000000000000e+04
3.979800000000000000e+04
4.008100000000000000e+04
4.008200000000000000e+04
4.008300000000000000e+04
4.008500000000000000e+04
4.106700000000000000e+04
4.106900000000000000e+04
4.107200000000000000e+04
4.107800000000000000e+04
4.107900000000000000e+04
4.147500000000000000e+04
4.192900000000000000e+04
4.222800000000000000e+04
4.345300000000000000e+04
4.367300000000000000e+04
4.372200000000000000e+04
4.372400000000000000e+04
4.372500000000000000e+04
4.372600000000000000e+04
4.372700000000000000e+04
4.372900000000000000e+04
4.373000000000000000e+04
4.373100000000000000e+04
4.373200000000000000e+04
4.386800000000000000e+04
4.387000000000000000e+04
4.388100000000000000e+04
4.404900000000000000e+04
4.405000000000000000e+04
4.405100000000000000e+04
4.489400000000000000e+04
4.489500000000000000e+04
4.498000000000000000e+04
4.498100000000000000e+04
4.498200000000000000e+04
4.498400000000000000e+04
4.502000000000000000e+04
4.533300000000000000e+04
4.635700000000000000e+04
4.635800000000000000e+04
4.635900000000000000e+04
4.733100000000000000e+04
4.758900000000000000e+04
4.759100000000000000e+04
4.759500000000000000e+04
4.829900000000000000e+04
4.830000000000000000e+04
4.848900000000000000e+04
4.849300000000000000e+04
4.875500000000000000e+04
4.875600000000000000e+04
5.038200000000000000e+04
5.044600000000000000e+04
5.056200000000000000e+04
5.056300000000000000e+04
5.056400000000000000e+04
5.056500000000000000e+04
5.056700000000000000e+04
5.056800000000000000e+04
5.056900000000000000e+04
5.057000000000000000e+04
5.057100000000000000e+04
5.057200000000000000e+04
5.057300000000000000e+04
5.057400000000000000e+04
5.057500000000000000e+04
5.057700000000000000e+04
5.062800000000000000e+04
5.099500000000000000e+04
5.132800000000000000e+04
5.133100000000000000e+04
5.134700000000000000e+04
5.281000000000000000e+04
5.407300000000000000e+04
5.468800000000000000e+04
5.498400000000000000e+04
5.501700000000000000e+04
5.577800000000000000e+04
5.578800000000000000e+04
5.580700000000000000e+04
5.594200000000000000e+04
5.612900000000000000e+04
5.613000000000000000e+04
5.645200000000000000e+04
5.729400000000000000e+04
5.767700000000000000e+04
5.774000000000000000e+04
5.774100000000000000e+04
5.797700000000000000e+04
5.821600000000000000e+04
5.842600000000000000e+04
5.849600000000000000e+04
5.853300000000000000e+04
5.855800000000000000e+04
5.928300000000000000e+04
5.950100000000000000e+04
5.950200000000000000e+04
5.973500000000000000e+04
5.979300000000000000e+04
5.982100000000000000e+04
5.982300000000000000e+04
5.999200000000000000e+04
6.045400000000000000e+04
6.145100000000000000e+04
6.145500000000000000e+04
6.145600000000000000e+04
6.161800000000000000e+04
6.164200000000000000e+04
6.164300000000000000e+04
6.165400000000000000e+04
6.175300000000000000e+04
6.175400000000000000e+04
6.175600000000000000e+04
6.352400000000000000e+04
6.370600000000000000e+04
6.378900000000000000e+04
6.379000000000000000e+04
6.379100000000000000e+04
6.457000000000000000e+04
6.457100000000000000e+04
6.482300000000000000e+04
6.482500000000000000e+04
6.520400000000000000e+04
6.561500000000000000e+04
6.561900000000000000e+04
6.621700000000000000e+04
6.633900000000000000e+04
6.636900000000000000e+04
6.637000000000000000e+04
6.637100000000000000e+04
6.638900000000000000e+04
6.639100000000000000e+04
6.642000000000000000e+04
6.655000000000000000e+04
6.706700000000000000e+04
6.706800000000000000e+04
6.706900000000000000e+04
6.707000000000000000e+04
6.707200000000000000e+04
6.707300000000000000e+04
6.707400000000000000e+04
6.707500000000000000e+04
6.759800000000000000e+04
6.798200000000000000e+04
6.820300000000000000e+04
6.820400000000000000e+04
6.820500000000000000e+04
6.820700000000000000e+04
6.918700000000000000e+04
7.059100000000000000e+04
7.059200000000000000e+04
7.059300000000000000e+04
7.060000000000000000e+04
7.060100000000000000e+04
7.060200000000000000e+04
7.060300000000000000e+04
7.060500000000000000e+04
7.060700000000000000e+04
7.060800000000000000e+04
7.060900000000000000e+04
7.061000000000000000e+04
7.061200000000000000e+04
7.061300000000000000e+04
7.061500000000000000e+04
7.061600000000000000e+04
7.061800000000000000e+04
7.062000000000000000e+04
7.062100000000000000e+04
7.062200000000000000e+04
7.062300000000000000e+04
7.062400000000000000e+04
7.062500000000000000e+04
7.062600000000000000e+04
7.062800000000000000e+04
7.063500000000000000e+04
7.063600000000000000e+04
7.063700000000000000e+04
7.063800000000000000e+04
7.064000000000000000e+04
7.068200000000000000e+04
7.068400000000000000e+04
7.086200000000000000e+04
7.210600000000000000e+04
7.211400000000000000e+04
7.211600000000000000e+04
7.211700000000000000e+04
7.211800000000000000e+04
7.211900000000000000e+04
7.212000000000000000e+04
7.212100000000000000e+04
7.212200000000000000e+04
7.212300000000000000e+04
7.212400000000000000e+04
7.212500000000000000e+04
7.212600000000000000e+04
7.212800000000000000e+04
7.296000000000000000e+04
7.364400000000000000e+04
7.364500000000000000e+04
7.474400000000000000e+04
7.524200000000000000e+04
7.524300000000000000e+04
7.524400000000000000e+04
7.524500000000000000e+04
7.548500000000000000e+04
7.550500000000000000e+04
7.557000000000000000e+04
7.684800000000000000e+04
7.684900000000000000e+04
7.736200000000000000e+04
7.736400000000000000e+04
7.736500000000000000e+04
7.736700000000000000e+04
7.736800000000000000e+04
7.736900000000000000e+04
7.737100000000000000e+04
7.737300000000000000e+04
7.737400000000000000e+04
7.737500000000000000e+04
7.737600000000000000e+04
7.737900000000000000e+04
7.738000000000000000e+04
7.770100000000000000e+04
7.770200000000000000e+04
7.770300000000000000e+04
7.770500000000000000e+04
7.774300000000000000e+04
7.774400000000000000e+04
7.774500000000000000e+04
7.774800000000000000e+04
7.777900000000000000e+04
7.780800000000000000e+04
7.786500000000000000e+04
7.786600000000000000e+04
7.786700000000000000e+04
7.817200000000000000e+04
7.817300000000000000e+04
7.817400000000000000e+04
7.840900000000000000e+04
7.861600000000000000e+04
7.867100000000000000e+04
7.867300000000000000e+04
7.976400000000000000e+04
8.001500000000000000e+04
8.037800000000000000e+04
8.037900000000000000e+04
8.038000000000000000e+04
8.075400000000000000e+04
8.075500000000000000e+04
8.075600000000000000e+04
8.075700000000000000e+04
8.075800000000000000e+04
8.075900000000000000e+04
8.076000000000000000e+04
8.076100000000000000e+04
8.076200000000000000e+04
8.076400000000000000e+04
8.076800000000000000e+04
8.081500000000000000e+04
8.081600000000000000e+04
8.098300000000000000e+04
8.098400000000000000e+04
8.098500000000000000e+04
8.098600000000000000e+04
8.133600000000000000e+04
8.156500000000000000e+04
8.156800000000000000e+04
8.178300000000000000e+04
8.178400000000000000e+04
8.178500000000000000e+04
8.249700000000000000e+04
8.291400000000000000e+04
8.298200000000000000e+04
8.298300000000000000e+04
8.371100000000000000e+04
8.371200000000000000e+04
8.371300000000000000e+04
8.371400000000000000e+04
8.371500000000000000e+04
8.371600000000000000e+04
8.373600000000000000e+04
8.374700000000000000e+04
8.374800000000000000e+04
8.390000000000000000e+04
8.390100000000000000e+04
8.390200000000000000e+04
8.390300000000000000e+04
8.390400000000000000e+04
8.390500000000000000e+04
8.390600000000000000e+04
8.390700000000000000e+04
8.390800000000000000e+04
8.390900000000000000e+04
8.391000000000000000e+04
8.393200000000000000e+04
8.395400000000000000e+04
8.395500000000000000e+04
8.395600000000000000e+04
8.395700000000000000e+04
8.403200000000000000e+04
8.403300000000000000e+04
8.439300000000000000e+04
8.441700000000000000e+04
8.443800000000000000e+04
8.449100000000000000e+04
8.459700000000000000e+04
8.459800000000000000e+04
8.459900000000000000e+04
8.460000000000000000e+04
8.460100000000000000e+04
8.460200000000000000e+04
8.460300000000000000e+04
8.460400000000000000e+04
8.460500000000000000e+04
8.460600000000000000e+04
8.460700000000000000e+04
8.460800000000000000e+04
8.460900000000000000e+04
8.461000000000000000e+04
8.461100000000000000e+04
8.461200000000000000e+04
8.461300000000000000e+04
8.461400000000000000e+04
8.461500000000000000e+04
8.461600000000000000e+04
8.461700000000000000e+04
8.461800000000000000e+04
8.461900000000000000e+04
8.462000000000000000e+04
8.462100000000000000e+04
8.462200000000000000e+04
8.462300000000000000e+04
8.462400000000000000e+04
8.462500000000000000e+04
8.462600000000000000e+04
8.462700000000000000e+04
8.462800000000000000e+04
8.462900000000000000e+04
8.469200000000000000e+04
8.469300000000000000e+04
8.469600000000000000e+04
8.519300000000000000e+04
8.555500000000000000e+04
8.555700000000000000e+04
8.555900000000000000e+04
8.556200000000000000e+04
8.556300000000000000e+04
8.556500000000000000e+04
8.563400000000000000e+04
8.563500000000000000e+04
8.578800000000000000e+04
8.647900000000000000e+04
8.648900000000000000e+04
8.656000000000000000e+04
8.656100000000000000e+04
8.658200000000000000e+04
8.658300000000000000e+04
8.658400000000000000e+04
8.658500000000000000e+04
8.658600000000000000e+04
8.658700000000000000e+04
8.658800000000000000e+04
8.658900000000000000e+04
8.659000000000000000e+04
8.659100000000000000e+04
8.659200000000000000e+04
8.659300000000000000e+04
8.659400000000000000e+04
8.659500000000000000e+04
8.659600000000000000e+04
8.659700000000000000e+04
8.659800000000000000e+04
8.659900000000000000e+04
8.660000000000000000e+04
8.660100000000000000e+04
8.660200000000000000e+04
8.660300000000000000e+04
8.660400000000000000e+04
8.660500000000000000e+04
8.660600000000000000e+04
8.660700000000000000e+04
8.660800000000000000e+04
8.660900000000000000e+04
8.661000000000000000e+04
8.661100000000000000e+04
8.661200000000000000e+04
8.661300000000000000e+04
8.661400000000000000e+04
8.661500000000000000e+04
8.661700000000000000e+04
8.669700000000000000e+04
8.683800000000000000e+04
8.683900000000000000e+04
8.684000000000000000e+04
8.684100000000000000e+04
8.684200000000000000e+04
8.684300000000000000e+04
8.684400000000000000e+04
8.697700000000000000e+04
8.697900000000000000e+04
8.711200000000000000e+04
8.719400000000000000e+04
8.791400000000000000e+04
8.791500000000000000e+04
8.830600000000000000e+04
8.830700000000000000e+04
8.830800000000000000e+04
8.830900000000000000e+04
8.831000000000000000e+04
8.831100000000000000e+04
8.831300000000000000e+04
8.928000000000000000e+04
8.929600000000000000e+04
8.945000000000000000e+04
9.003600000000000000e+04
9.003700000000000000e+04
9.003800000000000000e+04
9.003900000000000000e+04
9.004000000000000000e+04
9.004200000000000000e+04
9.038200000000000000e+04
9.038300000000000000e+04
9.038400000000000000e+04
9.038600000000000000e+04
9.047300000000000000e+04
9.047400000000000000e+04
9.053700000000000000e+04
9.087200000000000000e+04
9.095400000000000000e+04
9.095500000000000000e+04
9.095600000000000000e+04
9.121200000000000000e+04
9.121400000000000000e+04
9.137200000000000000e+04
9.137300000000000000e+04
9.143200000000000000e+04
9.143300000000000000e+04
9.165300000000000000e+04
9.193500000000000000e+04
9.253500000000000000e+04
9.315600000000000000e+04
9.338500000000000000e+04
9.457100000000000000e+04
9.503400000000000000e+04
9.545100000000000000e+04
9.639200000000000000e+04
9.641000000000000000e+04
9.641100000000000000e+04
9.665200000000000000e+04
9.682700000000000000e+04
9.683700000000000000e+04
9.684100000000000000e+04
9.684500000000000000e+04
9.685100000000000000e+04
9.730700000000000000e+04
9.731600000000000000e+04
9.753300000000000000e+04
9.778400000000000000e+04
9.973300000000000000e+04
9.995200000000000000e+04
9.995600000000000000e+04
1.002210000000000000e+05
1.002220000000000000e+05
1.003560000000000000e+05
1.015930000000000000e+05
1.016910000000000000e+05
1.021700000000000000e+05
1.024130000000000000e+05
1.034160000000000000e+05
1.034170000000000000e+05
1.039110000000000000e+05
1.039120000000000000e+05
1.044190000000000000e+05
1.044200000000000000e+05
1.044210000000000000e+05
1.046060000000000000e+05
1.046070000000000000e+05
1.046080000000000000e+05
1.046090000000000000e+05
1.046100000000000000e+05
1.046120000000000000e+05
1.056710000000000000e+05
1.058040000000000000e+05
1.058050000000000000e+05
1.058060000000000000e+05
1.058070000000000000e+05
1.059670000000000000e+05
1.060070000000000000e+05
1.060110000000000000e+05
1.060140000000000000e+05
1.060150000000000000e+05
1.060160000000000000e+05
1.060170000000000000e+05
1.060180000000000000e+05
1.060350000000000000e+05
1.063720000000000000e+05
1.063730000000000000e+05
1.064590000000000000e+05
1.068660000000000000e+05
1.069140000000000000e+05
1.069150000000000000e+05
1.069170000000000000e+05
1.069740000000000000e+05
1.069750000000000000e+05
1.069760000000000000e+05
1.069770000000000000e+05
1.072730000000000000e+05
1.073280000000000000e+05
1.073290000000000000e+05
1.073320000000000000e+05
1.073330000000000000e+05
1.075630000000000000e+05
1.075640000000000000e+05
1.078430000000000000e+05
1.078440000000000000e+05
1.079310000000000000e+05
1.079570000000000000e+05
1.079580000000000000e+05
1.080400000000000000e+05
1.080410000000000000e+05
1.080420000000000000e+05
1.080430000000000000e+05
1.080440000000000000e+05
1.080460000000000000e+05
1.083080000000000000e+05
1.083110000000000000e+05
1.088340000000000000e+05
1.090230000000000000e+05
1.090990000000000000e+05
1.091000000000000000e+05
1.095270000000000000e+05
1.097050000000000000e+05
1.100780000000000000e+05
1.100940000000000000e+05
1.100960000000000000e+05
1.101000000000000000e+05
1.101410000000000000e+05
1.103470000000000000e+05
1.103480000000000000e+05
1.115140000000000000e+05
1.115150000000000000e+05
1.115590000000000000e+05
1.117600000000000000e+05
1.117610000000000000e+05
1.117620000000000000e+05
1.121140000000000000e+05
1.121150000000000000e+05
1.121160000000000000e+05
1.129410000000000000e+05
1.136020000000000000e+05
1.137130000000000000e+05
1.137140000000000000e+05
1.143150000000000000e+05
1.143210000000000000e+05
1.144880000000000000e+05
1.146410000000000000e+05
1.148490000000000000e+05
1.148510000000000000e+05
1.151570000000000000e+05
1.151580000000000000e+05
1.151590000000000000e+05
1.157530000000000000e+05
1.159480000000000000e+05
1.159580000000000000e+05
1.160120000000000000e+05
1.169590000000000000e+05
1.172910000000000000e+05
1.185120000000000000e+05
1.190190000000000000e+05
1.190200000000000000e+05
1.190210000000000000e+05
1.190220000000000000e+05
1.190260000000000000e+05
1.193150000000000000e+05
1.194310000000000000e+05
1.210610000000000000e+05
1.210640000000000000e+05
1.222510000000000000e+05
1.226040000000000000e+05
1.229900000000000000e+05
1.239400000000000000e+05
1.239410000000000000e+05
1.243170000000000000e+05
1.252430000000000000e+05
1.252440000000000000e+05
1.256350000000000000e+05
1.260100000000000000e+05
1.275800000000000000e+05
1.282580000000000000e+05
1.282600000000000000e+05
1.282610000000000000e+05
1.287720000000000000e+05
1.296850000000000000e+05
1.296950000000000000e+05
1.297040000000000000e+05
1.299580000000000000e+05
1.301430000000000000e+05
1.301450000000000000e+05
1.301460000000000000e+05
1.311210000000000000e+05
1.316260000000000000e+05
1.317540000000000000e+05
1.317730000000000000e+05
1.318010000000000000e+05
1.322300000000000000e+05
1.322310000000000000e+05
1.322320000000000000e+05
1.323690000000000000e+05
1.323700000000000000e+05
1.323710000000000000e+05
1.325090000000000000e+05
1.325820000000000000e+05
1.325840000000000000e+05
1.332790000000000000e+05
1.333270000000000000e+05
1.333320000000000000e+05
1.334350000000000000e+05
1.335070000000000000e+05
1.338940000000000000e+05
1.345180000000000000e+05
1.345800000000000000e+05
1.345810000000000000e+05
1.345820000000000000e+05
1.345830000000000000e+05
1.345840000000000000e+05
1.345850000000000000e+05
1.345860000000000000e+05
1.345870000000000000e+05
1.351310000000000000e+05
1.351320000000000000e+05
1.351340000000000000e+05
1.351350000000000000e+05
1.352670000000000000e+05
1.353470000000000000e+05
1.353480000000000000e+05
1.353930000000000000e+05
1.354070000000000000e+05
1.354080000000000000e+05
1.356900000000000000e+05
1.365060000000000000e+05
1.369110000000000000e+05
1.369120000000000000e+05
1.369130000000000000e+05
1.369140000000000000e+05
1.369150000000000000e+05
1.369160000000000000e+05
1.369180000000000000e+05
1.369190000000000000e+05
1.369600000000000000e+05
1.370490000000000000e+05
1.371930000000000000e+05
1.375050000000000000e+05
1.375070000000000000e+05
1.378190000000000000e+05
1.378200000000000000e+05
1.384500000000000000e+05
1.388480000000000000e+05
1.392710000000000000e+05
1.392740000000000000e+05
1.397320000000000000e+05
1.397360000000000000e+05
1.408600000000000000e+05
1.409240000000000000e+05
1.422460000000000000e+05
1.424980000000000000e+05
1.424990000000000000e+05
1.425000000000000000e+05
1.425010000000000000e+05
1.425020000000000000e+05
1.425030000000000000e+05
1.425040000000000000e+05
1.425050000000000000e+05
1.425060000000000000e+05
1.425070000000000000e+05
1.425090000000000000e+05
1.425110000000000000e+05
1.431320000000000000e+05
1.431330000000000000e+05
1.433130000000000000e+05
1.435530000000000000e+05
1.435540000000000000e+05
1.436930000000000000e+05
1.436940000000000000e+05
1.436950000000000000e+05
1.443800000000000000e+05
1.443810000000000000e+05
1.443820000000000000e+05
1.443830000000000000e+05
1.443850000000000000e+05
1.443860000000000000e+05
1.443870000000000000e+05
1.443880000000000000e+05
1.443890000000000000e+05
1.444420000000000000e+05
1.444430000000000000e+05
1.444440000000000000e+05
1.444460000000000000e+05
1.444820000000000000e+05
1.444830000000000000e+05
1.444840000000000000e+05
1.445010000000000000e+05
1.445270000000000000e+05
1.446560000000000000e+05
1.447620000000000000e+05
1.450460000000000000e+05
1.450470000000000000e+05
1.452050000000000000e+05
1.455420000000000000e+05
1.455640000000000000e+05
1.455650000000000000e+05
1.455660000000000000e+05
1.455670000000000000e+05
1.459620000000000000e+05
1.459640000000000000e+05
1.459960000000000000e+05
1.459970000000000000e+05
1.461190000000000000e+05
1.469130000000000000e+05
1.472860000000000000e+05
1.475320000000000000e+05
1.475450000000000000e+05
1.485070000000000000e+05
1.486250000000000000e+05
1.486260000000000000e+05
1.486270000000000000e+05
1.486280000000000000e+05
1.488000000000000000e+05
1.490480000000000000e+05
1.490490000000000000e+05
1.490500000000000000e+05
1.490510000000000000e+05
1.495050000000000000e+05
1.510880000000000000e+05
1.515620000000000000e+05
1.515670000000000000e+05
1.522350000000000000e+05
1.522940000000000000e+05
1.524030000000000000e+05
1.529540000000000000e+05
1.530860000000000000e+05
1.550920000000000000e+05
1.552760000000000000e+05
1.554880000000000000e+05
1.554910000000000000e+05
1.554930000000000000e+05
1.557330000000000000e+05
1.567960000000000000e+05
1.571020000000000000e+05
1.591070000000000000e+05
1.591760000000000000e+05
1.591770000000000000e+05
1.600130000000000000e+05
1.601490000000000000e+05
1.603440000000000000e+05
1.611450000000000000e+05
1.611780000000000000e+05
1.611790000000000000e+05
1.611810000000000000e+05
1.615900000000000000e+05
1.615910000000000000e+05
1.615920000000000000e+05
1.615940000000000000e+05
1.615960000000000000e+05
1.615970000000000000e+05
1.616660000000000000e+05
1.616680000000000000e+05
1.618510000000000000e+05
1.618520000000000000e+05
1.618530000000000000e+05
1.618540000000000000e+05
1.618550000000000000e+05
1.618560000000000000e+05
1.618730000000000000e+05
1.618740000000000000e+05
1.618750000000000000e+05
1.618760000000000000e+05
1.618770000000000000e+05
1.618780000000000000e+05
1.618790000000000000e+05
1.618800000000000000e+05
1.618960000000000000e+05
1.618970000000000000e+05
1.623080000000000000e+05
1.629270000000000000e+05
1.640080000000000000e+05
1.641590000000000000e+05
1.641600000000000000e+05
1.641610000000000000e+05
1.641620000000000000e+05
1.641630000000000000e+05
1.641640000000000000e+05
1.641650000000000000e+05
1.642160000000000000e+05
1.645060000000000000e+05
1.645070000000000000e+05
1.645080000000000000e+05
1.659400000000000000e+05
1.663030000000000000e+05
1.663040000000000000e+05
1.663050000000000000e+05
1.663070000000000000e+05
1.663160000000000000e+05
1.664110000000000000e+05
1.664140000000000000e+05
1.664160000000000000e+05
1.664170000000000000e+05
1.664430000000000000e+05
1.664440000000000000e+05
1.664450000000000000e+05
1.666240000000000000e+05
1.672210000000000000e+05
1.672260000000000000e+05
1.672270000000000000e+05
1.676360000000000000e+05
1.678540000000000000e+05
1.679330000000000000e+05
1.679390000000000000e+05
1.679420000000000000e+05
1.679550000000000000e+05
1.679560000000000000e+05
1.679580000000000000e+05
1.679590000000000000e+05
1.679610000000000000e+05
1.679620000000000000e+05
1.679630000000000000e+05
1.679640000000000000e+05
1.679650000000000000e+05
1.679670000000000000e+05
1.681720000000000000e+05
1.681730000000000000e+05
1.681750000000000000e+05
1.681760000000000000e+05
1.681770000000000000e+05
1.684210000000000000e+05
1.689650000000000000e+05
1.689700000000000000e+05
1.689710000000000000e+05
1.689720000000000000e+05
1.689730000000000000e+05
1.689740000000000000e+05
1.689760000000000000e+05
1.689770000000000000e+05
1.700060000000000000e+05
1.700080000000000000e+05
1.700140000000000000e+05
1.701780000000000000e+05
1.705310000000000000e+05
1.707810000000000000e+05
1.712220000000000000e+05
1.718660000000000000e+05
1.718670000000000000e+05
1.718680000000000000e+05
1.718690000000000000e+05
1.718700000000000000e+05
1.718710000000000000e+05
1.718720000000000000e+05
1.718740000000000000e+05
1.718750000000000000e+05
1.720770000000000000e+05
1.720780000000000000e+05
1.720790000000000000e+05
1.720800000000000000e+05
1.720810000000000000e+05
1.720820000000000000e+05
1.720830000000000000e+05
1.720840000000000000e+05
1.720850000000000000e+05
1.720860000000000000e+05
1.720870000000000000e+05
1.720880000000000000e+05
1.720890000000000000e+05
1.720900000000000000e+05
1.721430000000000000e+05
1.721630000000000000e+05
1.721640000000000000e+05
1.721650000000000000e+05
1.721660000000000000e+05
1.721670000000000000e+05
1.721680000000000000e+05
1.721710000000000000e+05
1.721730000000000000e+05
1.722960000000000000e+05
1.722980000000000000e+05
1.725340000000000000e+05
1.726450000000000000e+05
1.726460000000000000e+05
1.726470000000000000e+05
1.726480000000000000e+05
1.726490000000000000e+05
1.726500000000000000e+05
1.726730000000000000e+05
1.726740000000000000e+05
1.726750000000000000e+05
1.726760000000000000e+05
1.726770000000000000e+05
1.726780000000000000e+05
1.726810000000000000e+05
1.726910000000000000e+05
1.728590000000000000e+05
1.728600000000000000e+05
1.728620000000000000e+05
1.728630000000000000e+05
1.729870000000000000e+05
1.730270000000000000e+05
