2.970000000000000000e+02
4.450000000000000000e+02
9.320000000000000000e+02
1.021000000000000000e+03
1.047000000000000000e+03
1.167000000000000000e+03
1.168000000000000000e+03
1.187000000000000000e+03
1.213000000000000000e+03
1.423000000000000000e+03
1.424000000000000000e+03
1.425000000000000000e+03
1.558000000000000000e+03
1.599000000000000000e+03
1.601000000000000000e+03
1.991000000000000000e+03
2.190000000000000000e+03
2.191000000000000000e+03
2.192000000000000000e+03
2.193000000000000000e+03
2.194000000000000000e+03
2.219000000000000000e+03
2.336000000000000000e+03
2.359000000000000000e+03
2.360000000000000000e+03
2.361000000000000000e+03
2.437000000000000000e+03
2.460000000000000000e+03
2.496000000000000000e+03
2.670000000000000000e+03
3.158000000000000000e+03
3.165000000000000000e+03
3.699000000000000000e+03
3.702000000000000000e+03
3.703000000000000000e+03
3.827000000000000000e+03
3.845000000000000000e+03
4.098000000000000000e+03
4.196000000000000000e+03
4.439000000000000000e+03
4.464000000000000000e+03
4.524000000000000000e+03
4.538000000000000000e+03
4.690000000000000000e+03
4.892000000000000000e+03
4.973000000000000000e+03
5.225000000000000000e+03
5.253000000000000000e+03
5.264000000000000000e+03
5.364000000000000000e+03
5.651000000000000000e+03
6.164000000000000000e+03
6.466000000000000000e+03
6.838000000000000000e+03
6.840000000000000000e+03
7.224000000000000000e+03
7.239000000000000000e+03
7.573000000000000000e+03
7.807000000000000000e+03
7.808000000000000000e+03
7.809000000000000000e+03
7.810000000000000000e+03
7.811000000000000000e+03
7.812000000000000000e+03
7.813000000000000000e+03
7.815000000000000000e+03
7.820000000000000000e+03
7.824000000000000000e+03
7.877000000000000000e+03
9.839000000000000000e+03
9.913000000000000000e+03
1.078200000000000000e+04
1.094300000000000000e+04
1.109400000000000000e+04
1.109700000000000000e+04
1.123000000000000000e+04
1.125400000000000000e+04
1.161000000000000000e+04
1.174200000000000000e+04
1.174300000000000000e+04
1.202100000000000000e+04
1.218300000000000000e+04
1.233300000000000000e+04
1.238400000000000000e+04
1.243100000000000000e+04
1.246000000000000000e+04
1.246100000000000000e+04
1.248600000000000000e+04
1.248900000000000000e+04
1.249500000000000000e+04
1.273700000000000000e+04
1.293500000000000000e+04
1.307400000000000000e+04
1.311400000000000000e+04
1.313400000000000000e+04
1.329700000000000000e+04
1.332400000000000000e+04
1.356100000000000000e+04
1.368600000000000000e+04
1.395800000000000000e+04
1.413100000000000000e+04
1.416900000000000000e+04
1.417000000000000000e+04
1.418500000000000000e+04
1.418900000000000000e+04
1.445200000000000000e+04
1.569700000000000000e+04
1.570200000000000000e+04
1.572900000000000000e+04
1.573300000000000000e+04
1.588200000000000000e+04
1.590100000000000000e+04
1.592600000000000000e+04
1.596400000000000000e+04
1.603900000000000000e+04
1.604100000000000000e+04
1.677600000000000000e+04
1.678700000000000000e+04
1.698300000000000000e+04
1.698400000000000000e+04
1.698800000000000000e+04
1.699000000000000000e+04
1.699100000000000000e+04
1.699200000000000000e+04
1.699300000000000000e+04
1.699600000000000000e+04
1.714000000000000000e+04
1.718400000000000000e+04
1.721900000000000000e+04
1.752800000000000000e+04
1.754000000000000000e+04
1.759400000000000000e+04
1.761600000000000000e+04
1.771000000000000000e+04
1.779400000000000000e+04
1.793900000000000000e+04
1.821500000000000000e+04
1.821700000000000000e+04
1.824300000000000000e+04
1.824400000000000000e+04
1.831100000000000000e+04
1.834800000000000000e+04
1.843400000000000000e+04
1.865700000000000000e+04
1.893700000000000000e+04
1.918000000000000000e+04
1.963500000000000000e+04
1.963600000000000000e+04
1.963700000000000000e+04
1.975900000000000000e+04
1.976700000000000000e+04
1.977600000000000000e+04
2.009400000000000000e+04
2.011400000000000000e+04
2.092200000000000000e+04
2.124400000000000000e+04
2.225200000000000000e+04
2.244500000000000000e+04
2.245000000000000000e+04
2.254100000000000000e+04
2.255500000000000000e+04
2.277500000000000000e+04
2.280800000000000000e+04
2.284700000000000000e+04
2.284800000000000000e+04
2.301800000000000000e+04
2.301900000000000000e+04
2.309500000000000000e+04
2.331100000000000000e+04
2.340100000000000000e+04
2.342000000000000000e+04
2.391900000000000000e+04
2.393800000000000000e+04
2.415200000000000000e+04
2.434900000000000000e+04
2.438000000000000000e+04
2.438700000000000000e+04
2.457600000000000000e+04
2.479600000000000000e+04
2.479800000000000000e+04
2.479900000000000000e+04
2.510100000000000000e+04
2.530500000000000000e+04
2.531300000000000000e+04
2.586400000000000000e+04
2.587100000000000000e+04
2.632300000000000000e+04
2.634200000000000000e+04
2.634300000000000000e+04
2.634400000000000000e+04
2.634500000000000000e+04
2.634600000000000000e+04
2.660900000000000000e+04
2.666100000000000000e+04
2.668200000000000000e+04
2.668300000000000000e+04
2.668700000000000000e+04
2.669000000000000000e+04
2.672500000000000000e+04
2.677800000000000000e+04
2.678500000000000000e+04
2.687100000000000000e+04
2.687800000000000000e+04
2.704500000000000000e+04
2.704600000000000000e+04
2.717100000000000000e+04
2.721700000000000000e+04
2.735600000000000000e+04
2.754100000000000000e+04
2.754400000000000000e+04
2.770000000000000000e+04
2.772300000000000000e+04
2.804000000000000000e+04
2.815000000000000000e+04
2.822600000000000000e+04
2.823400000000000000e+04
2.834400000000000000e+04
2.834500000000000000e+04
2.834600000000000000e+04
2.834700000000000000e+04
2.840000000000000000e+04
2.843300000000000000e+04
2.843400000000000000e+04
2.843700000000000000e+04
2.865400000000000000e+04
2.865600000000000000e+04
2.870200000000000000e+04
2.882100000000000000e+04
2.889100000000000000e+04
2.921300000000000000e+04
2.952400000000000000e+04
3.011000000000000000e+04
3.012700000000000000e+04
3.015900000000000000e+04
3.037500000000000000e+04
3.044200000000000000e+04
3.044300000000000000e+04
3.056500000000000000e+04
3.073900000000000000e+04
3.081300000000000000e+04
3.082700000000000000e+04
3.096100000000000000e+04
3.100700000000000000e+04
3.104700000000000000e+04
3.104800000000000000e+04
3.105100000000000000e+04
3.105200000000000000e+04
3.105300000000000000e+04
3.105400000000000000e+04
3.105500000000000000e+04
3.105600000000000000e+04
3.105700000000000000e+04
3.105800000000000000e+04
3.105900000000000000e+04
3.106000000000000000e+04
3.106100000000000000e+04
3.106200000000000000e+04
3.106300000000000000e+04
3.106400000000000000e+04
3.111600000000000000e+04
3.113400000000000000e+04
3.113500000000000000e+04
3.113800000000000000e+04
3.124700000000000000e+04
3.124800000000000000e+04
3.125500000000000000e+04
3.126500000000000000e+04
3.128500000000000000e+04
3.128900000000000000e+04
3.139000000000000000e+04
3.144800000000000000e+04
3.145000000000000000e+04
3.145100000000000000e+04
3.145500000000000000e+04
3.165000000000000000e+04
3.165100000000000000e+04
3.193200000000000000e+04
3.202900000000000000e+04
3.210700000000000000e+04
3.211200000000000000e+04
3.226200000000000000e+04
3.226600000000000000e+04
3.234100000000000000e+04
3.270500000000000000e+04
3.271100000000000000e+04
3.280900000000000000e+04
3.281900000000000000e+04
3.282100000000000000e+04
3.282600000000000000e+04
3.283000000000000000e+04
3.283400000000000000e+04
3.283800000000000000e+04
3.284100000000000000e+04
3.284200000000000000e+04
3.284300000000000000e+04
3.368700000000000000e+04
3.374100000000000000e+04
3.387200000000000000e+04
3.387300000000000000e+04
3.387400000000000000e+04
3.387500000000000000e+04
3.387600000000000000e+04
3.387800000000000000e+04
3.387900000000000000e+04
3.388100000000000000e+04
3.388200000000000000e+04
3.412700000000000000e+04
3.414700000000000000e+04
3.418800000000000000e+04
3.444000000000000000e+04
3.446200000000000000e+04
3.446700000000000000e+04
3.455800000000000000e+04
3.540000000000000000e+04
3.560600000000000000e+04
3.608100000000000000e+04
3.608700000000000000e+04
3.618800000000000000e+04
3.672000000000000000e+04
3.689200000000000000e+04
3.689700000000000000e+04
3.689800000000000000e+04
3.748600000000000000e+04
3.818600000000000000e+04
3.830400000000000000e+04
3.830500000000000000e+04
3.845400000000000000e+04
3.845500000000000000e+04
3.845600000000000000e+04
3.845800000000000000e+04
3.845900000000000000e+04
3.846100000000000000e+04
3.846200000000000000e+04
3.846400000000000000e+04
3.846500000000000000e+04
3.846600000000000000e+04
3.846700000000000000e+04
3.846800000000000000e+04
3.846900000000000000e+04
3.847000000000000000e+04
3.847100000000000000e+04
3.858500000000000000e+04
3.868000000000000000e+04
3.868600000000000000e+04
3.902400000000000000e+04
3.904700000000000000e+04
3.904800000000000000e+04
3.906300000000000000e+04
3.909400000000000000e+04
3.912200000000000000e+04
3.912300000000000000e+04
3.912400000000000000e+04
3.933900000000000000e+04
3.934100000000000000e+04
3.934200000000000000e+04
3.934300000000000000e+04
3.954400000000000000e+04
3.962000000000000000e+04
3.962100000000000000e+04
3.962800000000000000e+04
3.964000000000000000e+04
3.967300000000000000e+04
3.967500000000000000e+04
3.967700000000000000e+04
3.968100000000000000e+04
3.968200000000000000e+04
3.982200000000000000e+04
3.982400000000000000e+04
3.982500000000000000e+04
3.984200000000000000e+04
3.984700000000000000e+04
3.990000000000000000e+04
3.990200000000000000e+04
3.994800000000000000e+04
4.000900000000000000e+04
4.001500000000000000e+04
4.006700000000000000e+04
4.031600000000000000e+04
4.031800000000000000e+04
4.032900000000000000e+04
4.033100000000000000e+04
4.057200000000000000e+04
4.117800000000000000e+04
4.124100000000000000e+04
4.138500000000000000e+04
4.139300000000000000e+04
4.147900000000000000e+04
4.218300000000000000e+04
4.226800000000000000e+04
4.228900000000000000e+04
4.229200000000000000e+04
4.240500000000000000e+04
4.240700000000000000e+04
4.240800000000000000e+04
4.250400000000000000e+04
4.280400000000000000e+04
4.319600000000000000e+04
4.328400000000000000e+04
4.339400000000000000e+04
4.385400000000000000e+04
4.431500000000000000e+04
4.431600000000000000e+04
4.442700000000000000e+04
4.482300000000000000e+04
4.495000000000000000e+04
4.495900000000000000e+04
4.523000000000000000e+04
4.547300000000000000e+04
4.554900000000000000e+04
4.559900000000000000e+04
4.564400000000000000e+04
4.581800000000000000e+04
4.604600000000000000e+04
4.604700000000000000e+04
4.604800000000000000e+04
4.604900000000000000e+04
4.605000000000000000e+04
4.605100000000000000e+04
4.605200000000000000e+04
4.605300000000000000e+04
4.605400000000000000e+04
4.605500000000000000e+04
4.605600000000000000e+04
4.638800000000000000e+04
4.650000000000000000e+04
4.663900000000000000e+04
4.685000000000000000e+04
4.739600000000000000e+04
4.744800000000000000e+04
4.752700000000000000e+04
4.754900000000000000e+04
4.775900000000000000e+04
4.788700000000000000e+04
4.812400000000000000e+04
4.812600000000000000e+04
4.813500000000000000e+04
4.821200000000000000e+04
4.827700000000000000e+04
4.837500000000000000e+04
4.883600000000000000e+04
4.892200000000000000e+04
4.912100000000000000e+04
4.934500000000000000e+04
5.003600000000000000e+04
5.019900000000000000e+04
5.022400000000000000e+04
5.027600000000000000e+04
5.036700000000000000e+04
5.036800000000000000e+04
5.037600000000000000e+04
5.037700000000000000e+04
5.052800000000000000e+04
5.053100000000000000e+04
5.059200000000000000e+04
5.060200000000000000e+04
5.060300000000000000e+04
5.063000000000000000e+04
5.073100000000000000e+04
5.076000000000000000e+04
5.088000000000000000e+04
5.091700000000000000e+04
5.097400000000000000e+04
5.097500000000000000e+04
5.103000000000000000e+04
5.113700000000000000e+04
5.128400000000000000e+04
5.130800000000000000e+04
5.131100000000000000e+04
5.144700000000000000e+04
5.144900000000000000e+04
5.156500000000000000e+04
5.157600000000000000e+04
5.182000000000000000e+04
5.195000000000000000e+04
5.274300000000000000e+04
5.274400000000000000e+04
5.290000000000000000e+04
5.290100000000000000e+04
5.290200000000000000e+04
5.290300000000000000e+04
5.308900000000000000e+04
5.322400000000000000e+04
5.362700000000000000e+04
5.385800000000000000e+04
5.399900000000000000e+04
5.400000000000000000e+04
5.407900000000000000e+04
5.408200000000000000e+04
5.422600000000000000e+04
5.422900000000000000e+04
5.423000000000000000e+04
5.423100000000000000e+04
5.423200000000000000e+04
5.423300000000000000e+04
5.423400000000000000e+04
5.423500000000000000e+04
5.428000000000000000e+04
5.479800000000000000e+04
5.484600000000000000e+04
5.484700000000000000e+04
5.488500000000000000e+04
5.488600000000000000e+04
5.488700000000000000e+04
5.488800000000000000e+04
5.488900000000000000e+04
5.523200000000000000e+04
5.537700000000000000e+04
5.552300000000000000e+04
5.555600000000000000e+04
5.555700000000000000e+04
5.555900000000000000e+04
5.610000000000000000e+04
5.618400000000000000e+04
5.618500000000000000e+04
5.618600000000000000e+04
5.644900000000000000e+04
5.713600000000000000e+04
5.726100000000000000e+04
5.726200000000000000e+04
5.757600000000000000e+04
5.759500000000000000e+04
5.765500000000000000e+04
5.791000000000000000e+04
5.791100000000000000e+04
5.834800000000000000e+04
5.862500000000000000e+04
5.893900000000000000e+04
5.907000000000000000e+04
5.916800000000000000e+04
5.925800000000000000e+04
5.925900000000000000e+04
5.926000000000000000e+04
5.949400000000000000e+04
5.954400000000000000e+04
5.954500000000000000e+04
5.967900000000000000e+04
5.998100000000000000e+04
6.033600000000000000e+04
6.041500000000000000e+04
6.046400000000000000e+04
6.125200000000000000e+04
6.132100000000000000e+04
6.170200000000000000e+04
6.170600000000000000e+04
6.181800000000000000e+04
6.181900000000000000e+04
6.220800000000000000e+04
6.230000000000000000e+04
6.260600000000000000e+04
6.260700000000000000e+04
6.279300000000000000e+04
6.285800000000000000e+04
6.285900000000000000e+04
6.286000000000000000e+04
6.288500000000000000e+04
6.381200000000000000e+04
6.398500000000000000e+04
6.398600000000000000e+04
6.398700000000000000e+04
6.398800000000000000e+04
6.398900000000000000e+04
6.399200000000000000e+04
6.407600000000000000e+04
6.425200000000000000e+04
6.425300000000000000e+04
6.425400000000000000e+04
6.425500000000000000e+04
6.425600000000000000e+04
6.437500000000000000e+04
6.462300000000000000e+04
6.476300000000000000e+04
6.489300000000000000e+04
6.489500000000000000e+04
6.526800000000000000e+04
6.526900000000000000e+04
6.527000000000000000e+04
6.527100000000000000e+04
6.545800000000000000e+04
6.546000000000000000e+04
6.546100000000000000e+04
6.546200000000000000e+04
6.559000000000000000e+04
6.559100000000000000e+04
6.559200000000000000e+04
6.559300000000000000e+04
6.559400000000000000e+04
6.559500000000000000e+04
6.559600000000000000e+04
6.559700000000000000e+04
6.559800000000000000e+04
6.559900000000000000e+04
6.560100000000000000e+04
6.560200000000000000e+04
6.564400000000000000e+04
6.572200000000000000e+04
6.577200000000000000e+04
6.590500000000000000e+04
6.590600000000000000e+04
6.611800000000000000e+04
6.612400000000000000e+04
6.612600000000000000e+04
6.649500000000000000e+04
6.652900000000000000e+04
6.653000000000000000e+04
6.655300000000000000e+04
6.656800000000000000e+04
6.669100000000000000e+04
6.669200000000000000e+04
6.669300000000000000e+04
6.669400000000000000e+04
6.669500000000000000e+04
6.669600000000000000e+04
6.669700000000000000e+04
6.669900000000000000e+04
6.670000000000000000e+04
6.670100000000000000e+04
6.675600000000000000e+04
6.684500000000000000e+04
6.685200000000000000e+04
6.714700000000000000e+04
6.714800000000000000e+04
6.715000000000000000e+04
6.715100000000000000e+04
6.727700000000000000e+04
6.727800000000000000e+04
6.728000000000000000e+04
6.728100000000000000e+04
6.729500000000000000e+04
6.769500000000000000e+04
6.782900000000000000e+04
6.783500000000000000e+04
6.796100000000000000e+04
6.797100000000000000e+04
6.799800000000000000e+04
6.801500000000000000e+04
6.804900000000000000e+04
6.807100000000000000e+04
6.809200000000000000e+04
6.809300000000000000e+04
6.809500000000000000e+04
6.822400000000000000e+04
6.823600000000000000e+04
6.828900000000000000e+04
6.830000000000000000e+04
6.835300000000000000e+04
6.842600000000000000e+04
6.866500000000000000e+04
6.869600000000000000e+04
6.876100000000000000e+04
6.891900000000000000e+04
6.892200000000000000e+04
6.896200000000000000e+04
6.899800000000000000e+04
6.905200000000000000e+04
6.915000000000000000e+04
6.915100000000000000e+04
6.940100000000000000e+04
6.948900000000000000e+04
7.043900000000000000e+04
7.046300000000000000e+04
7.046400000000000000e+04
7.046500000000000000e+04
7.052300000000000000e+04
7.052400000000000000e+04
7.067900000000000000e+04
7.080400000000000000e+04
7.081000000000000000e+04
7.082600000000000000e+04
7.082900000000000000e+04
7.084400000000000000e+04
7.084700000000000000e+04
7.084800000000000000e+04
7.084900000000000000e+04
7.092100000000000000e+04
7.094800000000000000e+04
7.096800000000000000e+04
7.102300000000000000e+04
7.119100000000000000e+04
7.126100000000000000e+04
7.126200000000000000e+04
7.126300000000000000e+04
7.132800000000000000e+04
7.149900000000000000e+04
7.150000000000000000e+04
7.150100000000000000e+04
7.167400000000000000e+04
7.168000000000000000e+04
7.169000000000000000e+04
7.169300000000000000e+04
7.173100000000000000e+04
7.185800000000000000e+04
7.186600000000000000e+04
7.186700000000000000e+04
7.258000000000000000e+04
7.285100000000000000e+04
7.290300000000000000e+04
7.292900000000000000e+04
7.293100000000000000e+04
7.293200000000000000e+04
7.293300000000000000e+04
7.293400000000000000e+04
7.294300000000000000e+04
7.299700000000000000e+04
7.299800000000000000e+04
7.300700000000000000e+04
7.301300000000000000e+04
7.304400000000000000e+04
7.304500000000000000e+04
7.309000000000000000e+04
7.309100000000000000e+04
7.309300000000000000e+04
7.309400000000000000e+04
7.311500000000000000e+04
7.318700000000000000e+04
7.323900000000000000e+04
7.342000000000000000e+04
7.342100000000000000e+04
7.356700000000000000e+04
7.356800000000000000e+04
7.356900000000000000e+04
7.357100000000000000e+04
7.357300000000000000e+04
7.357600000000000000e+04
7.357700000000000000e+04
7.362700000000000000e+04
7.363700000000000000e+04
7.379600000000000000e+04
7.419600000000000000e+04
7.435200000000000000e+04
7.435300000000000000e+04
7.435400000000000000e+04
7.435700000000000000e+04
7.439800000000000000e+04
7.445300000000000000e+04
7.465900000000000000e+04
7.468700000000000000e+04
7.480400000000000000e+04
7.489000000000000000e+04
7.489200000000000000e+04
7.489700000000000000e+04
7.489800000000000000e+04
7.490000000000000000e+04
7.490100000000000000e+04
7.496300000000000000e+04
7.504900000000000000e+04
7.514400000000000000e+04
7.515900000000000000e+04
7.516000000000000000e+04
7.516100000000000000e+04
7.518500000000000000e+04
7.518700000000000000e+04
7.518800000000000000e+04
7.540200000000000000e+04
7.540300000000000000e+04
7.540400000000000000e+04
7.540500000000000000e+04
7.544200000000000000e+04
7.551100000000000000e+04
7.551800000000000000e+04
7.551900000000000000e+04
7.555600000000000000e+04
7.582700000000000000e+04
7.584100000000000000e+04
7.604600000000000000e+04
7.615300000000000000e+04
7.620500000000000000e+04
7.628300000000000000e+04
7.641600000000000000e+04
7.641700000000000000e+04
7.684500000000000000e+04
7.701500000000000000e+04
7.701800000000000000e+04
7.708600000000000000e+04
7.711800000000000000e+04
7.712200000000000000e+04
7.714200000000000000e+04
7.718500000000000000e+04
7.719300000000000000e+04
7.728700000000000000e+04
7.730300000000000000e+04
7.757200000000000000e+04
7.757900000000000000e+04
7.764500000000000000e+04
7.781800000000000000e+04
7.801900000000000000e+04
7.816800000000000000e+04
7.818800000000000000e+04
7.828600000000000000e+04
7.828700000000000000e+04
7.831500000000000000e+04
7.832300000000000000e+04
7.835000000000000000e+04
7.840100000000000000e+04
7.841400000000000000e+04
7.869800000000000000e+04
7.923900000000000000e+04
7.975700000000000000e+04
7.975800000000000000e+04
7.985900000000000000e+04
7.986000000000000000e+04
8.005200000000000000e+04
8.013700000000000000e+04
8.013800000000000000e+04
8.014000000000000000e+04
8.014100000000000000e+04
8.014300000000000000e+04
8.019600000000000000e+04
8.023400000000000000e+04
8.029200000000000000e+04
8.042200000000000000e+04
8.047200000000000000e+04
8.047700000000000000e+04
8.093600000000000000e+04
8.128800000000000000e+04
8.131900000000000000e+04
8.132000000000000000e+04
8.132100000000000000e+04
8.132200000000000000e+04
8.132300000000000000e+04
8.132400000000000000e+04
8.132500000000000000e+04
8.132600000000000000e+04
8.132700000000000000e+04
8.133000000000000000e+04
8.158100000000000000e+04
8.158800000000000000e+04
8.159800000000000000e+04
8.159900000000000000e+04
8.173700000000000000e+04
8.188400000000000000e+04
8.216900000000000000e+04
8.217000000000000000e+04
8.227500000000000000e+04
8.227900000000000000e+04
8.235300000000000000e+04
8.236100000000000000e+04
8.269500000000000000e+04
8.269700000000000000e+04
8.271600000000000000e+04
8.272100000000000000e+04
8.295900000000000000e+04
8.315800000000000000e+04
8.324800000000000000e+04
8.328100000000000000e+04
8.329200000000000000e+04
8.345100000000000000e+04
8.347300000000000000e+04
8.347400000000000000e+04
8.347600000000000000e+04
8.377700000000000000e+04
8.389800000000000000e+04
8.389900000000000000e+04
8.398800000000000000e+04
8.398900000000000000e+04
8.431200000000000000e+04
8.433900000000000000e+04
8.434000000000000000e+04
8.434300000000000000e+04
8.442900000000000000e+04
8.459600000000000000e+04
8.466000000000000000e+04
8.517900000000000000e+04
8.542200000000000000e+04
8.562500000000000000e+04
8.565500000000000000e+04
8.585800000000000000e+04
8.605200000000000000e+04
8.637500000000000000e+04
8.639300000000000000e+04
8.646000000000000000e+04
8.664700000000000000e+04
8.664800000000000000e+04
8.664900000000000000e+04
8.665000000000000000e+04
8.665100000000000000e+04
8.665200000000000000e+04
8.665300000000000000e+04
8.665400000000000000e+04
8.665500000000000000e+04
8.665600000000000000e+04
8.671000000000000000e+04
8.675100000000000000e+04
8.675200000000000000e+04
8.675300000000000000e+04
8.692800000000000000e+04
8.692900000000000000e+04
8.693000000000000000e+04
8.693100000000000000e+04
8.693200000000000000e+04
8.693300000000000000e+04
8.693400000000000000e+04
8.707000000000000000e+04
8.714400000000000000e+04
8.723500000000000000e+04
8.733400000000000000e+04
8.733600000000000000e+04
8.733800000000000000e+04
8.741300000000000000e+04
8.741400000000000000e+04
8.743400000000000000e+04
8.788600000000000000e+04
8.790100000000000000e+04
8.796800000000000000e+04
8.829600000000000000e+04
8.846900000000000000e+04
8.849900000000000000e+04
8.850000000000000000e+04
8.850100000000000000e+04
8.850200000000000000e+04
8.855800000000000000e+04
8.855900000000000000e+04
8.877200000000000000e+04
8.877300000000000000e+04
8.877400000000000000e+04
8.877600000000000000e+04
8.881200000000000000e+04
8.898300000000000000e+04
8.898600000000000000e+04
8.913500000000000000e+04
8.923800000000000000e+04
8.923900000000000000e+04
8.924000000000000000e+04
8.928100000000000000e+04
8.928200000000000000e+04
8.928300000000000000e+04
8.929800000000000000e+04
8.936000000000000000e+04
8.941500000000000000e+04
8.942200000000000000e+04
8.942600000000000000e+04
8.954400000000000000e+04
8.954600000000000000e+04
8.954800000000000000e+04
8.954900000000000000e+04
8.956900000000000000e+04
8.957100000000000000e+04
8.962700000000000000e+04
8.973700000000000000e+04
8.974200000000000000e+04
8.976500000000000000e+04
8.980700000000000000e+04
8.980800000000000000e+04
8.981400000000000000e+04
8.996700000000000000e+04
9.008200000000000000e+04
9.008400000000000000e+04
9.008600000000000000e+04
9.024000000000000000e+04
9.024200000000000000e+04
9.024400000000000000e+04
9.024500000000000000e+04
9.024600000000000000e+04
9.026600000000000000e+04
9.026700000000000000e+04
9.031800000000000000e+04
9.032100000000000000e+04
9.049000000000000000e+04
9.066000000000000000e+04
9.084000000000000000e+04
9.085100000000000000e+04
9.085200000000000000e+04
9.085300000000000000e+04
9.087800000000000000e+04
9.089000000000000000e+04
9.089300000000000000e+04
9.090200000000000000e+04
9.108300000000000000e+04
9.108400000000000000e+04
9.125200000000000000e+04
9.132200000000000000e+04
9.140500000000000000e+04
9.141900000000000000e+04
9.148900000000000000e+04
9.149100000000000000e+04
9.149300000000000000e+04
9.152600000000000000e+04
9.181700000000000000e+04
9.189600000000000000e+04
9.197300000000000000e+04
9.200200000000000000e+04
9.208300000000000000e+04
9.222900000000000000e+04
9.232600000000000000e+04
9.252900000000000000e+04
9.264400000000000000e+04
9.271200000000000000e+04
9.271300000000000000e+04
9.271400000000000000e+04
9.271500000000000000e+04
9.271600000000000000e+04
9.294700000000000000e+04
9.294800000000000000e+04
9.297000000000000000e+04
9.298800000000000000e+04
9.328800000000000000e+04
9.328900000000000000e+04
9.329000000000000000e+04
9.343100000000000000e+04
9.347000000000000000e+04
9.347800000000000000e+04
9.347900000000000000e+04
9.348800000000000000e+04
9.348900000000000000e+04
9.349000000000000000e+04
9.391700000000000000e+04
9.391800000000000000e+04
9.391900000000000000e+04
9.392000000000000000e+04
9.392100000000000000e+04
9.392200000000000000e+04
9.392300000000000000e+04
9.393300000000000000e+04
9.393400000000000000e+04
9.393500000000000000e+04
9.393600000000000000e+04
9.393700000000000000e+04
9.393800000000000000e+04
9.393900000000000000e+04
9.394000000000000000e+04
9.400000000000000000e+04
9.400100000000000000e+04
9.400200000000000000e+04
9.400300000000000000e+04
9.400400000000000000e+04
9.400500000000000000e+04
9.400700000000000000e+04
9.404600000000000000e+04
9.404700000000000000e+04
9.408200000000000000e+04
9.410600000000000000e+04
9.422000000000000000e+04
9.423000000000000000e+04
9.423100000000000000e+04
9.454700000000000000e+04
9.460700000000000000e+04
9.460800000000000000e+04
9.465100000000000000e+04
9.489500000000000000e+04
9.492100000000000000e+04
9.493700000000000000e+04
9.502200000000000000e+04
9.505600000000000000e+04
9.526500000000000000e+04
9.526700000000000000e+04
9.582400000000000000e+04
9.635400000000000000e+04
9.635500000000000000e+04
9.636300000000000000e+04
9.636400000000000000e+04
9.649700000000000000e+04
9.660800000000000000e+04
9.662700000000000000e+04
9.663200000000000000e+04
9.666700000000000000e+04
9.671800000000000000e+04
9.685300000000000000e+04
9.693300000000000000e+04
9.693400000000000000e+04
9.728400000000000000e+04
9.728600000000000000e+04
9.728900000000000000e+04
9.729100000000000000e+04
9.749400000000000000e+04
9.750500000000000000e+04
9.756300000000000000e+04
9.758600000000000000e+04
9.759100000000000000e+04
9.780600000000000000e+04
9.784600000000000000e+04
9.808200000000000000e+04
9.810800000000000000e+04
9.820000000000000000e+04
9.826700000000000000e+04
9.826800000000000000e+04
9.827500000000000000e+04
9.834700000000000000e+04
9.834800000000000000e+04
9.847300000000000000e+04
9.847400000000000000e+04
9.847500000000000000e+04
9.847600000000000000e+04
9.847700000000000000e+04
9.853100000000000000e+04
9.889300000000000000e+04
9.889400000000000000e+04
9.889600000000000000e+04
9.889700000000000000e+04
9.889900000000000000e+04
9.893700000000000000e+04
9.899800000000000000e+04
9.906900000000000000e+04
9.907000000000000000e+04
9.908200000000000000e+04
9.908300000000000000e+04
9.915700000000000000e+04
9.916300000000000000e+04
9.925300000000000000e+04
9.925500000000000000e+04
9.925700000000000000e+04
9.951900000000000000e+04
9.962000000000000000e+04
9.962200000000000000e+04
9.963500000000000000e+04
1.000550000000000000e+05
1.002060000000000000e+05
1.002160000000000000e+05
1.004720000000000000e+05
1.004730000000000000e+05
1.006320000000000000e+05
1.006810000000000000e+05
1.009220000000000000e+05
1.010830000000000000e+05
1.011240000000000000e+05
1.011720000000000000e+05
1.014000000000000000e+05
1.014060000000000000e+05
1.014090000000000000e+05
1.014110000000000000e+05
1.014120000000000000e+05
1.015250000000000000e+05
1.017330000000000000e+05
1.017960000000000000e+05
1.018030000000000000e+05
1.019190000000000000e+05
1.020020000000000000e+05
1.024920000000000000e+05
1.025050000000000000e+05
1.025200000000000000e+05
1.025380000000000000e+05
1.025410000000000000e+05
1.027980000000000000e+05
1.028210000000000000e+05
1.028710000000000000e+05
1.029670000000000000e+05
1.030350000000000000e+05
1.030530000000000000e+05
1.033320000000000000e+05
1.034870000000000000e+05
1.036870000000000000e+05
1.038620000000000000e+05
1.043710000000000000e+05
1.044040000000000000e+05
1.044060000000000000e+05
1.044070000000000000e+05
1.045060000000000000e+05
1.045290000000000000e+05
1.045550000000000000e+05
1.046850000000000000e+05
1.053100000000000000e+05
1.054110000000000000e+05
1.054130000000000000e+05
1.055460000000000000e+05
1.055470000000000000e+05
1.055880000000000000e+05
1.055890000000000000e+05
1.058260000000000000e+05
1.059050000000000000e+05
1.059180000000000000e+05
1.059860000000000000e+05
1.067100000000000000e+05
1.067110000000000000e+05
1.067140000000000000e+05
1.067150000000000000e+05
1.067710000000000000e+05
1.069110000000000000e+05
1.072420000000000000e+05
1.072770000000000000e+05
1.072960000000000000e+05
1.076300000000000000e+05
1.076990000000000000e+05
1.077000000000000000e+05
1.077450000000000000e+05
1.078660000000000000e+05
1.079230000000000000e+05
1.080170000000000000e+05
1.081000000000000000e+05
1.082360000000000000e+05
1.082760000000000000e+05
1.084150000000000000e+05
1.085030000000000000e+05
1.085050000000000000e+05
1.085060000000000000e+05
1.085070000000000000e+05
1.085830000000000000e+05
1.085840000000000000e+05
1.088360000000000000e+05
1.088720000000000000e+05
1.090700000000000000e+05
1.091310000000000000e+05
1.091950000000000000e+05
1.093800000000000000e+05
1.095810000000000000e+05
1.095820000000000000e+05
1.095880000000000000e+05
1.100050000000000000e+05
1.101500000000000000e+05
1.102290000000000000e+05
1.102310000000000000e+05
1.103400000000000000e+05
1.104610000000000000e+05
1.104620000000000000e+05
1.104630000000000000e+05
1.104640000000000000e+05
1.104650000000000000e+05
1.104660000000000000e+05
1.104670000000000000e+05
1.104680000000000000e+05
1.104700000000000000e+05
1.104710000000000000e+05
1.104720000000000000e+05
1.104730000000000000e+05
1.104740000000000000e+05
1.106090000000000000e+05
1.108660000000000000e+05
1.109880000000000000e+05
1.109900000000000000e+05
1.110210000000000000e+05
1.113150000000000000e+05
1.113210000000000000e+05
1.113240000000000000e+05
1.116130000000000000e+05
1.121590000000000000e+05
1.121840000000000000e+05
1.124430000000000000e+05
1.124470000000000000e+05
1.125380000000000000e+05
1.126130000000000000e+05
1.128030000000000000e+05
1.128480000000000000e+05
1.128740000000000000e+05
1.131160000000000000e+05
1.134660000000000000e+05
1.135220000000000000e+05
1.136350000000000000e+05
1.142290000000000000e+05
1.143020000000000000e+05
1.144600000000000000e+05
1.145600000000000000e+05
1.147560000000000000e+05
1.149770000000000000e+05
1.150790000000000000e+05
1.152250000000000000e+05
1.153110000000000000e+05
1.154820000000000000e+05
1.155230000000000000e+05
1.156800000000000000e+05
1.158150000000000000e+05
1.158170000000000000e+05
1.158180000000000000e+05
1.158340000000000000e+05
1.159500000000000000e+05
1.160400000000000000e+05
1.160850000000000000e+05
1.161450000000000000e+05
1.161790000000000000e+05
1.161800000000000000e+05
1.161810000000000000e+05
1.161820000000000000e+05
1.162420000000000000e+05
1.163450000000000000e+05
1.164520000000000000e+05
1.164940000000000000e+05
1.166520000000000000e+05
1.167610000000000000e+05
1.167620000000000000e+05
1.167630000000000000e+05
1.167640000000000000e+05
1.167670000000000000e+05
1.167680000000000000e+05
1.168260000000000000e+05
1.168770000000000000e+05
1.169030000000000000e+05
1.169340000000000000e+05
1.169770000000000000e+05
1.170080000000000000e+05
1.170650000000000000e+05
1.170660000000000000e+05
1.171590000000000000e+05
1.171940000000000000e+05
1.173120000000000000e+05
1.173480000000000000e+05
1.173620000000000000e+05
1.173640000000000000e+05
1.174090000000000000e+05
1.174100000000000000e+05
1.174130000000000000e+05
1.174160000000000000e+05
1.178370000000000000e+05
1.179740000000000000e+05
1.180690000000000000e+05
1.182570000000000000e+05
1.184210000000000000e+05
1.187760000000000000e+05
1.187770000000000000e+05
1.193200000000000000e+05
1.195280000000000000e+05
1.197110000000000000e+05
1.200820000000000000e+05
1.206620000000000000e+05
1.206860000000000000e+05
1.209080000000000000e+05
1.209250000000000000e+05
1.211530000000000000e+05
1.215700000000000000e+05
1.216940000000000000e+05
1.216950000000000000e+05
1.217850000000000000e+05
1.224670000000000000e+05
1.224840000000000000e+05
1.226270000000000000e+05
1.226290000000000000e+05
1.226300000000000000e+05
1.229140000000000000e+05
1.234210000000000000e+05
1.247090000000000000e+05
1.247260000000000000e+05
1.247270000000000000e+05
1.247280000000000000e+05
1.247290000000000000e+05
1.247300000000000000e+05
1.247310000000000000e+05
1.247320000000000000e+05
1.247330000000000000e+05
1.247340000000000000e+05
1.247350000000000000e+05
1.247360000000000000e+05
1.248780000000000000e+05
1.248860000000000000e+05
1.249390000000000000e+05
1.250970000000000000e+05
1.251550000000000000e+05
1.253290000000000000e+05
1.257000000000000000e+05
1.259310000000000000e+05
1.260010000000000000e+05
1.260030000000000000e+05
1.260580000000000000e+05
1.262790000000000000e+05
1.263020000000000000e+05
1.263030000000000000e+05
1.263070000000000000e+05
1.263100000000000000e+05
1.263130000000000000e+05
1.263400000000000000e+05
1.263450000000000000e+05
1.263520000000000000e+05
1.265750000000000000e+05
1.267840000000000000e+05
1.271120000000000000e+05
1.277810000000000000e+05
1.279830000000000000e+05
1.283160000000000000e+05
1.284280000000000000e+05
1.284300000000000000e+05
1.284310000000000000e+05
1.284370000000000000e+05
1.285910000000000000e+05
1.286560000000000000e+05
1.290780000000000000e+05
1.291890000000000000e+05
1.293200000000000000e+05
1.293220000000000000e+05
1.293410000000000000e+05
1.293420000000000000e+05
1.293430000000000000e+05
1.295150000000000000e+05
1.297080000000000000e+05
1.297130000000000000e+05
1.297180000000000000e+05
1.298810000000000000e+05
1.298820000000000000e+05
1.298840000000000000e+05
1.298880000000000000e+05
1.298890000000000000e+05
1.298900000000000000e+05
1.301950000000000000e+05
1.302470000000000000e+05
1.305990000000000000e+05
1.306010000000000000e+05
1.309530000000000000e+05
1.313230000000000000e+05
1.313250000000000000e+05
1.313260000000000000e+05
1.314640000000000000e+05
1.315920000000000000e+05
1.315930000000000000e+05
1.316930000000000000e+05
1.318130000000000000e+05
1.319330000000000000e+05
1.320140000000000000e+05
1.320160000000000000e+05
1.320170000000000000e+05
1.320180000000000000e+05
1.320200000000000000e+05
1.320310000000000000e+05
1.320640000000000000e+05
1.322440000000000000e+05
1.324190000000000000e+05
1.326390000000000000e+05
1.327970000000000000e+05
1.328650000000000000e+05
1.328690000000000000e+05
1.328940000000000000e+05
1.330120000000000000e+05
1.330660000000000000e+05
1.332150000000000000e+05
1.332160000000000000e+05
1.333880000000000000e+05
1.335250000000000000e+05
1.335470000000000000e+05
1.335820000000000000e+05
1.335840000000000000e+05
1.336080000000000000e+05
1.336090000000000000e+05
1.336100000000000000e+05
1.336110000000000000e+05
1.338150000000000000e+05
1.340240000000000000e+05
1.340310000000000000e+05
1.340520000000000000e+05
1.342160000000000000e+05
1.344360000000000000e+05
1.344410000000000000e+05
1.344870000000000000e+05
1.347860000000000000e+05
1.350980000000000000e+05
1.351280000000000000e+05
1.352350000000000000e+05
1.353400000000000000e+05
1.353530000000000000e+05
1.353870000000000000e+05
1.354930000000000000e+05
1.355000000000000000e+05
1.361100000000000000e+05
1.361780000000000000e+05
1.363490000000000000e+05
1.368590000000000000e+05
1.369590000000000000e+05
1.369700000000000000e+05
1.369720000000000000e+05
1.372040000000000000e+05
1.372080000000000000e+05
1.377870000000000000e+05
1.380580000000000000e+05
1.383510000000000000e+05
1.384740000000000000e+05
1.384750000000000000e+05
1.384810000000000000e+05
1.385140000000000000e+05
1.386350000000000000e+05
1.388160000000000000e+05
1.388190000000000000e+05
1.388210000000000000e+05
1.390090000000000000e+05
1.391000000000000000e+05
1.393100000000000000e+05
1.396180000000000000e+05
1.398830000000000000e+05
1.398840000000000000e+05
1.400260000000000000e+05
1.402210000000000000e+05
1.403870000000000000e+05
1.404710000000000000e+05
1.404720000000000000e+05
1.404730000000000000e+05
1.404740000000000000e+05
1.404810000000000000e+05
1.404820000000000000e+05
1.405820000000000000e+05
1.406470000000000000e+05
1.407940000000000000e+05
1.414760000000000000e+05
1.414820000000000000e+05
1.415990000000000000e+05
1.417720000000000000e+05
1.417730000000000000e+05
1.418320000000000000e+05
1.419500000000000000e+05
1.422860000000000000e+05
1.423500000000000000e+05
1.423760000000000000e+05
1.423850000000000000e+05
1.424620000000000000e+05
1.426630000000000000e+05
1.426820000000000000e+05
1.428100000000000000e+05
1.431030000000000000e+05
1.431270000000000000e+05
1.434400000000000000e+05
1.434420000000000000e+05
1.434430000000000000e+05
1.434440000000000000e+05
1.434450000000000000e+05
1.434460000000000000e+05
1.434470000000000000e+05
1.434480000000000000e+05
1.434490000000000000e+05
1.434500000000000000e+05
1.434510000000000000e+05
1.434520000000000000e+05
1.434530000000000000e+05
1.434540000000000000e+05
1.435430000000000000e+05
1.435790000000000000e+05
1.436800000000000000e+05
1.437630000000000000e+05
1.439110000000000000e+05
1.439500000000000000e+05
1.441660000000000000e+05
1.443330000000000000e+05
1.443940000000000000e+05
1.447030000000000000e+05
1.448310000000000000e+05
1.448650000000000000e+05
1.448680000000000000e+05
1.449690000000000000e+05
1.450650000000000000e+05
1.450660000000000000e+05
1.450670000000000000e+05
1.450680000000000000e+05
1.451090000000000000e+05
1.453060000000000000e+05
1.453380000000000000e+05
1.454990000000000000e+05
1.455160000000000000e+05
1.456470000000000000e+05
1.457400000000000000e+05
1.460260000000000000e+05
1.460270000000000000e+05
1.460290000000000000e+05
1.460330000000000000e+05
1.462700000000000000e+05
1.464980000000000000e+05
1.465320000000000000e+05
1.466930000000000000e+05
1.467440000000000000e+05
1.467460000000000000e+05
1.469120000000000000e+05
1.469780000000000000e+05
1.471380000000000000e+05
1.471410000000000000e+05
1.471420000000000000e+05
1.471430000000000000e+05
1.471930000000000000e+05
1.471950000000000000e+05
1.471970000000000000e+05
1.474710000000000000e+05
1.475630000000000000e+05
1.475740000000000000e+05
1.475780000000000000e+05
1.475810000000000000e+05
1.475820000000000000e+05
1.476480000000000000e+05
1.476790000000000000e+05
1.477980000000000000e+05
1.478000000000000000e+05
1.478010000000000000e+05
1.478070000000000000e+05
1.479890000000000000e+05
1.481800000000000000e+05
1.481810000000000000e+05
1.481820000000000000e+05
1.481830000000000000e+05
1.481840000000000000e+05
1.481850000000000000e+05
1.481860000000000000e+05
1.481880000000000000e+05
1.481890000000000000e+05
1.481900000000000000e+05
1.481910000000000000e+05
1.481920000000000000e+05
1.482900000000000000e+05
1.483110000000000000e+05
1.483430000000000000e+05
1.483440000000000000e+05
1.483490000000000000e+05
1.483500000000000000e+05
1.484210000000000000e+05
1.486590000000000000e+05
1.488450000000000000e+05
1.488830000000000000e+05
1.489190000000000000e+05
1.489480000000000000e+05
1.492160000000000000e+05
1.492170000000000000e+05
1.496680000000000000e+05
1.498380000000000000e+05
1.498690000000000000e+05
1.498780000000000000e+05
1.500410000000000000e+05
1.501070000000000000e+05
1.503610000000000000e+05
1.505070000000000000e+05
1.505080000000000000e+05
1.505090000000000000e+05
1.505100000000000000e+05
1.508170000000000000e+05
1.510510000000000000e+05
1.510610000000000000e+05
1.511050000000000000e+05
1.513970000000000000e+05
1.515440000000000000e+05
1.515700000000000000e+05
1.515750000000000000e+05
1.518230000000000000e+05
1.518650000000000000e+05
1.519280000000000000e+05
1.524330000000000000e+05
1.524360000000000000e+05
1.525420000000000000e+05
1.528920000000000000e+05
1.529440000000000000e+05
1.530340000000000000e+05
1.530380000000000000e+05
1.530400000000000000e+05
1.530450000000000000e+05
1.530460000000000000e+05
1.532030000000000000e+05
1.532040000000000000e+05
1.533650000000000000e+05
1.533820000000000000e+05
1.537980000000000000e+05
1.545170000000000000e+05
1.546600000000000000e+05
1.546640000000000000e+05
1.546670000000000000e+05
1.546680000000000000e+05
1.546690000000000000e+05
1.546700000000000000e+05
1.546710000000000000e+05
1.546720000000000000e+05
1.546730000000000000e+05
1.547350000000000000e+05
1.547360000000000000e+05
1.547370000000000000e+05
1.548140000000000000e+05
1.548850000000000000e+05
1.549390000000000000e+05
1.553100000000000000e+05
1.553120000000000000e+05
1.553130000000000000e+05
1.553140000000000000e+05
1.553150000000000000e+05
1.553160000000000000e+05
1.553170000000000000e+05
1.553180000000000000e+05
1.553210000000000000e+05
1.553280000000000000e+05
1.553290000000000000e+05
1.558130000000000000e+05
1.558150000000000000e+05
1.558160000000000000e+05
1.558570000000000000e+05
1.559780000000000000e+05
1.559790000000000000e+05
1.560890000000000000e+05
1.562070000000000000e+05
1.562080000000000000e+05
1.562090000000000000e+05
1.564790000000000000e+05
1.565880000000000000e+05
1.566130000000000000e+05
1.570000000000000000e+05
1.570060000000000000e+05
1.573830000000000000e+05
1.574050000000000000e+05
1.576370000000000000e+05
1.578200000000000000e+05
1.585870000000000000e+05
1.586680000000000000e+05
1.587760000000000000e+05
1.589500000000000000e+05
1.589990000000000000e+05
1.590790000000000000e+05
1.591180000000000000e+05
1.591220000000000000e+05
1.591280000000000000e+05
1.591810000000000000e+05
1.594120000000000000e+05
1.594130000000000000e+05
1.597210000000000000e+05
1.597240000000000000e+05
1.597260000000000000e+05
1.597300000000000000e+05
1.597790000000000000e+05
1.597800000000000000e+05
1.597840000000000000e+05
1.597940000000000000e+05
1.597950000000000000e+05
1.598530000000000000e+05
1.598540000000000000e+05
1.600460000000000000e+05
1.600470000000000000e+05
1.602920000000000000e+05
1.602980000000000000e+05
1.602990000000000000e+05
1.603010000000000000e+05
1.604580000000000000e+05
1.604830000000000000e+05
1.605000000000000000e+05
1.605450000000000000e+05
1.605460000000000000e+05
1.605900000000000000e+05
1.609990000000000000e+05
1.610020000000000000e+05
1.612840000000000000e+05
1.614670000000000000e+05
1.615990000000000000e+05
1.616000000000000000e+05
1.616010000000000000e+05
1.622300000000000000e+05
1.623950000000000000e+05
1.623980000000000000e+05
1.625720000000000000e+05
1.626230000000000000e+05
1.627770000000000000e+05
1.627830000000000000e+05
1.627860000000000000e+05
1.628120000000000000e+05
1.629780000000000000e+05
1.631010000000000000e+05
1.632370000000000000e+05
1.632560000000000000e+05
1.635240000000000000e+05
1.635300000000000000e+05
1.636400000000000000e+05
1.641250000000000000e+05
1.641260000000000000e+05
1.641380000000000000e+05
1.641510000000000000e+05
1.642000000000000000e+05
1.643330000000000000e+05
1.648830000000000000e+05
1.648850000000000000e+05
1.653450000000000000e+05
1.653460000000000000e+05
1.653530000000000000e+05
1.653540000000000000e+05
1.653680000000000000e+05
1.653710000000000000e+05
1.655300000000000000e+05
1.656310000000000000e+05
1.656530000000000000e+05
1.656710000000000000e+05
1.658400000000000000e+05
1.661920000000000000e+05
1.661940000000000000e+05
1.665560000000000000e+05
1.666810000000000000e+05
1.667170000000000000e+05
1.670660000000000000e+05
1.671450000000000000e+05
1.672620000000000000e+05
1.673150000000000000e+05
1.673160000000000000e+05
1.674240000000000000e+05
1.674680000000000000e+05
1.675590000000000000e+05
1.675620000000000000e+05
1.675630000000000000e+05
1.676190000000000000e+05
1.678080000000000000e+05
1.679930000000000000e+05
1.682070000000000000e+05
1.682140000000000000e+05
1.685260000000000000e+05
1.685700000000000000e+05
1.686510000000000000e+05
1.686530000000000000e+05
1.686550000000000000e+05
1.690470000000000000e+05
1.693790000000000000e+05
1.701080000000000000e+05
1.707490000000000000e+05
1.710520000000000000e+05
1.716820000000000000e+05
1.717010000000000000e+05
1.719450000000000000e+05
1.719570000000000000e+05
1.721510000000000000e+05
1.722150000000000000e+05
1.723620000000000000e+05
1.723890000000000000e+05
1.724370000000000000e+05
1.725460000000000000e+05
1.727120000000000000e+05
1.727290000000000000e+05
1.728050000000000000e+05
1.728910000000000000e+05
1.729090000000000000e+05
1.729280000000000000e+05
1.729880000000000000e+05
1.730040000000000000e+05
1.730190000000000000e+05
