4.900000000000000000e+01
3.820000000000000000e+02
6.730000000000000000e+02
8.400000000000000000e+02
1.346000000000000000e+03
1.352000000000000000e+03
1.353000000000000000e+03
1.372000000000000000e+03
1.605000000000000000e+03
1.606000000000000000e+03
1.607000000000000000e+03
1.608000000000000000e+03
1.609000000000000000e+03
1.610000000000000000e+03
1.611000000000000000e+03
1.612000000000000000e+03
1.779000000000000000e+03
1.959000000000000000e+03
2.379000000000000000e+03
2.385000000000000000e+03
2.759000000000000000e+03
2.760000000000000000e+03
3.001000000000000000e+03
3.004000000000000000e+03
3.355000000000000000e+03
3.374000000000000000e+03
3.445000000000000000e+03
3.875000000000000000e+03
4.469000000000000000e+03
4.624000000000000000e+03
4.797000000000000000e+03
4.886000000000000000e+03
5.093000000000000000e+03
5.094000000000000000e+03
5.095000000000000000e+03
5.096000000000000000e+03
5.108000000000000000e+03
5.124000000000000000e+03
5.130000000000000000e+03
5.279000000000000000e+03
5.466000000000000000e+03
5.467000000000000000e+03
5.468000000000000000e+03
5.644000000000000000e+03
5.646000000000000000e+03
5.647000000000000000e+03
5.915000000000000000e+03
5.916000000000000000e+03
5.917000000000000000e+03
5.918000000000000000e+03
5.919000000000000000e+03
5.920000000000000000e+03
5.921000000000000000e+03
6.200000000000000000e+03
6.383000000000000000e+03
6.385000000000000000e+03
6.386000000000000000e+03
6.387000000000000000e+03
6.388000000000000000e+03
6.575000000000000000e+03
6.577000000000000000e+03
6.579000000000000000e+03
6.753000000000000000e+03
7.238000000000000000e+03
7.275000000000000000e+03
7.417000000000000000e+03
7.643000000000000000e+03
7.843000000000000000e+03
7.865000000000000000e+03
7.868000000000000000e+03
8.201000000000000000e+03
8.202000000000000000e+03
9.616000000000000000e+03
9.809000000000000000e+03
9.834000000000000000e+03
9.835000000000000000e+03
9.836000000000000000e+03
9.915000000000000000e+03
9.935000000000000000e+03
9.937000000000000000e+03
9.977000000000000000e+03
1.005500000000000000e+04
1.028000000000000000e+04
1.028100000000000000e+04
1.028400000000000000e+04
1.030900000000000000e+04
1.066600000000000000e+04
1.100500000000000000e+04
1.109000000000000000e+04
1.142700000000000000e+04
1.153700000000000000e+04
1.185700000000000000e+04
1.186600000000000000e+04
1.186700000000000000e+04
1.187000000000000000e+04
1.187100000000000000e+04
1.187300000000000000e+04
1.188500000000000000e+04
1.189600000000000000e+04
1.213700000000000000e+04
1.215600000000000000e+04
1.234200000000000000e+04
1.238500000000000000e+04
1.238600000000000000e+04
1.238700000000000000e+04
1.238800000000000000e+04
1.238900000000000000e+04
1.239000000000000000e+04
1.239100000000000000e+04
1.239200000000000000e+04
1.239300000000000000e+04
1.239400000000000000e+04
1.239500000000000000e+04
1.239600000000000000e+04
1.239700000000000000e+04
1.239800000000000000e+04
1.239900000000000000e+04
1.240000000000000000e+04
1.240100000000000000e+04
1.240200000000000000e+04
1.240400000000000000e+04
1.240500000000000000e+04
1.240600000000000000e+04
1.240700000000000000e+04
1.240800000000000000e+04
1.240900000000000000e+04
1.241000000000000000e+04
1.241100000000000000e+04
1.241200000000000000e+04
1.241300000000000000e+04
1.241400000000000000e+04
1.241500000000000000e+04
1.241600000000000000e+04
1.241700000000000000e+04
1.241800000000000000e+04
1.241900000000000000e+04
1.242000000000000000e+04
1.242100000000000000e+04
1.242200000000000000e+04
1.242300000000000000e+04
1.242400000000000000e+04
1.242500000000000000e+04
1.242600000000000000e+04
1.251100000000000000e+04
1.256300000000000000e+04
1.269100000000000000e+04
1.278300000000000000e+04
1.284100000000000000e+04
1.294000000000000000e+04
1.298900000000000000e+04
1.330300000000000000e+04
1.330400000000000000e+04
1.330500000000000000e+04
1.330700000000000000e+04
1.330800000000000000e+04
1.330900000000000000e+04
1.331000000000000000e+04
1.331100000000000000e+04
1.334800000000000000e+04
1.358300000000000000e+04
1.380600000000000000e+04
1.383000000000000000e+04
1.383300000000000000e+04
1.387900000000000000e+04
1.392200000000000000e+04
1.400800000000000000e+04
1.401000000000000000e+04
1.401800000000000000e+04
1.410800000000000000e+04
1.422800000000000000e+04
1.446100000000000000e+04
1.468800000000000000e+04
1.469000000000000000e+04
1.476700000000000000e+04
1.476900000000000000e+04
1.477000000000000000e+04
1.477100000000000000e+04
1.477200000000000000e+04
1.477400000000000000e+04
1.477500000000000000e+04
1.477600000000000000e+04
1.477700000000000000e+04
1.477800000000000000e+04
1.568200000000000000e+04
1.571300000000000000e+04
1.583300000000000000e+04
1.583400000000000000e+04
1.583500000000000000e+04
1.583600000000000000e+04
1.596300000000000000e+04
1.596700000000000000e+04
1.597200000000000000e+04
1.608800000000000000e+04
1.674100000000000000e+04
1.674200000000000000e+04
1.699500000000000000e+04
1.707000000000000000e+04
1.714200000000000000e+04
1.724800000000000000e+04
1.724900000000000000e+04
1.725000000000000000e+04
1.725600000000000000e+04
1.729600000000000000e+04
1.735400000000000000e+04
1.740600000000000000e+04
1.756500000000000000e+04
1.756600000000000000e+04
1.805500000000000000e+04
1.807400000000000000e+04
1.851700000000000000e+04
1.854900000000000000e+04
1.855000000000000000e+04
1.863600000000000000e+04
1.865900000000000000e+04
1.866300000000000000e+04
1.866400000000000000e+04
1.866500000000000000e+04
1.866600000000000000e+04
1.866900000000000000e+04
1.868700000000000000e+04
1.878300000000000000e+04
1.882200000000000000e+04
1.882300000000000000e+04
1.882500000000000000e+04
1.925100000000000000e+04
1.925400000000000000e+04
1.926200000000000000e+04
1.926500000000000000e+04
1.926600000000000000e+04
1.953400000000000000e+04
1.958800000000000000e+04
1.965100000000000000e+04
1.965200000000000000e+04
1.967400000000000000e+04
1.985700000000000000e+04
1.987800000000000000e+04
1.993700000000000000e+04
2.002700000000000000e+04
2.093600000000000000e+04
2.106900000000000000e+04
2.109800000000000000e+04
2.109900000000000000e+04
2.110300000000000000e+04
2.110500000000000000e+04
2.110600000000000000e+04
2.113100000000000000e+04
2.116200000000000000e+04
2.116400000000000000e+04
2.118200000000000000e+04
2.118500000000000000e+04
2.118700000000000000e+04
2.118800000000000000e+04
2.118900000000000000e+04
2.119000000000000000e+04
2.119100000000000000e+04
2.119200000000000000e+04
2.119500000000000000e+04
2.119800000000000000e+04
2.119900000000000000e+04
2.120100000000000000e+04
2.121100000000000000e+04
2.122500000000000000e+04
2.122600000000000000e+04
2.123200000000000000e+04
2.123300000000000000e+04
2.123500000000000000e+04
2.138300000000000000e+04
2.138400000000000000e+04
2.142800000000000000e+04
2.179400000000000000e+04
2.179500000000000000e+04
2.179600000000000000e+04
2.179700000000000000e+04
2.179900000000000000e+04
2.186600000000000000e+04
2.186800000000000000e+04
2.190800000000000000e+04
2.190900000000000000e+04
2.191700000000000000e+04
2.222600000000000000e+04
2.222800000000000000e+04
2.228600000000000000e+04
2.233400000000000000e+04
2.238500000000000000e+04
2.246100000000000000e+04
2.249900000000000000e+04
2.251300000000000000e+04
2.251700000000000000e+04
2.252200000000000000e+04
2.257900000000000000e+04
2.268600000000000000e+04
2.271400000000000000e+04
2.274300000000000000e+04
2.274400000000000000e+04
2.274700000000000000e+04
2.274900000000000000e+04
2.285200000000000000e+04
2.309900000000000000e+04
2.318300000000000000e+04
2.327400000000000000e+04
2.367200000000000000e+04
2.382800000000000000e+04
2.423400000000000000e+04
2.426200000000000000e+04
2.426300000000000000e+04
2.427400000000000000e+04
2.427900000000000000e+04
2.428000000000000000e+04
2.428100000000000000e+04
2.428300000000000000e+04
2.449300000000000000e+04
2.474300000000000000e+04
2.563500000000000000e+04
2.592900000000000000e+04
2.596000000000000000e+04
2.632500000000000000e+04
2.647600000000000000e+04
2.702100000000000000e+04
2.707500000000000000e+04
2.710100000000000000e+04
2.752500000000000000e+04
2.775500000000000000e+04
2.775600000000000000e+04
2.781700000000000000e+04
2.781800000000000000e+04
2.798300000000000000e+04
2.798400000000000000e+04
2.798500000000000000e+04
2.798600000000000000e+04
2.798700000000000000e+04
2.798800000000000000e+04
2.799000000000000000e+04
2.823600000000000000e+04
2.825600000000000000e+04
2.825700000000000000e+04
2.838900000000000000e+04
2.857900000000000000e+04
2.888500000000000000e+04
2.951300000000000000e+04
2.951400000000000000e+04
2.982900000000000000e+04
2.996100000000000000e+04
2.996800000000000000e+04
3.002800000000000000e+04
3.005600000000000000e+04
3.005700000000000000e+04
3.005900000000000000e+04
3.006100000000000000e+04
3.006300000000000000e+04
3.006400000000000000e+04
3.006500000000000000e+04
3.006600000000000000e+04
3.006700000000000000e+04
3.007000000000000000e+04
3.010100000000000000e+04
3.010500000000000000e+04
3.010600000000000000e+04
3.010700000000000000e+04
3.010800000000000000e+04
3.012000000000000000e+04
3.012200000000000000e+04
3.012300000000000000e+04
3.019600000000000000e+04
3.023300000000000000e+04
3.025800000000000000e+04
3.026000000000000000e+04
3.026600000000000000e+04
3.032700000000000000e+04
3.033900000000000000e+04
3.034900000000000000e+04
3.037100000000000000e+04
3.038100000000000000e+04
3.043400000000000000e+04
3.043500000000000000e+04
3.051800000000000000e+04
3.051900000000000000e+04
3.056100000000000000e+04
3.069100000000000000e+04
3.073000000000000000e+04
3.073100000000000000e+04
3.073200000000000000e+04
3.078100000000000000e+04
3.089700000000000000e+04
3.092800000000000000e+04
3.101800000000000000e+04
3.102600000000000000e+04
3.102700000000000000e+04
3.103600000000000000e+04
3.110200000000000000e+04
3.140200000000000000e+04
3.140300000000000000e+04
3.142900000000000000e+04
3.143200000000000000e+04
3.143500000000000000e+04
3.145300000000000000e+04
3.152200000000000000e+04
3.172600000000000000e+04
3.175400000000000000e+04
3.176100000000000000e+04
3.177100000000000000e+04
3.186800000000000000e+04
3.200700000000000000e+04
3.203500000000000000e+04
3.212700000000000000e+04
3.218900000000000000e+04
3.220900000000000000e+04
3.221500000000000000e+04
3.221600000000000000e+04
3.222200000000000000e+04
3.222300000000000000e+04
3.222400000000000000e+04
3.222500000000000000e+04
3.222600000000000000e+04
3.222800000000000000e+04
3.222900000000000000e+04
3.223000000000000000e+04
3.223100000000000000e+04
3.223300000000000000e+04
3.223400000000000000e+04
3.223600000000000000e+04
3.224600000000000000e+04
3.225100000000000000e+04
3.234000000000000000e+04
3.234200000000000000e+04
3.234300000000000000e+04
3.234400000000000000e+04
3.234500000000000000e+04
3.238800000000000000e+04
3.239100000000000000e+04
3.242700000000000000e+04
3.249200000000000000e+04
3.257400000000000000e+04
3.257600000000000000e+04
3.372400000000000000e+04
3.385200000000000000e+04
3.385300000000000000e+04
3.385400000000000000e+04
3.385800000000000000e+04
3.415700000000000000e+04
3.432400000000000000e+04
3.443900000000000000e+04
3.444300000000000000e+04
3.445600000000000000e+04
3.451300000000000000e+04
3.469300000000000000e+04
3.478800000000000000e+04
3.478900000000000000e+04
3.479300000000000000e+04
3.479700000000000000e+04
3.490300000000000000e+04
3.523200000000000000e+04
3.531200000000000000e+04
3.531300000000000000e+04
3.552000000000000000e+04
3.552100000000000000e+04
3.554900000000000000e+04
3.555000000000000000e+04
3.555300000000000000e+04
3.561000000000000000e+04
3.576500000000000000e+04
3.576600000000000000e+04
3.576700000000000000e+04
3.576800000000000000e+04
3.587200000000000000e+04
3.587300000000000000e+04
3.587400000000000000e+04
3.599300000000000000e+04
3.609200000000000000e+04
3.611000000000000000e+04
3.611500000000000000e+04
3.611600000000000000e+04
3.612200000000000000e+04
3.614000000000000000e+04
3.614300000000000000e+04
3.614400000000000000e+04
3.614500000000000000e+04
3.616300000000000000e+04
3.616400000000000000e+04
3.616900000000000000e+04
3.620500000000000000e+04
3.646000000000000000e+04
3.662100000000000000e+04
3.681300000000000000e+04
3.703500000000000000e+04
3.703600000000000000e+04
3.703700000000000000e+04
3.704100000000000000e+04
3.739800000000000000e+04
3.753700000000000000e+04
3.760000000000000000e+04
3.765000000000000000e+04
3.774100000000000000e+04
3.787600000000000000e+04
3.787700000000000000e+04
3.787800000000000000e+04
3.787900000000000000e+04
3.794600000000000000e+04
3.794700000000000000e+04
3.794800000000000000e+04
3.794900000000000000e+04
3.795000000000000000e+04
3.795100000000000000e+04
3.795200000000000000e+04
3.795300000000000000e+04
3.795400000000000000e+04
3.795500000000000000e+04
3.795600000000000000e+04
3.795700000000000000e+04
3.795800000000000000e+04
3.795900000000000000e+04
3.796000000000000000e+04
3.797400000000000000e+04
3.806600000000000000e+04
3.807000000000000000e+04
3.809700000000000000e+04
3.818300000000000000e+04
3.818400000000000000e+04
3.822700000000000000e+04
3.837000000000000000e+04
3.843000000000000000e+04
3.843100000000000000e+04
3.843200000000000000e+04
3.843300000000000000e+04
3.843400000000000000e+04
3.843500000000000000e+04
3.843600000000000000e+04
3.843700000000000000e+04
3.843800000000000000e+04
3.843900000000000000e+04
3.844000000000000000e+04
3.844100000000000000e+04
3.844200000000000000e+04
3.844300000000000000e+04
3.844400000000000000e+04
3.844500000000000000e+04
3.844600000000000000e+04
3.849600000000000000e+04
3.849800000000000000e+04
3.849900000000000000e+04
3.850100000000000000e+04
3.859600000000000000e+04
3.905200000000000000e+04
3.964800000000000000e+04
3.964900000000000000e+04
3.965000000000000000e+04
3.965300000000000000e+04
3.966400000000000000e+04
3.966700000000000000e+04
3.966800000000000000e+04
3.973200000000000000e+04
3.978100000000000000e+04
3.984600000000000000e+04
3.996800000000000000e+04
4.007200000000000000e+04
4.007300000000000000e+04
4.007400000000000000e+04
4.010700000000000000e+04
4.019600000000000000e+04
4.021700000000000000e+04
4.021800000000000000e+04
4.026100000000000000e+04
4.026200000000000000e+04
4.026400000000000000e+04
4.030000000000000000e+04
4.030200000000000000e+04
4.030300000000000000e+04
4.030400000000000000e+04
4.030600000000000000e+04
4.031900000000000000e+04
4.043800000000000000e+04
4.047200000000000000e+04
4.047800000000000000e+04
4.051000000000000000e+04
4.073400000000000000e+04
4.074400000000000000e+04
4.075000000000000000e+04
4.082300000000000000e+04
4.141300000000000000e+04
4.152200000000000000e+04
4.155500000000000000e+04
4.156200000000000000e+04
4.156300000000000000e+04
4.161400000000000000e+04
4.166700000000000000e+04
4.166800000000000000e+04
4.166900000000000000e+04
4.167000000000000000e+04
4.167100000000000000e+04
4.167300000000000000e+04
4.167400000000000000e+04
4.167500000000000000e+04
4.167600000000000000e+04
4.167700000000000000e+04
4.167800000000000000e+04
4.168000000000000000e+04
4.168100000000000000e+04
4.168300000000000000e+04
4.168400000000000000e+04
4.168500000000000000e+04
4.176700000000000000e+04
4.202000000000000000e+04
4.280900000000000000e+04
4.361500000000000000e+04
4.389100000000000000e+04
4.412500000000000000e+04
4.430200000000000000e+04
4.430300000000000000e+04
4.430400000000000000e+04
4.430500000000000000e+04
4.430600000000000000e+04
4.430700000000000000e+04
4.430800000000000000e+04
4.430900000000000000e+04
4.431000000000000000e+04
4.431200000000000000e+04
4.431300000000000000e+04
4.431400000000000000e+04
4.437600000000000000e+04
4.438200000000000000e+04
4.438300000000000000e+04
4.439600000000000000e+04
4.444700000000000000e+04
4.452100000000000000e+04
4.458900000000000000e+04
4.465800000000000000e+04
4.466300000000000000e+04
4.473200000000000000e+04
4.473300000000000000e+04
4.474300000000000000e+04
4.474400000000000000e+04
4.474600000000000000e+04
4.474700000000000000e+04
4.474800000000000000e+04
4.489700000000000000e+04
4.489900000000000000e+04
4.490000000000000000e+04
4.508400000000000000e+04
4.508500000000000000e+04
4.515000000000000000e+04
4.546300000000000000e+04
4.546400000000000000e+04
4.546500000000000000e+04
4.546600000000000000e+04
4.546700000000000000e+04
4.551200000000000000e+04
4.551400000000000000e+04
4.553700000000000000e+04
4.588700000000000000e+04
4.632300000000000000e+04
4.632400000000000000e+04
4.632500000000000000e+04
4.632600000000000000e+04
4.636300000000000000e+04
4.636400000000000000e+04
4.636500000000000000e+04
4.636600000000000000e+04
4.636700000000000000e+04
4.636800000000000000e+04
4.638100000000000000e+04
4.638200000000000000e+04
4.638300000000000000e+04
4.638400000000000000e+04
4.639100000000000000e+04
4.639300000000000000e+04
4.639400000000000000e+04
4.639500000000000000e+04
4.639600000000000000e+04
4.639700000000000000e+04
4.639800000000000000e+04
4.640000000000000000e+04
4.640100000000000000e+04
4.640300000000000000e+04
4.640400000000000000e+04
4.669700000000000000e+04
4.723200000000000000e+04
4.773100000000000000e+04
4.778400000000000000e+04
4.785200000000000000e+04
4.785300000000000000e+04
4.785400000000000000e+04
4.785600000000000000e+04
4.785700000000000000e+04
4.786000000000000000e+04
4.786300000000000000e+04
4.790900000000000000e+04
4.798700000000000000e+04
4.813900000000000000e+04
4.814000000000000000e+04
4.814100000000000000e+04
4.814200000000000000e+04
4.814300000000000000e+04
4.814400000000000000e+04
4.814500000000000000e+04
4.814600000000000000e+04
4.828600000000000000e+04
4.828700000000000000e+04
4.828900000000000000e+04
4.833200000000000000e+04
4.841800000000000000e+04
4.847900000000000000e+04
4.848200000000000000e+04
4.849800000000000000e+04
4.858800000000000000e+04
4.858900000000000000e+04
4.859200000000000000e+04
4.859300000000000000e+04
4.859400000000000000e+04
4.859500000000000000e+04
4.859600000000000000e+04
4.859700000000000000e+04
4.859800000000000000e+04
4.859900000000000000e+04
4.860000000000000000e+04
4.860100000000000000e+04
4.860200000000000000e+04
4.860300000000000000e+04
4.860400000000000000e+04
4.860500000000000000e+04
4.860600000000000000e+04
4.860700000000000000e+04
4.860800000000000000e+04
4.860900000000000000e+04
4.861000000000000000e+04
4.861100000000000000e+04
4.861200000000000000e+04
4.861300000000000000e+04
4.861400000000000000e+04
4.861500000000000000e+04
4.861600000000000000e+04
4.861700000000000000e+04
4.861800000000000000e+04
4.861900000000000000e+04
4.862000000000000000e+04
4.862100000000000000e+04
4.862200000000000000e+04
4.862300000000000000e+04
4.862400000000000000e+04
4.862500000000000000e+04
4.862600000000000000e+04
4.862700000000000000e+04
4.862800000000000000e+04
4.862900000000000000e+04
4.863000000000000000e+04
4.863100000000000000e+04
4.863200000000000000e+04
4.863300000000000000e+04
4.863400000000000000e+04
4.863500000000000000e+04
4.863600000000000000e+04
4.863700000000000000e+04
4.863800000000000000e+04
4.863900000000000000e+04
4.864000000000000000e+04
4.864100000000000000e+04
4.864200000000000000e+04
4.864300000000000000e+04
4.864400000000000000e+04
4.864500000000000000e+04
4.864600000000000000e+04
4.864700000000000000e+04
4.864800000000000000e+04
4.864900000000000000e+04
4.865000000000000000e+04
4.865100000000000000e+04
4.865200000000000000e+04
4.865300000000000000e+04
4.865400000000000000e+04
4.865500000000000000e+04
4.865600000000000000e+04
4.865700000000000000e+04
4.865800000000000000e+04
4.865900000000000000e+04
4.866000000000000000e+04
4.866100000000000000e+04
4.874900000000000000e+04
4.875000000000000000e+04
4.879800000000000000e+04
4.885200000000000000e+04
4.888500000000000000e+04
4.932000000000000000e+04
4.934800000000000000e+04
4.938400000000000000e+04
4.962800000000000000e+04
4.978600000000000000e+04
5.014300000000000000e+04
5.014400000000000000e+04
5.014500000000000000e+04
5.015100000000000000e+04
5.015500000000000000e+04
5.015600000000000000e+04
5.025700000000000000e+04
5.025800000000000000e+04
5.025900000000000000e+04
5.035300000000000000e+04
5.040000000000000000e+04
5.053700000000000000e+04
5.057800000000000000e+04
5.057900000000000000e+04
5.058900000000000000e+04
5.066600000000000000e+04
5.067300000000000000e+04
5.067500000000000000e+04
5.068000000000000000e+04
5.068200000000000000e+04
5.068300000000000000e+04
5.069600000000000000e+04
5.071700000000000000e+04
5.071800000000000000e+04
5.071900000000000000e+04
5.072000000000000000e+04
5.076200000000000000e+04
5.077600000000000000e+04
5.077700000000000000e+04
5.081800000000000000e+04
5.094600000000000000e+04
5.098000000000000000e+04
5.106300000000000000e+04
5.106400000000000000e+04
5.106500000000000000e+04
5.106600000000000000e+04
5.106700000000000000e+04
5.112500000000000000e+04
5.114500000000000000e+04
5.127800000000000000e+04
5.138600000000000000e+04
5.138800000000000000e+04
5.138900000000000000e+04
5.139900000000000000e+04
5.140000000000000000e+04
5.140100000000000000e+04
5.140200000000000000e+04
5.140300000000000000e+04
5.166700000000000000e+04
5.184400000000000000e+04
5.195900000000000000e+04
5.196000000000000000e+04
5.196100000000000000e+04
5.202400000000000000e+04
5.202500000000000000e+04
5.202600000000000000e+04
5.202900000000000000e+04
5.203600000000000000e+04
5.205200000000000000e+04
5.205400000000000000e+04
5.205600000000000000e+04
5.230700000000000000e+04
5.240400000000000000e+04
5.240500000000000000e+04
5.240600000000000000e+04
5.240700000000000000e+04
5.240900000000000000e+04
5.241000000000000000e+04
5.241100000000000000e+04
5.241200000000000000e+04
5.241300000000000000e+04
5.241400000000000000e+04
5.241500000000000000e+04
5.241600000000000000e+04
5.241700000000000000e+04
5.241800000000000000e+04
5.241900000000000000e+04
5.242000000000000000e+04
5.242100000000000000e+04
5.242200000000000000e+04
5.242300000000000000e+04
5.242400000000000000e+04
5.242500000000000000e+04
5.242600000000000000e+04
5.242700000000000000e+04
5.242800000000000000e+04
5.242900000000000000e+04
5.243000000000000000e+04
5.243100000000000000e+04
5.243200000000000000e+04
5.243300000000000000e+04
5.243400000000000000e+04
5.243500000000000000e+04
5.257600000000000000e+04
5.263000000000000000e+04
5.263300000000000000e+04
5.263500000000000000e+04
5.264000000000000000e+04
5.264100000000000000e+04
5.264200000000000000e+04
5.264300000000000000e+04
5.264400000000000000e+04
5.264500000000000000e+04
5.264700000000000000e+04
5.264800000000000000e+04
5.264900000000000000e+04
5.265000000000000000e+04
5.265100000000000000e+04
5.265300000000000000e+04
5.265400000000000000e+04
5.265500000000000000e+04
5.265600000000000000e+04
5.265700000000000000e+04
5.265800000000000000e+04
5.272900000000000000e+04
5.273900000000000000e+04
5.350200000000000000e+04
5.350300000000000000e+04
5.350400000000000000e+04
5.350500000000000000e+04
5.350600000000000000e+04
5.353800000000000000e+04
5.354700000000000000e+04
5.408600000000000000e+04
5.408800000000000000e+04
5.408900000000000000e+04
5.409000000000000000e+04
5.409100000000000000e+04
5.409200000000000000e+04
5.409300000000000000e+04
5.409500000000000000e+04
5.409700000000000000e+04
5.410400000000000000e+04
5.418400000000000000e+04
5.448500000000000000e+04
5.461500000000000000e+04
5.461600000000000000e+04
5.461700000000000000e+04
5.461800000000000000e+04
5.469300000000000000e+04
5.470000000000000000e+04
5.470400000000000000e+04
5.474200000000000000e+04
5.476000000000000000e+04
5.476100000000000000e+04
5.476700000000000000e+04
5.487900000000000000e+04
5.488000000000000000e+04
5.488100000000000000e+04
5.491500000000000000e+04
5.508200000000000000e+04
5.508900000000000000e+04
5.509400000000000000e+04
5.509500000000000000e+04
5.554900000000000000e+04
5.559500000000000000e+04
5.560100000000000000e+04
5.560400000000000000e+04
5.566700000000000000e+04
5.569100000000000000e+04
5.569700000000000000e+04
5.571200000000000000e+04
5.583900000000000000e+04
5.590100000000000000e+04
5.633700000000000000e+04
5.663100000000000000e+04
5.663200000000000000e+04
5.667900000000000000e+04
5.687600000000000000e+04
5.687700000000000000e+04
5.711600000000000000e+04
5.728200000000000000e+04
5.745500000000000000e+04
5.745600000000000000e+04
5.745800000000000000e+04
5.745900000000000000e+04
5.746000000000000000e+04
5.747500000000000000e+04
5.750200000000000000e+04
5.762800000000000000e+04
5.767500000000000000e+04
5.773000000000000000e+04
5.773200000000000000e+04
5.790800000000000000e+04
5.813700000000000000e+04
5.840400000000000000e+04
5.866800000000000000e+04
5.869000000000000000e+04
5.869100000000000000e+04
5.876400000000000000e+04
5.876600000000000000e+04
5.876800000000000000e+04
5.887500000000000000e+04
5.887600000000000000e+04
5.888300000000000000e+04
5.890000000000000000e+04
5.894800000000000000e+04
5.894900000000000000e+04
5.895300000000000000e+04
5.895600000000000000e+04
5.897700000000000000e+04
5.938300000000000000e+04
5.961800000000000000e+04
5.963700000000000000e+04
5.968900000000000000e+04
5.981900000000000000e+04
5.988900000000000000e+04
5.996100000000000000e+04
5.996900000000000000e+04
6.003300000000000000e+04
6.005400000000000000e+04
6.009800000000000000e+04
6.016600000000000000e+04
6.041700000000000000e+04
6.042000000000000000e+04
6.049300000000000000e+04
6.101200000000000000e+04
6.101300000000000000e+04
6.123800000000000000e+04
6.127100000000000000e+04
6.132300000000000000e+04
6.140100000000000000e+04
6.142400000000000000e+04
6.142500000000000000e+04
6.162200000000000000e+04
6.183800000000000000e+04
6.184200000000000000e+04
6.223400000000000000e+04
6.227600000000000000e+04
6.230100000000000000e+04
6.230300000000000000e+04
6.234900000000000000e+04
6.235400000000000000e+04
6.236700000000000000e+04
6.244600000000000000e+04
6.257200000000000000e+04
6.258700000000000000e+04
6.258800000000000000e+04
6.259900000000000000e+04
6.260000000000000000e+04
6.260100000000000000e+04
6.260200000000000000e+04
6.260500000000000000e+04
6.271400000000000000e+04
6.276000000000000000e+04
6.276700000000000000e+04
6.308700000000000000e+04
6.314000000000000000e+04
6.314100000000000000e+04
6.314200000000000000e+04
6.314300000000000000e+04
6.314400000000000000e+04
6.314500000000000000e+04
6.314600000000000000e+04
6.314700000000000000e+04
6.314800000000000000e+04
6.314900000000000000e+04
6.315000000000000000e+04
6.315100000000000000e+04
6.315200000000000000e+04
6.315300000000000000e+04
6.315400000000000000e+04
6.315500000000000000e+04
6.315600000000000000e+04
6.315800000000000000e+04
6.315900000000000000e+04
6.316000000000000000e+04
6.316100000000000000e+04
6.316200000000000000e+04
6.316300000000000000e+04
6.316400000000000000e+04
6.316500000000000000e+04
6.316800000000000000e+04
6.316900000000000000e+04
6.317000000000000000e+04
6.317800000000000000e+04
6.355500000000000000e+04
6.355600000000000000e+04
6.387700000000000000e+04
6.392000000000000000e+04
6.392100000000000000e+04
6.392800000000000000e+04
6.395100000000000000e+04
6.395200000000000000e+04
6.395300000000000000e+04
6.395400000000000000e+04
6.395500000000000000e+04
6.408000000000000000e+04
6.424800000000000000e+04
6.436100000000000000e+04
6.466500000000000000e+04
6.466700000000000000e+04
6.494000000000000000e+04
6.525300000000000000e+04
6.537500000000000000e+04
6.538200000000000000e+04
6.538900000000000000e+04
6.544700000000000000e+04
6.567700000000000000e+04
6.568500000000000000e+04
6.568600000000000000e+04
6.568700000000000000e+04
6.569000000000000000e+04
6.569100000000000000e+04
6.569200000000000000e+04
6.569300000000000000e+04
6.569400000000000000e+04
6.569500000000000000e+04
6.569700000000000000e+04
6.569800000000000000e+04
6.570000000000000000e+04
6.570200000000000000e+04
6.570400000000000000e+04
6.571600000000000000e+04
6.572000000000000000e+04
6.573600000000000000e+04
6.577800000000000000e+04
6.580700000000000000e+04
6.586100000000000000e+04
6.586200000000000000e+04
6.602600000000000000e+04
6.609200000000000000e+04
6.610100000000000000e+04
6.610200000000000000e+04
6.613300000000000000e+04
6.613400000000000000e+04
6.636500000000000000e+04
6.664600000000000000e+04
6.678700000000000000e+04
6.679000000000000000e+04
6.689500000000000000e+04
6.689600000000000000e+04
6.690400000000000000e+04
6.711000000000000000e+04
6.714300000000000000e+04
6.714500000000000000e+04
6.714600000000000000e+04
6.727400000000000000e+04
6.736000000000000000e+04
6.751600000000000000e+04
6.771200000000000000e+04
6.781000000000000000e+04
6.781100000000000000e+04
6.781200000000000000e+04
6.781300000000000000e+04
6.781400000000000000e+04
6.781500000000000000e+04
6.781600000000000000e+04
6.790300000000000000e+04
6.790500000000000000e+04
6.790600000000000000e+04
6.790700000000000000e+04
6.790800000000000000e+04
6.790900000000000000e+04
6.800800000000000000e+04
6.932300000000000000e+04
7.045600000000000000e+04
7.046700000000000000e+04
7.050600000000000000e+04
7.054900000000000000e+04
7.081300000000000000e+04
7.082200000000000000e+04
7.088400000000000000e+04
7.101400000000000000e+04
7.106900000000000000e+04
7.112600000000000000e+04
7.112800000000000000e+04
7.132300000000000000e+04
7.147500000000000000e+04
7.150400000000000000e+04
7.155100000000000000e+04
7.162500000000000000e+04
7.166200000000000000e+04
7.171000000000000000e+04
7.175400000000000000e+04
7.187000000000000000e+04
7.189200000000000000e+04
7.189300000000000000e+04
7.237900000000000000e+04
7.238000000000000000e+04
7.238100000000000000e+04
7.245500000000000000e+04
7.260400000000000000e+04
7.260900000000000000e+04
7.261000000000000000e+04
7.261100000000000000e+04
7.266600000000000000e+04
7.271900000000000000e+04
7.272700000000000000e+04
7.272800000000000000e+04
7.296700000000000000e+04
7.315600000000000000e+04
7.319900000000000000e+04
7.320100000000000000e+04
7.382100000000000000e+04
7.442900000000000000e+04
7.484200000000000000e+04
7.495200000000000000e+04
7.495300000000000000e+04
7.500100000000000000e+04
7.500200000000000000e+04
7.500900000000000000e+04
7.511100000000000000e+04
7.514300000000000000e+04
7.550600000000000000e+04
7.577900000000000000e+04
7.629900000000000000e+04
7.634200000000000000e+04
7.634300000000000000e+04
7.634400000000000000e+04
7.634600000000000000e+04
7.634700000000000000e+04
7.634900000000000000e+04
7.635000000000000000e+04
7.635100000000000000e+04
7.635200000000000000e+04
7.635300000000000000e+04
7.635500000000000000e+04
7.660100000000000000e+04
7.661200000000000000e+04
7.669800000000000000e+04
7.673800000000000000e+04
7.681700000000000000e+04
7.681800000000000000e+04
7.681900000000000000e+04
7.682100000000000000e+04
7.686000000000000000e+04
7.713800000000000000e+04
7.723400000000000000e+04
7.723500000000000000e+04
7.723700000000000000e+04
7.723800000000000000e+04
7.723900000000000000e+04
7.724000000000000000e+04
7.735900000000000000e+04
7.743100000000000000e+04
7.758200000000000000e+04
7.758300000000000000e+04
7.758400000000000000e+04
7.758500000000000000e+04
7.758600000000000000e+04
7.758700000000000000e+04
7.758800000000000000e+04
7.758900000000000000e+04
7.759000000000000000e+04
7.759100000000000000e+04
7.763000000000000000e+04
7.771700000000000000e+04
7.776300000000000000e+04
7.776400000000000000e+04
7.781500000000000000e+04
7.781600000000000000e+04
7.791000000000000000e+04
7.804400000000000000e+04
7.819700000000000000e+04
7.832200000000000000e+04
7.844000000000000000e+04
7.847400000000000000e+04
7.847500000000000000e+04
7.847600000000000000e+04
7.847700000000000000e+04
7.847800000000000000e+04
7.847900000000000000e+04
7.848100000000000000e+04
7.848200000000000000e+04
7.848400000000000000e+04
7.848500000000000000e+04
7.848800000000000000e+04
7.848900000000000000e+04
7.849000000000000000e+04
7.849100000000000000e+04
7.862600000000000000e+04
7.862700000000000000e+04
7.866500000000000000e+04
7.866600000000000000e+04
7.867200000000000000e+04
7.868500000000000000e+04
7.873100000000000000e+04
7.873900000000000000e+04
7.874000000000000000e+04
7.874100000000000000e+04
7.874200000000000000e+04
7.874300000000000000e+04
7.874400000000000000e+04
7.874500000000000000e+04
7.874600000000000000e+04
7.874700000000000000e+04
7.874800000000000000e+04
7.874900000000000000e+04
7.875000000000000000e+04
7.875100000000000000e+04
7.875200000000000000e+04
7.875300000000000000e+04
7.875400000000000000e+04
7.875500000000000000e+04
7.875600000000000000e+04
7.875700000000000000e+04
7.875800000000000000e+04
7.875900000000000000e+04
7.876000000000000000e+04
7.876100000000000000e+04
7.876200000000000000e+04
7.876300000000000000e+04
7.876400000000000000e+04
7.876500000000000000e+04
7.876600000000000000e+04
7.876700000000000000e+04
7.876800000000000000e+04
7.876900000000000000e+04
7.877100000000000000e+04
7.877200000000000000e+04
7.877300000000000000e+04
7.877400000000000000e+04
7.877500000000000000e+04
7.877700000000000000e+04
7.877800000000000000e+04
7.877900000000000000e+04
7.878000000000000000e+04
7.878100000000000000e+04
7.878200000000000000e+04
7.878300000000000000e+04
7.878400000000000000e+04
7.878500000000000000e+04
7.878600000000000000e+04
7.878700000000000000e+04
7.878800000000000000e+04
7.879000000000000000e+04
7.879100000000000000e+04
7.879200000000000000e+04
7.879400000000000000e+04
7.879500000000000000e+04
7.879600000000000000e+04
7.879700000000000000e+04
7.879800000000000000e+04
7.880000000000000000e+04
7.880100000000000000e+04
7.880200000000000000e+04
7.892900000000000000e+04
7.893000000000000000e+04
7.893100000000000000e+04
7.893200000000000000e+04
7.893300000000000000e+04
7.893500000000000000e+04
7.893600000000000000e+04
7.893700000000000000e+04
7.893800000000000000e+04
7.893900000000000000e+04
7.894000000000000000e+04
7.894100000000000000e+04
7.894200000000000000e+04
7.894400000000000000e+04
7.894500000000000000e+04
7.894600000000000000e+04
7.894800000000000000e+04
7.895100000000000000e+04
7.895200000000000000e+04
7.895300000000000000e+04
7.895500000000000000e+04
7.895600000000000000e+04
7.895700000000000000e+04
7.895800000000000000e+04
7.895900000000000000e+04
7.896000000000000000e+04
7.896100000000000000e+04
7.896200000000000000e+04
7.896300000000000000e+04
7.896400000000000000e+04
7.896500000000000000e+04
7.896600000000000000e+04
7.896800000000000000e+04
7.896900000000000000e+04
7.897000000000000000e+04
7.897100000000000000e+04
7.897200000000000000e+04
7.897300000000000000e+04
7.897500000000000000e+04
7.897600000000000000e+04
7.897800000000000000e+04
7.897900000000000000e+04
7.898000000000000000e+04
7.898100000000000000e+04
7.898200000000000000e+04
7.898300000000000000e+04
7.898400000000000000e+04
7.898500000000000000e+04
7.898600000000000000e+04
7.898700000000000000e+04
7.898800000000000000e+04
7.898900000000000000e+04
7.899000000000000000e+04
7.899100000000000000e+04
7.899200000000000000e+04
7.899300000000000000e+04
7.899400000000000000e+04
7.899500000000000000e+04
7.899600000000000000e+04
7.899700000000000000e+04
7.899800000000000000e+04
7.900000000000000000e+04
7.900100000000000000e+04
7.900300000000000000e+04
7.900400000000000000e+04
7.900500000000000000e+04
7.900600000000000000e+04
7.900800000000000000e+04
7.900900000000000000e+04
7.901000000000000000e+04
7.901200000000000000e+04
7.901500000000000000e+04
7.901600000000000000e+04
7.901800000000000000e+04
7.912600000000000000e+04
7.916900000000000000e+04
7.925500000000000000e+04
7.925600000000000000e+04
7.925700000000000000e+04
7.926000000000000000e+04
7.926100000000000000e+04
7.926200000000000000e+04
7.926300000000000000e+04
7.926400000000000000e+04
7.926500000000000000e+04
7.926600000000000000e+04
7.926700000000000000e+04
7.926800000000000000e+04
7.926900000000000000e+04
7.927000000000000000e+04
7.927100000000000000e+04
7.927200000000000000e+04
7.927300000000000000e+04
7.927400000000000000e+04
7.927500000000000000e+04
7.927600000000000000e+04
7.927700000000000000e+04
7.927800000000000000e+04
7.927900000000000000e+04
7.928000000000000000e+04
7.928100000000000000e+04
7.928200000000000000e+04
7.928300000000000000e+04
7.928400000000000000e+04
7.928500000000000000e+04
7.928600000000000000e+04
7.928700000000000000e+04
7.928800000000000000e+04
7.930700000000000000e+04
7.930800000000000000e+04
7.950200000000000000e+04
7.973600000000000000e+04
7.994500000000000000e+04
8.013600000000000000e+04
8.016400000000000000e+04
8.016500000000000000e+04
8.016600000000000000e+04
8.037700000000000000e+04
8.048500000000000000e+04
8.048700000000000000e+04
8.049200000000000000e+04
8.049700000000000000e+04
8.050400000000000000e+04
8.050500000000000000e+04
8.050600000000000000e+04
8.050800000000000000e+04
8.076900000000000000e+04
8.077000000000000000e+04
8.077200000000000000e+04
8.077300000000000000e+04
8.130400000000000000e+04
8.142800000000000000e+04
8.150100000000000000e+04
8.152400000000000000e+04
8.153000000000000000e+04
8.239600000000000000e+04
8.246200000000000000e+04
8.249000000000000000e+04
8.259500000000000000e+04
8.267400000000000000e+04
8.279200000000000000e+04
8.298100000000000000e+04
8.301200000000000000e+04
8.309000000000000000e+04
8.310100000000000000e+04
8.310200000000000000e+04
8.316300000000000000e+04
8.323500000000000000e+04
8.323600000000000000e+04
8.324000000000000000e+04
8.324100000000000000e+04
8.324200000000000000e+04
8.324300000000000000e+04
8.324700000000000000e+04
8.329000000000000000e+04
8.329400000000000000e+04
8.348000000000000000e+04
8.352300000000000000e+04
8.376700000000000000e+04
8.376800000000000000e+04
8.376900000000000000e+04
8.396500000000000000e+04
8.422000000000000000e+04
8.437500000000000000e+04
8.443400000000000000e+04
8.465000000000000000e+04
8.470100000000000000e+04
8.470200000000000000e+04
8.477400000000000000e+04
8.477500000000000000e+04
8.480300000000000000e+04
8.487200000000000000e+04
8.520800000000000000e+04
8.521000000000000000e+04
8.536500000000000000e+04
8.536700000000000000e+04
8.536800000000000000e+04
8.537000000000000000e+04
8.537100000000000000e+04
8.537200000000000000e+04
8.537400000000000000e+04
8.537500000000000000e+04
8.539300000000000000e+04
8.550900000000000000e+04
8.551500000000000000e+04
8.561600000000000000e+04
8.561700000000000000e+04
8.561800000000000000e+04
8.561900000000000000e+04
8.562100000000000000e+04
8.577700000000000000e+04
8.579800000000000000e+04
8.581500000000000000e+04
8.584100000000000000e+04
8.584300000000000000e+04
8.585100000000000000e+04
8.601100000000000000e+04
8.601200000000000000e+04
8.601300000000000000e+04
8.601400000000000000e+04
8.601500000000000000e+04
8.601600000000000000e+04
8.601700000000000000e+04
8.601800000000000000e+04
8.601900000000000000e+04
8.602000000000000000e+04
8.602100000000000000e+04
8.602200000000000000e+04
8.602300000000000000e+04
8.602400000000000000e+04
8.602500000000000000e+04
8.602600000000000000e+04
8.602700000000000000e+04
8.602800000000000000e+04
8.602900000000000000e+04
8.603000000000000000e+04
8.603100000000000000e+04
8.603200000000000000e+04
8.603300000000000000e+04
8.603400000000000000e+04
8.603500000000000000e+04
8.603600000000000000e+04
8.603700000000000000e+04
8.603800000000000000e+04
8.603900000000000000e+04
8.604000000000000000e+04
8.604100000000000000e+04
8.604200000000000000e+04
8.604300000000000000e+04
8.604400000000000000e+04
8.604800000000000000e+04
8.607900000000000000e+04
8.608000000000000000e+04
8.608100000000000000e+04
8.608200000000000000e+04
8.608300000000000000e+04
8.608400000000000000e+04
8.608500000000000000e+04
8.608700000000000000e+04
8.608800000000000000e+04
8.608900000000000000e+04
8.609200000000000000e+04
8.622600000000000000e+04
8.626200000000000000e+04
8.626300000000000000e+04
8.626400000000000000e+04
8.626500000000000000e+04
8.626600000000000000e+04
8.626800000000000000e+04
8.626900000000000000e+04
8.627000000000000000e+04
8.627200000000000000e+04
8.627300000000000000e+04
8.627400000000000000e+04
8.627500000000000000e+04
8.627600000000000000e+04
8.627700000000000000e+04
8.627800000000000000e+04
8.627900000000000000e+04
8.628000000000000000e+04
8.628100000000000000e+04
8.629700000000000000e+04
8.629800000000000000e+04
8.629900000000000000e+04
8.630000000000000000e+04
8.632300000000000000e+04
8.633000000000000000e+04
8.639100000000000000e+04
8.645000000000000000e+04
8.676000000000000000e+04
8.679700000000000000e+04
8.706800000000000000e+04
8.719000000000000000e+04
8.719100000000000000e+04
8.792200000000000000e+04
8.792300000000000000e+04
8.792400000000000000e+04
8.792500000000000000e+04
8.801400000000000000e+04
8.811800000000000000e+04
8.812500000000000000e+04
8.825300000000000000e+04
8.825400000000000000e+04
8.827000000000000000e+04
8.827100000000000000e+04
8.827200000000000000e+04
8.832100000000000000e+04
8.832300000000000000e+04
8.842300000000000000e+04
8.842400000000000000e+04
8.845400000000000000e+04
8.845500000000000000e+04
8.845600000000000000e+04
8.845700000000000000e+04
8.851300000000000000e+04
8.856100000000000000e+04
8.891000000000000000e+04
8.898900000000000000e+04
8.899000000000000000e+04
8.899100000000000000e+04
8.899200000000000000e+04
8.899300000000000000e+04
8.899400000000000000e+04
8.899500000000000000e+04
8.901900000000000000e+04
8.903400000000000000e+04
8.903500000000000000e+04
8.914900000000000000e+04
8.915300000000000000e+04
8.915400000000000000e+04
8.915500000000000000e+04
8.915600000000000000e+04
8.915700000000000000e+04
8.920100000000000000e+04
8.920500000000000000e+04
8.920600000000000000e+04
8.920700000000000000e+04
8.920800000000000000e+04
8.920900000000000000e+04
8.921000000000000000e+04
8.921100000000000000e+04
8.921200000000000000e+04
8.921300000000000000e+04
8.921400000000000000e+04
8.932500000000000000e+04
8.932600000000000000e+04
8.932700000000000000e+04
8.932800000000000000e+04
8.932900000000000000e+04
8.933000000000000000e+04
8.933100000000000000e+04
8.933200000000000000e+04
8.933300000000000000e+04
8.933400000000000000e+04
8.933500000000000000e+04
8.933600000000000000e+04
8.933700000000000000e+04
8.933800000000000000e+04
8.933900000000000000e+04
8.934100000000000000e+04
8.974800000000000000e+04
8.982900000000000000e+04
9.032700000000000000e+04
9.032800000000000000e+04
9.032900000000000000e+04
9.033000000000000000e+04
9.033100000000000000e+04
9.033300000000000000e+04
9.033400000000000000e+04
9.039700000000000000e+04
9.039800000000000000e+04
9.039900000000000000e+04
9.040000000000000000e+04
9.040100000000000000e+04
9.040200000000000000e+04
9.040300000000000000e+04
9.040800000000000000e+04
9.040900000000000000e+04
9.041000000000000000e+04
9.041100000000000000e+04
9.041300000000000000e+04
9.041400000000000000e+04
9.041500000000000000e+04
9.041600000000000000e+04
9.041700000000000000e+04
9.041900000000000000e+04
9.042000000000000000e+04
9.042100000000000000e+04
9.042200000000000000e+04
9.042300000000000000e+04
9.042400000000000000e+04
9.042500000000000000e+04
9.042600000000000000e+04
9.042700000000000000e+04
9.042800000000000000e+04
9.043000000000000000e+04
9.043100000000000000e+04
9.043400000000000000e+04
9.043500000000000000e+04
9.043600000000000000e+04
9.043800000000000000e+04
9.079800000000000000e+04
9.105600000000000000e+04
9.105700000000000000e+04
9.114800000000000000e+04
9.143500000000000000e+04
9.143600000000000000e+04
9.158300000000000000e+04
9.169300000000000000e+04
9.174000000000000000e+04
9.184400000000000000e+04
9.199900000000000000e+04
9.226100000000000000e+04
9.253700000000000000e+04
9.253800000000000000e+04
9.253900000000000000e+04
9.254000000000000000e+04
9.254200000000000000e+04
9.254300000000000000e+04
9.255500000000000000e+04
9.255600000000000000e+04
9.256800000000000000e+04
9.258100000000000000e+04
9.270000000000000000e+04
9.275800000000000000e+04
9.280100000000000000e+04
9.282400000000000000e+04
9.282500000000000000e+04
9.282600000000000000e+04
9.282700000000000000e+04
9.282800000000000000e+04
9.282900000000000000e+04
9.283000000000000000e+04
9.283100000000000000e+04
9.283200000000000000e+04
9.283300000000000000e+04
9.283400000000000000e+04
9.283600000000000000e+04
9.392400000000000000e+04
9.444000000000000000e+04
9.444300000000000000e+04
9.444700000000000000e+04
9.456700000000000000e+04
9.456800000000000000e+04
9.456900000000000000e+04
9.457000000000000000e+04
9.509300000000000000e+04
9.509900000000000000e+04
9.510000000000000000e+04
9.510100000000000000e+04
9.566600000000000000e+04
9.566800000000000000e+04
9.566900000000000000e+04
9.567100000000000000e+04
9.567200000000000000e+04
9.567400000000000000e+04
9.571300000000000000e+04
9.583500000000000000e+04
9.595200000000000000e+04
9.595300000000000000e+04
9.595400000000000000e+04
9.630000000000000000e+04
9.630100000000000000e+04
9.630200000000000000e+04
9.638100000000000000e+04
9.638200000000000000e+04
9.647800000000000000e+04
9.651600000000000000e+04
9.659300000000000000e+04
9.695700000000000000e+04
9.695800000000000000e+04
9.695900000000000000e+04
9.696000000000000000e+04
9.696100000000000000e+04
9.696200000000000000e+04
9.696300000000000000e+04
9.696400000000000000e+04
9.696500000000000000e+04
9.696700000000000000e+04
9.696800000000000000e+04
9.696900000000000000e+04
9.697100000000000000e+04
9.697200000000000000e+04
9.697300000000000000e+04
9.697500000000000000e+04
9.697600000000000000e+04
9.697700000000000000e+04
9.697800000000000000e+04
9.697900000000000000e+04
9.698000000000000000e+04
9.698700000000000000e+04
9.729200000000000000e+04
9.729400000000000000e+04
9.738100000000000000e+04
9.738200000000000000e+04
9.738300000000000000e+04
9.738500000000000000e+04
9.738600000000000000e+04
9.738700000000000000e+04
9.745600000000000000e+04
9.759500000000000000e+04
9.764300000000000000e+04
9.764500000000000000e+04
9.764600000000000000e+04
9.764700000000000000e+04
9.764800000000000000e+04
9.812200000000000000e+04
9.834500000000000000e+04
9.835100000000000000e+04
9.863000000000000000e+04
9.863100000000000000e+04
9.864200000000000000e+04
9.864300000000000000e+04
9.879500000000000000e+04
9.883900000000000000e+04
9.909300000000000000e+04
9.909400000000000000e+04
9.909800000000000000e+04
9.917400000000000000e+04
9.918300000000000000e+04
9.928200000000000000e+04
9.932500000000000000e+04
9.956500000000000000e+04
9.986600000000000000e+04
1.002090000000000000e+05
1.002360000000000000e+05
1.005020000000000000e+05
1.005030000000000000e+05
1.005040000000000000e+05
1.005220000000000000e+05
1.006630000000000000e+05
1.006660000000000000e+05
1.006910000000000000e+05
1.007270000000000000e+05
1.007290000000000000e+05
1.007690000000000000e+05
1.009330000000000000e+05
1.010630000000000000e+05
1.010640000000000000e+05
1.011660000000000000e+05
1.013960000000000000e+05
1.014030000000000000e+05
1.015360000000000000e+05
1.015380000000000000e+05
1.021410000000000000e+05
1.021420000000000000e+05
1.024820000000000000e+05
1.025280000000000000e+05
1.025290000000000000e+05
1.025310000000000000e+05
1.031580000000000000e+05
1.031830000000000000e+05
1.035060000000000000e+05
1.035340000000000000e+05
1.036680000000000000e+05
1.039130000000000000e+05
1.039360000000000000e+05
1.039370000000000000e+05
1.043190000000000000e+05
1.043200000000000000e+05
1.043210000000000000e+05
1.044170000000000000e+05
1.044180000000000000e+05
1.051000000000000000e+05
1.053930000000000000e+05
1.054650000000000000e+05
1.056350000000000000e+05
1.056980000000000000e+05
1.057220000000000000e+05
1.058310000000000000e+05
1.058880000000000000e+05
1.059020000000000000e+05
1.060220000000000000e+05
1.064560000000000000e+05
1.065570000000000000e+05
1.065620000000000000e+05
1.066220000000000000e+05
1.067520000000000000e+05
1.067530000000000000e+05
1.069710000000000000e+05
1.070860000000000000e+05
1.070900000000000000e+05
1.072630000000000000e+05
1.072830000000000000e+05
1.072840000000000000e+05
1.073510000000000000e+05
1.074110000000000000e+05
1.074230000000000000e+05
1.075250000000000000e+05
1.076000000000000000e+05
1.076030000000000000e+05
1.078150000000000000e+05
1.081620000000000000e+05
1.082860000000000000e+05
1.083610000000000000e+05
1.083630000000000000e+05
1.085400000000000000e+05
1.087810000000000000e+05
1.091620000000000000e+05
1.091640000000000000e+05
1.091680000000000000e+05
1.091690000000000000e+05
1.091710000000000000e+05
1.092020000000000000e+05
1.092160000000000000e+05
1.096720000000000000e+05
1.096870000000000000e+05
1.096960000000000000e+05
1.100710000000000000e+05
1.102980000000000000e+05
1.108870000000000000e+05
1.109670000000000000e+05
1.110100000000000000e+05
1.110130000000000000e+05
1.110840000000000000e+05
1.110890000000000000e+05
1.110920000000000000e+05
1.111800000000000000e+05
1.112080000000000000e+05
1.114580000000000000e+05
1.114590000000000000e+05
1.114610000000000000e+05
1.114620000000000000e+05
1.114630000000000000e+05
1.115010000000000000e+05
1.117460000000000000e+05
1.118390000000000000e+05
1.119170000000000000e+05
1.119200000000000000e+05
1.119760000000000000e+05
1.119770000000000000e+05
1.119790000000000000e+05
1.119800000000000000e+05
1.119810000000000000e+05
1.119820000000000000e+05
1.119830000000000000e+05
1.119840000000000000e+05
1.119850000000000000e+05
1.119860000000000000e+05
1.119870000000000000e+05
1.119880000000000000e+05
1.119890000000000000e+05
1.119900000000000000e+05
1.119910000000000000e+05
1.119920000000000000e+05
1.119930000000000000e+05
1.119940000000000000e+05
1.119950000000000000e+05
1.119960000000000000e+05
1.119970000000000000e+05
1.119980000000000000e+05
1.119990000000000000e+05
1.120000000000000000e+05
1.120010000000000000e+05
1.120020000000000000e+05
1.120030000000000000e+05
1.120040000000000000e+05
1.120050000000000000e+05
1.120060000000000000e+05
1.120070000000000000e+05
1.120080000000000000e+05
1.120090000000000000e+05
1.120100000000000000e+05
1.120560000000000000e+05
1.120570000000000000e+05
1.120600000000000000e+05
1.122190000000000000e+05
1.125660000000000000e+05
1.126160000000000000e+05
1.128550000000000000e+05
1.131520000000000000e+05
1.131530000000000000e+05
1.132590000000000000e+05
1.134290000000000000e+05
1.135940000000000000e+05
1.138460000000000000e+05
1.138920000000000000e+05
1.140060000000000000e+05
1.140090000000000000e+05
1.140960000000000000e+05
1.142300000000000000e+05
1.143470000000000000e+05
1.143640000000000000e+05
1.143710000000000000e+05
1.144060000000000000e+05
1.144720000000000000e+05
1.144760000000000000e+05
1.145260000000000000e+05
1.145380000000000000e+05
1.146900000000000000e+05
1.149250000000000000e+05
1.151470000000000000e+05
1.152020000000000000e+05
1.152540000000000000e+05
1.152550000000000000e+05
1.152810000000000000e+05
1.154120000000000000e+05
1.155080000000000000e+05
1.155990000000000000e+05
1.156170000000000000e+05
1.156230000000000000e+05
1.156570000000000000e+05
1.157330000000000000e+05
1.157350000000000000e+05
1.157420000000000000e+05
1.157450000000000000e+05
1.157770000000000000e+05
1.157790000000000000e+05
1.157810000000000000e+05
1.158090000000000000e+05
1.158380000000000000e+05
1.158390000000000000e+05
1.158680000000000000e+05
1.158690000000000000e+05
1.158700000000000000e+05
1.158720000000000000e+05
1.158730000000000000e+05
1.158740000000000000e+05
1.158760000000000000e+05
1.158770000000000000e+05
1.158780000000000000e+05
1.158790000000000000e+05
1.158800000000000000e+05
1.158820000000000000e+05
1.158840000000000000e+05
1.159840000000000000e+05
1.160110000000000000e+05
1.160240000000000000e+05
1.160820000000000000e+05
1.162910000000000000e+05
1.165980000000000000e+05
1.169170000000000000e+05
1.169190000000000000e+05
1.170060000000000000e+05
1.174400000000000000e+05
1.176020000000000000e+05
1.176590000000000000e+05
1.176640000000000000e+05
1.177530000000000000e+05
1.178200000000000000e+05
1.179450000000000000e+05
1.180020000000000000e+05
1.180030000000000000e+05
1.180040000000000000e+05
1.180600000000000000e+05
1.181700000000000000e+05
1.181740000000000000e+05
1.182780000000000000e+05
1.184040000000000000e+05
1.184050000000000000e+05
1.184060000000000000e+05
1.184070000000000000e+05
1.184080000000000000e+05
1.184090000000000000e+05
1.184780000000000000e+05
1.184810000000000000e+05
1.191620000000000000e+05
1.193050000000000000e+05
1.193600000000000000e+05
1.193620000000000000e+05
1.196650000000000000e+05
1.198470000000000000e+05
1.201140000000000000e+05
1.202170000000000000e+05
1.203410000000000000e+05
1.204190000000000000e+05
1.204200000000000000e+05
1.205430000000000000e+05
1.205450000000000000e+05
1.206460000000000000e+05
1.209180000000000000e+05
1.210460000000000000e+05
1.214000000000000000e+05
1.214730000000000000e+05
1.220020000000000000e+05
1.221920000000000000e+05
1.222290000000000000e+05
1.222340000000000000e+05
1.222610000000000000e+05
1.226260000000000000e+05
1.226630000000000000e+05
1.229870000000000000e+05
1.232110000000000000e+05
1.232120000000000000e+05
1.232130000000000000e+05
1.234340000000000000e+05
1.236000000000000000e+05
1.236010000000000000e+05
1.236020000000000000e+05
1.239030000000000000e+05
1.240000000000000000e+05
1.240040000000000000e+05
1.241730000000000000e+05
1.251540000000000000e+05
1.251680000000000000e+05
1.251810000000000000e+05
1.253730000000000000e+05
1.253760000000000000e+05
1.267230000000000000e+05
1.268060000000000000e+05
1.268330000000000000e+05
1.269390000000000000e+05
1.271130000000000000e+05
1.271930000000000000e+05
1.279480000000000000e+05
1.279870000000000000e+05
1.279880000000000000e+05
1.280890000000000000e+05
1.283020000000000000e+05
1.283500000000000000e+05
1.287590000000000000e+05
1.289060000000000000e+05
1.289180000000000000e+05
1.294440000000000000e+05
1.300980000000000000e+05
1.302930000000000000e+05
1.302940000000000000e+05
1.305040000000000000e+05
1.305050000000000000e+05
1.306830000000000000e+05
1.306940000000000000e+05
1.306950000000000000e+05
1.306980000000000000e+05
1.306990000000000000e+05
1.316980000000000000e+05
1.321050000000000000e+05
1.322080000000000000e+05
1.322730000000000000e+05
1.329000000000000000e+05
1.330670000000000000e+05
1.332470000000000000e+05
1.333500000000000000e+05
1.333510000000000000e+05
1.333900000000000000e+05
1.336970000000000000e+05
1.338540000000000000e+05
1.342990000000000000e+05
1.343910000000000000e+05
1.344340000000000000e+05
1.344720000000000000e+05
1.347340000000000000e+05
1.348240000000000000e+05
1.351050000000000000e+05
1.351400000000000000e+05
1.352870000000000000e+05
1.353650000000000000e+05
1.353710000000000000e+05
1.353720000000000000e+05
1.354990000000000000e+05
1.356920000000000000e+05
1.359050000000000000e+05
1.367080000000000000e+05
1.372390000000000000e+05
1.373070000000000000e+05
1.378350000000000000e+05
1.383370000000000000e+05
1.384430000000000000e+05
1.386400000000000000e+05
1.386460000000000000e+05
1.386590000000000000e+05
1.388650000000000000e+05
1.389610000000000000e+05
1.389810000000000000e+05
1.393390000000000000e+05
1.395550000000000000e+05
1.398650000000000000e+05
1.401510000000000000e+05
1.401770000000000000e+05
1.407130000000000000e+05
1.407850000000000000e+05
1.409700000000000000e+05
1.411910000000000000e+05
1.412490000000000000e+05
1.412970000000000000e+05
1.413410000000000000e+05
1.418560000000000000e+05
1.418650000000000000e+05
1.418730000000000000e+05
1.419660000000000000e+05
1.420400000000000000e+05
1.424690000000000000e+05
1.426060000000000000e+05
1.427150000000000000e+05
1.427380000000000000e+05
1.427490000000000000e+05
1.427510000000000000e+05
1.427520000000000000e+05
1.427530000000000000e+05
1.427540000000000000e+05
1.427560000000000000e+05
1.427570000000000000e+05
1.427580000000000000e+05
1.427590000000000000e+05
1.427600000000000000e+05
1.427610000000000000e+05
1.427620000000000000e+05
1.427630000000000000e+05
1.427640000000000000e+05
1.427650000000000000e+05
1.427660000000000000e+05
1.427670000000000000e+05
1.427680000000000000e+05
1.427690000000000000e+05
1.427700000000000000e+05
1.427720000000000000e+05
1.428680000000000000e+05
1.430280000000000000e+05
1.430430000000000000e+05
1.430530000000000000e+05
1.430540000000000000e+05
1.430560000000000000e+05
1.430660000000000000e+05
1.430670000000000000e+05
1.431300000000000000e+05
1.432250000000000000e+05
1.434180000000000000e+05
1.435890000000000000e+05
1.436560000000000000e+05
1.437470000000000000e+05
1.437490000000000000e+05
1.437500000000000000e+05
1.437520000000000000e+05
1.437530000000000000e+05
1.437540000000000000e+05
1.437560000000000000e+05
1.437960000000000000e+05
1.440290000000000000e+05
1.440350000000000000e+05
1.442040000000000000e+05
1.443100000000000000e+05
1.443210000000000000e+05
1.445680000000000000e+05
1.445860000000000000e+05
1.446250000000000000e+05
1.448170000000000000e+05
1.449350000000000000e+05
1.451380000000000000e+05
1.454350000000000000e+05
1.454360000000000000e+05
1.455200000000000000e+05
1.456320000000000000e+05
1.457330000000000000e+05
1.458520000000000000e+05
1.458590000000000000e+05
1.458660000000000000e+05
1.458790000000000000e+05
1.459160000000000000e+05
1.461810000000000000e+05
1.461820000000000000e+05
1.462210000000000000e+05
1.462470000000000000e+05
1.462480000000000000e+05
1.464060000000000000e+05
1.465400000000000000e+05
1.466090000000000000e+05
1.469390000000000000e+05
1.471370000000000000e+05
1.475800000000000000e+05
1.478670000000000000e+05
1.480340000000000000e+05
1.480480000000000000e+05
1.485470000000000000e+05
1.489210000000000000e+05
1.489320000000000000e+05
1.492090000000000000e+05
1.492720000000000000e+05
1.497760000000000000e+05
1.501300000000000000e+05
1.503990000000000000e+05
1.504640000000000000e+05
1.507700000000000000e+05
1.507710000000000000e+05
1.507790000000000000e+05
1.507800000000000000e+05
1.507830000000000000e+05
1.508000000000000000e+05
1.516770000000000000e+05
1.516790000000000000e+05
1.518410000000000000e+05
1.519930000000000000e+05
1.520780000000000000e+05
1.521890000000000000e+05
1.522290000000000000e+05
1.523800000000000000e+05
1.525220000000000000e+05
1.525240000000000000e+05
1.525250000000000000e+05
1.525260000000000000e+05
1.525280000000000000e+05
1.525290000000000000e+05
1.527060000000000000e+05
1.527430000000000000e+05
1.528470000000000000e+05
1.529810000000000000e+05
1.533910000000000000e+05
1.533920000000000000e+05
1.534560000000000000e+05
1.538780000000000000e+05
1.540510000000000000e+05
1.541880000000000000e+05
1.542760000000000000e+05
1.547420000000000000e+05
1.548700000000000000e+05
1.550200000000000000e+05
1.552090000000000000e+05
1.554150000000000000e+05
1.555110000000000000e+05
1.557490000000000000e+05
1.558510000000000000e+05
1.560420000000000000e+05
1.566500000000000000e+05
1.566700000000000000e+05
1.567900000000000000e+05
1.569450000000000000e+05
1.569520000000000000e+05
1.570630000000000000e+05
1.576580000000000000e+05
1.577250000000000000e+05
1.577270000000000000e+05
1.577290000000000000e+05
1.587050000000000000e+05
1.589940000000000000e+05
1.596130000000000000e+05
1.598290000000000000e+05
1.598310000000000000e+05
1.599540000000000000e+05
1.600700000000000000e+05
1.601910000000000000e+05
1.601950000000000000e+05
1.604680000000000000e+05
1.609330000000000000e+05
1.609440000000000000e+05
1.611050000000000000e+05
1.611070000000000000e+05
1.611080000000000000e+05
1.611100000000000000e+05
1.612750000000000000e+05
1.614280000000000000e+05
1.614480000000000000e+05
1.616310000000000000e+05
1.617310000000000000e+05
1.617320000000000000e+05
1.619760000000000000e+05
1.622240000000000000e+05
1.625110000000000000e+05
1.627030000000000000e+05
1.627040000000000000e+05
1.629660000000000000e+05
1.632750000000000000e+05
1.633300000000000000e+05
1.634120000000000000e+05
1.634460000000000000e+05
1.635120000000000000e+05
1.635340000000000000e+05
1.635350000000000000e+05
1.635840000000000000e+05
1.636180000000000000e+05
1.636220000000000000e+05
1.636290000000000000e+05
1.637370000000000000e+05
1.639620000000000000e+05
1.639630000000000000e+05
1.639640000000000000e+05
1.639650000000000000e+05
1.639660000000000000e+05
1.639670000000000000e+05
1.639680000000000000e+05
1.639690000000000000e+05
1.639700000000000000e+05
1.639710000000000000e+05
1.639720000000000000e+05
1.639730000000000000e+05
1.639740000000000000e+05
1.639750000000000000e+05
1.639760000000000000e+05
1.639770000000000000e+05
1.639780000000000000e+05
1.639790000000000000e+05
1.639800000000000000e+05
1.639810000000000000e+05
1.644210000000000000e+05
1.644580000000000000e+05
1.645780000000000000e+05
1.648680000000000000e+05
1.649550000000000000e+05
1.651060000000000000e+05
1.652610000000000000e+05
1.653590000000000000e+05
1.659460000000000000e+05
1.661020000000000000e+05
1.666790000000000000e+05
1.667870000000000000e+05
1.668580000000000000e+05
1.669290000000000000e+05
1.669820000000000000e+05
1.669830000000000000e+05
1.669850000000000000e+05
1.673370000000000000e+05
1.679020000000000000e+05
1.679500000000000000e+05
1.680140000000000000e+05
1.682420000000000000e+05
1.683950000000000000e+05
1.684550000000000000e+05
1.685940000000000000e+05
1.686440000000000000e+05
1.689790000000000000e+05
1.695190000000000000e+05
1.695200000000000000e+05
1.695800000000000000e+05
1.698310000000000000e+05
1.698340000000000000e+05
1.698730000000000000e+05
1.698850000000000000e+05
1.698920000000000000e+05
1.698930000000000000e+05
1.700500000000000000e+05
1.704960000000000000e+05
1.708440000000000000e+05
1.710090000000000000e+05
1.713520000000000000e+05
1.713820000000000000e+05
1.714130000000000000e+05
1.714480000000000000e+05
1.715590000000000000e+05
1.716760000000000000e+05
1.717510000000000000e+05
1.717560000000000000e+05
1.717620000000000000e+05
1.717730000000000000e+05
1.718970000000000000e+05
1.720450000000000000e+05
1.722970000000000000e+05
1.723010000000000000e+05
1.723140000000000000e+05
1.723940000000000000e+05
1.724450000000000000e+05
1.728080000000000000e+05
