6.000000000000000000e+00
9.200000000000000000e+01
1.170000000000000000e+02
3.990000000000000000e+02
4.360000000000000000e+02
4.370000000000000000e+02
4.380000000000000000e+02
4.400000000000000000e+02
9.960000000000000000e+02
1.815000000000000000e+03
1.881000000000000000e+03
2.214000000000000000e+03
2.216000000000000000e+03
2.378000000000000000e+03
2.430000000000000000e+03
2.754000000000000000e+03
2.767000000000000000e+03
2.769000000000000000e+03
2.802000000000000000e+03
2.806000000000000000e+03
2.820000000000000000e+03
2.903000000000000000e+03
2.910000000000000000e+03
2.922000000000000000e+03
3.109000000000000000e+03
3.360000000000000000e+03
3.362000000000000000e+03
3.363000000000000000e+03
3.366000000000000000e+03
3.370000000000000000e+03
3.704000000000000000e+03
3.807000000000000000e+03
3.850000000000000000e+03
3.851000000000000000e+03
3.854000000000000000e+03
3.871000000000000000e+03
3.895000000000000000e+03
3.896000000000000000e+03
3.897000000000000000e+03
3.899000000000000000e+03
3.900000000000000000e+03
3.901000000000000000e+03
3.904000000000000000e+03
3.905000000000000000e+03
3.907000000000000000e+03
3.994000000000000000e+03
3.998000000000000000e+03
4.075000000000000000e+03
4.192000000000000000e+03
4.274000000000000000e+03
4.309000000000000000e+03
4.531000000000000000e+03
4.533000000000000000e+03
4.536000000000000000e+03
4.537000000000000000e+03
4.656000000000000000e+03
4.672000000000000000e+03
4.737000000000000000e+03
4.741000000000000000e+03
5.217000000000000000e+03
5.256000000000000000e+03
5.438000000000000000e+03
5.439000000000000000e+03
5.440000000000000000e+03
5.447000000000000000e+03
5.456000000000000000e+03
5.470000000000000000e+03
5.474000000000000000e+03
5.761000000000000000e+03
6.042000000000000000e+03
6.049000000000000000e+03
6.050000000000000000e+03
6.051000000000000000e+03
6.072000000000000000e+03
6.103000000000000000e+03
6.196000000000000000e+03
6.246000000000000000e+03
6.247000000000000000e+03
6.298000000000000000e+03
6.348000000000000000e+03
6.349000000000000000e+03
6.350000000000000000e+03
6.377000000000000000e+03
6.380000000000000000e+03
6.434000000000000000e+03
6.442000000000000000e+03
6.522000000000000000e+03
6.610000000000000000e+03
6.641000000000000000e+03
6.965000000000000000e+03
7.253000000000000000e+03
7.312000000000000000e+03
7.559000000000000000e+03
7.602000000000000000e+03
7.606000000000000000e+03
7.769000000000000000e+03
7.773000000000000000e+03
7.791000000000000000e+03
7.860000000000000000e+03
7.880000000000000000e+03
7.883000000000000000e+03
7.886000000000000000e+03
7.888000000000000000e+03
7.918000000000000000e+03
7.980000000000000000e+03
8.549000000000000000e+03
8.551000000000000000e+03
9.152000000000000000e+03
9.214000000000000000e+03
9.399000000000000000e+03
9.400000000000000000e+03
9.401000000000000000e+03
9.402000000000000000e+03
9.484000000000000000e+03
9.635000000000000000e+03
9.861000000000000000e+03
1.007300000000000000e+04
1.030300000000000000e+04
1.033800000000000000e+04
1.079000000000000000e+04
1.095000000000000000e+04
1.111700000000000000e+04
1.125300000000000000e+04
1.151900000000000000e+04
1.152400000000000000e+04
1.152600000000000000e+04
1.152700000000000000e+04
1.152800000000000000e+04
1.153000000000000000e+04
1.182500000000000000e+04
1.183000000000000000e+04
1.190900000000000000e+04
1.191400000000000000e+04
1.194200000000000000e+04
1.201200000000000000e+04
1.206500000000000000e+04
1.206800000000000000e+04
1.218800000000000000e+04
1.234800000000000000e+04
1.235000000000000000e+04
1.235100000000000000e+04
1.236100000000000000e+04
1.236300000000000000e+04
1.256200000000000000e+04
1.273000000000000000e+04
1.304900000000000000e+04
1.305000000000000000e+04
1.310400000000000000e+04
1.310500000000000000e+04
1.313700000000000000e+04
1.313800000000000000e+04
1.313900000000000000e+04
1.314000000000000000e+04
1.363600000000000000e+04
1.363700000000000000e+04
1.363800000000000000e+04
1.364200000000000000e+04
1.367700000000000000e+04
1.377000000000000000e+04
1.382500000000000000e+04
1.406300000000000000e+04
1.410600000000000000e+04
1.419600000000000000e+04
1.419700000000000000e+04
1.420300000000000000e+04
1.420500000000000000e+04
1.426800000000000000e+04
1.453400000000000000e+04
1.455900000000000000e+04
1.470600000000000000e+04
1.470900000000000000e+04
1.583900000000000000e+04
1.584000000000000000e+04
1.586600000000000000e+04
1.597000000000000000e+04
1.610200000000000000e+04
1.610300000000000000e+04
1.610900000000000000e+04
1.611100000000000000e+04
1.672800000000000000e+04
1.675100000000000000e+04
1.681900000000000000e+04
1.682000000000000000e+04
1.682100000000000000e+04
1.682200000000000000e+04
1.686400000000000000e+04
1.687100000000000000e+04
1.716400000000000000e+04
1.718700000000000000e+04
1.725100000000000000e+04
1.732200000000000000e+04
1.735500000000000000e+04
1.766800000000000000e+04
1.784000000000000000e+04
1.784300000000000000e+04
1.805400000000000000e+04
1.808400000000000000e+04
1.808500000000000000e+04
1.813200000000000000e+04
1.828300000000000000e+04
1.837400000000000000e+04
1.837600000000000000e+04
1.837800000000000000e+04
1.846500000000000000e+04
1.886800000000000000e+04
1.922600000000000000e+04
1.974600000000000000e+04
1.976500000000000000e+04
1.976600000000000000e+04
1.976800000000000000e+04
1.989900000000000000e+04
2.004500000000000000e+04
2.006000000000000000e+04
2.006100000000000000e+04
2.006200000000000000e+04
2.006400000000000000e+04
2.006500000000000000e+04
2.006600000000000000e+04
2.006700000000000000e+04
2.006800000000000000e+04
2.038300000000000000e+04
2.038900000000000000e+04
2.039200000000000000e+04
2.091600000000000000e+04
2.101400000000000000e+04
2.127400000000000000e+04
2.127500000000000000e+04
2.127600000000000000e+04
2.127700000000000000e+04
2.127800000000000000e+04
2.127900000000000000e+04
2.128000000000000000e+04
2.132600000000000000e+04
2.134000000000000000e+04
2.143200000000000000e+04
2.186000000000000000e+04
2.205300000000000000e+04
2.210700000000000000e+04
2.216400000000000000e+04
2.217500000000000000e+04
2.222900000000000000e+04
2.225300000000000000e+04
2.225400000000000000e+04
2.226000000000000000e+04
2.230200000000000000e+04
2.236500000000000000e+04
2.236600000000000000e+04
2.236700000000000000e+04
2.236800000000000000e+04
2.244100000000000000e+04
2.244900000000000000e+04
2.264600000000000000e+04
2.264800000000000000e+04
2.267700000000000000e+04
2.267800000000000000e+04
2.267900000000000000e+04
2.270900000000000000e+04
2.284200000000000000e+04
2.317000000000000000e+04
2.324400000000000000e+04
2.324500000000000000e+04
2.345000000000000000e+04
2.412500000000000000e+04
2.421600000000000000e+04
2.438500000000000000e+04
2.447000000000000000e+04
2.449100000000000000e+04
2.449200000000000000e+04
2.457300000000000000e+04
2.510900000000000000e+04
2.511200000000000000e+04
2.513200000000000000e+04
2.515800000000000000e+04
2.531400000000000000e+04
2.531500000000000000e+04
2.531600000000000000e+04
2.531800000000000000e+04
2.532000000000000000e+04
2.562300000000000000e+04
2.562400000000000000e+04
2.579700000000000000e+04
2.579800000000000000e+04
2.582600000000000000e+04
2.584000000000000000e+04
2.612800000000000000e+04
2.612900000000000000e+04
2.624700000000000000e+04
2.644100000000000000e+04
2.666200000000000000e+04
2.676000000000000000e+04
2.685300000000000000e+04
2.688200000000000000e+04
2.705200000000000000e+04
2.705300000000000000e+04
2.714200000000000000e+04
2.714300000000000000e+04
2.714400000000000000e+04
2.714500000000000000e+04
2.714600000000000000e+04
2.714700000000000000e+04
2.714800000000000000e+04
2.714900000000000000e+04
2.717000000000000000e+04
2.718800000000000000e+04
2.721600000000000000e+04
2.729400000000000000e+04
2.731800000000000000e+04
2.731900000000000000e+04
2.748600000000000000e+04
2.748700000000000000e+04
2.757800000000000000e+04
2.757900000000000000e+04
2.758300000000000000e+04
2.758400000000000000e+04
2.758500000000000000e+04
2.758600000000000000e+04
2.758700000000000000e+04
2.759000000000000000e+04
2.759100000000000000e+04
2.759200000000000000e+04
2.759300000000000000e+04
2.759400000000000000e+04
2.759500000000000000e+04
2.774100000000000000e+04
2.826300000000000000e+04
2.839000000000000000e+04
2.843800000000000000e+04
2.843900000000000000e+04
2.874800000000000000e+04
2.881900000000000000e+04
2.956800000000000000e+04
2.977300000000000000e+04
2.980200000000000000e+04
2.980400000000000000e+04
2.983100000000000000e+04
2.995400000000000000e+04
3.030400000000000000e+04
3.031600000000000000e+04
3.040400000000000000e+04
3.046000000000000000e+04
3.048700000000000000e+04
3.048800000000000000e+04
3.075000000000000000e+04
3.080800000000000000e+04
3.095900000000000000e+04
3.103700000000000000e+04
3.120700000000000000e+04
3.120900000000000000e+04
3.138600000000000000e+04
3.151500000000000000e+04
3.151600000000000000e+04
3.151700000000000000e+04
3.151800000000000000e+04
3.156100000000000000e+04
3.157600000000000000e+04
3.157700000000000000e+04
3.157900000000000000e+04
3.158000000000000000e+04
3.158100000000000000e+04
3.163900000000000000e+04
3.169600000000000000e+04
3.191300000000000000e+04
3.196700000000000000e+04
3.196800000000000000e+04
3.196900000000000000e+04
3.197200000000000000e+04
3.197300000000000000e+04
3.198200000000000000e+04
3.200300000000000000e+04
3.209000000000000000e+04
3.213600000000000000e+04
3.213700000000000000e+04
3.241600000000000000e+04
3.248100000000000000e+04
3.249700000000000000e+04
3.250200000000000000e+04
3.258200000000000000e+04
3.290500000000000000e+04
3.294600000000000000e+04
3.359400000000000000e+04
3.363800000000000000e+04
3.363900000000000000e+04
3.370000000000000000e+04
3.396600000000000000e+04
3.418700000000000000e+04
3.451100000000000000e+04
3.468900000000000000e+04
3.482800000000000000e+04
3.488400000000000000e+04
3.559600000000000000e+04
3.562500000000000000e+04
3.583100000000000000e+04
3.584000000000000000e+04
3.600100000000000000e+04
3.601400000000000000e+04
3.603000000000000000e+04
3.604700000000000000e+04
3.605500000000000000e+04
3.606300000000000000e+04
3.625900000000000000e+04
3.676800000000000000e+04
3.681700000000000000e+04
3.682000000000000000e+04
3.688900000000000000e+04
3.689000000000000000e+04
3.689100000000000000e+04
3.692100000000000000e+04
3.692700000000000000e+04
3.697900000000000000e+04
3.704500000000000000e+04
3.742000000000000000e+04
3.745900000000000000e+04
3.748500000000000000e+04
3.757600000000000000e+04
3.759300000000000000e+04
3.759500000000000000e+04
3.765800000000000000e+04
3.773200000000000000e+04
3.831900000000000000e+04
3.837900000000000000e+04
3.847200000000000000e+04
3.848000000000000000e+04
3.848100000000000000e+04
3.865900000000000000e+04
3.871800000000000000e+04
3.900500000000000000e+04
3.909800000000000000e+04
3.909900000000000000e+04
3.961000000000000000e+04
3.991400000000000000e+04
3.999900000000000000e+04
4.001300000000000000e+04
4.001400000000000000e+04
4.021100000000000000e+04
4.021400000000000000e+04
4.021500000000000000e+04
4.030800000000000000e+04
4.031400000000000000e+04
4.031500000000000000e+04
4.052300000000000000e+04
4.062900000000000000e+04
4.067000000000000000e+04
4.069400000000000000e+04
4.071600000000000000e+04
4.072600000000000000e+04
4.080600000000000000e+04
4.080700000000000000e+04
4.080800000000000000e+04
4.082900000000000000e+04
4.090000000000000000e+04
4.100400000000000000e+04
4.109100000000000000e+04
4.109200000000000000e+04
4.116800000000000000e+04
4.124200000000000000e+04
4.142300000000000000e+04
4.148200000000000000e+04
4.148700000000000000e+04
4.164800000000000000e+04
4.164900000000000000e+04
4.171800000000000000e+04
4.240000000000000000e+04
4.241000000000000000e+04
4.310600000000000000e+04
4.369200000000000000e+04
4.377700000000000000e+04
4.435600000000000000e+04
4.448800000000000000e+04
4.451500000000000000e+04
4.459800000000000000e+04
4.511800000000000000e+04
4.534700000000000000e+04
4.534800000000000000e+04
4.534900000000000000e+04
4.540700000000000000e+04
4.569000000000000000e+04
4.575000000000000000e+04
4.575100000000000000e+04
4.575200000000000000e+04
4.575300000000000000e+04
4.579500000000000000e+04
4.579600000000000000e+04
4.596100000000000000e+04
4.623800000000000000e+04
4.623900000000000000e+04
4.624000000000000000e+04
4.624100000000000000e+04
4.624200000000000000e+04
4.624300000000000000e+04
4.629600000000000000e+04
4.633000000000000000e+04
4.638700000000000000e+04
4.656100000000000000e+04
4.666600000000000000e+04
4.690200000000000000e+04
4.694800000000000000e+04
4.697800000000000000e+04
4.715300000000000000e+04
4.732600000000000000e+04
4.732700000000000000e+04
4.732800000000000000e+04
4.733000000000000000e+04
4.757000000000000000e+04
4.819400000000000000e+04
4.828500000000000000e+04
4.851300000000000000e+04
4.911800000000000000e+04
4.913600000000000000e+04
4.915100000000000000e+04
4.928000000000000000e+04
4.928100000000000000e+04
4.928300000000000000e+04
4.928400000000000000e+04
4.928500000000000000e+04
4.966200000000000000e+04
4.974100000000000000e+04
5.004700000000000000e+04
5.045300000000000000e+04
5.070500000000000000e+04
5.070600000000000000e+04
5.071200000000000000e+04
5.071400000000000000e+04
5.075600000000000000e+04
5.075900000000000000e+04
5.109200000000000000e+04
5.111800000000000000e+04
5.111900000000000000e+04
5.112000000000000000e+04
5.112100000000000000e+04
5.127100000000000000e+04
5.127400000000000000e+04
5.128600000000000000e+04
5.142100000000000000e+04
5.157300000000000000e+04
5.157400000000000000e+04
5.165800000000000000e+04
5.165900000000000000e+04
5.166000000000000000e+04
5.183800000000000000e+04
5.204000000000000000e+04
5.204100000000000000e+04
5.206700000000000000e+04
5.261700000000000000e+04
5.275200000000000000e+04
5.287700000000000000e+04
5.309100000000000000e+04
5.327700000000000000e+04
5.335400000000000000e+04
5.335500000000000000e+04
5.335600000000000000e+04
5.335700000000000000e+04
5.335800000000000000e+04
5.335900000000000000e+04
5.336000000000000000e+04
5.336100000000000000e+04
5.339600000000000000e+04
5.340000000000000000e+04
5.340100000000000000e+04
5.349500000000000000e+04
5.351900000000000000e+04
5.381100000000000000e+04
5.381200000000000000e+04
5.381300000000000000e+04
5.381400000000000000e+04
5.385400000000000000e+04
5.388600000000000000e+04
5.388800000000000000e+04
5.416800000000000000e+04
5.418600000000000000e+04
5.418700000000000000e+04
5.418800000000000000e+04
5.422100000000000000e+04
5.448900000000000000e+04
5.449000000000000000e+04
5.449100000000000000e+04
5.449400000000000000e+04
5.449500000000000000e+04
5.449600000000000000e+04
5.449700000000000000e+04
5.449800000000000000e+04
5.449900000000000000e+04
5.450000000000000000e+04
5.450100000000000000e+04
5.450200000000000000e+04
5.450300000000000000e+04
5.450400000000000000e+04
5.450600000000000000e+04
5.450700000000000000e+04
5.450800000000000000e+04
5.450900000000000000e+04
5.451000000000000000e+04
5.451100000000000000e+04
5.451200000000000000e+04
5.451300000000000000e+04
5.451400000000000000e+04
5.451500000000000000e+04
5.451800000000000000e+04
5.451900000000000000e+04
5.452000000000000000e+04
5.452100000000000000e+04
5.452200000000000000e+04
5.452300000000000000e+04
5.452400000000000000e+04
5.452500000000000000e+04
5.452600000000000000e+04
5.452800000000000000e+04
5.452900000000000000e+04
5.453000000000000000e+04
5.453100000000000000e+04
5.453200000000000000e+04
5.453300000000000000e+04
5.453400000000000000e+04
5.453500000000000000e+04
5.453600000000000000e+04
5.453700000000000000e+04
5.453800000000000000e+04
5.453900000000000000e+04
5.454000000000000000e+04
5.454200000000000000e+04
5.454300000000000000e+04
5.454600000000000000e+04
5.454700000000000000e+04
5.454800000000000000e+04
5.454900000000000000e+04
5.455100000000000000e+04
5.455200000000000000e+04
5.455300000000000000e+04
5.455400000000000000e+04
5.455500000000000000e+04
5.455600000000000000e+04
5.455700000000000000e+04
5.455800000000000000e+04
5.455900000000000000e+04
5.456000000000000000e+04
5.456100000000000000e+04
5.456200000000000000e+04
5.456300000000000000e+04
5.456400000000000000e+04
5.456500000000000000e+04
5.456600000000000000e+04
5.456700000000000000e+04
5.456800000000000000e+04
5.457000000000000000e+04
5.457100000000000000e+04
5.457200000000000000e+04
5.457300000000000000e+04
5.457400000000000000e+04
5.457500000000000000e+04
5.457600000000000000e+04
5.457700000000000000e+04
5.467000000000000000e+04
5.468300000000000000e+04
5.468700000000000000e+04
5.470200000000000000e+04
5.482000000000000000e+04
5.482300000000000000e+04
5.495000000000000000e+04
5.495900000000000000e+04
5.499100000000000000e+04
5.499300000000000000e+04
5.500500000000000000e+04
5.521600000000000000e+04
5.521700000000000000e+04
5.536600000000000000e+04
5.553000000000000000e+04
5.584500000000000000e+04
5.584600000000000000e+04
5.584700000000000000e+04
5.587100000000000000e+04
5.629200000000000000e+04
5.638000000000000000e+04
5.654600000000000000e+04
5.661400000000000000e+04
5.674200000000000000e+04
5.674300000000000000e+04
5.680000000000000000e+04
5.706800000000000000e+04
5.707900000000000000e+04
5.714400000000000000e+04
5.714500000000000000e+04
5.715200000000000000e+04
5.732600000000000000e+04
5.740800000000000000e+04
5.741000000000000000e+04
5.751200000000000000e+04
5.760000000000000000e+04
5.769900000000000000e+04
5.780500000000000000e+04
5.784200000000000000e+04
5.794500000000000000e+04
5.812200000000000000e+04
5.824100000000000000e+04
5.824200000000000000e+04
5.827800000000000000e+04
5.840600000000000000e+04
5.845500000000000000e+04
5.907200000000000000e+04
5.907300000000000000e+04
5.907400000000000000e+04
5.907500000000000000e+04
5.907600000000000000e+04
5.907700000000000000e+04
5.947800000000000000e+04
5.975000000000000000e+04
5.982000000000000000e+04
5.985100000000000000e+04
5.985200000000000000e+04
6.028100000000000000e+04
6.028200000000000000e+04
6.033400000000000000e+04
6.048300000000000000e+04
6.059500000000000000e+04
6.065600000000000000e+04
6.123900000000000000e+04
6.156500000000000000e+04
6.156600000000000000e+04
6.168700000000000000e+04
6.178700000000000000e+04
6.178900000000000000e+04
6.182400000000000000e+04
6.185500000000000000e+04
6.185600000000000000e+04
6.185700000000000000e+04
6.185900000000000000e+04
6.186300000000000000e+04
6.186400000000000000e+04
6.186500000000000000e+04
6.195900000000000000e+04
6.203000000000000000e+04
6.220700000000000000e+04
6.223900000000000000e+04
6.236100000000000000e+04
6.236800000000000000e+04
6.238900000000000000e+04
6.239000000000000000e+04
6.239100000000000000e+04
6.239200000000000000e+04
6.239300000000000000e+04
6.239500000000000000e+04
6.248600000000000000e+04
6.252800000000000000e+04
6.252900000000000000e+04
6.259500000000000000e+04
6.270700000000000000e+04
6.318200000000000000e+04
6.318400000000000000e+04
6.318500000000000000e+04
6.318600000000000000e+04
6.320300000000000000e+04
6.320900000000000000e+04
6.321200000000000000e+04
6.331000000000000000e+04
6.331200000000000000e+04
6.331300000000000000e+04
6.331500000000000000e+04
6.331600000000000000e+04
6.331700000000000000e+04
6.331800000000000000e+04
6.331900000000000000e+04
6.332000000000000000e+04
6.332100000000000000e+04
6.332200000000000000e+04
6.332300000000000000e+04
6.332400000000000000e+04
6.332500000000000000e+04
6.332600000000000000e+04
6.332700000000000000e+04
6.332800000000000000e+04
6.351100000000000000e+04
6.363300000000000000e+04
6.371400000000000000e+04
6.391300000000000000e+04
6.436600000000000000e+04
6.441600000000000000e+04
6.474500000000000000e+04
6.474600000000000000e+04
6.474700000000000000e+04
6.481000000000000000e+04
6.481100000000000000e+04
6.481300000000000000e+04
6.481500000000000000e+04
6.481600000000000000e+04
6.481900000000000000e+04
6.484400000000000000e+04
6.484500000000000000e+04
6.484600000000000000e+04
6.484800000000000000e+04
6.485000000000000000e+04
6.487100000000000000e+04
6.520700000000000000e+04
6.524800000000000000e+04
6.531400000000000000e+04
6.555200000000000000e+04
6.560000000000000000e+04
6.574300000000000000e+04
6.582600000000000000e+04
6.587700000000000000e+04
6.588200000000000000e+04
6.600900000000000000e+04
6.601800000000000000e+04
6.607800000000000000e+04
6.608000000000000000e+04
6.611600000000000000e+04
6.618700000000000000e+04
6.618800000000000000e+04
6.625900000000000000e+04
6.626700000000000000e+04
6.627400000000000000e+04
6.628200000000000000e+04
6.639300000000000000e+04
6.639600000000000000e+04
6.643000000000000000e+04
6.647100000000000000e+04
6.697800000000000000e+04
6.706200000000000000e+04
6.708500000000000000e+04
6.715700000000000000e+04
6.793600000000000000e+04
6.807800000000000000e+04
6.808000000000000000e+04
6.818100000000000000e+04
6.818300000000000000e+04
6.834800000000000000e+04
6.845700000000000000e+04
6.845900000000000000e+04
6.846000000000000000e+04
6.882400000000000000e+04
6.882500000000000000e+04
6.882600000000000000e+04
6.898800000000000000e+04
6.902700000000000000e+04
6.903100000000000000e+04
6.916900000000000000e+04
6.927600000000000000e+04
6.935600000000000000e+04
6.935700000000000000e+04
6.944300000000000000e+04
6.944400000000000000e+04
6.944500000000000000e+04
6.944600000000000000e+04
6.944700000000000000e+04
6.944800000000000000e+04
6.944900000000000000e+04
6.945000000000000000e+04
6.945100000000000000e+04
6.945200000000000000e+04
6.945300000000000000e+04
6.945400000000000000e+04
6.945500000000000000e+04
6.945600000000000000e+04
6.945700000000000000e+04
7.030400000000000000e+04
7.034700000000000000e+04
7.034800000000000000e+04
7.034900000000000000e+04
7.035000000000000000e+04
7.035100000000000000e+04
7.035200000000000000e+04
7.035300000000000000e+04
7.035400000000000000e+04
7.035500000000000000e+04
7.035600000000000000e+04
7.035700000000000000e+04
7.035900000000000000e+04
7.036000000000000000e+04
7.036100000000000000e+04
7.036700000000000000e+04
7.064200000000000000e+04
7.068700000000000000e+04
7.068800000000000000e+04
7.069000000000000000e+04
7.069200000000000000e+04
7.089000000000000000e+04
7.092800000000000000e+04
7.093900000000000000e+04
7.094500000000000000e+04
7.094700000000000000e+04
7.103500000000000000e+04
7.116700000000000000e+04
7.143800000000000000e+04
7.192900000000000000e+04
7.234500000000000000e+04
7.262100000000000000e+04
7.270700000000000000e+04
7.270800000000000000e+04
7.282200000000000000e+04
7.335600000000000000e+04
7.344900000000000000e+04
7.363400000000000000e+04
7.365000000000000000e+04
7.365200000000000000e+04
7.365300000000000000e+04
7.398100000000000000e+04
7.399100000000000000e+04
7.399200000000000000e+04
7.433700000000000000e+04
7.443400000000000000e+04
7.443500000000000000e+04
7.443700000000000000e+04
7.447300000000000000e+04
7.448000000000000000e+04
7.448800000000000000e+04
7.449000000000000000e+04
7.451400000000000000e+04
7.451700000000000000e+04
7.459700000000000000e+04
7.471600000000000000e+04
7.494500000000000000e+04
7.597600000000000000e+04
7.598000000000000000e+04
7.600400000000000000e+04
7.646900000000000000e+04
7.718400000000000000e+04
7.719000000000000000e+04
7.719100000000000000e+04
7.727200000000000000e+04
7.739500000000000000e+04
7.749100000000000000e+04
7.837700000000000000e+04
7.859400000000000000e+04
7.859600000000000000e+04
7.932700000000000000e+04
7.933200000000000000e+04
7.937300000000000000e+04
7.954900000000000000e+04
7.955000000000000000e+04
7.955100000000000000e+04
7.955300000000000000e+04
7.955500000000000000e+04
7.955600000000000000e+04
7.955700000000000000e+04
7.956000000000000000e+04
7.956100000000000000e+04
7.983900000000000000e+04
8.051300000000000000e+04
8.099100000000000000e+04
8.099200000000000000e+04
8.099300000000000000e+04
8.099500000000000000e+04
8.100300000000000000e+04
8.100400000000000000e+04
8.100500000000000000e+04
8.100600000000000000e+04
8.100700000000000000e+04
8.133200000000000000e+04
8.140000000000000000e+04
8.146100000000000000e+04
8.171600000000000000e+04
8.171700000000000000e+04
8.171800000000000000e+04
8.171900000000000000e+04
8.172000000000000000e+04
8.172100000000000000e+04
8.217100000000000000e+04
8.270500000000000000e+04
8.311000000000000000e+04
8.311100000000000000e+04
8.337600000000000000e+04
8.339500000000000000e+04
8.339700000000000000e+04
8.355800000000000000e+04
8.356300000000000000e+04
8.386800000000000000e+04
8.391200000000000000e+04
8.391300000000000000e+04
8.391400000000000000e+04
8.401400000000000000e+04
8.401500000000000000e+04
8.401800000000000000e+04
8.401900000000000000e+04
8.418500000000000000e+04
8.426100000000000000e+04
8.426200000000000000e+04
8.433600000000000000e+04
8.434400000000000000e+04
8.440500000000000000e+04
8.440600000000000000e+04
8.440700000000000000e+04
8.440800000000000000e+04
8.440900000000000000e+04
8.441000000000000000e+04
8.441100000000000000e+04
8.441200000000000000e+04
8.469800000000000000e+04
8.544900000000000000e+04
8.564000000000000000e+04
8.604900000000000000e+04
8.630700000000000000e+04
8.683700000000000000e+04
8.684700000000000000e+04
8.698600000000000000e+04
8.703000000000000000e+04
8.708800000000000000e+04
8.720800000000000000e+04
8.736300000000000000e+04
8.736500000000000000e+04
8.736600000000000000e+04
8.737500000000000000e+04
8.751100000000000000e+04
8.751200000000000000e+04
8.751400000000000000e+04
8.751500000000000000e+04
8.796900000000000000e+04
8.798700000000000000e+04
8.801300000000000000e+04
8.811900000000000000e+04
8.812000000000000000e+04
8.823000000000000000e+04
8.823100000000000000e+04
8.823300000000000000e+04
8.823400000000000000e+04
8.823500000000000000e+04
8.823700000000000000e+04
8.823800000000000000e+04
8.823900000000000000e+04
8.824000000000000000e+04
8.824100000000000000e+04
8.824400000000000000e+04
8.827600000000000000e+04
8.830400000000000000e+04
8.830500000000000000e+04
8.838800000000000000e+04
8.839300000000000000e+04
8.844600000000000000e+04
8.867600000000000000e+04
8.872600000000000000e+04
8.892600000000000000e+04
8.914300000000000000e+04
8.927000000000000000e+04
8.928800000000000000e+04
8.937800000000000000e+04
8.942400000000000000e+04
8.974400000000000000e+04
8.974500000000000000e+04
8.980100000000000000e+04
9.019800000000000000e+04
9.039500000000000000e+04
9.051900000000000000e+04
9.055600000000000000e+04
9.082800000000000000e+04
9.082900000000000000e+04
9.083500000000000000e+04
9.084100000000000000e+04
9.129700000000000000e+04
9.157600000000000000e+04
9.158200000000000000e+04
9.175400000000000000e+04
9.208500000000000000e+04
9.242200000000000000e+04
9.247100000000000000e+04
9.261000000000000000e+04
9.261100000000000000e+04
9.262300000000000000e+04
9.272500000000000000e+04
9.361100000000000000e+04
9.387600000000000000e+04
9.409300000000000000e+04
9.421300000000000000e+04
9.428400000000000000e+04
9.434500000000000000e+04
9.440000000000000000e+04
9.447300000000000000e+04
9.486500000000000000e+04
9.490900000000000000e+04
9.493600000000000000e+04
9.522400000000000000e+04
9.556500000000000000e+04
9.569100000000000000e+04
9.601400000000000000e+04
9.637000000000000000e+04
9.644800000000000000e+04
9.648200000000000000e+04
9.648300000000000000e+04
9.651100000000000000e+04
9.651200000000000000e+04
9.651300000000000000e+04
9.703600000000000000e+04
9.727400000000000000e+04
9.731000000000000000e+04
9.741200000000000000e+04
9.741300000000000000e+04
9.741600000000000000e+04
9.744000000000000000e+04
9.744300000000000000e+04
9.809200000000000000e+04
9.812600000000000000e+04
9.844500000000000000e+04
9.844700000000000000e+04
9.845100000000000000e+04
9.876500000000000000e+04
9.876600000000000000e+04
9.932300000000000000e+04
9.947400000000000000e+04
9.963800000000000000e+04
1.009310000000000000e+05
1.010980000000000000e+05
1.010990000000000000e+05
1.011000000000000000e+05
1.011010000000000000e+05
1.011170000000000000e+05
1.013510000000000000e+05
1.016060000000000000e+05
1.017160000000000000e+05
1.017180000000000000e+05
1.017190000000000000e+05
1.017200000000000000e+05
1.017220000000000000e+05
1.017740000000000000e+05
1.018840000000000000e+05
1.020500000000000000e+05
1.026040000000000000e+05
1.029560000000000000e+05
1.029680000000000000e+05
1.031430000000000000e+05
1.032340000000000000e+05
1.036470000000000000e+05
1.038290000000000000e+05
1.038310000000000000e+05
1.038560000000000000e+05
1.042110000000000000e+05
1.045130000000000000e+05
1.045790000000000000e+05
1.045800000000000000e+05
1.045810000000000000e+05
1.045820000000000000e+05
1.045840000000000000e+05
1.045850000000000000e+05
1.045860000000000000e+05
1.045870000000000000e+05
1.045880000000000000e+05
1.045890000000000000e+05
1.045900000000000000e+05
1.045910000000000000e+05
1.049660000000000000e+05
1.053890000000000000e+05
1.053900000000000000e+05
1.054450000000000000e+05
1.055140000000000000e+05
1.055420000000000000e+05
1.057820000000000000e+05
1.064240000000000000e+05
1.064660000000000000e+05
1.064670000000000000e+05
1.064680000000000000e+05
1.064690000000000000e+05
1.065640000000000000e+05
1.066110000000000000e+05
1.067270000000000000e+05
1.068020000000000000e+05
1.068030000000000000e+05
1.068040000000000000e+05
1.068050000000000000e+05
1.068060000000000000e+05
1.068070000000000000e+05
1.068090000000000000e+05
1.068100000000000000e+05
1.068110000000000000e+05
1.068120000000000000e+05
1.081240000000000000e+05
1.081250000000000000e+05
1.081270000000000000e+05
1.087480000000000000e+05
1.087970000000000000e+05
1.090940000000000000e+05
1.092500000000000000e+05
1.092700000000000000e+05
1.094600000000000000e+05
1.096840000000000000e+05
1.099120000000000000e+05
1.101010000000000000e+05
1.101020000000000000e+05
1.103430000000000000e+05
1.103910000000000000e+05
1.103950000000000000e+05
1.103970000000000000e+05
1.103980000000000000e+05
1.104000000000000000e+05
1.104030000000000000e+05
1.104040000000000000e+05
1.104090000000000000e+05
1.104100000000000000e+05
1.104190000000000000e+05
1.104390000000000000e+05
1.105270000000000000e+05
1.108920000000000000e+05
1.108930000000000000e+05
1.114010000000000000e+05
1.115210000000000000e+05
1.115390000000000000e+05
1.116210000000000000e+05
1.118340000000000000e+05
1.118820000000000000e+05
1.121710000000000000e+05
1.125910000000000000e+05
1.125920000000000000e+05
1.125930000000000000e+05
1.126750000000000000e+05
1.126760000000000000e+05
1.126780000000000000e+05
1.126800000000000000e+05
1.126960000000000000e+05
1.127690000000000000e+05
1.129500000000000000e+05
1.133050000000000000e+05
1.133060000000000000e+05
1.133110000000000000e+05
1.133130000000000000e+05
1.133160000000000000e+05
1.133770000000000000e+05
1.133780000000000000e+05
1.133790000000000000e+05
1.133820000000000000e+05
1.134280000000000000e+05
1.137000000000000000e+05
1.140820000000000000e+05
1.141270000000000000e+05
1.141900000000000000e+05
1.143900000000000000e+05
1.144030000000000000e+05
1.144260000000000000e+05
1.145080000000000000e+05
1.147250000000000000e+05
1.148330000000000000e+05
1.149060000000000000e+05
1.149700000000000000e+05
1.150340000000000000e+05
1.152440000000000000e+05
1.155260000000000000e+05
1.157580000000000000e+05
1.157590000000000000e+05
1.158230000000000000e+05
1.158580000000000000e+05
1.159620000000000000e+05
1.159660000000000000e+05
1.161220000000000000e+05
1.161230000000000000e+05
1.161260000000000000e+05
1.163340000000000000e+05
1.165160000000000000e+05
1.165170000000000000e+05
1.165180000000000000e+05
1.165630000000000000e+05
1.166500000000000000e+05
1.168850000000000000e+05
1.168860000000000000e+05
1.169500000000000000e+05
1.171180000000000000e+05
1.172620000000000000e+05
1.172730000000000000e+05
1.175340000000000000e+05
1.175490000000000000e+05
1.177460000000000000e+05
1.179030000000000000e+05
1.179590000000000000e+05
1.179640000000000000e+05
1.185810000000000000e+05
1.185820000000000000e+05
1.185830000000000000e+05
1.185840000000000000e+05
1.185850000000000000e+05
1.185860000000000000e+05
1.185880000000000000e+05
1.185890000000000000e+05
1.190910000000000000e+05
1.191250000000000000e+05
1.198200000000000000e+05
1.200920000000000000e+05
1.204430000000000000e+05
1.206590000000000000e+05
1.207770000000000000e+05
1.207780000000000000e+05
1.207790000000000000e+05
1.207800000000000000e+05
1.215780000000000000e+05
1.217320000000000000e+05
1.220360000000000000e+05
1.220880000000000000e+05
1.222560000000000000e+05
1.222570000000000000e+05
1.222720000000000000e+05
1.225190000000000000e+05
1.226060000000000000e+05
1.226780000000000000e+05
1.226840000000000000e+05
1.231320000000000000e+05
1.233970000000000000e+05
1.234150000000000000e+05
1.234850000000000000e+05
1.234940000000000000e+05
1.238370000000000000e+05
1.239100000000000000e+05
1.241890000000000000e+05
1.242880000000000000e+05
1.242900000000000000e+05
1.244080000000000000e+05
1.247020000000000000e+05
1.247030000000000000e+05
1.249400000000000000e+05
1.251490000000000000e+05
1.251500000000000000e+05
1.256750000000000000e+05
1.257290000000000000e+05
1.257610000000000000e+05
1.259430000000000000e+05
1.261890000000000000e+05
1.262940000000000000e+05
1.263180000000000000e+05
1.263300000000000000e+05
1.263960000000000000e+05
1.265500000000000000e+05
1.265520000000000000e+05
1.271950000000000000e+05
1.275070000000000000e+05
1.279060000000000000e+05
1.279280000000000000e+05
1.280490000000000000e+05
1.283270000000000000e+05
1.283480000000000000e+05
1.285270000000000000e+05
1.286600000000000000e+05
1.297910000000000000e+05
1.298210000000000000e+05
1.298460000000000000e+05
1.299130000000000000e+05
1.299700000000000000e+05
1.303020000000000000e+05
1.305780000000000000e+05
1.305800000000000000e+05
1.305840000000000000e+05
1.309610000000000000e+05
1.310020000000000000e+05
1.310370000000000000e+05
1.312240000000000000e+05
1.312870000000000000e+05
1.315680000000000000e+05
1.316120000000000000e+05
1.316140000000000000e+05
1.316950000000000000e+05
1.317220000000000000e+05
1.319550000000000000e+05
1.320610000000000000e+05
1.321820000000000000e+05
1.321830000000000000e+05
1.323150000000000000e+05
1.323160000000000000e+05
1.323170000000000000e+05
1.328460000000000000e+05
1.329140000000000000e+05
1.329470000000000000e+05
1.329480000000000000e+05
1.331100000000000000e+05
1.334500000000000000e+05
1.334510000000000000e+05
1.334520000000000000e+05
1.334530000000000000e+05
1.334540000000000000e+05
1.334560000000000000e+05
1.334570000000000000e+05
1.334580000000000000e+05
1.334590000000000000e+05
1.334600000000000000e+05
1.334610000000000000e+05
1.334890000000000000e+05
1.337010000000000000e+05
1.344900000000000000e+05
1.345510000000000000e+05
1.346700000000000000e+05
1.347940000000000000e+05
1.348530000000000000e+05
1.352830000000000000e+05
1.359420000000000000e+05
1.362400000000000000e+05
1.363880000000000000e+05
1.368530000000000000e+05
1.372020000000000000e+05
1.373800000000000000e+05
1.376260000000000000e+05
1.376690000000000000e+05
1.384790000000000000e+05
1.389850000000000000e+05
1.389860000000000000e+05
1.389870000000000000e+05
1.389880000000000000e+05
1.390810000000000000e+05
1.390830000000000000e+05
1.392130000000000000e+05
1.392200000000000000e+05
1.398480000000000000e+05
1.398490000000000000e+05
1.402320000000000000e+05
1.403300000000000000e+05
1.405900000000000000e+05
1.408330000000000000e+05
1.409560000000000000e+05
1.410890000000000000e+05
1.410910000000000000e+05
1.410920000000000000e+05
1.410930000000000000e+05
1.410990000000000000e+05
1.414010000000000000e+05
1.414020000000000000e+05
1.414030000000000000e+05
1.414040000000000000e+05
1.414050000000000000e+05
1.414060000000000000e+05
1.414070000000000000e+05
1.418670000000000000e+05
1.420880000000000000e+05
1.420900000000000000e+05
1.422200000000000000e+05
1.422220000000000000e+05
1.422240000000000000e+05
1.422680000000000000e+05
1.423570000000000000e+05
1.423590000000000000e+05
1.423620000000000000e+05
1.426460000000000000e+05
1.426620000000000000e+05
1.430380000000000000e+05
1.431900000000000000e+05
1.432340000000000000e+05
1.433110000000000000e+05
1.434740000000000000e+05
1.436910000000000000e+05
1.437780000000000000e+05
1.439810000000000000e+05
1.439820000000000000e+05
1.440910000000000000e+05
1.441500000000000000e+05
1.444380000000000000e+05
1.444390000000000000e+05
1.445280000000000000e+05
1.445930000000000000e+05
1.446180000000000000e+05
1.446200000000000000e+05
1.449910000000000000e+05
1.451870000000000000e+05
1.453460000000000000e+05
1.455730000000000000e+05
1.459350000000000000e+05
1.459380000000000000e+05
1.461090000000000000e+05
1.461550000000000000e+05
1.462460000000000000e+05
1.463880000000000000e+05
1.467240000000000000e+05
1.471300000000000000e+05
1.474520000000000000e+05
1.475870000000000000e+05
1.475880000000000000e+05
1.477720000000000000e+05
1.478660000000000000e+05
1.479850000000000000e+05
1.480540000000000000e+05
1.481470000000000000e+05
1.481600000000000000e+05
1.481620000000000000e+05
1.481650000000000000e+05
1.485610000000000000e+05
1.486520000000000000e+05
1.486540000000000000e+05
1.486700000000000000e+05
1.486720000000000000e+05
1.486730000000000000e+05
1.486770000000000000e+05
1.487650000000000000e+05
1.488160000000000000e+05
1.490210000000000000e+05
1.490520000000000000e+05
1.491250000000000000e+05
1.494210000000000000e+05
1.496640000000000000e+05
1.496650000000000000e+05
1.496670000000000000e+05
1.496990000000000000e+05
1.497360000000000000e+05
1.497590000000000000e+05
1.498260000000000000e+05
1.503830000000000000e+05
1.505130000000000000e+05
1.505140000000000000e+05
1.506320000000000000e+05
1.506440000000000000e+05
1.506700000000000000e+05
1.507210000000000000e+05
1.507940000000000000e+05
1.508060000000000000e+05
1.508370000000000000e+05
1.509930000000000000e+05
1.514640000000000000e+05
1.514670000000000000e+05
1.514810000000000000e+05
1.515200000000000000e+05
1.515210000000000000e+05
1.515220000000000000e+05
1.515370000000000000e+05
1.515660000000000000e+05
1.519330000000000000e+05
1.522170000000000000e+05
1.523180000000000000e+05
1.523190000000000000e+05
1.523200000000000000e+05
1.523370000000000000e+05
1.523520000000000000e+05
1.523660000000000000e+05
1.523810000000000000e+05
1.524900000000000000e+05
1.528620000000000000e+05
1.530890000000000000e+05
1.530910000000000000e+05
1.533050000000000000e+05
1.533060000000000000e+05
1.533090000000000000e+05
1.533950000000000000e+05
1.535070000000000000e+05
1.539140000000000000e+05
1.544800000000000000e+05
1.546810000000000000e+05
1.553400000000000000e+05
1.553890000000000000e+05
1.553900000000000000e+05
1.553910000000000000e+05
1.554310000000000000e+05
1.555120000000000000e+05
1.555130000000000000e+05
1.555140000000000000e+05
1.555400000000000000e+05
1.555610000000000000e+05
1.559020000000000000e+05
1.561500000000000000e+05
1.561510000000000000e+05
1.563020000000000000e+05
1.563240000000000000e+05
1.567300000000000000e+05
1.567310000000000000e+05
1.567930000000000000e+05
1.567940000000000000e+05
1.568570000000000000e+05
1.568870000000000000e+05
1.570880000000000000e+05
1.570910000000000000e+05
1.572430000000000000e+05
1.572680000000000000e+05
1.573550000000000000e+05
1.576390000000000000e+05
1.577770000000000000e+05
1.578530000000000000e+05
1.578570000000000000e+05
1.578830000000000000e+05
1.578840000000000000e+05
1.582040000000000000e+05
1.582060000000000000e+05
1.582130000000000000e+05
1.582140000000000000e+05
1.586840000000000000e+05
1.587100000000000000e+05
1.590230000000000000e+05
1.590240000000000000e+05
1.590250000000000000e+05
1.591890000000000000e+05
1.593020000000000000e+05
1.595110000000000000e+05
1.595750000000000000e+05
1.604050000000000000e+05
1.604480000000000000e+05
1.606720000000000000e+05
1.607800000000000000e+05
1.607840000000000000e+05
1.607990000000000000e+05
1.609510000000000000e+05
1.610610000000000000e+05
1.611090000000000000e+05
1.611580000000000000e+05
1.611590000000000000e+05
1.612390000000000000e+05
1.613100000000000000e+05
1.614410000000000000e+05
1.615190000000000000e+05
1.615200000000000000e+05
1.615870000000000000e+05
1.621980000000000000e+05
1.623070000000000000e+05
1.625560000000000000e+05
1.627520000000000000e+05
1.628330000000000000e+05
1.629310000000000000e+05
1.629430000000000000e+05
1.629480000000000000e+05
1.629510000000000000e+05
1.629910000000000000e+05
1.631420000000000000e+05
1.632420000000000000e+05
1.633000000000000000e+05
1.633230000000000000e+05
1.633490000000000000e+05
1.635060000000000000e+05
1.636600000000000000e+05
1.636710000000000000e+05
1.636940000000000000e+05
1.638790000000000000e+05
1.638810000000000000e+05
1.638820000000000000e+05
1.638960000000000000e+05
1.640150000000000000e+05
1.640360000000000000e+05
1.640370000000000000e+05
1.640380000000000000e+05
1.640390000000000000e+05
1.640400000000000000e+05
1.640760000000000000e+05
1.641120000000000000e+05
1.641130000000000000e+05
1.646140000000000000e+05
1.646170000000000000e+05
1.646600000000000000e+05
1.652950000000000000e+05
1.654230000000000000e+05
1.656130000000000000e+05
1.657200000000000000e+05
1.657550000000000000e+05
1.657660000000000000e+05
1.657670000000000000e+05
1.657780000000000000e+05
1.658110000000000000e+05
1.658120000000000000e+05
1.661950000000000000e+05
1.662160000000000000e+05
1.665080000000000000e+05
1.665960000000000000e+05
1.665990000000000000e+05
1.669620000000000000e+05
1.669630000000000000e+05
1.669640000000000000e+05
1.669650000000000000e+05
1.670920000000000000e+05
1.671730000000000000e+05
1.674220000000000000e+05
1.678580000000000000e+05
1.678590000000000000e+05
1.681200000000000000e+05
1.681880000000000000e+05
1.682910000000000000e+05
1.684440000000000000e+05
1.686840000000000000e+05
1.688440000000000000e+05
1.695100000000000000e+05
1.695120000000000000e+05
1.696650000000000000e+05
1.696700000000000000e+05
1.697180000000000000e+05
1.697320000000000000e+05
1.697540000000000000e+05
1.697700000000000000e+05
1.705050000000000000e+05
1.705720000000000000e+05
1.707390000000000000e+05
1.707870000000000000e+05
1.707960000000000000e+05
1.709460000000000000e+05
1.710030000000000000e+05
1.711390000000000000e+05
1.712710000000000000e+05
1.713210000000000000e+05
1.715910000000000000e+05
1.720460000000000000e+05
1.729670000000000000e+05
1.729680000000000000e+05
