6.000000000000000000e+01
9.800000000000000000e+01
9.900000000000000000e+01
1.000000000000000000e+02
1.010000000000000000e+02
1.020000000000000000e+02
1.030000000000000000e+02
1.810000000000000000e+02
1.840000000000000000e+02
3.190000000000000000e+02
5.600000000000000000e+02
5.840000000000000000e+02
5.880000000000000000e+02
6.320000000000000000e+02
6.370000000000000000e+02
6.670000000000000000e+02
8.580000000000000000e+02
9.000000000000000000e+02
9.350000000000000000e+02
1.013000000000000000e+03
1.062000000000000000e+03
1.083000000000000000e+03
1.135000000000000000e+03
1.136000000000000000e+03
1.142000000000000000e+03
1.143000000000000000e+03
1.147000000000000000e+03
1.393000000000000000e+03
1.596000000000000000e+03
1.617000000000000000e+03
1.882000000000000000e+03
1.913000000000000000e+03
1.938000000000000000e+03
2.000000000000000000e+03
2.075000000000000000e+03
2.162000000000000000e+03
2.231000000000000000e+03
2.402000000000000000e+03
2.887000000000000000e+03
2.983000000000000000e+03
3.207000000000000000e+03
3.347000000000000000e+03
3.465000000000000000e+03
3.515000000000000000e+03
3.622000000000000000e+03
3.627000000000000000e+03
3.798000000000000000e+03
4.266000000000000000e+03
4.278000000000000000e+03
4.641000000000000000e+03
4.796000000000000000e+03
5.027000000000000000e+03
5.048000000000000000e+03
5.068000000000000000e+03
5.652000000000000000e+03
6.068000000000000000e+03
6.706000000000000000e+03
7.576000000000000000e+03
7.594000000000000000e+03
7.604000000000000000e+03
7.621000000000000000e+03
7.626000000000000000e+03
7.629000000000000000e+03
7.638000000000000000e+03
7.659000000000000000e+03
7.677000000000000000e+03
7.718000000000000000e+03
7.778000000000000000e+03
7.795000000000000000e+03
7.985000000000000000e+03
7.986000000000000000e+03
8.621000000000000000e+03
8.622000000000000000e+03
8.623000000000000000e+03
8.624000000000000000e+03
8.625000000000000000e+03
8.963000000000000000e+03
9.194000000000000000e+03
9.647000000000000000e+03
9.649000000000000000e+03
9.651000000000000000e+03
9.652000000000000000e+03
9.654000000000000000e+03
9.698000000000000000e+03
9.699000000000000000e+03
9.700000000000000000e+03
1.030800000000000000e+04
1.038700000000000000e+04
1.040800000000000000e+04
1.041300000000000000e+04
1.077000000000000000e+04
1.077200000000000000e+04
1.077300000000000000e+04
1.104000000000000000e+04
1.123800000000000000e+04
1.136700000000000000e+04
1.137000000000000000e+04
1.137900000000000000e+04
1.138100000000000000e+04
1.155400000000000000e+04
1.173500000000000000e+04
1.230100000000000000e+04
1.235300000000000000e+04
1.273300000000000000e+04
1.284900000000000000e+04
1.300200000000000000e+04
1.305500000000000000e+04
1.358500000000000000e+04
1.391800000000000000e+04
1.398200000000000000e+04
1.400000000000000000e+04
1.402000000000000000e+04
1.415800000000000000e+04
1.611600000000000000e+04
1.611700000000000000e+04
1.675200000000000000e+04
1.675400000000000000e+04
1.691300000000000000e+04
1.728800000000000000e+04
1.732800000000000000e+04
1.733800000000000000e+04
1.734100000000000000e+04
1.734200000000000000e+04
1.739000000000000000e+04
1.745400000000000000e+04
1.778800000000000000e+04
1.779100000000000000e+04
1.779200000000000000e+04
1.803100000000000000e+04
1.812700000000000000e+04
1.828700000000000000e+04
1.828800000000000000e+04
1.859500000000000000e+04
1.912800000000000000e+04
1.923700000000000000e+04
1.923800000000000000e+04
1.941700000000000000e+04
2.029400000000000000e+04
2.143900000000000000e+04
2.203900000000000000e+04
2.204100000000000000e+04
2.211200000000000000e+04
2.225700000000000000e+04
2.233700000000000000e+04
2.233800000000000000e+04
2.243900000000000000e+04
2.251500000000000000e+04
2.254000000000000000e+04
2.258900000000000000e+04
2.305900000000000000e+04
2.306100000000000000e+04
2.332900000000000000e+04
2.424500000000000000e+04
2.429000000000000000e+04
2.442200000000000000e+04
2.471300000000000000e+04
2.497900000000000000e+04
2.515600000000000000e+04
2.526400000000000000e+04
2.568800000000000000e+04
2.579200000000000000e+04
2.602000000000000000e+04
2.643300000000000000e+04
2.674700000000000000e+04
2.712400000000000000e+04
2.713600000000000000e+04
2.728600000000000000e+04
2.731200000000000000e+04
2.749100000000000000e+04
2.763500000000000000e+04
2.778400000000000000e+04
2.782100000000000000e+04
2.800900000000000000e+04
2.801100000000000000e+04
2.802200000000000000e+04
2.802300000000000000e+04
2.802400000000000000e+04
2.802500000000000000e+04
2.802700000000000000e+04
2.802800000000000000e+04
2.803000000000000000e+04
2.825000000000000000e+04
2.825100000000000000e+04
2.828000000000000000e+04
2.828300000000000000e+04
2.830000000000000000e+04
2.830200000000000000e+04
2.834800000000000000e+04
2.835100000000000000e+04
2.870600000000000000e+04
2.870700000000000000e+04
2.904800000000000000e+04
2.905800000000000000e+04
2.976000000000000000e+04
2.984800000000000000e+04
2.984900000000000000e+04
2.995900000000000000e+04
3.003200000000000000e+04
3.003500000000000000e+04
3.003600000000000000e+04
3.003800000000000000e+04
3.011600000000000000e+04
3.014700000000000000e+04
3.028900000000000000e+04
3.033300000000000000e+04
3.034000000000000000e+04
3.034100000000000000e+04
3.038400000000000000e+04
3.074000000000000000e+04
3.088000000000000000e+04
3.096300000000000000e+04
3.129000000000000000e+04
3.137400000000000000e+04
3.142800000000000000e+04
3.149100000000000000e+04
3.151400000000000000e+04
3.152300000000000000e+04
3.184400000000000000e+04
3.204900000000000000e+04
3.217500000000000000e+04
3.229500000000000000e+04
3.229600000000000000e+04
3.229800000000000000e+04
3.230300000000000000e+04
3.236100000000000000e+04
3.238000000000000000e+04
3.241800000000000000e+04
3.242600000000000000e+04
3.268400000000000000e+04
3.268500000000000000e+04
3.278300000000000000e+04
3.288200000000000000e+04
3.372900000000000000e+04
3.434700000000000000e+04
3.483000000000000000e+04
3.496700000000000000e+04
3.531700000000000000e+04
3.533900000000000000e+04
3.534000000000000000e+04
3.534100000000000000e+04
3.542400000000000000e+04
3.542500000000000000e+04
3.573800000000000000e+04
3.609400000000000000e+04
3.619100000000000000e+04
3.619600000000000000e+04
3.672400000000000000e+04
3.683000000000000000e+04
3.686000000000000000e+04
3.701800000000000000e+04
3.703800000000000000e+04
3.707000000000000000e+04
3.707200000000000000e+04
3.750100000000000000e+04
3.758500000000000000e+04
3.783300000000000000e+04
3.788500000000000000e+04
3.804500000000000000e+04
3.804600000000000000e+04
3.804700000000000000e+04
3.804800000000000000e+04
3.804900000000000000e+04
3.805000000000000000e+04
3.805100000000000000e+04
3.810500000000000000e+04
3.810600000000000000e+04
3.837400000000000000e+04
3.851400000000000000e+04
3.865300000000000000e+04
3.865400000000000000e+04
3.886200000000000000e+04
3.886300000000000000e+04
3.886500000000000000e+04
3.886600000000000000e+04
3.894000000000000000e+04
3.895100000000000000e+04
3.900800000000000000e+04
3.900900000000000000e+04
3.901000000000000000e+04
3.901100000000000000e+04
3.901200000000000000e+04
3.901300000000000000e+04
3.901400000000000000e+04
3.901500000000000000e+04
3.901600000000000000e+04
3.901700000000000000e+04
3.901800000000000000e+04
3.901900000000000000e+04
3.902000000000000000e+04
3.902100000000000000e+04
3.902200000000000000e+04
3.902300000000000000e+04
3.905100000000000000e+04
3.905300000000000000e+04
3.961200000000000000e+04
3.961300000000000000e+04
3.961500000000000000e+04
3.961800000000000000e+04
3.964600000000000000e+04
3.964700000000000000e+04
3.965100000000000000e+04
3.965500000000000000e+04
3.965600000000000000e+04
3.965700000000000000e+04
3.965800000000000000e+04
3.965900000000000000e+04
3.966100000000000000e+04
3.972500000000000000e+04
3.992400000000000000e+04
4.028700000000000000e+04
4.029700000000000000e+04
4.036800000000000000e+04
4.072500000000000000e+04
4.075400000000000000e+04
4.111400000000000000e+04
4.138400000000000000e+04
4.144700000000000000e+04
4.154500000000000000e+04
4.154600000000000000e+04
4.154700000000000000e+04
4.258100000000000000e+04
4.288400000000000000e+04
4.313200000000000000e+04
4.330800000000000000e+04
4.340200000000000000e+04
4.346200000000000000e+04
4.349700000000000000e+04
4.362500000000000000e+04
4.368900000000000000e+04
4.380900000000000000e+04
4.487400000000000000e+04
4.490500000000000000e+04
4.498700000000000000e+04
4.520600000000000000e+04
4.536600000000000000e+04
4.582200000000000000e+04
4.584100000000000000e+04
4.585200000000000000e+04
4.610200000000000000e+04
4.612500000000000000e+04
4.612600000000000000e+04
4.616000000000000000e+04
4.620700000000000000e+04
4.621200000000000000e+04
4.621300000000000000e+04
4.624400000000000000e+04
4.624900000000000000e+04
4.625000000000000000e+04
4.631600000000000000e+04
4.650300000000000000e+04
4.654200000000000000e+04
4.657900000000000000e+04
4.673800000000000000e+04
4.673900000000000000e+04
4.674000000000000000e+04
4.674100000000000000e+04
4.723900000000000000e+04
4.731100000000000000e+04
4.731300000000000000e+04
4.789200000000000000e+04
4.790500000000000000e+04
4.790700000000000000e+04
4.790800000000000000e+04
4.793800000000000000e+04
4.850300000000000000e+04
4.850400000000000000e+04
4.875900000000000000e+04
4.877500000000000000e+04
4.913800000000000000e+04
4.913900000000000000e+04
4.914100000000000000e+04
4.914200000000000000e+04
4.915200000000000000e+04
4.971300000000000000e+04
4.972000000000000000e+04
4.972100000000000000e+04
4.983000000000000000e+04
4.983400000000000000e+04
4.983500000000000000e+04
4.983700000000000000e+04
5.007900000000000000e+04
5.008000000000000000e+04
5.019000000000000000e+04
5.022600000000000000e+04
5.028200000000000000e+04
5.059400000000000000e+04
5.059600000000000000e+04
5.059800000000000000e+04
5.061600000000000000e+04
5.061700000000000000e+04
5.070000000000000000e+04
5.071300000000000000e+04
5.087900000000000000e+04
5.109000000000000000e+04
5.110400000000000000e+04
5.110500000000000000e+04
5.110600000000000000e+04
5.110700000000000000e+04
5.110800000000000000e+04
5.111000000000000000e+04
5.113100000000000000e+04
5.120900000000000000e+04
5.180000000000000000e+04
5.195100000000000000e+04
5.236800000000000000e+04
5.236900000000000000e+04
5.260800000000000000e+04
5.275000000000000000e+04
5.291500000000000000e+04
5.313100000000000000e+04
5.313200000000000000e+04
5.333600000000000000e+04
5.336300000000000000e+04
5.350100000000000000e+04
5.391100000000000000e+04
5.391200000000000000e+04
5.403900000000000000e+04
5.409400000000000000e+04
5.413500000000000000e+04
5.471000000000000000e+04
5.474600000000000000e+04
5.477500000000000000e+04
5.486000000000000000e+04
5.497200000000000000e+04
5.497300000000000000e+04
5.497400000000000000e+04
5.497500000000000000e+04
5.497700000000000000e+04
5.519000000000000000e+04
5.519100000000000000e+04
5.556100000000000000e+04
5.556400000000000000e+04
5.587200000000000000e+04
5.593700000000000000e+04
5.596000000000000000e+04
5.597900000000000000e+04
5.609200000000000000e+04
5.624400000000000000e+04
5.624500000000000000e+04
5.624600000000000000e+04
5.638500000000000000e+04
5.639400000000000000e+04
5.653800000000000000e+04
5.678800000000000000e+04
5.695700000000000000e+04
5.697400000000000000e+04
5.733700000000000000e+04
5.733900000000000000e+04
5.734200000000000000e+04
5.737500000000000000e+04
5.743100000000000000e+04
5.754800000000000000e+04
5.754900000000000000e+04
5.773800000000000000e+04
5.776300000000000000e+04
5.795000000000000000e+04
5.833000000000000000e+04
5.853700000000000000e+04
5.893100000000000000e+04
5.918000000000000000e+04
5.939600000000000000e+04
5.948300000000000000e+04
6.033800000000000000e+04
6.047900000000000000e+04
6.048900000000000000e+04
6.049600000000000000e+04
6.053900000000000000e+04
6.100800000000000000e+04
6.129600000000000000e+04
6.129800000000000000e+04
6.129900000000000000e+04
6.149200000000000000e+04
6.158700000000000000e+04
6.166200000000000000e+04
6.176500000000000000e+04
6.176600000000000000e+04
6.176800000000000000e+04
6.182200000000000000e+04
6.190000000000000000e+04
6.190100000000000000e+04
6.201700000000000000e+04
6.246700000000000000e+04
6.250100000000000000e+04
6.257900000000000000e+04
6.258000000000000000e+04
6.258100000000000000e+04
6.258200000000000000e+04
6.258300000000000000e+04
6.283100000000000000e+04
6.283300000000000000e+04
6.287100000000000000e+04
6.290000000000000000e+04
6.290100000000000000e+04
6.294600000000000000e+04
6.294800000000000000e+04
6.363600000000000000e+04
6.363700000000000000e+04
6.363800000000000000e+04
6.363900000000000000e+04
6.364100000000000000e+04
6.364200000000000000e+04
6.364300000000000000e+04
6.364500000000000000e+04
6.364600000000000000e+04
6.364800000000000000e+04
6.365000000000000000e+04
6.365100000000000000e+04
6.365300000000000000e+04
6.365600000000000000e+04
6.365700000000000000e+04
6.365800000000000000e+04
6.365900000000000000e+04
6.366000000000000000e+04
6.366100000000000000e+04
6.366200000000000000e+04
6.366300000000000000e+04
6.383700000000000000e+04
6.384100000000000000e+04
6.384200000000000000e+04
6.384300000000000000e+04
6.384400000000000000e+04
6.384500000000000000e+04
6.384600000000000000e+04
6.384700000000000000e+04
6.389300000000000000e+04
6.403500000000000000e+04
6.403800000000000000e+04
6.404000000000000000e+04
6.404100000000000000e+04
6.404200000000000000e+04
6.434900000000000000e+04
6.437600000000000000e+04
6.439100000000000000e+04
6.449000000000000000e+04
6.449200000000000000e+04
6.449300000000000000e+04
6.449500000000000000e+04
6.449600000000000000e+04
6.449700000000000000e+04
6.449800000000000000e+04
6.450000000000000000e+04
6.452200000000000000e+04
6.459200000000000000e+04
6.462700000000000000e+04
6.462800000000000000e+04
6.478600000000000000e+04
6.482800000000000000e+04
6.526300000000000000e+04
6.536200000000000000e+04
6.539800000000000000e+04
6.539900000000000000e+04
6.550500000000000000e+04
6.555300000000000000e+04
6.561700000000000000e+04
6.583700000000000000e+04
6.589000000000000000e+04
6.589100000000000000e+04
6.629200000000000000e+04
6.629300000000000000e+04
6.645700000000000000e+04
6.654800000000000000e+04
6.663300000000000000e+04
6.665800000000000000e+04
6.685100000000000000e+04
6.692400000000000000e+04
6.698200000000000000e+04
6.718100000000000000e+04
6.718200000000000000e+04
6.718300000000000000e+04
6.744200000000000000e+04
6.752100000000000000e+04
6.752600000000000000e+04
6.764000000000000000e+04
6.785100000000000000e+04
6.832400000000000000e+04
6.832500000000000000e+04
6.832600000000000000e+04
6.832700000000000000e+04
6.833000000000000000e+04
6.833900000000000000e+04
6.843300000000000000e+04
6.843400000000000000e+04
6.843500000000000000e+04
6.843600000000000000e+04
6.843700000000000000e+04
6.843800000000000000e+04
6.843900000000000000e+04
6.844000000000000000e+04
6.844100000000000000e+04
6.844200000000000000e+04
6.844300000000000000e+04
6.844400000000000000e+04
6.844500000000000000e+04
6.844600000000000000e+04
6.844700000000000000e+04
6.844800000000000000e+04
6.844900000000000000e+04
6.845000000000000000e+04
6.854400000000000000e+04
6.854500000000000000e+04
6.865400000000000000e+04
6.868400000000000000e+04
6.871500000000000000e+04
6.871800000000000000e+04
6.871900000000000000e+04
6.872000000000000000e+04
6.872100000000000000e+04
6.872500000000000000e+04
6.872600000000000000e+04
6.872700000000000000e+04
6.872800000000000000e+04
6.872900000000000000e+04
6.873100000000000000e+04
6.873200000000000000e+04
6.873300000000000000e+04
6.873400000000000000e+04
6.873600000000000000e+04
6.873800000000000000e+04
6.873900000000000000e+04
6.877000000000000000e+04
6.878600000000000000e+04
6.879300000000000000e+04
6.879400000000000000e+04
7.028900000000000000e+04
7.029000000000000000e+04
7.036500000000000000e+04
7.040800000000000000e+04
7.119800000000000000e+04
7.129500000000000000e+04
7.139100000000000000e+04
7.164000000000000000e+04
7.207200000000000000e+04
7.265600000000000000e+04
7.265900000000000000e+04
7.270300000000000000e+04
7.281500000000000000e+04
7.286400000000000000e+04
7.302200000000000000e+04
7.302600000000000000e+04
7.336500000000000000e+04
7.350300000000000000e+04
7.350500000000000000e+04
7.379400000000000000e+04
7.379500000000000000e+04
7.400800000000000000e+04
7.432400000000000000e+04
7.482300000000000000e+04
7.520900000000000000e+04
7.524100000000000000e+04
7.527500000000000000e+04
7.527600000000000000e+04
7.527700000000000000e+04
7.527800000000000000e+04
7.527900000000000000e+04
7.528000000000000000e+04
7.528100000000000000e+04
7.547900000000000000e+04
7.584600000000000000e+04
7.591300000000000000e+04
7.591400000000000000e+04
7.591500000000000000e+04
7.591600000000000000e+04
7.591700000000000000e+04
7.591800000000000000e+04
7.591900000000000000e+04
7.592300000000000000e+04
7.592400000000000000e+04
7.604300000000000000e+04
7.604400000000000000e+04
7.604500000000000000e+04
7.609200000000000000e+04
7.609300000000000000e+04
7.609400000000000000e+04
7.609500000000000000e+04
7.614000000000000000e+04
7.614100000000000000e+04
7.614200000000000000e+04
7.618200000000000000e+04
7.624300000000000000e+04
7.624400000000000000e+04
7.634000000000000000e+04
7.634100000000000000e+04
7.641200000000000000e+04
7.641400000000000000e+04
7.641500000000000000e+04
7.644500000000000000e+04
7.647600000000000000e+04
7.673900000000000000e+04
7.687800000000000000e+04
7.709500000000000000e+04
7.715900000000000000e+04
7.716800000000000000e+04
7.725100000000000000e+04
7.725300000000000000e+04
7.725700000000000000e+04
7.725800000000000000e+04
7.725900000000000000e+04
7.726000000000000000e+04
7.726100000000000000e+04
7.766800000000000000e+04
7.766900000000000000e+04
7.797900000000000000e+04
7.811200000000000000e+04
7.811300000000000000e+04
7.811400000000000000e+04
7.811500000000000000e+04
7.811600000000000000e+04
7.811700000000000000e+04
7.811800000000000000e+04
7.811900000000000000e+04
7.812000000000000000e+04
7.812100000000000000e+04
7.812200000000000000e+04
7.812400000000000000e+04
7.812500000000000000e+04
7.812600000000000000e+04
7.812700000000000000e+04
7.812800000000000000e+04
7.812900000000000000e+04
7.813000000000000000e+04
7.813100000000000000e+04
7.813200000000000000e+04
7.813300000000000000e+04
7.813400000000000000e+04
7.813600000000000000e+04
7.813700000000000000e+04
7.813800000000000000e+04
7.813900000000000000e+04
7.814000000000000000e+04
7.814100000000000000e+04
7.814200000000000000e+04
7.814300000000000000e+04
7.814400000000000000e+04
7.814700000000000000e+04
7.814800000000000000e+04
7.816200000000000000e+04
7.822700000000000000e+04
7.822800000000000000e+04
7.822900000000000000e+04
7.823000000000000000e+04
7.823100000000000000e+04
7.837500000000000000e+04
7.839200000000000000e+04
7.841700000000000000e+04
7.841800000000000000e+04
7.858900000000000000e+04
7.870600000000000000e+04
7.870700000000000000e+04
7.871800000000000000e+04
7.872000000000000000e+04
7.929800000000000000e+04
7.932600000000000000e+04
7.981800000000000000e+04
8.003500000000000000e+04
8.003600000000000000e+04
8.004000000000000000e+04
8.056000000000000000e+04
8.064800000000000000e+04
8.065200000000000000e+04
8.065300000000000000e+04
8.094200000000000000e+04
8.099800000000000000e+04
8.101200000000000000e+04
8.101300000000000000e+04
8.101400000000000000e+04
8.101500000000000000e+04
8.101600000000000000e+04
8.101700000000000000e+04
8.101800000000000000e+04
8.101900000000000000e+04
8.105400000000000000e+04
8.121200000000000000e+04
8.121400000000000000e+04
8.180800000000000000e+04
8.190400000000000000e+04
8.193900000000000000e+04
8.221100000000000000e+04
8.221200000000000000e+04
8.221700000000000000e+04
8.226300000000000000e+04
8.226400000000000000e+04
8.226600000000000000e+04
8.233800000000000000e+04
8.241400000000000000e+04
8.254900000000000000e+04
8.255000000000000000e+04
8.255100000000000000e+04
8.255200000000000000e+04
8.255300000000000000e+04
8.255400000000000000e+04
8.255600000000000000e+04
8.285200000000000000e+04
8.285300000000000000e+04
8.285400000000000000e+04
8.285500000000000000e+04
8.285700000000000000e+04
8.285800000000000000e+04
8.285900000000000000e+04
8.286000000000000000e+04
8.286100000000000000e+04
8.286300000000000000e+04
8.286400000000000000e+04
8.286500000000000000e+04
8.286600000000000000e+04
8.289000000000000000e+04
8.310400000000000000e+04
8.310600000000000000e+04
8.322700000000000000e+04
8.322900000000000000e+04
8.339600000000000000e+04
8.339800000000000000e+04
8.340000000000000000e+04
8.378500000000000000e+04
8.400600000000000000e+04
8.400700000000000000e+04
8.400800000000000000e+04
8.400900000000000000e+04
8.403000000000000000e+04
8.409000000000000000e+04
8.414400000000000000e+04
8.414500000000000000e+04
8.415000000000000000e+04
8.415200000000000000e+04
8.415400000000000000e+04
8.415500000000000000e+04
8.415600000000000000e+04
8.426300000000000000e+04
8.470400000000000000e+04
8.472200000000000000e+04
8.473300000000000000e+04
8.473400000000000000e+04
8.473500000000000000e+04
8.476200000000000000e+04
8.476300000000000000e+04
8.476400000000000000e+04
8.476500000000000000e+04
8.476700000000000000e+04
8.477800000000000000e+04
8.510800000000000000e+04
8.510900000000000000e+04
8.511100000000000000e+04
8.511200000000000000e+04
8.512400000000000000e+04
8.534300000000000000e+04
8.535200000000000000e+04
8.552000000000000000e+04
8.555000000000000000e+04
8.555100000000000000e+04
8.555200000000000000e+04
8.555300000000000000e+04
8.555400000000000000e+04
8.555600000000000000e+04
8.555800000000000000e+04
8.556000000000000000e+04
8.556400000000000000e+04
8.556600000000000000e+04
8.572800000000000000e+04
8.618500000000000000e+04
8.622900000000000000e+04
8.627100000000000000e+04
8.645100000000000000e+04
8.652700000000000000e+04
8.653000000000000000e+04
8.662400000000000000e+04
8.662500000000000000e+04
8.662600000000000000e+04
8.662700000000000000e+04
8.662800000000000000e+04
8.685900000000000000e+04
8.690000000000000000e+04
8.692000000000000000e+04
8.692100000000000000e+04
8.694200000000000000e+04
8.694300000000000000e+04
8.695900000000000000e+04
8.696000000000000000e+04
8.696100000000000000e+04
8.696200000000000000e+04
8.696300000000000000e+04
8.696400000000000000e+04
8.696500000000000000e+04
8.696600000000000000e+04
8.696700000000000000e+04
8.696800000000000000e+04
8.697000000000000000e+04
8.697100000000000000e+04
8.697200000000000000e+04
8.697300000000000000e+04
8.700800000000000000e+04
8.701000000000000000e+04
8.701100000000000000e+04
8.701300000000000000e+04
8.701400000000000000e+04
8.702000000000000000e+04
8.715700000000000000e+04
8.716700000000000000e+04
8.752300000000000000e+04
8.754600000000000000e+04
8.754700000000000000e+04
8.754800000000000000e+04
8.789500000000000000e+04
8.789600000000000000e+04
8.789800000000000000e+04
8.802800000000000000e+04
8.804100000000000000e+04
8.813000000000000000e+04
8.814500000000000000e+04
8.861000000000000000e+04
8.893600000000000000e+04
8.901600000000000000e+04
8.901700000000000000e+04
8.901800000000000000e+04
8.905100000000000000e+04
8.905800000000000000e+04
8.905900000000000000e+04
8.906200000000000000e+04
8.912200000000000000e+04
8.938000000000000000e+04
8.938700000000000000e+04
8.952300000000000000e+04
8.966700000000000000e+04
8.980200000000000000e+04
8.980400000000000000e+04
8.980500000000000000e+04
9.010100000000000000e+04
9.021400000000000000e+04
9.033900000000000000e+04
9.034100000000000000e+04
9.048900000000000000e+04
9.085800000000000000e+04
9.121100000000000000e+04
9.165200000000000000e+04
9.166200000000000000e+04
9.173000000000000000e+04
9.181800000000000000e+04
9.208400000000000000e+04
9.213300000000000000e+04
9.218700000000000000e+04
9.265800000000000000e+04
9.266100000000000000e+04
9.268900000000000000e+04
9.282300000000000000e+04
9.295100000000000000e+04
9.310400000000000000e+04
9.331000000000000000e+04
9.331100000000000000e+04
9.353300000000000000e+04
9.365400000000000000e+04
9.409400000000000000e+04
9.427800000000000000e+04
9.429300000000000000e+04
9.455400000000000000e+04
9.521800000000000000e+04
9.522000000000000000e+04
9.568000000000000000e+04
9.570200000000000000e+04
9.622400000000000000e+04
9.629500000000000000e+04
9.644900000000000000e+04
9.708000000000000000e+04
9.716100000000000000e+04
9.811000000000000000e+04
9.811700000000000000e+04
9.812800000000000000e+04
9.812900000000000000e+04
9.813000000000000000e+04
9.835000000000000000e+04
9.839100000000000000e+04
9.876400000000000000e+04
9.881500000000000000e+04
9.885600000000000000e+04
9.916200000000000000e+04
9.926600000000000000e+04
9.946500000000000000e+04
9.947600000000000000e+04
9.961500000000000000e+04
9.983100000000000000e+04
1.003020000000000000e+05
1.004480000000000000e+05
1.007190000000000000e+05
1.007520000000000000e+05
1.007530000000000000e+05
1.007880000000000000e+05
1.009530000000000000e+05
1.010850000000000000e+05
1.010870000000000000e+05
1.012640000000000000e+05
1.012720000000000000e+05
1.017820000000000000e+05
1.017830000000000000e+05
1.017840000000000000e+05
1.018750000000000000e+05
1.019340000000000000e+05
1.020530000000000000e+05
1.020890000000000000e+05
1.020920000000000000e+05
1.020980000000000000e+05
1.021480000000000000e+05
1.022470000000000000e+05
1.022480000000000000e+05
1.024710000000000000e+05
1.024790000000000000e+05
1.026000000000000000e+05
1.026010000000000000e+05
1.026020000000000000e+05
1.026430000000000000e+05
1.030030000000000000e+05
1.030680000000000000e+05
1.030690000000000000e+05
1.030930000000000000e+05
1.031190000000000000e+05
1.031210000000000000e+05
1.031310000000000000e+05
1.031320000000000000e+05
1.035350000000000000e+05
1.035360000000000000e+05
1.035580000000000000e+05
1.035590000000000000e+05
1.035670000000000000e+05
1.036370000000000000e+05
1.037020000000000000e+05
1.037880000000000000e+05
1.037930000000000000e+05
1.039150000000000000e+05
1.046210000000000000e+05
1.047740000000000000e+05
1.048530000000000000e+05
1.048540000000000000e+05
1.048550000000000000e+05
1.048560000000000000e+05
1.049490000000000000e+05
1.055330000000000000e+05
1.056040000000000000e+05
1.058660000000000000e+05
1.059570000000000000e+05
1.059890000000000000e+05
1.059900000000000000e+05
1.059910000000000000e+05
1.059920000000000000e+05
1.059950000000000000e+05
1.060020000000000000e+05
1.060030000000000000e+05
1.060190000000000000e+05
1.067390000000000000e+05
1.067890000000000000e+05
1.068650000000000000e+05
1.069570000000000000e+05
1.069720000000000000e+05
1.073560000000000000e+05
1.075700000000000000e+05
1.076420000000000000e+05
1.076430000000000000e+05
1.077470000000000000e+05
1.077540000000000000e+05
1.079060000000000000e+05
1.079070000000000000e+05
1.079080000000000000e+05
1.079110000000000000e+05
1.079120000000000000e+05
1.079130000000000000e+05
1.079160000000000000e+05
1.079170000000000000e+05
1.079190000000000000e+05
1.079210000000000000e+05
1.080290000000000000e+05
1.080300000000000000e+05
1.080310000000000000e+05
1.080320000000000000e+05
1.080330000000000000e+05
1.086750000000000000e+05
1.086760000000000000e+05
1.086950000000000000e+05
1.089270000000000000e+05
1.090540000000000000e+05
1.091060000000000000e+05
1.092210000000000000e+05
1.092680000000000000e+05
1.092690000000000000e+05
1.092710000000000000e+05
1.101300000000000000e+05
1.101310000000000000e+05
1.102950000000000000e+05
1.102960000000000000e+05
1.102970000000000000e+05
1.103380000000000000e+05
1.103850000000000000e+05
1.106770000000000000e+05
1.106780000000000000e+05
1.106790000000000000e+05
1.106800000000000000e+05
1.106810000000000000e+05
1.106820000000000000e+05
1.106830000000000000e+05
1.106840000000000000e+05
1.106850000000000000e+05
1.106860000000000000e+05
1.106870000000000000e+05
1.108810000000000000e+05
1.109730000000000000e+05
1.109740000000000000e+05
1.109770000000000000e+05
1.109780000000000000e+05
1.109860000000000000e+05
1.110550000000000000e+05
1.110580000000000000e+05
1.111700000000000000e+05
1.111880000000000000e+05
1.113010000000000000e+05
1.113020000000000000e+05
1.116340000000000000e+05
1.117520000000000000e+05
1.117560000000000000e+05
1.117570000000000000e+05
1.119010000000000000e+05
1.119750000000000000e+05
1.119780000000000000e+05
1.121040000000000000e+05
1.122790000000000000e+05
1.128020000000000000e+05
1.129520000000000000e+05
1.129530000000000000e+05
1.129540000000000000e+05
1.129550000000000000e+05
1.129560000000000000e+05
1.131550000000000000e+05
1.131580000000000000e+05
1.131900000000000000e+05
1.132710000000000000e+05
1.132720000000000000e+05
1.132740000000000000e+05
1.133370000000000000e+05
1.133380000000000000e+05
1.134070000000000000e+05
1.134950000000000000e+05
1.135450000000000000e+05
1.135460000000000000e+05
1.135950000000000000e+05
1.138450000000000000e+05
1.138760000000000000e+05
1.139330000000000000e+05
1.141140000000000000e+05
1.142500000000000000e+05
1.145280000000000000e+05
1.145290000000000000e+05
1.146100000000000000e+05
1.152030000000000000e+05
1.152620000000000000e+05
1.155340000000000000e+05
1.155350000000000000e+05
1.159310000000000000e+05
1.161120000000000000e+05
1.161130000000000000e+05
1.163690000000000000e+05
1.163700000000000000e+05
1.164550000000000000e+05
1.169940000000000000e+05
1.169950000000000000e+05
1.173840000000000000e+05
1.173850000000000000e+05
1.175050000000000000e+05
1.175440000000000000e+05
1.175450000000000000e+05
1.175460000000000000e+05
1.176700000000000000e+05
1.180450000000000000e+05
1.180470000000000000e+05
1.180630000000000000e+05
1.183700000000000000e+05
1.184340000000000000e+05
1.184430000000000000e+05
1.185580000000000000e+05
1.187190000000000000e+05
1.192990000000000000e+05
1.193280000000000000e+05
1.195200000000000000e+05
1.195230000000000000e+05
1.203850000000000000e+05
1.203860000000000000e+05
1.203870000000000000e+05
1.205330000000000000e+05
1.209430000000000000e+05
1.210100000000000000e+05
1.212960000000000000e+05
1.212980000000000000e+05
1.214840000000000000e+05
1.216160000000000000e+05
1.216180000000000000e+05
1.220530000000000000e+05
1.221440000000000000e+05
1.224150000000000000e+05
1.225010000000000000e+05
1.225130000000000000e+05
1.226030000000000000e+05
1.226180000000000000e+05
1.227820000000000000e+05
1.228180000000000000e+05
1.230110000000000000e+05
1.231880000000000000e+05
1.231890000000000000e+05
1.231900000000000000e+05
1.231910000000000000e+05
1.231920000000000000e+05
1.231940000000000000e+05
1.233400000000000000e+05
1.233410000000000000e+05
1.233450000000000000e+05
1.234270000000000000e+05
1.234330000000000000e+05
1.235240000000000000e+05
1.236440000000000000e+05
1.237850000000000000e+05
1.238920000000000000e+05
1.238990000000000000e+05
1.239740000000000000e+05
1.241120000000000000e+05
1.241130000000000000e+05
1.241140000000000000e+05
1.241150000000000000e+05
1.241160000000000000e+05
1.241170000000000000e+05
1.241180000000000000e+05
1.241190000000000000e+05
1.241220000000000000e+05
1.253900000000000000e+05
1.254620000000000000e+05
1.254860000000000000e+05
1.254880000000000000e+05
1.257600000000000000e+05
1.261930000000000000e+05
1.266330000000000000e+05
1.266650000000000000e+05
1.267410000000000000e+05
1.267850000000000000e+05
1.267860000000000000e+05
1.268920000000000000e+05
1.268940000000000000e+05
1.269160000000000000e+05
1.271080000000000000e+05
1.271340000000000000e+05
1.271350000000000000e+05
1.271360000000000000e+05
1.271370000000000000e+05
1.271380000000000000e+05
1.271390000000000000e+05
1.271400000000000000e+05
1.271410000000000000e+05
1.271420000000000000e+05
1.271430000000000000e+05
1.271440000000000000e+05
1.271450000000000000e+05
1.271460000000000000e+05
1.271470000000000000e+05
1.271480000000000000e+05
1.271490000000000000e+05
1.271500000000000000e+05
1.271510000000000000e+05
1.271520000000000000e+05
1.271530000000000000e+05
1.271540000000000000e+05
1.271550000000000000e+05
1.271560000000000000e+05
1.271570000000000000e+05
1.271580000000000000e+05
1.271590000000000000e+05
1.271670000000000000e+05
1.271680000000000000e+05
1.271690000000000000e+05
1.271980000000000000e+05
1.272010000000000000e+05
1.273010000000000000e+05
1.273020000000000000e+05
1.276160000000000000e+05
1.276170000000000000e+05
1.276180000000000000e+05
1.276190000000000000e+05
1.276200000000000000e+05
1.276210000000000000e+05
1.276220000000000000e+05
1.276230000000000000e+05
1.276240000000000000e+05
1.276250000000000000e+05
1.276260000000000000e+05
1.276540000000000000e+05
1.278470000000000000e+05
1.278770000000000000e+05
1.278780000000000000e+05
1.278790000000000000e+05
1.279290000000000000e+05
1.279620000000000000e+05
1.280160000000000000e+05
1.280170000000000000e+05
1.280190000000000000e+05
1.280220000000000000e+05
1.280230000000000000e+05
1.280240000000000000e+05
1.280260000000000000e+05
1.280270000000000000e+05
1.280300000000000000e+05
1.280310000000000000e+05
1.280940000000000000e+05
1.280970000000000000e+05
1.282320000000000000e+05
1.282590000000000000e+05
1.283060000000000000e+05
1.283070000000000000e+05
1.283090000000000000e+05
1.284260000000000000e+05
1.294150000000000000e+05
1.296840000000000000e+05
1.296860000000000000e+05
1.297160000000000000e+05
1.299470000000000000e+05
1.300410000000000000e+05
1.300420000000000000e+05
1.300430000000000000e+05
1.300440000000000000e+05
1.300450000000000000e+05
1.300460000000000000e+05
1.300570000000000000e+05
1.300580000000000000e+05
1.300590000000000000e+05
1.300600000000000000e+05
1.300610000000000000e+05
1.300620000000000000e+05
1.300630000000000000e+05
1.300830000000000000e+05
1.300880000000000000e+05
1.300900000000000000e+05
1.301930000000000000e+05
1.301940000000000000e+05
1.303110000000000000e+05
1.303140000000000000e+05
1.306090000000000000e+05
1.306100000000000000e+05
1.307260000000000000e+05
1.307290000000000000e+05
1.307300000000000000e+05
1.311680000000000000e+05
1.311690000000000000e+05
1.313540000000000000e+05
1.314030000000000000e+05
1.314800000000000000e+05
1.315000000000000000e+05
1.316090000000000000e+05
1.316760000000000000e+05
1.317330000000000000e+05
1.317340000000000000e+05
1.317350000000000000e+05
1.317370000000000000e+05
1.317380000000000000e+05
1.317400000000000000e+05
1.317410000000000000e+05
1.317570000000000000e+05
1.318320000000000000e+05
1.318390000000000000e+05
1.319540000000000000e+05
1.319810000000000000e+05
1.319820000000000000e+05
1.319830000000000000e+05
1.320400000000000000e+05
1.323910000000000000e+05
1.327720000000000000e+05
1.327730000000000000e+05
1.327740000000000000e+05
1.329390000000000000e+05
1.329400000000000000e+05
1.329710000000000000e+05
1.332490000000000000e+05
1.333520000000000000e+05
1.341450000000000000e+05
1.341480000000000000e+05
1.341510000000000000e+05
1.343690000000000000e+05
1.345110000000000000e+05
1.346280000000000000e+05
1.346290000000000000e+05
1.346790000000000000e+05
1.346820000000000000e+05
1.347930000000000000e+05
1.350890000000000000e+05
1.350910000000000000e+05
1.350950000000000000e+05
1.351030000000000000e+05
1.351530000000000000e+05
1.351820000000000000e+05
1.352060000000000000e+05
1.352520000000000000e+05
1.352550000000000000e+05
1.353280000000000000e+05
1.354800000000000000e+05
1.355770000000000000e+05
1.357880000000000000e+05
1.357930000000000000e+05
1.358050000000000000e+05
1.359980000000000000e+05
1.360880000000000000e+05
1.360900000000000000e+05
1.363430000000000000e+05
1.366270000000000000e+05
1.369280000000000000e+05
1.369290000000000000e+05
1.369300000000000000e+05
1.369310000000000000e+05
1.369320000000000000e+05
1.369330000000000000e+05
1.369340000000000000e+05
1.369350000000000000e+05
1.369360000000000000e+05
1.369370000000000000e+05
1.369380000000000000e+05
1.369390000000000000e+05
1.369400000000000000e+05
1.370420000000000000e+05
1.371460000000000000e+05
1.371890000000000000e+05
1.371910000000000000e+05
1.383840000000000000e+05
1.384030000000000000e+05
1.384110000000000000e+05
1.384630000000000000e+05
1.386110000000000000e+05
1.386450000000000000e+05
1.388010000000000000e+05
1.388920000000000000e+05
1.389030000000000000e+05
1.389680000000000000e+05
1.390570000000000000e+05
1.390590000000000000e+05
1.390600000000000000e+05
1.395230000000000000e+05
1.396390000000000000e+05
1.399940000000000000e+05
1.400160000000000000e+05
1.402430000000000000e+05
1.402640000000000000e+05
1.402660000000000000e+05
1.402680000000000000e+05
1.402700000000000000e+05
1.402710000000000000e+05
1.403580000000000000e+05
1.403790000000000000e+05
1.408200000000000000e+05
1.414840000000000000e+05
1.416560000000000000e+05
1.416590000000000000e+05
1.418540000000000000e+05
1.418630000000000000e+05
1.421020000000000000e+05
1.422230000000000000e+05
1.422320000000000000e+05
1.422980000000000000e+05
1.422990000000000000e+05
1.423000000000000000e+05
1.423010000000000000e+05
1.423020000000000000e+05
1.423030000000000000e+05
1.423040000000000000e+05
1.423050000000000000e+05
1.423060000000000000e+05
1.423070000000000000e+05
1.423080000000000000e+05
1.423090000000000000e+05
1.423100000000000000e+05
1.423110000000000000e+05
1.423660000000000000e+05
1.423720000000000000e+05
1.424960000000000000e+05
1.424970000000000000e+05
1.427440000000000000e+05
1.433650000000000000e+05
1.435180000000000000e+05
1.435190000000000000e+05
1.435200000000000000e+05
1.435210000000000000e+05
1.435570000000000000e+05
1.436620000000000000e+05
1.436630000000000000e+05
1.436640000000000000e+05
1.441790000000000000e+05
1.441810000000000000e+05
1.442480000000000000e+05
1.443930000000000000e+05
1.445410000000000000e+05
1.445420000000000000e+05
1.445430000000000000e+05
1.445440000000000000e+05
1.445640000000000000e+05
1.449480000000000000e+05
1.449700000000000000e+05
1.449710000000000000e+05
1.449720000000000000e+05
1.449730000000000000e+05
1.449740000000000000e+05
1.449750000000000000e+05
1.449810000000000000e+05
1.449830000000000000e+05
1.453570000000000000e+05
1.454310000000000000e+05
1.455280000000000000e+05
1.455290000000000000e+05
1.455300000000000000e+05
1.455320000000000000e+05
1.455990000000000000e+05
1.456040000000000000e+05
1.456590000000000000e+05
1.456800000000000000e+05
1.457380000000000000e+05
1.457640000000000000e+05
1.457660000000000000e+05
1.457680000000000000e+05
1.458310000000000000e+05
1.458320000000000000e+05
1.458370000000000000e+05
1.458770000000000000e+05
1.459180000000000000e+05
1.459230000000000000e+05
1.459240000000000000e+05
1.459250000000000000e+05
1.459280000000000000e+05
1.459310000000000000e+05
1.462820000000000000e+05
1.463610000000000000e+05
1.463620000000000000e+05
1.463640000000000000e+05
1.465000000000000000e+05
1.465010000000000000e+05
1.465020000000000000e+05
1.465030000000000000e+05
1.465050000000000000e+05
1.465100000000000000e+05
1.465110000000000000e+05
1.466350000000000000e+05
1.467610000000000000e+05
1.467620000000000000e+05
1.468470000000000000e+05
1.469900000000000000e+05
1.469930000000000000e+05
1.470750000000000000e+05
1.470760000000000000e+05
1.470780000000000000e+05
1.476260000000000000e+05
1.477320000000000000e+05
1.486550000000000000e+05
1.486640000000000000e+05
1.486650000000000000e+05
1.486660000000000000e+05
1.486670000000000000e+05
1.486690000000000000e+05
1.488130000000000000e+05
1.493740000000000000e+05
1.496490000000000000e+05
1.496500000000000000e+05
1.497090000000000000e+05
1.497430000000000000e+05
1.501200000000000000e+05
1.501240000000000000e+05
1.501410000000000000e+05
1.503400000000000000e+05
1.504150000000000000e+05
1.505920000000000000e+05
1.507450000000000000e+05
1.511290000000000000e+05
1.512810000000000000e+05
1.513000000000000000e+05
1.514050000000000000e+05
1.515160000000000000e+05
1.517470000000000000e+05
1.517510000000000000e+05
1.517600000000000000e+05
1.517940000000000000e+05
1.518190000000000000e+05
1.518880000000000000e+05
1.519000000000000000e+05
1.519350000000000000e+05
1.519900000000000000e+05
1.519910000000000000e+05
1.520970000000000000e+05
1.523870000000000000e+05
1.524780000000000000e+05
1.525470000000000000e+05
1.529560000000000000e+05
1.531690000000000000e+05
1.534470000000000000e+05
1.539890000000000000e+05
1.542740000000000000e+05
1.542780000000000000e+05
1.542790000000000000e+05
1.542800000000000000e+05
1.542810000000000000e+05
1.542840000000000000e+05
1.543590000000000000e+05
1.547010000000000000e+05
1.548210000000000000e+05
1.548310000000000000e+05
1.548320000000000000e+05
1.548870000000000000e+05
1.551460000000000000e+05
1.552450000000000000e+05
1.553930000000000000e+05
1.555550000000000000e+05
1.556130000000000000e+05
1.557480000000000000e+05
1.557720000000000000e+05
1.560410000000000000e+05
1.561470000000000000e+05
1.562640000000000000e+05
1.562660000000000000e+05
1.564740000000000000e+05
1.564990000000000000e+05
1.565340000000000000e+05
1.565710000000000000e+05
1.565760000000000000e+05
1.565770000000000000e+05
1.566430000000000000e+05
1.566590000000000000e+05
1.568890000000000000e+05
1.568940000000000000e+05
1.569840000000000000e+05
1.569860000000000000e+05
1.569910000000000000e+05
1.569920000000000000e+05
1.570230000000000000e+05
1.570510000000000000e+05
1.576020000000000000e+05
1.576030000000000000e+05
1.583800000000000000e+05
1.586100000000000000e+05
1.591690000000000000e+05
1.592110000000000000e+05
1.592120000000000000e+05
1.594760000000000000e+05
1.595710000000000000e+05
1.603230000000000000e+05
1.604430000000000000e+05
1.604440000000000000e+05
1.605370000000000000e+05
1.606000000000000000e+05
1.606370000000000000e+05
1.606380000000000000e+05
1.607350000000000000e+05
1.607970000000000000e+05
1.607980000000000000e+05
1.608560000000000000e+05
1.612860000000000000e+05
1.614270000000000000e+05
1.615220000000000000e+05
1.615320000000000000e+05
1.615390000000000000e+05
1.616160000000000000e+05
1.616180000000000000e+05
1.616560000000000000e+05
1.616890000000000000e+05
1.619480000000000000e+05
1.620290000000000000e+05
1.624690000000000000e+05
1.624700000000000000e+05
1.624710000000000000e+05
1.624720000000000000e+05
1.624730000000000000e+05
1.625170000000000000e+05
1.625470000000000000e+05
1.625940000000000000e+05
1.625960000000000000e+05
1.626270000000000000e+05
1.626590000000000000e+05
1.628590000000000000e+05
1.628600000000000000e+05
1.628620000000000000e+05
1.628980000000000000e+05
1.629060000000000000e+05
1.632080000000000000e+05
1.633280000000000000e+05
1.633340000000000000e+05
1.634720000000000000e+05
1.634900000000000000e+05
1.635660000000000000e+05
1.638480000000000000e+05
1.638520000000000000e+05
1.638540000000000000e+05
1.639190000000000000e+05
1.640470000000000000e+05
1.640500000000000000e+05
1.640510000000000000e+05
1.643070000000000000e+05
1.643800000000000000e+05
1.646610000000000000e+05
1.647270000000000000e+05
1.648610000000000000e+05
1.652580000000000000e+05
1.653440000000000000e+05
1.654110000000000000e+05
1.657250000000000000e+05
1.657370000000000000e+05
1.658570000000000000e+05
1.659540000000000000e+05
1.659730000000000000e+05
1.660380000000000000e+05
1.660390000000000000e+05
1.660400000000000000e+05
1.660410000000000000e+05
1.660420000000000000e+05
1.660430000000000000e+05
1.660980000000000000e+05
1.660990000000000000e+05
1.663700000000000000e+05
1.664270000000000000e+05
1.664560000000000000e+05
1.666420000000000000e+05
1.667960000000000000e+05
1.668370000000000000e+05
1.668820000000000000e+05
1.668930000000000000e+05
1.669660000000000000e+05
1.670730000000000000e+05
1.671320000000000000e+05
1.674140000000000000e+05
1.676110000000000000e+05
1.676120000000000000e+05
1.676130000000000000e+05
1.676140000000000000e+05
1.676250000000000000e+05
1.677890000000000000e+05
1.677910000000000000e+05
1.679340000000000000e+05
1.680100000000000000e+05
1.682160000000000000e+05
1.682770000000000000e+05
1.683020000000000000e+05
1.690990000000000000e+05
1.692460000000000000e+05
1.692590000000000000e+05
1.692600000000000000e+05
1.692780000000000000e+05
1.693070000000000000e+05
1.694220000000000000e+05
1.694230000000000000e+05
1.694520000000000000e+05
1.695140000000000000e+05
1.695430000000000000e+05
1.695630000000000000e+05
1.698180000000000000e+05
1.701250000000000000e+05
1.702880000000000000e+05
1.702920000000000000e+05
1.703430000000000000e+05
1.705740000000000000e+05
1.713300000000000000e+05
1.713310000000000000e+05
1.713320000000000000e+05
1.713330000000000000e+05
1.713340000000000000e+05
1.715960000000000000e+05
1.717200000000000000e+05
1.718330000000000000e+05
1.718340000000000000e+05
1.718390000000000000e+05
1.718510000000000000e+05
1.719900000000000000e+05
1.720500000000000000e+05
1.721060000000000000e+05
1.723000000000000000e+05
1.723180000000000000e+05
1.724570000000000000e+05
1.727630000000000000e+05
1.730030000000000000e+05
1.730080000000000000e+05
1.730490000000000000e+05
