2.500000000000000000e+01
9.040000000000000000e+02
1.048000000000000000e+03
1.125000000000000000e+03
1.338000000000000000e+03
1.367000000000000000e+03
1.390000000000000000e+03
1.757000000000000000e+03
1.760000000000000000e+03
1.775000000000000000e+03
1.809000000000000000e+03
1.969000000000000000e+03
2.090000000000000000e+03
2.092000000000000000e+03
2.096000000000000000e+03
2.118000000000000000e+03
2.533000000000000000e+03
2.798000000000000000e+03
2.868000000000000000e+03
2.869000000000000000e+03
2.870000000000000000e+03
3.635000000000000000e+03
3.639000000000000000e+03
3.647000000000000000e+03
3.649000000000000000e+03
3.685000000000000000e+03
3.718000000000000000e+03
3.794000000000000000e+03
3.795000000000000000e+03
4.016000000000000000e+03
4.054000000000000000e+03
4.319000000000000000e+03
4.329000000000000000e+03
4.487000000000000000e+03
4.495000000000000000e+03
4.560000000000000000e+03
4.574000000000000000e+03
4.632000000000000000e+03
4.646000000000000000e+03
4.647000000000000000e+03
4.661000000000000000e+03
4.664000000000000000e+03
4.669000000000000000e+03
4.742000000000000000e+03
4.761000000000000000e+03
4.776000000000000000e+03
4.777000000000000000e+03
4.832000000000000000e+03
5.077000000000000000e+03
5.115000000000000000e+03
5.116000000000000000e+03
5.125000000000000000e+03
5.189000000000000000e+03
5.203000000000000000e+03
5.223000000000000000e+03
5.244000000000000000e+03
5.245000000000000000e+03
5.481000000000000000e+03
5.486000000000000000e+03
5.587000000000000000e+03
5.687000000000000000e+03
5.688000000000000000e+03
5.690000000000000000e+03
5.904000000000000000e+03
5.930000000000000000e+03
5.931000000000000000e+03
5.932000000000000000e+03
5.933000000000000000e+03
5.934000000000000000e+03
5.935000000000000000e+03
5.939000000000000000e+03
6.205000000000000000e+03
6.282000000000000000e+03
6.287000000000000000e+03
6.304000000000000000e+03
6.305000000000000000e+03
6.364000000000000000e+03
6.384000000000000000e+03
6.390000000000000000e+03
6.403000000000000000e+03
6.404000000000000000e+03
6.411000000000000000e+03
6.412000000000000000e+03
6.415000000000000000e+03
6.476000000000000000e+03
6.569000000000000000e+03
6.674000000000000000e+03
6.675000000000000000e+03
6.773000000000000000e+03
6.803000000000000000e+03
6.960000000000000000e+03
7.132000000000000000e+03
7.158000000000000000e+03
7.179000000000000000e+03
7.209000000000000000e+03
7.212000000000000000e+03
7.227000000000000000e+03
7.694000000000000000e+03
7.744000000000000000e+03
7.759000000000000000e+03
7.835000000000000000e+03
8.109000000000000000e+03
8.358000000000000000e+03
8.533000000000000000e+03
8.546000000000000000e+03
8.610000000000000000e+03
8.616000000000000000e+03
8.617000000000000000e+03
8.635000000000000000e+03
8.654000000000000000e+03
8.657000000000000000e+03
8.710000000000000000e+03
8.754000000000000000e+03
8.799000000000000000e+03
8.848000000000000000e+03
9.199000000000000000e+03
9.379000000000000000e+03
9.381000000000000000e+03
9.406000000000000000e+03
9.415000000000000000e+03
9.642000000000000000e+03
9.643000000000000000e+03
9.645000000000000000e+03
9.892000000000000000e+03
9.901000000000000000e+03
9.916000000000000000e+03
9.960000000000000000e+03
1.027000000000000000e+04
1.030400000000000000e+04
1.042000000000000000e+04
1.066000000000000000e+04
1.067000000000000000e+04
1.082100000000000000e+04
1.095700000000000000e+04
1.100600000000000000e+04
1.100700000000000000e+04
1.100800000000000000e+04
1.100900000000000000e+04
1.102000000000000000e+04
1.103000000000000000e+04
1.104600000000000000e+04
1.108300000000000000e+04
1.108400000000000000e+04
1.108500000000000000e+04
1.108600000000000000e+04
1.109300000000000000e+04
1.109500000000000000e+04
1.131200000000000000e+04
1.131300000000000000e+04
1.133100000000000000e+04
1.135000000000000000e+04
1.136000000000000000e+04
1.136100000000000000e+04
1.146600000000000000e+04
1.158200000000000000e+04
1.168000000000000000e+04
1.205200000000000000e+04
1.208500000000000000e+04
1.210600000000000000e+04
1.212700000000000000e+04
1.213000000000000000e+04
1.213400000000000000e+04
1.215400000000000000e+04
1.215500000000000000e+04
1.224900000000000000e+04
1.247100000000000000e+04
1.247500000000000000e+04
1.248400000000000000e+04
1.249200000000000000e+04
1.274200000000000000e+04
1.274500000000000000e+04
1.274700000000000000e+04
1.281800000000000000e+04
1.299900000000000000e+04
1.300000000000000000e+04
1.301700000000000000e+04
1.301800000000000000e+04
1.305200000000000000e+04
1.316700000000000000e+04
1.316900000000000000e+04
1.317100000000000000e+04
1.317600000000000000e+04
1.326600000000000000e+04
1.328000000000000000e+04
1.375400000000000000e+04
1.383200000000000000e+04
1.387300000000000000e+04
1.396700000000000000e+04
1.407100000000000000e+04
1.412300000000000000e+04
1.441500000000000000e+04
1.442000000000000000e+04
1.442300000000000000e+04
1.442600000000000000e+04
1.446000000000000000e+04
1.463800000000000000e+04
1.469100000000000000e+04
1.469300000000000000e+04
1.562200000000000000e+04
1.565900000000000000e+04
1.566000000000000000e+04
1.589900000000000000e+04
1.590200000000000000e+04
1.606500000000000000e+04
1.636500000000000000e+04
1.651500000000000000e+04
1.728100000000000000e+04
1.730200000000000000e+04
1.731100000000000000e+04
1.731200000000000000e+04
1.739300000000000000e+04
1.739600000000000000e+04
1.739800000000000000e+04
1.748600000000000000e+04
1.748700000000000000e+04
1.749800000000000000e+04
1.751500000000000000e+04
1.759000000000000000e+04
1.774500000000000000e+04
1.775200000000000000e+04
1.780700000000000000e+04
1.801700000000000000e+04
1.804200000000000000e+04
1.804400000000000000e+04
1.806100000000000000e+04
1.813800000000000000e+04
1.815700000000000000e+04
1.818800000000000000e+04
1.821400000000000000e+04
1.829000000000000000e+04
1.829100000000000000e+04
1.829200000000000000e+04
1.829400000000000000e+04
1.829500000000000000e+04
1.829800000000000000e+04
1.854800000000000000e+04
1.857000000000000000e+04
1.857200000000000000e+04
1.857400000000000000e+04
1.857600000000000000e+04
1.867100000000000000e+04
1.870400000000000000e+04
1.883700000000000000e+04
1.883800000000000000e+04
1.885900000000000000e+04
1.886000000000000000e+04
1.886100000000000000e+04
1.886300000000000000e+04
1.889100000000000000e+04
1.889800000000000000e+04
1.890300000000000000e+04
1.890500000000000000e+04
1.890600000000000000e+04
1.890700000000000000e+04
1.890800000000000000e+04
1.891100000000000000e+04
1.891200000000000000e+04
1.891500000000000000e+04
1.891800000000000000e+04
1.892300000000000000e+04
1.892900000000000000e+04
1.893300000000000000e+04
1.894000000000000000e+04
1.894300000000000000e+04
1.894600000000000000e+04
1.894900000000000000e+04
1.895300000000000000e+04
1.895500000000000000e+04
1.896400000000000000e+04
1.896500000000000000e+04
1.896600000000000000e+04
1.897400000000000000e+04
1.897600000000000000e+04
1.897700000000000000e+04
1.897900000000000000e+04
1.898200000000000000e+04
1.898300000000000000e+04
1.898400000000000000e+04
1.898600000000000000e+04
1.899000000000000000e+04
1.899100000000000000e+04
1.899400000000000000e+04
1.899700000000000000e+04
1.900200000000000000e+04
1.900300000000000000e+04
1.900600000000000000e+04
1.909200000000000000e+04
1.924000000000000000e+04
1.926900000000000000e+04
1.928800000000000000e+04
1.929200000000000000e+04
1.943700000000000000e+04
1.947800000000000000e+04
1.965500000000000000e+04
1.979300000000000000e+04
1.979400000000000000e+04
1.979500000000000000e+04
1.979600000000000000e+04
1.979700000000000000e+04
1.979800000000000000e+04
1.979900000000000000e+04
1.980100000000000000e+04
1.980200000000000000e+04
1.980300000000000000e+04
1.980400000000000000e+04
1.980600000000000000e+04
1.980700000000000000e+04
1.980800000000000000e+04
1.980900000000000000e+04
1.981000000000000000e+04
1.981100000000000000e+04
1.981200000000000000e+04
1.981300000000000000e+04
1.981400000000000000e+04
1.981500000000000000e+04
1.981600000000000000e+04
1.981700000000000000e+04
1.981800000000000000e+04
1.981900000000000000e+04
1.982000000000000000e+04
1.982100000000000000e+04
1.982200000000000000e+04
1.982400000000000000e+04
1.982500000000000000e+04
1.982600000000000000e+04
1.982700000000000000e+04
1.982800000000000000e+04
1.982900000000000000e+04
1.983000000000000000e+04
1.983100000000000000e+04
1.983200000000000000e+04
1.994600000000000000e+04
1.997300000000000000e+04
2.007300000000000000e+04
2.018500000000000000e+04
2.026900000000000000e+04
2.033100000000000000e+04
2.058000000000000000e+04
2.063000000000000000e+04
2.065100000000000000e+04
2.073500000000000000e+04
2.108600000000000000e+04
2.115700000000000000e+04
2.132300000000000000e+04
2.132400000000000000e+04
2.132700000000000000e+04
2.133000000000000000e+04
2.148900000000000000e+04
2.149100000000000000e+04
2.150500000000000000e+04
2.158500000000000000e+04
2.173900000000000000e+04
2.191500000000000000e+04
2.192700000000000000e+04
2.215500000000000000e+04
2.223100000000000000e+04
2.223200000000000000e+04
2.228500000000000000e+04
2.246900000000000000e+04
2.254200000000000000e+04
2.254300000000000000e+04
2.254400000000000000e+04
2.254500000000000000e+04
2.254600000000000000e+04
2.254700000000000000e+04
2.254800000000000000e+04
2.254900000000000000e+04
2.255000000000000000e+04
2.255100000000000000e+04
2.255200000000000000e+04
2.255300000000000000e+04
2.255400000000000000e+04
2.256800000000000000e+04
2.268000000000000000e+04
2.269000000000000000e+04
2.269600000000000000e+04
2.275400000000000000e+04
2.305600000000000000e+04
2.310000000000000000e+04
2.310600000000000000e+04
2.311300000000000000e+04
2.311500000000000000e+04
2.311600000000000000e+04
2.311700000000000000e+04
2.319800000000000000e+04
2.327700000000000000e+04
2.335400000000000000e+04
2.385500000000000000e+04
2.418500000000000000e+04
2.436000000000000000e+04
2.436900000000000000e+04
2.437000000000000000e+04
2.437400000000000000e+04
2.437500000000000000e+04
2.437600000000000000e+04
2.461700000000000000e+04
2.467700000000000000e+04
2.470700000000000000e+04
2.483700000000000000e+04
2.486500000000000000e+04
2.487200000000000000e+04
2.488500000000000000e+04
2.513400000000000000e+04
2.513500000000000000e+04
2.513600000000000000e+04
2.526900000000000000e+04
2.536500000000000000e+04
2.539100000000000000e+04
2.539900000000000000e+04
2.540300000000000000e+04
2.542000000000000000e+04
2.543200000000000000e+04
2.544600000000000000e+04
2.548700000000000000e+04
2.554900000000000000e+04
2.556000000000000000e+04
2.558300000000000000e+04
2.563400000000000000e+04
2.564100000000000000e+04
2.567500000000000000e+04
2.570800000000000000e+04
2.572400000000000000e+04
2.574600000000000000e+04
2.578100000000000000e+04
2.578200000000000000e+04
2.605600000000000000e+04
2.620200000000000000e+04
2.620300000000000000e+04
2.620400000000000000e+04
2.633200000000000000e+04
2.638300000000000000e+04
2.640500000000000000e+04
2.650400000000000000e+04
2.679100000000000000e+04
2.686900000000000000e+04
2.687700000000000000e+04
2.687900000000000000e+04
2.689900000000000000e+04
2.694400000000000000e+04
2.694700000000000000e+04
2.701800000000000000e+04
2.710300000000000000e+04
2.712500000000000000e+04
2.725200000000000000e+04
2.725300000000000000e+04
2.725800000000000000e+04
2.733700000000000000e+04
2.734000000000000000e+04
2.752800000000000000e+04
2.753900000000000000e+04
2.780800000000000000e+04
2.781500000000000000e+04
2.793700000000000000e+04
2.793800000000000000e+04
2.793900000000000000e+04
2.794800000000000000e+04
2.795200000000000000e+04
2.795300000000000000e+04
2.800300000000000000e+04
2.800400000000000000e+04
2.801300000000000000e+04
2.801400000000000000e+04
2.804500000000000000e+04
2.814600000000000000e+04
2.822400000000000000e+04
2.823000000000000000e+04
2.824100000000000000e+04
2.831700000000000000e+04
2.832500000000000000e+04
2.856100000000000000e+04
2.868800000000000000e+04
2.871000000000000000e+04
2.871100000000000000e+04
2.874200000000000000e+04
2.883400000000000000e+04
2.887200000000000000e+04
2.888700000000000000e+04
2.958100000000000000e+04
2.985100000000000000e+04
2.986300000000000000e+04
3.009300000000000000e+04
3.026900000000000000e+04
3.031100000000000000e+04
3.071000000000000000e+04
3.081500000000000000e+04
3.087500000000000000e+04
3.087600000000000000e+04
3.096900000000000000e+04
3.097000000000000000e+04
3.099300000000000000e+04
3.099400000000000000e+04
3.116000000000000000e+04
3.143600000000000000e+04
3.145700000000000000e+04
3.145900000000000000e+04
3.156300000000000000e+04
3.158200000000000000e+04
3.161800000000000000e+04
3.162300000000000000e+04
3.164500000000000000e+04
3.173400000000000000e+04
3.178900000000000000e+04
3.193600000000000000e+04
3.195300000000000000e+04
3.205900000000000000e+04
3.209100000000000000e+04
3.209200000000000000e+04
3.213100000000000000e+04
3.216900000000000000e+04
3.217600000000000000e+04
3.218700000000000000e+04
3.221800000000000000e+04
3.230600000000000000e+04
3.234800000000000000e+04
3.236200000000000000e+04
3.242900000000000000e+04
3.243100000000000000e+04
3.243300000000000000e+04
3.248700000000000000e+04
3.254200000000000000e+04
3.265800000000000000e+04
3.265900000000000000e+04
3.266000000000000000e+04
3.266100000000000000e+04
3.266200000000000000e+04
3.267900000000000000e+04
3.268800000000000000e+04
3.268900000000000000e+04
3.269000000000000000e+04
3.271200000000000000e+04
3.271500000000000000e+04
3.275400000000000000e+04
3.281700000000000000e+04
3.285000000000000000e+04
3.297900000000000000e+04
3.327800000000000000e+04
3.327900000000000000e+04
3.328000000000000000e+04
3.328100000000000000e+04
3.328200000000000000e+04
3.328400000000000000e+04
3.328500000000000000e+04
3.328600000000000000e+04
3.328900000000000000e+04
3.338000000000000000e+04
3.376600000000000000e+04
3.408700000000000000e+04
3.420700000000000000e+04
3.428300000000000000e+04
3.429100000000000000e+04
3.436200000000000000e+04
3.453400000000000000e+04
3.467500000000000000e+04
3.468400000000000000e+04
3.469200000000000000e+04
3.475500000000000000e+04
3.480000000000000000e+04
3.482100000000000000e+04
3.487900000000000000e+04
3.540900000000000000e+04
3.549500000000000000e+04
3.551800000000000000e+04
3.582300000000000000e+04
3.584400000000000000e+04
3.594900000000000000e+04
3.598400000000000000e+04
3.605200000000000000e+04
3.617400000000000000e+04
3.618300000000000000e+04
3.620200000000000000e+04
3.625800000000000000e+04
3.628000000000000000e+04
3.628100000000000000e+04
3.632000000000000000e+04
3.673900000000000000e+04
3.674200000000000000e+04
3.674900000000000000e+04
3.676400000000000000e+04
3.678900000000000000e+04
3.680900000000000000e+04
3.682200000000000000e+04
3.683300000000000000e+04
3.693800000000000000e+04
3.697400000000000000e+04
3.747200000000000000e+04
3.753600000000000000e+04
3.754400000000000000e+04
3.757100000000000000e+04
3.757200000000000000e+04
3.757300000000000000e+04
3.757400000000000000e+04
3.767100000000000000e+04
3.808200000000000000e+04
3.812600000000000000e+04
3.813100000000000000e+04
3.818700000000000000e+04
3.822600000000000000e+04
3.828100000000000000e+04
3.829200000000000000e+04
3.844800000000000000e+04
3.847400000000000000e+04
3.853600000000000000e+04
3.853900000000000000e+04
3.859500000000000000e+04
3.864000000000000000e+04
3.867600000000000000e+04
3.868700000000000000e+04
3.877700000000000000e+04
3.881100000000000000e+04
3.882400000000000000e+04
3.883100000000000000e+04
3.886400000000000000e+04
3.903400000000000000e+04
3.912800000000000000e+04
3.912900000000000000e+04
3.916300000000000000e+04
3.928100000000000000e+04
3.931100000000000000e+04
3.931300000000000000e+04
3.933000000000000000e+04
3.933200000000000000e+04
3.936500000000000000e+04
3.937100000000000000e+04
3.937700000000000000e+04
3.937900000000000000e+04
3.938000000000000000e+04
3.938100000000000000e+04
3.938300000000000000e+04
3.938400000000000000e+04
3.941700000000000000e+04
3.955400000000000000e+04
3.962200000000000000e+04
3.962900000000000000e+04
3.963700000000000000e+04
3.966300000000000000e+04
3.995000000000000000e+04
4.013300000000000000e+04
4.018100000000000000e+04
4.029800000000000000e+04
4.034200000000000000e+04
4.036600000000000000e+04
4.044000000000000000e+04
4.046900000000000000e+04
4.047100000000000000e+04
4.052700000000000000e+04
4.052900000000000000e+04
4.053500000000000000e+04
4.061400000000000000e+04
4.063900000000000000e+04
4.069900000000000000e+04
4.077500000000000000e+04
4.080300000000000000e+04
4.080400000000000000e+04
4.085600000000000000e+04
4.091100000000000000e+04
4.142000000000000000e+04
4.150800000000000000e+04
4.163900000000000000e+04
4.175500000000000000e+04
4.178200000000000000e+04
4.180500000000000000e+04
4.204300000000000000e+04
4.204500000000000000e+04
4.208100000000000000e+04
4.209000000000000000e+04
4.210400000000000000e+04
4.210800000000000000e+04
4.222200000000000000e+04
4.230600000000000000e+04
4.238100000000000000e+04
4.238300000000000000e+04
4.247200000000000000e+04
4.268400000000000000e+04
4.277600000000000000e+04
4.285600000000000000e+04
4.293900000000000000e+04
4.314600000000000000e+04
4.315400000000000000e+04
4.315800000000000000e+04
4.316100000000000000e+04
4.335300000000000000e+04
4.336000000000000000e+04
4.348500000000000000e+04
4.362700000000000000e+04
4.367100000000000000e+04
4.367200000000000000e+04
4.370500000000000000e+04
4.381300000000000000e+04
4.411000000000000000e+04
4.420800000000000000e+04
4.423500000000000000e+04
4.427100000000000000e+04
4.428400000000000000e+04
4.431800000000000000e+04
4.433400000000000000e+04
4.447000000000000000e+04
4.448700000000000000e+04
4.457400000000000000e+04
4.460800000000000000e+04
4.461300000000000000e+04
4.469600000000000000e+04
4.481200000000000000e+04
4.484000000000000000e+04
4.497300000000000000e+04
4.509000000000000000e+04
4.509100000000000000e+04
4.511400000000000000e+04
4.526000000000000000e+04
4.530000000000000000e+04
4.537200000000000000e+04
4.537300000000000000e+04
4.537700000000000000e+04
4.551300000000000000e+04
4.563100000000000000e+04
4.563200000000000000e+04
4.563300000000000000e+04
4.563400000000000000e+04
4.563800000000000000e+04
4.564500000000000000e+04
4.567100000000000000e+04
4.574700000000000000e+04
4.574800000000000000e+04
4.574900000000000000e+04
4.576500000000000000e+04
4.591300000000000000e+04
4.601700000000000000e+04
4.605900000000000000e+04
4.614400000000000000e+04
4.616600000000000000e+04
4.616700000000000000e+04
4.622300000000000000e+04
4.622400000000000000e+04
4.623300000000000000e+04
4.632200000000000000e+04
4.635600000000000000e+04
4.650800000000000000e+04
4.650900000000000000e+04
4.659900000000000000e+04
4.660100000000000000e+04
4.662600000000000000e+04
4.671300000000000000e+04
4.683200000000000000e+04
4.684800000000000000e+04
4.684900000000000000e+04
4.688800000000000000e+04
4.721300000000000000e+04
4.721400000000000000e+04
4.721500000000000000e+04
4.721700000000000000e+04
4.732400000000000000e+04
4.733800000000000000e+04
4.734000000000000000e+04
4.734100000000000000e+04
4.734800000000000000e+04
4.750600000000000000e+04
4.751300000000000000e+04
4.751400000000000000e+04
4.751600000000000000e+04
4.751700000000000000e+04
4.763000000000000000e+04
4.765300000000000000e+04
4.765400000000000000e+04
4.765700000000000000e+04
4.765800000000000000e+04
4.765900000000000000e+04
4.771300000000000000e+04
4.784600000000000000e+04
4.802100000000000000e+04
4.808700000000000000e+04
4.812000000000000000e+04
4.812100000000000000e+04
4.812300000000000000e+04
4.815200000000000000e+04
4.822800000000000000e+04
4.827500000000000000e+04
4.827600000000000000e+04
4.827800000000000000e+04
4.838000000000000000e+04
4.838200000000000000e+04
4.838600000000000000e+04
4.838900000000000000e+04
4.843200000000000000e+04
4.845400000000000000e+04
4.846000000000000000e+04
4.853400000000000000e+04
4.853700000000000000e+04
4.868800000000000000e+04
4.868900000000000000e+04
4.870600000000000000e+04
4.877100000000000000e+04
4.877900000000000000e+04
4.878000000000000000e+04
4.878100000000000000e+04
4.878200000000000000e+04
4.878400000000000000e+04
4.878500000000000000e+04
4.878600000000000000e+04
4.878700000000000000e+04
4.883900000000000000e+04
4.884000000000000000e+04
4.922000000000000000e+04
4.926900000000000000e+04
4.968300000000000000e+04
4.969400000000000000e+04
4.972200000000000000e+04
4.972600000000000000e+04
4.972700000000000000e+04
4.978500000000000000e+04
4.980800000000000000e+04
5.019600000000000000e+04
5.026900000000000000e+04
5.032400000000000000e+04
5.032500000000000000e+04
5.032600000000000000e+04
5.032700000000000000e+04
5.032900000000000000e+04
5.034200000000000000e+04
5.034300000000000000e+04
5.034700000000000000e+04
5.038100000000000000e+04
5.041400000000000000e+04
5.054900000000000000e+04
5.077800000000000000e+04
5.095000000000000000e+04
5.114000000000000000e+04
5.114100000000000000e+04
5.114300000000000000e+04
5.119500000000000000e+04
5.124500000000000000e+04
5.127700000000000000e+04
5.158500000000000000e+04
5.168200000000000000e+04
5.170400000000000000e+04
5.178100000000000000e+04
5.178200000000000000e+04
5.178400000000000000e+04
5.178500000000000000e+04
5.178700000000000000e+04
5.185600000000000000e+04
5.188300000000000000e+04
5.210200000000000000e+04
5.210300000000000000e+04
5.275300000000000000e+04
5.327300000000000000e+04
5.330400000000000000e+04
5.330700000000000000e+04
5.331000000000000000e+04
5.341500000000000000e+04
5.363100000000000000e+04
5.363200000000000000e+04
5.363300000000000000e+04
5.363400000000000000e+04
5.363500000000000000e+04
5.363600000000000000e+04
5.363700000000000000e+04
5.363800000000000000e+04
5.363900000000000000e+04
5.364000000000000000e+04
5.364100000000000000e+04
5.364200000000000000e+04
5.364300000000000000e+04
5.364400000000000000e+04
5.364500000000000000e+04
5.364600000000000000e+04
5.364700000000000000e+04
5.364800000000000000e+04
5.364900000000000000e+04
5.365000000000000000e+04
5.365100000000000000e+04
5.365200000000000000e+04
5.368100000000000000e+04
5.387900000000000000e+04
5.389100000000000000e+04
5.392700000000000000e+04
5.394100000000000000e+04
5.400900000000000000e+04
5.401100000000000000e+04
5.404400000000000000e+04
5.417800000000000000e+04
5.420000000000000000e+04
5.420500000000000000e+04
5.421800000000000000e+04
5.462400000000000000e+04
5.467300000000000000e+04
5.467400000000000000e+04
5.467600000000000000e+04
5.467700000000000000e+04
5.468200000000000000e+04
5.471700000000000000e+04
5.472200000000000000e+04
5.475800000000000000e+04
5.488200000000000000e+04
5.496500000000000000e+04
5.501300000000000000e+04
5.509900000000000000e+04
5.515600000000000000e+04
5.515700000000000000e+04
5.518000000000000000e+04
5.521200000000000000e+04
5.521300000000000000e+04
5.521500000000000000e+04
5.531700000000000000e+04
5.536900000000000000e+04
5.541400000000000000e+04
5.556800000000000000e+04
5.580200000000000000e+04
5.592100000000000000e+04
5.598000000000000000e+04
5.613500000000000000e+04
5.613800000000000000e+04
5.648000000000000000e+04
5.648100000000000000e+04
5.666600000000000000e+04
5.671100000000000000e+04
5.683500000000000000e+04
5.683700000000000000e+04
5.683800000000000000e+04
5.684000000000000000e+04
5.688900000000000000e+04
5.693200000000000000e+04
5.699800000000000000e+04
5.699900000000000000e+04
5.703300000000000000e+04
5.715400000000000000e+04
5.715500000000000000e+04
5.722300000000000000e+04
5.732800000000000000e+04
5.735400000000000000e+04
5.735800000000000000e+04
5.735900000000000000e+04
5.736200000000000000e+04
5.738000000000000000e+04
5.738100000000000000e+04
5.738200000000000000e+04
5.738300000000000000e+04
5.743900000000000000e+04
5.759900000000000000e+04
5.775000000000000000e+04
5.775300000000000000e+04
5.775900000000000000e+04
5.776000000000000000e+04
5.776100000000000000e+04
5.778200000000000000e+04
5.815600000000000000e+04
5.817500000000000000e+04
5.824700000000000000e+04
5.826500000000000000e+04
5.829000000000000000e+04
5.831800000000000000e+04
5.855900000000000000e+04
5.863300000000000000e+04
5.865200000000000000e+04
5.865300000000000000e+04
5.872300000000000000e+04
5.872700000000000000e+04
5.873400000000000000e+04
5.874400000000000000e+04
5.878400000000000000e+04
5.880800000000000000e+04
5.881000000000000000e+04
5.884100000000000000e+04
5.884300000000000000e+04
5.887200000000000000e+04
5.887300000000000000e+04
5.888000000000000000e+04
5.892700000000000000e+04
5.905700000000000000e+04
5.934100000000000000e+04
5.949900000000000000e+04
5.956300000000000000e+04
5.957300000000000000e+04
5.958500000000000000e+04
5.976200000000000000e+04
5.984600000000000000e+04
5.996300000000000000e+04
5.996600000000000000e+04
6.006600000000000000e+04
6.101700000000000000e+04
6.104800000000000000e+04
6.105000000000000000e+04
6.106900000000000000e+04
6.107100000000000000e+04
6.107600000000000000e+04
6.108000000000000000e+04
6.115700000000000000e+04
6.117700000000000000e+04
6.126400000000000000e+04
6.132000000000000000e+04
6.146900000000000000e+04
6.155300000000000000e+04
6.156000000000000000e+04
6.167600000000000000e+04
6.173300000000000000e+04
6.192600000000000000e+04
6.193100000000000000e+04
6.193200000000000000e+04
6.193500000000000000e+04
6.193600000000000000e+04
6.193700000000000000e+04
6.199800000000000000e+04
6.200100000000000000e+04
6.242100000000000000e+04
6.264300000000000000e+04
6.264600000000000000e+04
6.266500000000000000e+04
6.266600000000000000e+04
6.285000000000000000e+04
6.287700000000000000e+04
6.299300000000000000e+04
6.309300000000000000e+04
6.349900000000000000e+04
6.375200000000000000e+04
6.377000000000000000e+04
6.377100000000000000e+04
6.383900000000000000e+04
6.387600000000000000e+04
6.391000000000000000e+04
6.396400000000000000e+04
6.396600000000000000e+04
6.396700000000000000e+04
6.404600000000000000e+04
6.408300000000000000e+04
6.412300000000000000e+04
6.417800000000000000e+04
6.423400000000000000e+04
6.438800000000000000e+04
6.439700000000000000e+04
6.452100000000000000e+04
6.466100000000000000e+04
6.490500000000000000e+04
6.491300000000000000e+04
6.491700000000000000e+04
6.513400000000000000e+04
6.524300000000000000e+04
6.537800000000000000e+04
6.538300000000000000e+04
6.545900000000000000e+04
6.552800000000000000e+04
6.554300000000000000e+04
6.557400000000000000e+04
6.558900000000000000e+04
6.561400000000000000e+04
6.565600000000000000e+04
6.571200000000000000e+04
6.600600000000000000e+04
6.601000000000000000e+04
6.609300000000000000e+04
6.610800000000000000e+04
6.612000000000000000e+04
6.615700000000000000e+04
6.621500000000000000e+04
6.629900000000000000e+04
6.634400000000000000e+04
6.634500000000000000e+04
6.636100000000000000e+04
6.636200000000000000e+04
6.636600000000000000e+04
6.636700000000000000e+04
6.648700000000000000e+04
6.663400000000000000e+04
6.699100000000000000e+04
6.705500000000000000e+04
6.705600000000000000e+04
6.705700000000000000e+04
6.705800000000000000e+04
6.706000000000000000e+04
6.708200000000000000e+04
6.708300000000000000e+04
6.711600000000000000e+04
6.715300000000000000e+04
6.715400000000000000e+04
6.715600000000000000e+04
6.715800000000000000e+04
6.723500000000000000e+04
6.743100000000000000e+04
6.745900000000000000e+04
6.747300000000000000e+04
6.753300000000000000e+04
6.756100000000000000e+04
6.758800000000000000e+04
6.760600000000000000e+04
6.771000000000000000e+04
6.771100000000000000e+04
6.771300000000000000e+04
6.771400000000000000e+04
6.771500000000000000e+04
6.771800000000000000e+04
6.779800000000000000e+04
6.784500000000000000e+04
6.795400000000000000e+04
6.795600000000000000e+04
6.795800000000000000e+04
6.804800000000000000e+04
6.811400000000000000e+04
6.813300000000000000e+04
6.826400000000000000e+04
6.826500000000000000e+04
6.826600000000000000e+04
6.828000000000000000e+04
6.848600000000000000e+04
6.848700000000000000e+04
6.851200000000000000e+04
6.869100000000000000e+04
6.876000000000000000e+04
6.882200000000000000e+04
6.916300000000000000e+04
6.923600000000000000e+04
6.923700000000000000e+04
6.928400000000000000e+04
6.939200000000000000e+04
6.949700000000000000e+04
6.997200000000000000e+04
6.998100000000000000e+04
6.998500000000000000e+04
6.998700000000000000e+04
6.998900000000000000e+04
6.999000000000000000e+04
7.001800000000000000e+04
7.003300000000000000e+04
7.008800000000000000e+04
7.045700000000000000e+04
7.048100000000000000e+04
7.048600000000000000e+04
7.054000000000000000e+04
7.073600000000000000e+04
7.082700000000000000e+04
7.088200000000000000e+04
7.099300000000000000e+04
7.104800000000000000e+04
7.116900000000000000e+04
7.117400000000000000e+04
7.126500000000000000e+04
7.131700000000000000e+04
7.132500000000000000e+04
7.132700000000000000e+04
7.134300000000000000e+04
7.135400000000000000e+04
7.144500000000000000e+04
7.147900000000000000e+04
7.148700000000000000e+04
7.150200000000000000e+04
7.151700000000000000e+04
7.153600000000000000e+04
7.154100000000000000e+04
7.154200000000000000e+04
7.155900000000000000e+04
7.157500000000000000e+04
7.157600000000000000e+04
7.157700000000000000e+04
7.160300000000000000e+04
7.162400000000000000e+04
7.164100000000000000e+04
7.164200000000000000e+04
7.164700000000000000e+04
7.165000000000000000e+04
7.168100000000000000e+04
7.174800000000000000e+04
7.175300000000000000e+04
7.176300000000000000e+04
7.189800000000000000e+04
7.192200000000000000e+04
7.204800000000000000e+04
7.205100000000000000e+04
7.205200000000000000e+04
7.205500000000000000e+04
7.210400000000000000e+04
7.218100000000000000e+04
7.219900000000000000e+04
7.227500000000000000e+04
7.255700000000000000e+04
7.258800000000000000e+04
7.258900000000000000e+04
7.278300000000000000e+04
7.285300000000000000e+04
7.285400000000000000e+04
7.292000000000000000e+04
7.292400000000000000e+04
7.292800000000000000e+04
7.310900000000000000e+04
7.311000000000000000e+04
7.312200000000000000e+04
7.315900000000000000e+04
7.316800000000000000e+04
7.317000000000000000e+04
7.317300000000000000e+04
7.317400000000000000e+04
7.317600000000000000e+04
7.318200000000000000e+04
7.326200000000000000e+04
7.326300000000000000e+04
7.326500000000000000e+04
7.327300000000000000e+04
7.327400000000000000e+04
7.355300000000000000e+04
7.389300000000000000e+04
7.390300000000000000e+04
7.394100000000000000e+04
7.395500000000000000e+04
7.395600000000000000e+04
7.395700000000000000e+04
7.395800000000000000e+04
7.395900000000000000e+04
7.396000000000000000e+04
7.396100000000000000e+04
7.402500000000000000e+04
7.402700000000000000e+04
7.413500000000000000e+04
7.413700000000000000e+04
7.413800000000000000e+04
7.413900000000000000e+04
7.419300000000000000e+04
7.423200000000000000e+04
7.427100000000000000e+04
7.427200000000000000e+04
7.427300000000000000e+04
7.427400000000000000e+04
7.427500000000000000e+04
7.431100000000000000e+04
7.432100000000000000e+04
7.434600000000000000e+04
7.447200000000000000e+04
7.449100000000000000e+04
7.452200000000000000e+04
7.455100000000000000e+04
7.455200000000000000e+04
7.455400000000000000e+04
7.464900000000000000e+04
7.467300000000000000e+04
7.470800000000000000e+04
7.472400000000000000e+04
7.493900000000000000e+04
7.494300000000000000e+04
7.500400000000000000e+04
7.500500000000000000e+04
7.500600000000000000e+04
7.500700000000000000e+04
7.500800000000000000e+04
7.501000000000000000e+04
7.501100000000000000e+04
7.501200000000000000e+04
7.501300000000000000e+04
7.501400000000000000e+04
7.501800000000000000e+04
7.501900000000000000e+04
7.502000000000000000e+04
7.502100000000000000e+04
7.502200000000000000e+04
7.506200000000000000e+04
7.506400000000000000e+04
7.508600000000000000e+04
7.510800000000000000e+04
7.513900000000000000e+04
7.514600000000000000e+04
7.514900000000000000e+04
7.515100000000000000e+04
7.515200000000000000e+04
7.515400000000000000e+04
7.515500000000000000e+04
7.517100000000000000e+04
7.519900000000000000e+04
7.553200000000000000e+04
7.561300000000000000e+04
7.561400000000000000e+04
7.594500000000000000e+04
7.596400000000000000e+04
7.599900000000000000e+04
7.600000000000000000e+04
7.600200000000000000e+04
7.602700000000000000e+04
7.613300000000000000e+04
7.613400000000000000e+04
7.613500000000000000e+04
7.613700000000000000e+04
7.623300000000000000e+04
7.626500000000000000e+04
7.637700000000000000e+04
7.638100000000000000e+04
7.638200000000000000e+04
7.638700000000000000e+04
7.639400000000000000e+04
7.639600000000000000e+04
7.644200000000000000e+04
7.647300000000000000e+04
7.670500000000000000e+04
7.670700000000000000e+04
7.704900000000000000e+04
7.714100000000000000e+04
7.729000000000000000e+04
7.729100000000000000e+04
7.741000000000000000e+04
7.743000000000000000e+04
7.757100000000000000e+04
7.769700000000000000e+04
7.771800000000000000e+04
7.771900000000000000e+04
7.778500000000000000e+04
7.802200000000000000e+04
7.802800000000000000e+04
7.820500000000000000e+04
7.820700000000000000e+04
7.820800000000000000e+04
7.829200000000000000e+04
7.833900000000000000e+04
7.842600000000000000e+04
7.842700000000000000e+04
7.851700000000000000e+04
7.851900000000000000e+04
7.854600000000000000e+04
7.861000000000000000e+04
7.865000000000000000e+04
7.865100000000000000e+04
7.865200000000000000e+04
7.870800000000000000e+04
7.886800000000000000e+04
7.892400000000000000e+04
7.905500000000000000e+04
7.905600000000000000e+04
7.905800000000000000e+04
7.906100000000000000e+04
7.906200000000000000e+04
7.906300000000000000e+04
7.906400000000000000e+04
7.906500000000000000e+04
7.906600000000000000e+04
7.906700000000000000e+04
7.912500000000000000e+04
7.924100000000000000e+04
7.929000000000000000e+04
7.932800000000000000e+04
7.933700000000000000e+04
7.960200000000000000e+04
7.961000000000000000e+04
7.961900000000000000e+04
7.973000000000000000e+04
7.973100000000000000e+04
7.977700000000000000e+04
7.978100000000000000e+04
7.980000000000000000e+04
7.986600000000000000e+04
7.988600000000000000e+04
8.002600000000000000e+04
8.010300000000000000e+04
8.025000000000000000e+04
8.029300000000000000e+04
8.030200000000000000e+04
8.053600000000000000e+04
8.054400000000000000e+04
8.060000000000000000e+04
8.060400000000000000e+04
8.082100000000000000e+04
8.089300000000000000e+04
8.091200000000000000e+04
8.096900000000000000e+04
8.114300000000000000e+04
8.117500000000000000e+04
8.126300000000000000e+04
8.133400000000000000e+04
8.133900000000000000e+04
8.134100000000000000e+04
8.134200000000000000e+04
8.136800000000000000e+04
8.144300000000000000e+04
8.145200000000000000e+04
8.145600000000000000e+04
8.153600000000000000e+04
8.155700000000000000e+04
8.160000000000000000e+04
8.160100000000000000e+04
8.162800000000000000e+04
8.163200000000000000e+04
8.167900000000000000e+04
8.189300000000000000e+04
8.194000000000000000e+04
8.199300000000000000e+04
8.200100000000000000e+04
8.228400000000000000e+04
8.229100000000000000e+04
8.229200000000000000e+04
8.229300000000000000e+04
8.229400000000000000e+04
8.229500000000000000e+04
8.229600000000000000e+04
8.229700000000000000e+04
8.229800000000000000e+04
8.230000000000000000e+04
8.230100000000000000e+04
8.230200000000000000e+04
8.230300000000000000e+04
8.230400000000000000e+04
8.230500000000000000e+04
8.238100000000000000e+04
8.238200000000000000e+04
8.238300000000000000e+04
8.238400000000000000e+04
8.238600000000000000e+04
8.238700000000000000e+04
8.238800000000000000e+04
8.239000000000000000e+04
8.239100000000000000e+04
8.239200000000000000e+04
8.244600000000000000e+04
8.245000000000000000e+04
8.245900000000000000e+04
8.246900000000000000e+04
8.247100000000000000e+04
8.247200000000000000e+04
8.247400000000000000e+04
8.249400000000000000e+04
8.253800000000000000e+04
8.260300000000000000e+04
8.266700000000000000e+04
8.269100000000000000e+04
8.269800000000000000e+04
8.269900000000000000e+04
8.272300000000000000e+04
8.272400000000000000e+04
8.272600000000000000e+04
8.273500000000000000e+04
8.273600000000000000e+04
8.274900000000000000e+04
8.278800000000000000e+04
8.278900000000000000e+04
8.284200000000000000e+04
8.285600000000000000e+04
8.294400000000000000e+04
8.296000000000000000e+04
8.296800000000000000e+04
8.297200000000000000e+04
8.297300000000000000e+04
8.297400000000000000e+04
8.297600000000000000e+04
8.317200000000000000e+04
8.318400000000000000e+04
8.318500000000000000e+04
8.332400000000000000e+04
8.347200000000000000e+04
8.370800000000000000e+04
8.371000000000000000e+04
8.373700000000000000e+04
8.377600000000000000e+04
8.377800000000000000e+04
8.377900000000000000e+04
8.385700000000000000e+04
8.393100000000000000e+04
8.396800000000000000e+04
8.397200000000000000e+04
8.397300000000000000e+04
8.397900000000000000e+04
8.401300000000000000e+04
8.404100000000000000e+04
8.405700000000000000e+04
8.427500000000000000e+04
8.427700000000000000e+04
8.427800000000000000e+04
8.429500000000000000e+04
8.439100000000000000e+04
8.448200000000000000e+04
8.464500000000000000e+04
8.464600000000000000e+04
8.466900000000000000e+04
8.468100000000000000e+04
8.478000000000000000e+04
8.478800000000000000e+04
8.487600000000000000e+04
8.494700000000000000e+04
8.508200000000000000e+04
8.508300000000000000e+04
8.518700000000000000e+04
8.518800000000000000e+04
8.518900000000000000e+04
8.527400000000000000e+04
8.534600000000000000e+04
8.536900000000000000e+04
8.550800000000000000e+04
8.565700000000000000e+04
8.611700000000000000e+04
8.613100000000000000e+04
8.613200000000000000e+04
8.630200000000000000e+04
8.633100000000000000e+04
8.654900000000000000e+04
8.655000000000000000e+04
8.655100000000000000e+04
8.655200000000000000e+04
8.655300000000000000e+04
8.657700000000000000e+04
8.657800000000000000e+04
8.666500000000000000e+04
8.666600000000000000e+04
8.677400000000000000e+04
8.706100000000000000e+04
8.714700000000000000e+04
8.724900000000000000e+04
8.725300000000000000e+04
8.725800000000000000e+04
8.726600000000000000e+04
8.726700000000000000e+04
8.727300000000000000e+04
8.730900000000000000e+04
8.734500000000000000e+04
8.734900000000000000e+04
8.735200000000000000e+04
8.735500000000000000e+04
8.735800000000000000e+04
8.735900000000000000e+04
8.738000000000000000e+04
8.738100000000000000e+04
8.797400000000000000e+04
8.799000000000000000e+04
8.800000000000000000e+04
8.804400000000000000e+04
8.804900000000000000e+04
8.805000000000000000e+04
8.805100000000000000e+04
8.805200000000000000e+04
8.805300000000000000e+04
8.805400000000000000e+04
8.805500000000000000e+04
8.805700000000000000e+04
8.805800000000000000e+04
8.805900000000000000e+04
8.806100000000000000e+04
8.806300000000000000e+04
8.806400000000000000e+04
8.806500000000000000e+04
8.806600000000000000e+04
8.806700000000000000e+04
8.806900000000000000e+04
8.807000000000000000e+04
8.807100000000000000e+04
8.807200000000000000e+04
8.807300000000000000e+04
8.807400000000000000e+04
8.807500000000000000e+04
8.807600000000000000e+04
8.807700000000000000e+04
8.807800000000000000e+04
8.807900000000000000e+04
8.808000000000000000e+04
8.808100000000000000e+04
8.808200000000000000e+04
8.808300000000000000e+04
8.808400000000000000e+04
8.808500000000000000e+04
8.808600000000000000e+04
8.808700000000000000e+04
8.808900000000000000e+04
8.809000000000000000e+04
8.809100000000000000e+04
8.809200000000000000e+04
8.809300000000000000e+04
8.809400000000000000e+04
8.809500000000000000e+04
8.809600000000000000e+04
8.809700000000000000e+04
8.809800000000000000e+04
8.809900000000000000e+04
8.810000000000000000e+04
8.820000000000000000e+04
8.820800000000000000e+04
8.822100000000000000e+04
8.825900000000000000e+04
8.826400000000000000e+04
8.826700000000000000e+04
8.828700000000000000e+04
8.828800000000000000e+04
8.829000000000000000e+04
8.829100000000000000e+04
8.829300000000000000e+04
8.829400000000000000e+04
8.831200000000000000e+04
8.838300000000000000e+04
8.838400000000000000e+04
8.838500000000000000e+04
8.838600000000000000e+04
8.838700000000000000e+04
8.840800000000000000e+04
8.849200000000000000e+04
8.860600000000000000e+04
8.886200000000000000e+04
8.886300000000000000e+04
8.889000000000000000e+04
8.889100000000000000e+04
8.889200000000000000e+04
8.890400000000000000e+04
8.902000000000000000e+04
8.909100000000000000e+04
8.913800000000000000e+04
8.937900000000000000e+04
8.939200000000000000e+04
8.945900000000000000e+04
8.951400000000000000e+04
8.952800000000000000e+04
8.961600000000000000e+04
8.975400000000000000e+04
8.975900000000000000e+04
8.982000000000000000e+04
8.990600000000000000e+04
8.990700000000000000e+04
8.990800000000000000e+04
8.990900000000000000e+04
8.991000000000000000e+04
8.991200000000000000e+04
8.991300000000000000e+04
9.002600000000000000e+04
9.002700000000000000e+04
9.002900000000000000e+04
9.003000000000000000e+04
9.003100000000000000e+04
9.003200000000000000e+04
9.003300000000000000e+04
9.012800000000000000e+04
9.012900000000000000e+04
9.015000000000000000e+04
9.019400000000000000e+04
9.019500000000000000e+04
9.020300000000000000e+04
9.021000000000000000e+04
9.023700000000000000e+04
9.023800000000000000e+04
9.027000000000000000e+04
9.027200000000000000e+04
9.027300000000000000e+04
9.027400000000000000e+04
9.027600000000000000e+04
9.027700000000000000e+04
9.032300000000000000e+04
9.032400000000000000e+04
9.032500000000000000e+04
9.032600000000000000e+04
9.060800000000000000e+04
9.060900000000000000e+04
9.066100000000000000e+04
9.081700000000000000e+04
9.094600000000000000e+04
9.137600000000000000e+04
9.144000000000000000e+04
9.147400000000000000e+04
9.147500000000000000e+04
9.147600000000000000e+04
9.147700000000000000e+04
9.147800000000000000e+04
9.147900000000000000e+04
9.148000000000000000e+04
9.148100000000000000e+04
9.148200000000000000e+04
9.148300000000000000e+04
9.148500000000000000e+04
9.149000000000000000e+04
9.158000000000000000e+04
9.158100000000000000e+04
9.160100000000000000e+04
9.166400000000000000e+04
9.168800000000000000e+04
9.169100000000000000e+04
9.174600000000000000e+04
9.175700000000000000e+04
9.191200000000000000e+04
9.193800000000000000e+04
9.196400000000000000e+04
9.200300000000000000e+04
9.225400000000000000e+04
9.225700000000000000e+04
9.226000000000000000e+04
9.231800000000000000e+04
9.232700000000000000e+04
9.235600000000000000e+04
9.255900000000000000e+04
9.256500000000000000e+04
9.257600000000000000e+04
9.269900000000000000e+04
9.282200000000000000e+04
9.307400000000000000e+04
9.307500000000000000e+04
9.312800000000000000e+04
9.325500000000000000e+04
9.326400000000000000e+04
9.327300000000000000e+04
9.329300000000000000e+04
9.329400000000000000e+04
9.329500000000000000e+04
9.329600000000000000e+04
9.330000000000000000e+04
9.331200000000000000e+04
9.336400000000000000e+04
9.338300000000000000e+04
9.342500000000000000e+04
9.342600000000000000e+04
9.342700000000000000e+04
9.342900000000000000e+04
9.343000000000000000e+04
9.343200000000000000e+04
9.343600000000000000e+04
9.356400000000000000e+04
9.362900000000000000e+04
9.363100000000000000e+04
9.365300000000000000e+04
9.365600000000000000e+04
9.380100000000000000e+04
9.381600000000000000e+04
9.382400000000000000e+04
9.382600000000000000e+04
9.420900000000000000e+04
9.425200000000000000e+04
9.430500000000000000e+04
9.432100000000000000e+04
9.432200000000000000e+04
9.432300000000000000e+04
9.432400000000000000e+04
9.438300000000000000e+04
9.439500000000000000e+04
9.444800000000000000e+04
9.444900000000000000e+04
9.445000000000000000e+04
9.469700000000000000e+04
9.483900000000000000e+04
9.485900000000000000e+04
9.489000000000000000e+04
9.492600000000000000e+04
9.495800000000000000e+04
9.508800000000000000e+04
9.508900000000000000e+04
9.509100000000000000e+04
9.509200000000000000e+04
9.509800000000000000e+04
9.521100000000000000e+04
9.521600000000000000e+04
9.522900000000000000e+04
9.524100000000000000e+04
9.524200000000000000e+04
9.524300000000000000e+04
9.524400000000000000e+04
9.524500000000000000e+04
9.535300000000000000e+04
9.535400000000000000e+04
9.535500000000000000e+04
9.548500000000000000e+04
9.564000000000000000e+04
9.570300000000000000e+04
9.570400000000000000e+04
9.577300000000000000e+04
9.577500000000000000e+04
9.580000000000000000e+04
9.581900000000000000e+04
9.597500000000000000e+04
9.600800000000000000e+04
9.600900000000000000e+04
9.602200000000000000e+04
9.609000000000000000e+04
9.609100000000000000e+04
9.609200000000000000e+04
9.609300000000000000e+04
9.609400000000000000e+04
9.618100000000000000e+04
9.638400000000000000e+04
9.642200000000000000e+04
9.645400000000000000e+04
9.677200000000000000e+04
9.687100000000000000e+04
9.687300000000000000e+04
9.699100000000000000e+04
9.705200000000000000e+04
9.727500000000000000e+04
9.732300000000000000e+04
9.751200000000000000e+04
9.759000000000000000e+04
9.777200000000000000e+04
9.781700000000000000e+04
9.786800000000000000e+04
9.797800000000000000e+04
9.799500000000000000e+04
9.814900000000000000e+04
9.815200000000000000e+04
9.815300000000000000e+04
9.815500000000000000e+04
9.815700000000000000e+04
9.815900000000000000e+04
9.816000000000000000e+04
9.816100000000000000e+04
9.816200000000000000e+04
9.816400000000000000e+04
9.817100000000000000e+04
9.817200000000000000e+04
9.817300000000000000e+04
9.819500000000000000e+04
9.819800000000000000e+04
9.822700000000000000e+04
9.826100000000000000e+04
9.827000000000000000e+04
9.828500000000000000e+04
9.829100000000000000e+04
9.837100000000000000e+04
9.841600000000000000e+04
9.863200000000000000e+04
9.865300000000000000e+04
9.869500000000000000e+04
9.871100000000000000e+04
9.874100000000000000e+04
9.886200000000000000e+04
9.886500000000000000e+04
9.891900000000000000e+04
9.898400000000000000e+04
9.900600000000000000e+04
9.911800000000000000e+04
9.955500000000000000e+04
9.964000000000000000e+04
9.964100000000000000e+04
9.971600000000000000e+04
9.971700000000000000e+04
9.972300000000000000e+04
9.972400000000000000e+04
9.972500000000000000e+04
9.972600000000000000e+04
9.972700000000000000e+04
9.972800000000000000e+04
9.974000000000000000e+04
9.984100000000000000e+04
9.988200000000000000e+04
1.001260000000000000e+05
1.001410000000000000e+05
1.001430000000000000e+05
1.001460000000000000e+05
1.001480000000000000e+05
1.003890000000000000e+05
1.003900000000000000e+05
1.003910000000000000e+05
1.004740000000000000e+05
1.004940000000000000e+05
1.006010000000000000e+05
1.006110000000000000e+05
1.006140000000000000e+05
1.006410000000000000e+05
1.007890000000000000e+05
1.009170000000000000e+05
1.009280000000000000e+05
1.011560000000000000e+05
1.011580000000000000e+05
1.012400000000000000e+05
1.013500000000000000e+05
1.014260000000000000e+05
1.014270000000000000e+05
1.014810000000000000e+05
1.016000000000000000e+05
1.017540000000000000e+05
1.017940000000000000e+05
1.017950000000000000e+05
1.017970000000000000e+05
1.017980000000000000e+05
1.017990000000000000e+05
1.018000000000000000e+05
1.018040000000000000e+05
1.018050000000000000e+05
1.018060000000000000e+05
1.018430000000000000e+05
1.019350000000000000e+05
1.019910000000000000e+05
1.020620000000000000e+05
1.020710000000000000e+05
1.020870000000000000e+05
1.021500000000000000e+05
1.021510000000000000e+05
1.024360000000000000e+05
1.025560000000000000e+05
1.025590000000000000e+05
1.025850000000000000e+05
1.028990000000000000e+05
1.029910000000000000e+05
1.030540000000000000e+05
1.030880000000000000e+05
1.030890000000000000e+05
1.031950000000000000e+05
1.032100000000000000e+05
1.032200000000000000e+05
1.032210000000000000e+05
1.036750000000000000e+05
1.036760000000000000e+05
1.037030000000000000e+05
1.038300000000000000e+05
1.038510000000000000e+05
1.038610000000000000e+05
1.039020000000000000e+05
1.039470000000000000e+05
1.040370000000000000e+05
1.041850000000000000e+05
1.042430000000000000e+05
1.042480000000000000e+05
1.042500000000000000e+05
1.043610000000000000e+05
1.044860000000000000e+05
1.045330000000000000e+05
1.049030000000000000e+05
1.049040000000000000e+05
1.049050000000000000e+05
1.049200000000000000e+05
1.049210000000000000e+05
1.049220000000000000e+05
1.049230000000000000e+05
1.049250000000000000e+05
1.049260000000000000e+05
1.049270000000000000e+05
1.049280000000000000e+05
1.049360000000000000e+05
1.049370000000000000e+05
1.049380000000000000e+05
1.049390000000000000e+05
1.049400000000000000e+05
1.049410000000000000e+05
1.049420000000000000e+05
1.049430000000000000e+05
1.049440000000000000e+05
1.049480000000000000e+05
1.049620000000000000e+05
1.050180000000000000e+05
1.050260000000000000e+05
1.050290000000000000e+05
1.051350000000000000e+05
1.051370000000000000e+05
1.051380000000000000e+05
1.051870000000000000e+05
1.052670000000000000e+05
1.053040000000000000e+05
1.053090000000000000e+05
1.053660000000000000e+05
1.053800000000000000e+05
1.055200000000000000e+05
1.056420000000000000e+05
1.056540000000000000e+05
1.056640000000000000e+05
1.058830000000000000e+05
1.059270000000000000e+05
1.059410000000000000e+05
1.059730000000000000e+05
1.059740000000000000e+05
1.059750000000000000e+05
1.059760000000000000e+05
1.059780000000000000e+05
1.059790000000000000e+05
1.059800000000000000e+05
1.059810000000000000e+05
1.059820000000000000e+05
1.060470000000000000e+05
1.060960000000000000e+05
1.063800000000000000e+05
1.063820000000000000e+05
1.063840000000000000e+05
1.065320000000000000e+05
1.065420000000000000e+05
1.066300000000000000e+05
1.067620000000000000e+05
1.069340000000000000e+05
1.073340000000000000e+05
1.073360000000000000e+05
1.073370000000000000e+05
1.076960000000000000e+05
1.076970000000000000e+05
1.077260000000000000e+05
1.078650000000000000e+05
1.078840000000000000e+05
1.081300000000000000e+05
1.081480000000000000e+05
1.081490000000000000e+05
1.081630000000000000e+05
1.081680000000000000e+05
1.081690000000000000e+05
1.081710000000000000e+05
1.082890000000000000e+05
1.084510000000000000e+05
1.085250000000000000e+05
1.085300000000000000e+05
1.085450000000000000e+05
1.087140000000000000e+05
1.088130000000000000e+05
1.088160000000000000e+05
1.088170000000000000e+05
1.088180000000000000e+05
1.088370000000000000e+05
1.088380000000000000e+05
1.088740000000000000e+05
1.089130000000000000e+05
1.089720000000000000e+05
1.091490000000000000e+05
1.091540000000000000e+05
1.094350000000000000e+05
1.094360000000000000e+05
1.094380000000000000e+05
1.097920000000000000e+05
1.099400000000000000e+05
1.099410000000000000e+05
1.099430000000000000e+05
1.101490000000000000e+05
1.102300000000000000e+05
1.103410000000000000e+05
1.104010000000000000e+05
1.108770000000000000e+05
1.109750000000000000e+05
1.109790000000000000e+05
1.109800000000000000e+05
1.109810000000000000e+05
1.109820000000000000e+05
1.109830000000000000e+05
1.109840000000000000e+05
1.109850000000000000e+05
1.109890000000000000e+05
1.109910000000000000e+05
1.109920000000000000e+05
1.109930000000000000e+05
1.109940000000000000e+05
1.109950000000000000e+05
1.111600000000000000e+05
1.111960000000000000e+05
1.112300000000000000e+05
1.114280000000000000e+05
1.114950000000000000e+05
1.114980000000000000e+05
1.115220000000000000e+05
1.115550000000000000e+05
1.115570000000000000e+05
1.116160000000000000e+05
1.116270000000000000e+05
1.116930000000000000e+05
1.118640000000000000e+05
1.118650000000000000e+05
1.118660000000000000e+05
1.118670000000000000e+05
1.118680000000000000e+05
1.119730000000000000e+05
1.120770000000000000e+05
1.121340000000000000e+05
1.121360000000000000e+05
1.121930000000000000e+05
1.122280000000000000e+05
1.124070000000000000e+05
1.124420000000000000e+05
1.124860000000000000e+05
1.125270000000000000e+05
1.125710000000000000e+05
1.127770000000000000e+05
1.129370000000000000e+05
1.130510000000000000e+05
1.131790000000000000e+05
1.131960000000000000e+05
1.134240000000000000e+05
1.134520000000000000e+05
1.134550000000000000e+05
1.136980000000000000e+05
1.139670000000000000e+05
1.140220000000000000e+05
1.140700000000000000e+05
1.141210000000000000e+05
1.142610000000000000e+05
1.143560000000000000e+05
1.143660000000000000e+05
1.144040000000000000e+05
1.144050000000000000e+05
1.144080000000000000e+05
1.144160000000000000e+05
1.144370000000000000e+05
1.144890000000000000e+05
1.144990000000000000e+05
1.145870000000000000e+05
1.146800000000000000e+05
1.148960000000000000e+05
1.149830000000000000e+05
1.149850000000000000e+05
1.151080000000000000e+05
1.151730000000000000e+05
1.151840000000000000e+05
1.151850000000000000e+05
1.153510000000000000e+05
1.153700000000000000e+05
1.153900000000000000e+05
1.154770000000000000e+05
1.154780000000000000e+05
1.155490000000000000e+05
1.156060000000000000e+05
1.156880000000000000e+05
1.158630000000000000e+05
1.158660000000000000e+05
1.158710000000000000e+05
1.158810000000000000e+05
1.159000000000000000e+05
1.159010000000000000e+05
1.159020000000000000e+05
1.159490000000000000e+05
1.159910000000000000e+05
1.161160000000000000e+05
1.161320000000000000e+05
1.161540000000000000e+05
1.161570000000000000e+05
1.161580000000000000e+05
1.162070000000000000e+05
1.162520000000000000e+05
1.165850000000000000e+05
1.166700000000000000e+05
1.166710000000000000e+05
1.167100000000000000e+05
1.167110000000000000e+05
1.167280000000000000e+05
1.167360000000000000e+05
1.167370000000000000e+05
1.167400000000000000e+05
1.167690000000000000e+05
1.167710000000000000e+05
1.167800000000000000e+05
1.167820000000000000e+05
1.167830000000000000e+05
1.167840000000000000e+05
1.168120000000000000e+05
1.168130000000000000e+05
1.168170000000000000e+05
1.168210000000000000e+05
1.169060000000000000e+05
1.169210000000000000e+05
1.169420000000000000e+05
1.170040000000000000e+05
1.171070000000000000e+05
1.172190000000000000e+05
1.172200000000000000e+05
1.173130000000000000e+05
1.175010000000000000e+05
1.175040000000000000e+05
1.175200000000000000e+05
1.176490000000000000e+05
1.176670000000000000e+05
1.177520000000000000e+05
1.177920000000000000e+05
1.178870000000000000e+05
1.179000000000000000e+05
1.179560000000000000e+05
1.179820000000000000e+05
1.179960000000000000e+05
1.180220000000000000e+05
1.181690000000000000e+05
1.181920000000000000e+05
1.182000000000000000e+05
1.182740000000000000e+05
1.183300000000000000e+05
1.183340000000000000e+05
1.185060000000000000e+05
1.185530000000000000e+05
1.185550000000000000e+05
1.185920000000000000e+05
1.188550000000000000e+05
1.188770000000000000e+05
1.188840000000000000e+05
1.188850000000000000e+05
1.190130000000000000e+05
1.190150000000000000e+05
1.190180000000000000e+05
1.190880000000000000e+05
1.191950000000000000e+05
1.192160000000000000e+05
1.192820000000000000e+05
1.193020000000000000e+05
1.194280000000000000e+05
1.194880000000000000e+05
1.195310000000000000e+05
1.195490000000000000e+05
1.195500000000000000e+05
1.195590000000000000e+05
1.199100000000000000e+05
1.200220000000000000e+05
1.201110000000000000e+05
1.201220000000000000e+05
1.201230000000000000e+05
1.201960000000000000e+05
1.203250000000000000e+05
1.204560000000000000e+05
1.205220000000000000e+05
1.205820000000000000e+05
1.206320000000000000e+05
1.206520000000000000e+05
1.206650000000000000e+05
1.206850000000000000e+05
1.208510000000000000e+05
1.208750000000000000e+05
1.208760000000000000e+05
1.209740000000000000e+05
1.211420000000000000e+05
1.212480000000000000e+05
1.214960000000000000e+05
1.215520000000000000e+05
1.215540000000000000e+05
1.215570000000000000e+05
1.215580000000000000e+05
1.215750000000000000e+05
1.216600000000000000e+05
1.216630000000000000e+05
1.217280000000000000e+05
1.217330000000000000e+05
1.218410000000000000e+05
1.218430000000000000e+05
1.218440000000000000e+05
1.218450000000000000e+05
1.218750000000000000e+05
1.219150000000000000e+05
1.219760000000000000e+05
1.219770000000000000e+05
1.220400000000000000e+05
1.223760000000000000e+05
1.225360000000000000e+05
1.225450000000000000e+05
1.225470000000000000e+05
1.225480000000000000e+05
1.225700000000000000e+05
1.226450000000000000e+05
1.226580000000000000e+05
1.228780000000000000e+05
1.229290000000000000e+05
1.230630000000000000e+05
1.230640000000000000e+05
1.231800000000000000e+05
1.232550000000000000e+05
1.234740000000000000e+05
1.234750000000000000e+05
1.234760000000000000e+05
1.234770000000000000e+05
1.237260000000000000e+05
1.237700000000000000e+05
1.237970000000000000e+05
1.237990000000000000e+05
1.238000000000000000e+05
1.238010000000000000e+05
1.238040000000000000e+05
1.238090000000000000e+05
1.238100000000000000e+05
1.238130000000000000e+05
1.238160000000000000e+05
1.238190000000000000e+05
1.238230000000000000e+05
1.238490000000000000e+05
1.239630000000000000e+05
1.240290000000000000e+05
1.243220000000000000e+05
1.243230000000000000e+05
1.243240000000000000e+05
1.244120000000000000e+05
1.248040000000000000e+05
1.248050000000000000e+05
1.248060000000000000e+05
1.248070000000000000e+05
1.248080000000000000e+05
1.248090000000000000e+05
1.248120000000000000e+05
1.248140000000000000e+05
1.249520000000000000e+05
1.249670000000000000e+05
1.251000000000000000e+05
1.251200000000000000e+05
1.251330000000000000e+05
1.251610000000000000e+05
1.253170000000000000e+05
1.254090000000000000e+05
1.255150000000000000e+05
1.257990000000000000e+05
1.260320000000000000e+05
1.260330000000000000e+05
1.260340000000000000e+05
1.260350000000000000e+05
1.261070000000000000e+05
1.262210000000000000e+05
1.262570000000000000e+05
1.264500000000000000e+05
1.264520000000000000e+05
1.270050000000000000e+05
1.270400000000000000e+05
1.273040000000000000e+05
1.273070000000000000e+05
1.273230000000000000e+05
1.273260000000000000e+05
1.273340000000000000e+05
1.273760000000000000e+05
1.275320000000000000e+05
1.275380000000000000e+05
1.278200000000000000e+05
1.278440000000000000e+05
1.279240000000000000e+05
1.280880000000000000e+05
1.283790000000000000e+05
1.283810000000000000e+05
1.284640000000000000e+05
1.285320000000000000e+05
1.286660000000000000e+05
1.286780000000000000e+05
1.286790000000000000e+05
1.286810000000000000e+05
1.290160000000000000e+05
1.291280000000000000e+05
1.292200000000000000e+05
1.294190000000000000e+05
1.295160000000000000e+05
1.295840000000000000e+05
1.296910000000000000e+05
1.296920000000000000e+05
1.296930000000000000e+05
1.297620000000000000e+05
1.299870000000000000e+05
1.304540000000000000e+05
1.304820000000000000e+05
1.305070000000000000e+05
1.305090000000000000e+05
1.305300000000000000e+05
1.305480000000000000e+05
1.306060000000000000e+05
1.306450000000000000e+05
1.306460000000000000e+05
1.306470000000000000e+05
1.308680000000000000e+05
1.308870000000000000e+05
1.308880000000000000e+05
1.308920000000000000e+05
1.309280000000000000e+05
1.309750000000000000e+05
1.309760000000000000e+05
1.309770000000000000e+05
1.309780000000000000e+05
1.309790000000000000e+05
1.309800000000000000e+05
1.309810000000000000e+05
1.309820000000000000e+05
1.309830000000000000e+05
1.309840000000000000e+05
1.310030000000000000e+05
1.311010000000000000e+05
1.311130000000000000e+05
1.311180000000000000e+05
1.311190000000000000e+05
1.312540000000000000e+05
1.313050000000000000e+05
1.313890000000000000e+05
1.314660000000000000e+05
1.314950000000000000e+05
1.315330000000000000e+05
1.315960000000000000e+05
1.316110000000000000e+05
1.316130000000000000e+05
1.316910000000000000e+05
1.317050000000000000e+05
1.317060000000000000e+05
1.317240000000000000e+05
1.318530000000000000e+05
1.319900000000000000e+05
1.320020000000000000e+05
1.321940000000000000e+05
1.323730000000000000e+05
1.323760000000000000e+05
1.324240000000000000e+05
1.324340000000000000e+05
1.324380000000000000e+05
1.324420000000000000e+05
1.325530000000000000e+05
1.326500000000000000e+05
1.327010000000000000e+05
1.327660000000000000e+05
1.330260000000000000e+05
1.330690000000000000e+05
1.331920000000000000e+05
1.333160000000000000e+05
1.333440000000000000e+05
1.334100000000000000e+05
1.334110000000000000e+05
1.334130000000000000e+05
1.336450000000000000e+05
1.337030000000000000e+05
1.338310000000000000e+05
1.338320000000000000e+05
1.339770000000000000e+05
1.339780000000000000e+05
1.339790000000000000e+05
1.342780000000000000e+05
1.343770000000000000e+05
1.343870000000000000e+05
1.344180000000000000e+05
1.351920000000000000e+05
1.352720000000000000e+05
1.352730000000000000e+05
1.352880000000000000e+05
1.353840000000000000e+05
1.353850000000000000e+05
1.353860000000000000e+05
1.354230000000000000e+05
1.354700000000000000e+05
1.354780000000000000e+05
1.355200000000000000e+05
1.356450000000000000e+05
1.356550000000000000e+05
1.359490000000000000e+05
1.359780000000000000e+05
1.360210000000000000e+05
1.360230000000000000e+05
1.360240000000000000e+05
1.360270000000000000e+05
1.360740000000000000e+05
1.362940000000000000e+05
1.363080000000000000e+05
1.363150000000000000e+05
1.364110000000000000e+05
1.364920000000000000e+05
1.366050000000000000e+05
1.367930000000000000e+05
1.368940000000000000e+05
1.368980000000000000e+05
1.369240000000000000e+05
1.369250000000000000e+05
1.370100000000000000e+05
1.370120000000000000e+05
1.370170000000000000e+05
1.371260000000000000e+05
1.373830000000000000e+05
1.373850000000000000e+05
1.374690000000000000e+05
1.374760000000000000e+05
1.374770000000000000e+05
1.375520000000000000e+05
1.375550000000000000e+05
1.375680000000000000e+05
1.375770000000000000e+05
1.377970000000000000e+05
1.378360000000000000e+05
1.378560000000000000e+05
1.380930000000000000e+05
1.382160000000000000e+05
1.383070000000000000e+05
1.383140000000000000e+05
1.383190000000000000e+05
1.383440000000000000e+05
1.383780000000000000e+05
1.384520000000000000e+05
1.384540000000000000e+05
1.384820000000000000e+05
1.384830000000000000e+05
1.385230000000000000e+05
1.385260000000000000e+05
1.386410000000000000e+05
1.386420000000000000e+05
1.387660000000000000e+05
1.387670000000000000e+05
1.388430000000000000e+05
1.388440000000000000e+05
1.388730000000000000e+05
1.388820000000000000e+05
1.388870000000000000e+05
1.392730000000000000e+05
1.393030000000000000e+05
1.393170000000000000e+05
1.393500000000000000e+05
1.393920000000000000e+05
1.394020000000000000e+05
1.394810000000000000e+05
1.394920000000000000e+05
1.394970000000000000e+05
1.395140000000000000e+05
1.395270000000000000e+05
1.395500000000000000e+05
1.395850000000000000e+05
1.395910000000000000e+05
1.395920000000000000e+05
1.396480000000000000e+05
1.397030000000000000e+05
1.397960000000000000e+05
1.398070000000000000e+05
1.398320000000000000e+05
1.398540000000000000e+05
1.398770000000000000e+05
1.399190000000000000e+05
1.399420000000000000e+05
1.400140000000000000e+05
1.401800000000000000e+05
1.402370000000000000e+05
1.402580000000000000e+05
1.402590000000000000e+05
1.403760000000000000e+05
1.404510000000000000e+05
1.409910000000000000e+05
1.411300000000000000e+05
1.412400000000000000e+05
1.412610000000000000e+05
1.412620000000000000e+05
1.412640000000000000e+05
1.412700000000000000e+05
1.412780000000000000e+05
1.412790000000000000e+05
1.412840000000000000e+05
1.412880000000000000e+05
1.414570000000000000e+05
1.414580000000000000e+05
1.414590000000000000e+05
1.414600000000000000e+05
1.414610000000000000e+05
1.414620000000000000e+05
1.414630000000000000e+05
1.414640000000000000e+05
1.414650000000000000e+05
1.414660000000000000e+05
1.414800000000000000e+05
1.414810000000000000e+05
1.414830000000000000e+05
1.415290000000000000e+05
1.415940000000000000e+05
1.415950000000000000e+05
1.415980000000000000e+05
1.416210000000000000e+05
1.416220000000000000e+05
1.417690000000000000e+05
1.417750000000000000e+05
1.418590000000000000e+05
1.418610000000000000e+05
1.420920000000000000e+05
1.422930000000000000e+05
1.423560000000000000e+05
1.423650000000000000e+05
1.424150000000000000e+05
1.424320000000000000e+05
1.424430000000000000e+05
1.425170000000000000e+05
1.425670000000000000e+05
1.427200000000000000e+05
1.428040000000000000e+05
1.428050000000000000e+05
1.428410000000000000e+05
1.429910000000000000e+05
1.431200000000000000e+05
1.431210000000000000e+05
1.431250000000000000e+05
1.431520000000000000e+05
1.433420000000000000e+05
1.435250000000000000e+05
1.435880000000000000e+05
1.435900000000000000e+05
1.438670000000000000e+05
1.438680000000000000e+05
1.438690000000000000e+05
1.438700000000000000e+05
1.438760000000000000e+05
1.438790000000000000e+05
1.440260000000000000e+05
1.440410000000000000e+05
1.441140000000000000e+05
1.441220000000000000e+05
1.441310000000000000e+05
1.441670000000000000e+05
1.441690000000000000e+05
1.442850000000000000e+05
1.443310000000000000e+05
1.444080000000000000e+05
1.445130000000000000e+05
1.445450000000000000e+05
1.446480000000000000e+05
1.448160000000000000e+05
1.448360000000000000e+05
1.448370000000000000e+05
1.448580000000000000e+05
1.448600000000000000e+05
1.448780000000000000e+05
1.449560000000000000e+05
1.450050000000000000e+05
1.450510000000000000e+05
1.450520000000000000e+05
1.451260000000000000e+05
1.451280000000000000e+05
1.451830000000000000e+05
1.452310000000000000e+05
1.454100000000000000e+05
1.454110000000000000e+05
1.454430000000000000e+05
1.454960000000000000e+05
1.456690000000000000e+05
1.457020000000000000e+05
1.459090000000000000e+05
1.459190000000000000e+05
1.460320000000000000e+05
1.460820000000000000e+05
1.462550000000000000e+05
1.462810000000000000e+05
1.463710000000000000e+05
1.464010000000000000e+05
1.465570000000000000e+05
1.467520000000000000e+05
1.467630000000000000e+05
1.468160000000000000e+05
1.468450000000000000e+05
1.470060000000000000e+05
1.470260000000000000e+05
1.471480000000000000e+05
1.472270000000000000e+05
1.473580000000000000e+05
1.473870000000000000e+05
1.473940000000000000e+05
1.474500000000000000e+05
1.474680000000000000e+05
1.475860000000000000e+05
1.476450000000000000e+05
1.476470000000000000e+05
1.477640000000000000e+05
1.477920000000000000e+05
1.477960000000000000e+05
1.478360000000000000e+05
1.478370000000000000e+05
1.478380000000000000e+05
1.480030000000000000e+05
1.480370000000000000e+05
1.482290000000000000e+05
1.482910000000000000e+05
1.483450000000000000e+05
1.484310000000000000e+05
1.484340000000000000e+05
1.484420000000000000e+05
1.484630000000000000e+05
1.486230000000000000e+05
1.486390000000000000e+05
1.486450000000000000e+05
1.487200000000000000e+05
1.487390000000000000e+05
1.488540000000000000e+05
1.489940000000000000e+05
1.490730000000000000e+05
1.491210000000000000e+05
1.492490000000000000e+05
1.492960000000000000e+05
1.492970000000000000e+05
1.493950000000000000e+05
1.493960000000000000e+05
1.493980000000000000e+05
1.494000000000000000e+05
1.494450000000000000e+05
1.494660000000000000e+05
1.494720000000000000e+05
1.497480000000000000e+05
1.497600000000000000e+05
1.499850000000000000e+05
1.499890000000000000e+05
1.501280000000000000e+05
1.501530000000000000e+05
1.501550000000000000e+05
1.502690000000000000e+05
1.503420000000000000e+05
1.503460000000000000e+05
1.503470000000000000e+05
1.505120000000000000e+05
1.505770000000000000e+05
1.506300000000000000e+05
1.506330000000000000e+05
1.507290000000000000e+05
1.507460000000000000e+05
1.507500000000000000e+05
1.507640000000000000e+05
1.508390000000000000e+05
1.508440000000000000e+05
1.508460000000000000e+05
1.508500000000000000e+05
1.508680000000000000e+05
1.510970000000000000e+05
1.511100000000000000e+05
1.511140000000000000e+05
1.511530000000000000e+05
1.511620000000000000e+05
1.511630000000000000e+05
1.511940000000000000e+05
1.512920000000000000e+05
1.515010000000000000e+05
1.515040000000000000e+05
1.515600000000000000e+05
1.516060000000000000e+05
1.517040000000000000e+05
1.517410000000000000e+05
1.518310000000000000e+05
1.518450000000000000e+05
1.518490000000000000e+05
1.521360000000000000e+05
1.524910000000000000e+05
1.527120000000000000e+05
1.527390000000000000e+05
1.527410000000000000e+05
1.527990000000000000e+05
1.528240000000000000e+05
1.528310000000000000e+05
1.529610000000000000e+05
1.529850000000000000e+05
1.529940000000000000e+05
1.530430000000000000e+05
1.532190000000000000e+05
1.532200000000000000e+05
1.532210000000000000e+05
1.532220000000000000e+05
1.532230000000000000e+05
1.532240000000000000e+05
1.532250000000000000e+05
1.532300000000000000e+05
1.533160000000000000e+05
1.533850000000000000e+05
1.534070000000000000e+05
1.534740000000000000e+05
1.536650000000000000e+05
1.538370000000000000e+05
1.538600000000000000e+05
1.538710000000000000e+05
1.538720000000000000e+05
1.538730000000000000e+05
1.538740000000000000e+05
1.538770000000000000e+05
1.538810000000000000e+05
1.539000000000000000e+05
1.539040000000000000e+05
1.539050000000000000e+05
1.539060000000000000e+05
1.539400000000000000e+05
1.539580000000000000e+05
1.542190000000000000e+05
1.543010000000000000e+05
1.544630000000000000e+05
1.546740000000000000e+05
1.546800000000000000e+05
1.547090000000000000e+05
1.547390000000000000e+05
1.548490000000000000e+05
1.549240000000000000e+05
1.549380000000000000e+05
1.549760000000000000e+05
1.550650000000000000e+05
1.551600000000000000e+05
1.552490000000000000e+05
1.556890000000000000e+05
1.556900000000000000e+05
1.557220000000000000e+05
1.558620000000000000e+05
1.558660000000000000e+05
1.558720000000000000e+05
1.559300000000000000e+05
1.559610000000000000e+05
1.560010000000000000e+05
1.560940000000000000e+05
1.560980000000000000e+05
1.561690000000000000e+05
1.561890000000000000e+05
1.563050000000000000e+05
1.563110000000000000e+05
1.563730000000000000e+05
1.563760000000000000e+05
1.563770000000000000e+05
1.563790000000000000e+05
1.565270000000000000e+05
1.565370000000000000e+05
1.567470000000000000e+05
1.569100000000000000e+05
1.569120000000000000e+05
1.569960000000000000e+05
1.570010000000000000e+05
1.571510000000000000e+05
1.572670000000000000e+05
1.572800000000000000e+05
1.572810000000000000e+05
1.574060000000000000e+05
1.574550000000000000e+05
1.574820000000000000e+05
1.574860000000000000e+05
1.575300000000000000e+05
1.575410000000000000e+05
1.575660000000000000e+05
1.577380000000000000e+05
1.577460000000000000e+05
1.582920000000000000e+05
1.584700000000000000e+05
1.585790000000000000e+05
1.586360000000000000e+05
1.586990000000000000e+05
1.587060000000000000e+05
1.587320000000000000e+05
1.587330000000000000e+05
1.587510000000000000e+05
1.587670000000000000e+05
1.587800000000000000e+05
1.588490000000000000e+05
1.588710000000000000e+05
1.591340000000000000e+05
1.593280000000000000e+05
1.593680000000000000e+05
1.596770000000000000e+05
1.596870000000000000e+05
1.596880000000000000e+05
1.596900000000000000e+05
1.596910000000000000e+05
1.597440000000000000e+05
1.597720000000000000e+05
1.597730000000000000e+05
1.597740000000000000e+05
1.597750000000000000e+05
1.597780000000000000e+05
1.597810000000000000e+05
1.597820000000000000e+05
1.597830000000000000e+05
1.597850000000000000e+05
1.597880000000000000e+05
1.597890000000000000e+05
1.597910000000000000e+05
1.597930000000000000e+05
1.598250000000000000e+05
1.598270000000000000e+05
1.598280000000000000e+05
1.598480000000000000e+05
1.598490000000000000e+05
1.598500000000000000e+05
1.599360000000000000e+05
1.599620000000000000e+05
1.599850000000000000e+05
1.601210000000000000e+05
1.603960000000000000e+05
1.608350000000000000e+05
1.608370000000000000e+05
1.608380000000000000e+05
1.608390000000000000e+05
1.609090000000000000e+05
1.609390000000000000e+05
1.610300000000000000e+05
1.610400000000000000e+05
1.610450000000000000e+05
1.610550000000000000e+05
1.612630000000000000e+05
1.613130000000000000e+05
1.613500000000000000e+05
1.614370000000000000e+05
1.615290000000000000e+05
1.617370000000000000e+05
1.617640000000000000e+05
1.619150000000000000e+05
1.619570000000000000e+05
1.622800000000000000e+05
1.626190000000000000e+05
1.627130000000000000e+05
1.628500000000000000e+05
1.628510000000000000e+05
1.629830000000000000e+05
1.629960000000000000e+05
1.630750000000000000e+05
1.631490000000000000e+05
1.631620000000000000e+05
1.632140000000000000e+05
1.632480000000000000e+05
1.632990000000000000e+05
1.633510000000000000e+05
1.633670000000000000e+05
1.633850000000000000e+05
1.633870000000000000e+05
1.634070000000000000e+05
1.635160000000000000e+05
1.635200000000000000e+05
1.635420000000000000e+05
1.635440000000000000e+05
1.635700000000000000e+05
1.635980000000000000e+05
1.636640000000000000e+05
1.636650000000000000e+05
1.636660000000000000e+05
1.636680000000000000e+05
1.636980000000000000e+05
1.637130000000000000e+05
1.637510000000000000e+05
1.637520000000000000e+05
1.637540000000000000e+05
1.637570000000000000e+05
1.637610000000000000e+05
1.637620000000000000e+05
1.637860000000000000e+05
1.638270000000000000e+05
1.640440000000000000e+05
1.641170000000000000e+05
1.641820000000000000e+05
1.641910000000000000e+05
1.642130000000000000e+05
1.642530000000000000e+05
1.642630000000000000e+05
1.643600000000000000e+05
1.643910000000000000e+05
1.643930000000000000e+05
1.643940000000000000e+05
1.643960000000000000e+05
1.643980000000000000e+05
1.644340000000000000e+05
1.644400000000000000e+05
1.644720000000000000e+05
1.645030000000000000e+05
1.645140000000000000e+05
1.645160000000000000e+05
1.645820000000000000e+05
1.645830000000000000e+05
1.646460000000000000e+05
1.646490000000000000e+05
1.646620000000000000e+05
1.646690000000000000e+05
1.646710000000000000e+05
1.646720000000000000e+05
1.647220000000000000e+05
1.647240000000000000e+05
1.647250000000000000e+05
1.647260000000000000e+05
1.647280000000000000e+05
1.647300000000000000e+05
1.648870000000000000e+05
1.648880000000000000e+05
1.649580000000000000e+05
1.649680000000000000e+05
1.650160000000000000e+05
1.650360000000000000e+05
1.651410000000000000e+05
1.651620000000000000e+05
1.653580000000000000e+05
1.653600000000000000e+05
1.653630000000000000e+05
1.653690000000000000e+05
1.653870000000000000e+05
1.653880000000000000e+05
1.653910000000000000e+05
1.653920000000000000e+05
1.654260000000000000e+05
1.655000000000000000e+05
1.655010000000000000e+05
1.655090000000000000e+05
1.655910000000000000e+05
1.656750000000000000e+05
1.657060000000000000e+05
1.657070000000000000e+05
1.657290000000000000e+05
1.657300000000000000e+05
1.657770000000000000e+05
1.658090000000000000e+05
1.658910000000000000e+05
1.659500000000000000e+05
1.659520000000000000e+05
1.659530000000000000e+05
1.659770000000000000e+05
1.660030000000000000e+05
1.660040000000000000e+05
1.660050000000000000e+05
1.660230000000000000e+05
1.660240000000000000e+05
1.660250000000000000e+05
1.660500000000000000e+05
1.662130000000000000e+05
1.662150000000000000e+05
1.662630000000000000e+05
1.663470000000000000e+05
1.663600000000000000e+05
1.664940000000000000e+05
1.665310000000000000e+05
1.665840000000000000e+05
1.668540000000000000e+05
1.668550000000000000e+05
1.669020000000000000e+05
1.669480000000000000e+05
1.669520000000000000e+05
1.670810000000000000e+05
1.671390000000000000e+05
1.672250000000000000e+05
1.672640000000000000e+05
1.673170000000000000e+05
1.673220000000000000e+05
1.673670000000000000e+05
1.674840000000000000e+05
1.674850000000000000e+05
1.674860000000000000e+05
1.674880000000000000e+05
1.675760000000000000e+05
1.675780000000000000e+05
1.676670000000000000e+05
1.677200000000000000e+05
1.678150000000000000e+05
1.678490000000000000e+05
1.678950000000000000e+05
1.681060000000000000e+05
1.681520000000000000e+05
1.681640000000000000e+05
1.682340000000000000e+05
1.683180000000000000e+05
1.683470000000000000e+05
1.685040000000000000e+05
1.686450000000000000e+05
1.686930000000000000e+05
1.689090000000000000e+05
1.689140000000000000e+05
1.689220000000000000e+05
1.689800000000000000e+05
1.689930000000000000e+05
1.691170000000000000e+05
1.691370000000000000e+05
1.691510000000000000e+05
1.692450000000000000e+05
1.695590000000000000e+05
1.695920000000000000e+05
1.695930000000000000e+05
1.695940000000000000e+05
1.695950000000000000e+05
1.697160000000000000e+05
1.697170000000000000e+05
1.697190000000000000e+05
1.697210000000000000e+05
1.697220000000000000e+05
1.698470000000000000e+05
1.698490000000000000e+05
1.698590000000000000e+05
1.700670000000000000e+05
1.700920000000000000e+05
1.701550000000000000e+05
1.701710000000000000e+05
1.701970000000000000e+05
1.701980000000000000e+05
1.702020000000000000e+05
1.702370000000000000e+05
1.703290000000000000e+05
1.704200000000000000e+05
1.704540000000000000e+05
1.704550000000000000e+05
1.704690000000000000e+05
1.704970000000000000e+05
1.704980000000000000e+05
1.705380000000000000e+05
1.705730000000000000e+05
1.705820000000000000e+05
1.706090000000000000e+05
1.706100000000000000e+05
1.706240000000000000e+05
1.706280000000000000e+05
1.706460000000000000e+05
1.706470000000000000e+05
1.706490000000000000e+05
1.706520000000000000e+05
1.706720000000000000e+05
1.706740000000000000e+05
1.708100000000000000e+05
1.708220000000000000e+05
1.708330000000000000e+05
1.709950000000000000e+05
1.710860000000000000e+05
1.711240000000000000e+05
1.711610000000000000e+05
1.711850000000000000e+05
1.713780000000000000e+05
1.714970000000000000e+05
1.715200000000000000e+05
1.715350000000000000e+05
1.715410000000000000e+05
1.715460000000000000e+05
1.716460000000000000e+05
1.716750000000000000e+05
1.716770000000000000e+05
1.718090000000000000e+05
1.718110000000000000e+05
1.718650000000000000e+05
1.720220000000000000e+05
1.720720000000000000e+05
1.721240000000000000e+05
1.721720000000000000e+05
1.721740000000000000e+05
1.721750000000000000e+05
1.722860000000000000e+05
1.723970000000000000e+05
1.724540000000000000e+05
1.725810000000000000e+05
1.725830000000000000e+05
1.727320000000000000e+05
1.728390000000000000e+05
1.729170000000000000e+05
1.729300000000000000e+05
1.729500000000000000e+05
1.729520000000000000e+05
1.729540000000000000e+05
1.729550000000000000e+05
1.729560000000000000e+05
1.729570000000000000e+05
1.730440000000000000e+05
