8.000000000000000000e+01
8.100000000000000000e+01
8.300000000000000000e+01
1.210000000000000000e+02
1.380000000000000000e+02
4.010000000000000000e+02
4.120000000000000000e+02
5.820000000000000000e+02
9.570000000000000000e+02
9.620000000000000000e+02
1.009000000000000000e+03
1.156000000000000000e+03
1.433000000000000000e+03
1.933000000000000000e+03
2.356000000000000000e+03
2.547000000000000000e+03
2.551000000000000000e+03
2.805000000000000000e+03
3.057000000000000000e+03
3.393000000000000000e+03
3.432000000000000000e+03
3.640000000000000000e+03
3.790000000000000000e+03
4.925000000000000000e+03
5.069000000000000000e+03
5.117000000000000000e+03
5.127000000000000000e+03
5.128000000000000000e+03
5.195000000000000000e+03
5.197000000000000000e+03
5.603000000000000000e+03
6.254000000000000000e+03
6.341000000000000000e+03
7.688000000000000000e+03
7.689000000000000000e+03
7.690000000000000000e+03
7.821000000000000000e+03
7.828000000000000000e+03
8.544000000000000000e+03
9.475000000000000000e+03
9.478000000000000000e+03
1.009700000000000000e+04
1.041900000000000000e+04
1.043000000000000000e+04
1.124300000000000000e+04
1.125200000000000000e+04
1.135400000000000000e+04
1.152300000000000000e+04
1.173800000000000000e+04
1.180400000000000000e+04
1.180500000000000000e+04
1.180600000000000000e+04
1.180700000000000000e+04
1.180800000000000000e+04
1.180900000000000000e+04
1.181000000000000000e+04
1.206100000000000000e+04
1.208400000000000000e+04
1.218400000000000000e+04
1.224200000000000000e+04
1.307700000000000000e+04
1.327100000000000000e+04
1.408100000000000000e+04
1.411600000000000000e+04
1.412500000000000000e+04
1.412600000000000000e+04
1.412700000000000000e+04
1.420800000000000000e+04
1.428300000000000000e+04
1.429000000000000000e+04
1.435300000000000000e+04
1.443500000000000000e+04
1.568600000000000000e+04
1.604200000000000000e+04
1.680100000000000000e+04
1.686700000000000000e+04
1.705800000000000000e+04
1.719700000000000000e+04
1.719800000000000000e+04
1.738800000000000000e+04
1.772400000000000000e+04
1.788400000000000000e+04
1.788600000000000000e+04
1.821600000000000000e+04
1.883200000000000000e+04
2.032000000000000000e+04
2.040800000000000000e+04
2.041200000000000000e+04
2.050500000000000000e+04
2.110800000000000000e+04
2.110900000000000000e+04
2.111400000000000000e+04
2.125200000000000000e+04
2.205800000000000000e+04
2.237900000000000000e+04
2.242800000000000000e+04
2.262200000000000000e+04
2.268300000000000000e+04
2.382700000000000000e+04
2.399900000000000000e+04
2.404900000000000000e+04
2.433000000000000000e+04
2.448900000000000000e+04
2.458300000000000000e+04
2.458500000000000000e+04
2.459000000000000000e+04
2.480600000000000000e+04
2.480700000000000000e+04
2.483100000000000000e+04
2.516700000000000000e+04
2.535500000000000000e+04
2.606700000000000000e+04
2.667300000000000000e+04
2.667400000000000000e+04
2.690200000000000000e+04
2.691200000000000000e+04
2.691500000000000000e+04
2.707200000000000000e+04
2.707300000000000000e+04
2.721500000000000000e+04
2.724200000000000000e+04
2.772100000000000000e+04
2.772200000000000000e+04
2.822200000000000000e+04
2.823800000000000000e+04
2.823900000000000000e+04
2.857700000000000000e+04
2.868100000000000000e+04
2.952100000000000000e+04
2.997300000000000000e+04
3.004900000000000000e+04
3.013900000000000000e+04
3.014000000000000000e+04
3.018100000000000000e+04
3.070200000000000000e+04
3.079800000000000000e+04
3.086100000000000000e+04
3.086200000000000000e+04
3.088300000000000000e+04
3.088400000000000000e+04
3.088500000000000000e+04
3.088600000000000000e+04
3.088700000000000000e+04
3.088800000000000000e+04
3.096600000000000000e+04
3.102100000000000000e+04
3.102200000000000000e+04
3.102300000000000000e+04
3.102400000000000000e+04
3.102500000000000000e+04
3.102800000000000000e+04
3.102900000000000000e+04
3.103000000000000000e+04
3.103100000000000000e+04
3.103200000000000000e+04
3.103300000000000000e+04
3.103400000000000000e+04
3.103500000000000000e+04
3.111800000000000000e+04
3.111900000000000000e+04
3.126000000000000000e+04
3.133500000000000000e+04
3.143100000000000000e+04
3.149200000000000000e+04
3.193000000000000000e+04
3.193100000000000000e+04
3.193300000000000000e+04
3.193400000000000000e+04
3.193500000000000000e+04
3.193800000000000000e+04
3.193900000000000000e+04
3.194000000000000000e+04
3.194100000000000000e+04
3.194200000000000000e+04
3.194300000000000000e+04
3.194400000000000000e+04
3.194600000000000000e+04
3.194700000000000000e+04
3.194800000000000000e+04
3.194900000000000000e+04
3.195000000000000000e+04
3.195100000000000000e+04
3.195200000000000000e+04
3.209700000000000000e+04
3.212200000000000000e+04
3.216200000000000000e+04
3.216300000000000000e+04
3.216400000000000000e+04
3.216500000000000000e+04
3.216600000000000000e+04
3.218800000000000000e+04
3.232500000000000000e+04
3.268100000000000000e+04
3.270900000000000000e+04
3.364900000000000000e+04
3.395500000000000000e+04
3.418400000000000000e+04
3.480200000000000000e+04
3.651500000000000000e+04
3.780100000000000000e+04
3.784800000000000000e+04
3.834500000000000000e+04
3.834700000000000000e+04
3.839400000000000000e+04
3.841400000000000000e+04
3.841500000000000000e+04
3.841800000000000000e+04
3.841900000000000000e+04
3.853700000000000000e+04
3.853800000000000000e+04
3.855100000000000000e+04
3.855200000000000000e+04
3.855500000000000000e+04
3.866100000000000000e+04
3.866200000000000000e+04
3.867900000000000000e+04
3.868100000000000000e+04
3.868200000000000000e+04
3.894300000000000000e+04
3.894700000000000000e+04
3.900700000000000000e+04
3.913200000000000000e+04
3.919500000000000000e+04
3.920000000000000000e+04
3.920300000000000000e+04
3.926200000000000000e+04
3.987000000000000000e+04
3.987200000000000000e+04
4.004100000000000000e+04
4.034900000000000000e+04
4.043500000000000000e+04
4.043600000000000000e+04
4.043700000000000000e+04
4.049000000000000000e+04
4.084300000000000000e+04
4.134500000000000000e+04
4.134700000000000000e+04
4.236700000000000000e+04
4.283500000000000000e+04
4.319000000000000000e+04
4.432400000000000000e+04
4.432600000000000000e+04
4.443900000000000000e+04
4.444100000000000000e+04
4.449800000000000000e+04
4.471500000000000000e+04
4.471700000000000000e+04
4.485800000000000000e+04
4.499800000000000000e+04
4.499900000000000000e+04
4.500100000000000000e+04
4.500800000000000000e+04
4.500900000000000000e+04
4.501000000000000000e+04
4.507800000000000000e+04
4.519900000000000000e+04
4.527000000000000000e+04
4.527100000000000000e+04
4.527200000000000000e+04
4.527300000000000000e+04
4.527400000000000000e+04
4.530100000000000000e+04
4.557400000000000000e+04
4.661200000000000000e+04
4.663300000000000000e+04
4.663500000000000000e+04
4.663600000000000000e+04
4.663700000000000000e+04
4.711000000000000000e+04
4.724000000000000000e+04
4.731900000000000000e+04
4.732000000000000000e+04
4.732100000000000000e+04
4.746400000000000000e+04
4.746500000000000000e+04
4.746600000000000000e+04
4.746700000000000000e+04
4.747100000000000000e+04
4.750800000000000000e+04
4.929600000000000000e+04
5.026600000000000000e+04
5.042500000000000000e+04
5.124700000000000000e+04
5.126600000000000000e+04
5.128200000000000000e+04
5.130600000000000000e+04
5.130900000000000000e+04
5.131000000000000000e+04
5.131400000000000000e+04
5.139000000000000000e+04
5.141000000000000000e+04
5.141100000000000000e+04
5.181600000000000000e+04
5.184000000000000000e+04
5.184100000000000000e+04
5.184200000000000000e+04
5.194400000000000000e+04
5.262800000000000000e+04
5.262900000000000000e+04
5.263100000000000000e+04
5.263200000000000000e+04
5.263400000000000000e+04
5.263600000000000000e+04
5.263700000000000000e+04
5.263800000000000000e+04
5.263900000000000000e+04
5.264600000000000000e+04
5.265200000000000000e+04
5.265900000000000000e+04
5.266000000000000000e+04
5.289500000000000000e+04
5.322700000000000000e+04
5.333400000000000000e+04
5.333500000000000000e+04
5.333800000000000000e+04
5.372700000000000000e+04
5.379900000000000000e+04
5.403100000000000000e+04
5.408500000000000000e+04
5.411300000000000000e+04
5.412600000000000000e+04
5.412700000000000000e+04
5.412800000000000000e+04
5.412900000000000000e+04
5.422500000000000000e+04
5.471200000000000000e+04
5.501600000000000000e+04
5.539600000000000000e+04
5.554400000000000000e+04
5.557900000000000000e+04
5.560300000000000000e+04
5.588900000000000000e+04
5.589000000000000000e+04
5.589100000000000000e+04
5.589300000000000000e+04
5.631700000000000000e+04
5.633400000000000000e+04
5.671700000000000000e+04
5.674400000000000000e+04
5.678100000000000000e+04
5.777900000000000000e+04
5.797900000000000000e+04
5.798000000000000000e+04
5.798200000000000000e+04
5.798300000000000000e+04
5.798400000000000000e+04
5.798800000000000000e+04
5.799000000000000000e+04
5.799100000000000000e+04
5.799200000000000000e+04
5.799300000000000000e+04
5.799400000000000000e+04
5.799500000000000000e+04
5.799600000000000000e+04
5.799800000000000000e+04
5.799900000000000000e+04
5.800000000000000000e+04
5.800100000000000000e+04
5.800200000000000000e+04
5.800300000000000000e+04
5.800400000000000000e+04
5.800500000000000000e+04
5.800600000000000000e+04
5.800700000000000000e+04
5.800800000000000000e+04
5.800900000000000000e+04
5.801000000000000000e+04
5.801100000000000000e+04
5.801200000000000000e+04
5.809800000000000000e+04
5.810000000000000000e+04
5.811000000000000000e+04
5.811100000000000000e+04
5.811200000000000000e+04
5.847700000000000000e+04
5.847800000000000000e+04
5.847900000000000000e+04
5.848100000000000000e+04
5.848200000000000000e+04
5.848400000000000000e+04
5.855000000000000000e+04
5.908500000000000000e+04
5.908600000000000000e+04
5.916600000000000000e+04
5.946500000000000000e+04
5.957500000000000000e+04
5.957600000000000000e+04
5.957700000000000000e+04
5.957800000000000000e+04
5.957900000000000000e+04
5.958000000000000000e+04
5.958300000000000000e+04
5.975300000000000000e+04
6.032800000000000000e+04
6.054400000000000000e+04
6.054500000000000000e+04
6.054600000000000000e+04
6.055000000000000000e+04
6.055100000000000000e+04
6.055200000000000000e+04
6.055300000000000000e+04
6.055400000000000000e+04
6.055600000000000000e+04
6.059600000000000000e+04
6.133200000000000000e+04
6.199100000000000000e+04
6.200000000000000000e+04
6.224000000000000000e+04
6.268000000000000000e+04
6.270200000000000000e+04
6.439500000000000000e+04
6.480600000000000000e+04
6.513500000000000000e+04
6.540700000000000000e+04
6.542700000000000000e+04
6.565900000000000000e+04
6.575400000000000000e+04
6.589900000000000000e+04
6.605800000000000000e+04
6.652700000000000000e+04
6.685400000000000000e+04
6.717200000000000000e+04
6.777400000000000000e+04
6.816300000000000000e+04
6.876500000000000000e+04
7.051400000000000000e+04
7.051600000000000000e+04
7.064300000000000000e+04
7.071200000000000000e+04
7.097700000000000000e+04
7.097800000000000000e+04
7.155300000000000000e+04
7.155400000000000000e+04
7.163700000000000000e+04
7.185000000000000000e+04
7.187300000000000000e+04
7.187500000000000000e+04
7.188500000000000000e+04
7.210500000000000000e+04
7.210700000000000000e+04
7.244100000000000000e+04
7.246300000000000000e+04
7.260200000000000000e+04
7.291900000000000000e+04
7.296100000000000000e+04
7.367400000000000000e+04
7.368200000000000000e+04
7.400600000000000000e+04
7.435600000000000000e+04
7.439600000000000000e+04
7.439700000000000000e+04
7.449800000000000000e+04
7.449900000000000000e+04
7.450100000000000000e+04
7.459600000000000000e+04
7.495100000000000000e+04
7.505600000000000000e+04
7.559200000000000000e+04
7.578500000000000000e+04
7.597800000000000000e+04
7.622200000000000000e+04
7.623000000000000000e+04
7.657500000000000000e+04
7.657600000000000000e+04
7.657700000000000000e+04
7.657800000000000000e+04
7.657900000000000000e+04
7.658000000000000000e+04
7.658100000000000000e+04
7.658200000000000000e+04
7.658300000000000000e+04
7.658400000000000000e+04
7.658500000000000000e+04
7.658600000000000000e+04
7.748000000000000000e+04
7.767800000000000000e+04
7.768000000000000000e+04
7.785900000000000000e+04
7.830600000000000000e+04
7.839400000000000000e+04
7.843900000000000000e+04
7.847100000000000000e+04
7.902800000000000000e+04
7.902900000000000000e+04
7.903000000000000000e+04
7.920200000000000000e+04
7.932200000000000000e+04
7.932300000000000000e+04
7.932400000000000000e+04
7.932500000000000000e+04
7.947200000000000000e+04
8.003800000000000000e+04
8.052400000000000000e+04
8.062100000000000000e+04
8.062200000000000000e+04
8.062300000000000000e+04
8.062400000000000000e+04
8.062500000000000000e+04
8.062600000000000000e+04
8.062700000000000000e+04
8.062800000000000000e+04
8.062900000000000000e+04
8.063000000000000000e+04
8.079100000000000000e+04
8.081300000000000000e+04
8.082200000000000000e+04
8.082300000000000000e+04
8.082400000000000000e+04
8.082500000000000000e+04
8.089800000000000000e+04
8.103400000000000000e+04
8.126700000000000000e+04
8.148000000000000000e+04
8.181900000000000000e+04
8.182300000000000000e+04
8.182400000000000000e+04
8.182500000000000000e+04
8.182600000000000000e+04
8.182700000000000000e+04
8.182800000000000000e+04
8.182900000000000000e+04
8.208100000000000000e+04
8.232100000000000000e+04
8.232300000000000000e+04
8.232400000000000000e+04
8.233300000000000000e+04
8.265300000000000000e+04
8.265500000000000000e+04
8.275500000000000000e+04
8.284300000000000000e+04
8.307200000000000000e+04
8.319900000000000000e+04
8.340400000000000000e+04
8.356500000000000000e+04
8.356600000000000000e+04
8.356700000000000000e+04
8.356800000000000000e+04
8.386900000000000000e+04
8.391600000000000000e+04
8.391700000000000000e+04
8.408700000000000000e+04
8.438800000000000000e+04
8.508600000000000000e+04
8.509100000000000000e+04
8.619300000000000000e+04
8.638200000000000000e+04
8.661600000000000000e+04
8.719300000000000000e+04
8.829900000000000000e+04
8.830100000000000000e+04
8.878200000000000000e+04
8.878300000000000000e+04
8.878400000000000000e+04
8.878500000000000000e+04
8.878600000000000000e+04
8.878800000000000000e+04
8.878900000000000000e+04
8.879000000000000000e+04
8.879100000000000000e+04
8.879200000000000000e+04
8.879300000000000000e+04
8.879400000000000000e+04
8.879500000000000000e+04
8.879600000000000000e+04
8.879700000000000000e+04
8.879800000000000000e+04
8.879900000000000000e+04
8.880000000000000000e+04
8.880100000000000000e+04
8.880200000000000000e+04
8.880300000000000000e+04
8.880400000000000000e+04
8.880500000000000000e+04
8.880600000000000000e+04
8.880700000000000000e+04
8.880800000000000000e+04
8.880900000000000000e+04
8.881000000000000000e+04
8.881100000000000000e+04
8.881300000000000000e+04
8.881400000000000000e+04
8.881500000000000000e+04
8.881600000000000000e+04
8.881700000000000000e+04
8.881800000000000000e+04
8.909200000000000000e+04
8.909400000000000000e+04
8.909500000000000000e+04
8.909600000000000000e+04
8.909700000000000000e+04
8.909900000000000000e+04
8.910000000000000000e+04
8.910300000000000000e+04
8.914500000000000000e+04
8.958300000000000000e+04
8.963100000000000000e+04
8.998100000000000000e+04
8.998300000000000000e+04
9.078800000000000000e+04
9.091800000000000000e+04
9.091900000000000000e+04
9.092000000000000000e+04
9.092100000000000000e+04
9.092200000000000000e+04
9.092300000000000000e+04
9.092400000000000000e+04
9.092500000000000000e+04
9.092600000000000000e+04
9.092700000000000000e+04
9.092800000000000000e+04
9.092900000000000000e+04
9.093000000000000000e+04
9.093100000000000000e+04
9.093200000000000000e+04
9.093300000000000000e+04
9.093400000000000000e+04
9.093500000000000000e+04
9.093600000000000000e+04
9.093700000000000000e+04
9.093800000000000000e+04
9.093900000000000000e+04
9.094000000000000000e+04
9.094100000000000000e+04
9.094200000000000000e+04
9.094300000000000000e+04
9.097000000000000000e+04
9.098600000000000000e+04
9.098700000000000000e+04
9.098800000000000000e+04
9.098900000000000000e+04
9.103700000000000000e+04
9.104000000000000000e+04
9.137400000000000000e+04
9.160300000000000000e+04
9.206500000000000000e+04
9.211400000000000000e+04
9.211500000000000000e+04
9.232000000000000000e+04
9.242100000000000000e+04
9.270500000000000000e+04
9.270800000000000000e+04
9.276800000000000000e+04
9.285800000000000000e+04
9.299800000000000000e+04
9.336100000000000000e+04
9.349700000000000000e+04
9.406400000000000000e+04
9.428500000000000000e+04
9.433400000000000000e+04
9.433700000000000000e+04
9.443400000000000000e+04
9.444100000000000000e+04
9.454200000000000000e+04
9.460600000000000000e+04
9.476000000000000000e+04
9.512600000000000000e+04
9.512700000000000000e+04
9.512800000000000000e+04
9.513500000000000000e+04
9.513600000000000000e+04
9.550500000000000000e+04
9.550700000000000000e+04
9.557500000000000000e+04
9.577700000000000000e+04
9.590000000000000000e+04
9.590100000000000000e+04
9.590200000000000000e+04
9.590300000000000000e+04
9.590400000000000000e+04
9.590500000000000000e+04
9.590600000000000000e+04
9.590700000000000000e+04
9.590800000000000000e+04
9.590900000000000000e+04
9.591000000000000000e+04
9.591100000000000000e+04
9.591200000000000000e+04
9.591300000000000000e+04
9.591400000000000000e+04
9.591500000000000000e+04
9.591600000000000000e+04
9.591700000000000000e+04
9.591800000000000000e+04
9.591900000000000000e+04
9.592100000000000000e+04
9.592200000000000000e+04
9.592300000000000000e+04
9.592400000000000000e+04
9.592500000000000000e+04
9.592600000000000000e+04
9.592700000000000000e+04
9.592800000000000000e+04
9.592900000000000000e+04
9.593000000000000000e+04
9.593100000000000000e+04
9.593200000000000000e+04
9.593300000000000000e+04
9.593400000000000000e+04
9.593500000000000000e+04
9.593600000000000000e+04
9.593700000000000000e+04
9.593800000000000000e+04
9.593900000000000000e+04
9.606800000000000000e+04
9.615600000000000000e+04
9.615700000000000000e+04
9.615800000000000000e+04
9.619200000000000000e+04
9.619300000000000000e+04
9.619500000000000000e+04
9.682600000000000000e+04
9.682800000000000000e+04
9.683000000000000000e+04
9.741400000000000000e+04
9.741500000000000000e+04
9.741700000000000000e+04
9.742900000000000000e+04
9.743000000000000000e+04
9.743100000000000000e+04
9.787000000000000000e+04
9.787100000000000000e+04
9.787200000000000000e+04
9.787600000000000000e+04
9.787800000000000000e+04
9.788500000000000000e+04
9.788600000000000000e+04
9.826000000000000000e+04
9.827800000000000000e+04
9.831000000000000000e+04
9.831300000000000000e+04
9.841000000000000000e+04
9.869200000000000000e+04
9.876300000000000000e+04
9.893100000000000000e+04
9.893200000000000000e+04
9.921100000000000000e+04
9.988600000000000000e+04
1.001210000000000000e+05
1.001220000000000000e+05
1.003980000000000000e+05
1.003990000000000000e+05
1.006450000000000000e+05
1.006460000000000000e+05
1.008350000000000000e+05
1.009380000000000000e+05
1.010200000000000000e+05
1.010360000000000000e+05
1.016570000000000000e+05
1.019170000000000000e+05
1.019220000000000000e+05
1.021760000000000000e+05
1.021770000000000000e+05
1.021780000000000000e+05
1.021810000000000000e+05
1.029700000000000000e+05
1.041630000000000000e+05
1.042410000000000000e+05
1.042660000000000000e+05
1.045270000000000000e+05
1.045280000000000000e+05
1.046010000000000000e+05
1.046030000000000000e+05
1.046050000000000000e+05
1.046330000000000000e+05
1.048180000000000000e+05
1.048980000000000000e+05
1.048990000000000000e+05
1.052060000000000000e+05
1.052070000000000000e+05
1.055730000000000000e+05
1.059500000000000000e+05
1.063920000000000000e+05
1.064880000000000000e+05
1.065850000000000000e+05
1.072270000000000000e+05
1.075350000000000000e+05
1.077670000000000000e+05
1.078410000000000000e+05
1.082200000000000000e+05
1.083940000000000000e+05
1.090120000000000000e+05
1.090730000000000000e+05
1.092650000000000000e+05
1.097810000000000000e+05
1.102460000000000000e+05
1.102780000000000000e+05
1.110570000000000000e+05
1.110760000000000000e+05
1.111240000000000000e+05
1.112350000000000000e+05
1.112360000000000000e+05
1.113060000000000000e+05
1.113070000000000000e+05
1.113440000000000000e+05
1.114970000000000000e+05
1.115000000000000000e+05
1.115020000000000000e+05
1.117640000000000000e+05
1.119160000000000000e+05
1.119180000000000000e+05
1.120880000000000000e+05
1.123030000000000000e+05
1.124340000000000000e+05
1.125670000000000000e+05
1.126030000000000000e+05
1.126380000000000000e+05
1.127370000000000000e+05
1.135240000000000000e+05
1.137900000000000000e+05
1.139540000000000000e+05
1.140860000000000000e+05
1.141780000000000000e+05
1.143590000000000000e+05
1.148530000000000000e+05
1.148560000000000000e+05
1.152430000000000000e+05
1.156030000000000000e+05
1.157400000000000000e+05
1.160280000000000000e+05
1.166930000000000000e+05
1.170440000000000000e+05
1.176000000000000000e+05
1.176790000000000000e+05
1.182660000000000000e+05
1.182690000000000000e+05
1.188340000000000000e+05
1.188820000000000000e+05
1.188860000000000000e+05
1.195940000000000000e+05
1.195970000000000000e+05
1.197140000000000000e+05
1.198930000000000000e+05
1.198940000000000000e+05
1.201240000000000000e+05
1.210890000000000000e+05
1.212850000000000000e+05
1.212860000000000000e+05
1.212890000000000000e+05
1.215710000000000000e+05
1.219420000000000000e+05
1.224340000000000000e+05
1.224470000000000000e+05
1.229450000000000000e+05
1.234040000000000000e+05
1.234080000000000000e+05
1.241310000000000000e+05
1.241320000000000000e+05
1.241330000000000000e+05
1.248990000000000000e+05
1.249010000000000000e+05
1.249020000000000000e+05
1.249030000000000000e+05
1.249040000000000000e+05
1.249050000000000000e+05
1.249060000000000000e+05
1.249070000000000000e+05
1.249080000000000000e+05
1.249090000000000000e+05
1.249100000000000000e+05
1.249110000000000000e+05
1.249120000000000000e+05
1.249130000000000000e+05
1.249140000000000000e+05
1.249150000000000000e+05
1.249170000000000000e+05
1.249180000000000000e+05
1.249190000000000000e+05
1.249200000000000000e+05
1.249210000000000000e+05
1.249220000000000000e+05
1.249230000000000000e+05
1.249240000000000000e+05
1.249250000000000000e+05
1.249260000000000000e+05
1.249270000000000000e+05
1.251570000000000000e+05
1.256710000000000000e+05
1.256720000000000000e+05
1.257530000000000000e+05
1.257660000000000000e+05
1.260400000000000000e+05
1.260440000000000000e+05
1.268160000000000000e+05
1.274100000000000000e+05
1.282530000000000000e+05
1.290570000000000000e+05
1.290580000000000000e+05
1.290590000000000000e+05
1.290600000000000000e+05
1.290610000000000000e+05
1.305970000000000000e+05
1.308910000000000000e+05
1.309020000000000000e+05
1.309030000000000000e+05
1.310490000000000000e+05
1.310520000000000000e+05
1.310660000000000000e+05
1.310720000000000000e+05
1.311470000000000000e+05
1.317490000000000000e+05
1.317500000000000000e+05
1.319360000000000000e+05
1.320190000000000000e+05
1.320580000000000000e+05
1.322890000000000000e+05
1.323820000000000000e+05
1.324060000000000000e+05
1.325230000000000000e+05
1.325350000000000000e+05
1.327310000000000000e+05
1.329250000000000000e+05
1.329630000000000000e+05
1.330580000000000000e+05
1.330590000000000000e+05
1.330640000000000000e+05
1.332000000000000000e+05
1.332900000000000000e+05
1.332910000000000000e+05
1.340790000000000000e+05
1.342350000000000000e+05
1.343260000000000000e+05
1.343300000000000000e+05
1.345210000000000000e+05
1.345600000000000000e+05
1.346460000000000000e+05
1.347790000000000000e+05
1.350100000000000000e+05
1.350120000000000000e+05
1.350130000000000000e+05
1.350140000000000000e+05
1.350860000000000000e+05
1.350870000000000000e+05
1.355860000000000000e+05
1.358820000000000000e+05
1.360020000000000000e+05
1.361140000000000000e+05
1.362960000000000000e+05
1.363410000000000000e+05
1.367170000000000000e+05
1.368130000000000000e+05
1.368140000000000000e+05
1.370790000000000000e+05
1.372500000000000000e+05
1.385460000000000000e+05
1.385490000000000000e+05
1.385500000000000000e+05
1.385770000000000000e+05
1.385800000000000000e+05
1.385840000000000000e+05
1.385870000000000000e+05
1.386760000000000000e+05
1.386770000000000000e+05
1.386780000000000000e+05
1.386800000000000000e+05
1.386830000000000000e+05
1.390450000000000000e+05
1.390520000000000000e+05
1.390540000000000000e+05
1.393480000000000000e+05
1.393930000000000000e+05
1.394730000000000000e+05
1.395300000000000000e+05
1.395390000000000000e+05
1.397340000000000000e+05
1.397460000000000000e+05
1.397780000000000000e+05
1.397820000000000000e+05
1.406320000000000000e+05
1.409270000000000000e+05
1.415090000000000000e+05
1.415640000000000000e+05
1.415660000000000000e+05
1.416050000000000000e+05
1.422190000000000000e+05
1.423520000000000000e+05
1.423790000000000000e+05
1.423800000000000000e+05
1.424160000000000000e+05
1.426670000000000000e+05
1.427170000000000000e+05
1.428450000000000000e+05
1.428690000000000000e+05
1.430090000000000000e+05
1.431650000000000000e+05
1.438080000000000000e+05
1.438490000000000000e+05
1.438500000000000000e+05
1.441540000000000000e+05
1.441550000000000000e+05
1.441560000000000000e+05
1.443900000000000000e+05
1.445310000000000000e+05
1.446700000000000000e+05
1.448330000000000000e+05
1.448340000000000000e+05
1.448350000000000000e+05
1.454230000000000000e+05
1.464130000000000000e+05
1.464250000000000000e+05
1.464410000000000000e+05
1.464460000000000000e+05
1.464480000000000000e+05
1.464490000000000000e+05
1.466480000000000000e+05
1.466490000000000000e+05
1.466620000000000000e+05
1.470790000000000000e+05
1.470800000000000000e+05
1.471940000000000000e+05
1.471960000000000000e+05
1.475790000000000000e+05
1.483240000000000000e+05
1.483260000000000000e+05
1.487580000000000000e+05
1.487840000000000000e+05
1.487850000000000000e+05
1.487880000000000000e+05
1.489090000000000000e+05
1.489120000000000000e+05
1.489130000000000000e+05
1.489150000000000000e+05
1.489220000000000000e+05
1.489290000000000000e+05
1.489300000000000000e+05
1.489340000000000000e+05
1.489370000000000000e+05
1.489380000000000000e+05
1.489390000000000000e+05
1.489430000000000000e+05
1.490200000000000000e+05
1.490270000000000000e+05
1.490280000000000000e+05
1.490310000000000000e+05
1.490380000000000000e+05
1.490410000000000000e+05
1.490420000000000000e+05
1.491570000000000000e+05
1.491580000000000000e+05
1.491630000000000000e+05
1.491670000000000000e+05
1.491720000000000000e+05
1.491810000000000000e+05
1.491820000000000000e+05
1.492450000000000000e+05
1.492460000000000000e+05
1.492480000000000000e+05
1.492510000000000000e+05
1.492520000000000000e+05
1.492530000000000000e+05
1.493370000000000000e+05
1.493390000000000000e+05
1.493450000000000000e+05
1.493580000000000000e+05
1.493600000000000000e+05
1.494470000000000000e+05
1.494490000000000000e+05
1.496040000000000000e+05
1.496830000000000000e+05
1.498300000000000000e+05
1.499880000000000000e+05
1.503860000000000000e+05
1.504720000000000000e+05
1.505260000000000000e+05
1.506060000000000000e+05
1.506380000000000000e+05
1.509550000000000000e+05
1.514750000000000000e+05
1.514770000000000000e+05
1.520000000000000000e+05
1.520010000000000000e+05
1.520060000000000000e+05
1.522000000000000000e+05
1.523220000000000000e+05
1.523230000000000000e+05
1.523400000000000000e+05
1.524070000000000000e+05
1.524100000000000000e+05
1.524110000000000000e+05
1.527630000000000000e+05
1.533620000000000000e+05
1.536970000000000000e+05
1.539500000000000000e+05
1.541920000000000000e+05
1.544660000000000000e+05
1.544760000000000000e+05
1.550110000000000000e+05
1.550120000000000000e+05
1.550130000000000000e+05
1.550140000000000000e+05
1.550170000000000000e+05
1.552680000000000000e+05
1.552720000000000000e+05
1.553510000000000000e+05
1.554050000000000000e+05
1.554170000000000000e+05
1.554420000000000000e+05
1.555240000000000000e+05
1.555250000000000000e+05
1.556230000000000000e+05
1.556240000000000000e+05
1.556250000000000000e+05
1.556260000000000000e+05
1.556270000000000000e+05
1.556280000000000000e+05
1.556290000000000000e+05
1.556300000000000000e+05
1.556320000000000000e+05
1.556330000000000000e+05
1.556360000000000000e+05
1.556400000000000000e+05
1.556510000000000000e+05
1.556520000000000000e+05
1.556530000000000000e+05
1.556550000000000000e+05
1.556560000000000000e+05
1.556570000000000000e+05
1.556580000000000000e+05
1.556590000000000000e+05
1.557510000000000000e+05
1.557520000000000000e+05
1.557540000000000000e+05
1.557560000000000000e+05
1.557580000000000000e+05
1.557590000000000000e+05
1.557600000000000000e+05
1.557660000000000000e+05
1.557670000000000000e+05
1.557680000000000000e+05
1.560130000000000000e+05
1.560170000000000000e+05
1.560190000000000000e+05
1.560200000000000000e+05
1.560230000000000000e+05
1.560240000000000000e+05
1.560260000000000000e+05
1.560270000000000000e+05
1.560280000000000000e+05
1.560290000000000000e+05
1.560300000000000000e+05
1.560330000000000000e+05
1.560350000000000000e+05
1.560360000000000000e+05
1.560370000000000000e+05
1.560380000000000000e+05
1.561160000000000000e+05
1.561260000000000000e+05
1.561290000000000000e+05
1.561310000000000000e+05
1.561320000000000000e+05
1.561330000000000000e+05
1.561380000000000000e+05
1.563310000000000000e+05
1.563340000000000000e+05
1.563350000000000000e+05
1.563370000000000000e+05
1.563380000000000000e+05
1.564450000000000000e+05
1.564460000000000000e+05
1.564580000000000000e+05
1.566620000000000000e+05
1.567760000000000000e+05
1.567810000000000000e+05
1.567820000000000000e+05
1.568140000000000000e+05
1.572780000000000000e+05
1.572890000000000000e+05
1.573700000000000000e+05
1.573710000000000000e+05
1.575990000000000000e+05
1.577240000000000000e+05
1.577640000000000000e+05
1.580510000000000000e+05
1.582560000000000000e+05
1.582790000000000000e+05
1.587210000000000000e+05
1.590700000000000000e+05
1.590810000000000000e+05
1.591150000000000000e+05
1.591930000000000000e+05
1.592260000000000000e+05
1.595650000000000000e+05
1.595690000000000000e+05
1.595720000000000000e+05
1.598630000000000000e+05
1.604500000000000000e+05
1.605270000000000000e+05
1.605730000000000000e+05
1.607280000000000000e+05
1.607290000000000000e+05
1.608990000000000000e+05
1.609020000000000000e+05
1.609870000000000000e+05
1.610220000000000000e+05
1.610410000000000000e+05
1.615840000000000000e+05
1.615850000000000000e+05
1.618010000000000000e+05
1.622880000000000000e+05
1.623340000000000000e+05
1.623350000000000000e+05
1.623370000000000000e+05
1.623380000000000000e+05
1.623420000000000000e+05
1.623810000000000000e+05
1.623820000000000000e+05
1.623830000000000000e+05
1.623840000000000000e+05
1.623850000000000000e+05
1.623860000000000000e+05
1.623870000000000000e+05
1.623880000000000000e+05
1.623890000000000000e+05
1.623900000000000000e+05
1.623910000000000000e+05
1.623920000000000000e+05
1.625140000000000000e+05
1.625180000000000000e+05
1.627730000000000000e+05
1.627760000000000000e+05
1.631220000000000000e+05
1.631290000000000000e+05
1.632770000000000000e+05
1.632790000000000000e+05
1.632800000000000000e+05
1.632820000000000000e+05
1.632830000000000000e+05
1.632840000000000000e+05
1.632910000000000000e+05
1.632950000000000000e+05
1.633250000000000000e+05
1.634800000000000000e+05
1.634820000000000000e+05
1.634870000000000000e+05
1.635800000000000000e+05
1.637080000000000000e+05
1.637730000000000000e+05
1.638610000000000000e+05
1.640240000000000000e+05
1.640260000000000000e+05
1.640560000000000000e+05
1.644980000000000000e+05
1.646570000000000000e+05
1.647660000000000000e+05
1.650030000000000000e+05
1.650100000000000000e+05
1.651340000000000000e+05
1.653550000000000000e+05
1.653720000000000000e+05
1.653760000000000000e+05
1.653780000000000000e+05
1.653800000000000000e+05
1.658740000000000000e+05
1.658770000000000000e+05
1.658780000000000000e+05
1.658790000000000000e+05
1.661650000000000000e+05
1.661680000000000000e+05
1.662830000000000000e+05
1.665610000000000000e+05
1.665620000000000000e+05
1.665630000000000000e+05
1.665640000000000000e+05
1.665860000000000000e+05
1.667110000000000000e+05
1.667140000000000000e+05
1.667160000000000000e+05
1.668190000000000000e+05
1.668330000000000000e+05
1.669250000000000000e+05
1.672830000000000000e+05
1.672840000000000000e+05
1.674070000000000000e+05
1.675970000000000000e+05
1.677670000000000000e+05
1.677680000000000000e+05
1.677690000000000000e+05
1.677700000000000000e+05
1.677720000000000000e+05
1.677730000000000000e+05
1.677740000000000000e+05
1.677750000000000000e+05
1.682670000000000000e+05
1.682710000000000000e+05
1.682730000000000000e+05
1.682740000000000000e+05
1.682750000000000000e+05
1.685370000000000000e+05
1.685380000000000000e+05
1.686140000000000000e+05
1.686150000000000000e+05
1.686160000000000000e+05
1.686170000000000000e+05
1.686180000000000000e+05
1.686190000000000000e+05
1.686200000000000000e+05
1.686210000000000000e+05
1.686220000000000000e+05
1.686230000000000000e+05
1.686240000000000000e+05
1.686250000000000000e+05
1.686260000000000000e+05
1.686280000000000000e+05
1.686290000000000000e+05
1.686300000000000000e+05
1.686320000000000000e+05
1.687080000000000000e+05
1.689280000000000000e+05
1.689500000000000000e+05
1.689510000000000000e+05
1.689520000000000000e+05
1.689530000000000000e+05
1.689540000000000000e+05
1.689560000000000000e+05
1.692630000000000000e+05
1.693400000000000000e+05
1.702130000000000000e+05
1.703450000000000000e+05
1.708060000000000000e+05
1.709190000000000000e+05
1.711040000000000000e+05
1.711080000000000000e+05
1.711100000000000000e+05
1.712990000000000000e+05
1.720680000000000000e+05
1.722030000000000000e+05
1.723920000000000000e+05
1.727140000000000000e+05
1.728140000000000000e+05
1.728240000000000000e+05
1.729010000000000000e+05
1.729800000000000000e+05
1.729990000000000000e+05
