8.600000000000000000e+01
2.140000000000000000e+02
1.033000000000000000e+03
1.153000000000000000e+03
1.963000000000000000e+03
2.170000000000000000e+03
2.171000000000000000e+03
2.172000000000000000e+03
2.380000000000000000e+03
2.384000000000000000e+03
3.016000000000000000e+03
3.037000000000000000e+03
3.316000000000000000e+03
3.655000000000000000e+03
3.665000000000000000e+03
4.470000000000000000e+03
4.617000000000000000e+03
4.955000000000000000e+03
5.635000000000000000e+03
5.636000000000000000e+03
5.640000000000000000e+03
5.848000000000000000e+03
5.849000000000000000e+03
5.850000000000000000e+03
5.851000000000000000e+03
5.852000000000000000e+03
5.853000000000000000e+03
5.854000000000000000e+03
5.855000000000000000e+03
5.856000000000000000e+03
5.858000000000000000e+03
5.860000000000000000e+03
5.861000000000000000e+03
5.862000000000000000e+03
5.863000000000000000e+03
5.864000000000000000e+03
6.002000000000000000e+03
6.073000000000000000e+03
6.370000000000000000e+03
6.372000000000000000e+03
6.373000000000000000e+03
7.618000000000000000e+03
7.637000000000000000e+03
7.912000000000000000e+03
7.913000000000000000e+03
7.914000000000000000e+03
9.426000000000000000e+03
9.820000000000000000e+03
9.900000000000000000e+03
1.082000000000000000e+04
1.185900000000000000e+04
1.186500000000000000e+04
1.187200000000000000e+04
1.187400000000000000e+04
1.187700000000000000e+04
1.188000000000000000e+04
1.188300000000000000e+04
1.188400000000000000e+04
1.209400000000000000e+04
1.211100000000000000e+04
1.211200000000000000e+04
1.233500000000000000e+04
1.233600000000000000e+04
1.277100000000000000e+04
1.308000000000000000e+04
1.327600000000000000e+04
1.443100000000000000e+04
1.443400000000000000e+04
1.707700000000000000e+04
1.737200000000000000e+04
1.737700000000000000e+04
1.740900000000000000e+04
1.741000000000000000e+04
1.741200000000000000e+04
1.925200000000000000e+04
1.925600000000000000e+04
1.975200000000000000e+04
2.009800000000000000e+04
2.009900000000000000e+04
2.010000000000000000e+04
2.031000000000000000e+04
2.031100000000000000e+04
2.031200000000000000e+04
2.031300000000000000e+04
2.031400000000000000e+04
2.032900000000000000e+04
2.115200000000000000e+04
2.115400000000000000e+04
2.116300000000000000e+04
2.127000000000000000e+04
2.129600000000000000e+04
2.185300000000000000e+04
2.185600000000000000e+04
2.185800000000000000e+04
2.211100000000000000e+04
2.221300000000000000e+04
2.221400000000000000e+04
2.221500000000000000e+04
2.221600000000000000e+04
2.310700000000000000e+04
2.330000000000000000e+04
2.330100000000000000e+04
2.330200000000000000e+04
2.330300000000000000e+04
2.330400000000000000e+04
2.330500000000000000e+04
2.330600000000000000e+04
2.330700000000000000e+04
2.330800000000000000e+04
2.330900000000000000e+04
2.331000000000000000e+04
2.333800000000000000e+04
2.334400000000000000e+04
2.335500000000000000e+04
2.337400000000000000e+04
2.337500000000000000e+04
2.337600000000000000e+04
2.337700000000000000e+04
2.337800000000000000e+04
2.344400000000000000e+04
2.366800000000000000e+04
2.395600000000000000e+04
2.395700000000000000e+04
2.395800000000000000e+04
2.396000000000000000e+04
2.446100000000000000e+04
2.505000000000000000e+04
2.570300000000000000e+04
2.636900000000000000e+04
2.706000000000000000e+04
2.806100000000000000e+04
2.807400000000000000e+04
3.003100000000000000e+04
3.005200000000000000e+04
3.005300000000000000e+04
3.005400000000000000e+04
3.005500000000000000e+04
3.005800000000000000e+04
3.006000000000000000e+04
3.006200000000000000e+04
3.007300000000000000e+04
3.011300000000000000e+04
3.017200000000000000e+04
3.040900000000000000e+04
3.046900000000000000e+04
3.053900000000000000e+04
3.076800000000000000e+04
3.083200000000000000e+04
3.084000000000000000e+04
3.110300000000000000e+04
3.110400000000000000e+04
3.110500000000000000e+04
3.110700000000000000e+04
3.111100000000000000e+04
3.147800000000000000e+04
3.163000000000000000e+04
3.163300000000000000e+04
3.164600000000000000e+04
3.168600000000000000e+04
3.168900000000000000e+04
3.169500000000000000e+04
3.185400000000000000e+04
3.199700000000000000e+04
3.199800000000000000e+04
3.200000000000000000e+04
3.200800000000000000e+04
3.203200000000000000e+04
3.204500000000000000e+04
3.385700000000000000e+04
3.441800000000000000e+04
3.451000000000000000e+04
3.584100000000000000e+04
3.622700000000000000e+04
3.625000000000000000e+04
3.625200000000000000e+04
3.625500000000000000e+04
3.625600000000000000e+04
3.659200000000000000e+04
3.659500000000000000e+04
3.674300000000000000e+04
3.689400000000000000e+04
3.689500000000000000e+04
3.696000000000000000e+04
3.696100000000000000e+04
3.696200000000000000e+04
3.696300000000000000e+04
3.696400000000000000e+04
3.696500000000000000e+04
3.696600000000000000e+04
3.696700000000000000e+04
3.696800000000000000e+04
3.697000000000000000e+04
3.698300000000000000e+04
3.698400000000000000e+04
3.698500000000000000e+04
3.699700000000000000e+04
3.701600000000000000e+04
3.703200000000000000e+04
3.707600000000000000e+04
3.707700000000000000e+04
3.707800000000000000e+04
3.708100000000000000e+04
3.708600000000000000e+04
3.739100000000000000e+04
3.739500000000000000e+04
3.751900000000000000e+04
3.752300000000000000e+04
3.753300000000000000e+04
3.753500000000000000e+04
3.753800000000000000e+04
3.755200000000000000e+04
3.757800000000000000e+04
3.761800000000000000e+04
3.765600000000000000e+04
3.768300000000000000e+04
3.768500000000000000e+04
3.813300000000000000e+04
3.816300000000000000e+04
3.839800000000000000e+04
3.936000000000000000e+04
3.954700000000000000e+04
3.968000000000000000e+04
4.017800000000000000e+04
4.022500000000000000e+04
4.035800000000000000e+04
4.035900000000000000e+04
4.036300000000000000e+04
4.046000000000000000e+04
4.090100000000000000e+04
4.134900000000000000e+04
4.135000000000000000e+04
4.158200000000000000e+04
4.158300000000000000e+04
4.158400000000000000e+04
4.158600000000000000e+04
4.158800000000000000e+04
4.185400000000000000e+04
4.185600000000000000e+04
4.185700000000000000e+04
4.282400000000000000e+04
4.329000000000000000e+04
4.329100000000000000e+04
4.376900000000000000e+04
4.491900000000000000e+04
4.492300000000000000e+04
4.502500000000000000e+04
4.502600000000000000e+04
4.506900000000000000e+04
4.545700000000000000e+04
4.556000000000000000e+04
4.556500000000000000e+04
4.556600000000000000e+04
4.556900000000000000e+04
4.559500000000000000e+04
4.559600000000000000e+04
4.560600000000000000e+04
4.561000000000000000e+04
4.574300000000000000e+04
4.574400000000000000e+04
4.576700000000000000e+04
4.576800000000000000e+04
4.576900000000000000e+04
4.577000000000000000e+04
4.577100000000000000e+04
4.577200000000000000e+04
4.577400000000000000e+04
4.577500000000000000e+04
4.582100000000000000e+04
4.582300000000000000e+04
4.582400000000000000e+04
4.582500000000000000e+04
4.582600000000000000e+04
4.582700000000000000e+04
4.582900000000000000e+04
4.584300000000000000e+04
4.587800000000000000e+04
4.588000000000000000e+04
4.588100000000000000e+04
4.588600000000000000e+04
4.590600000000000000e+04
4.596200000000000000e+04
4.596300000000000000e+04
4.596400000000000000e+04
4.596500000000000000e+04
4.596600000000000000e+04
4.596700000000000000e+04
4.596800000000000000e+04
4.597000000000000000e+04
4.608400000000000000e+04
4.611100000000000000e+04
4.611900000000000000e+04
4.612000000000000000e+04
4.612100000000000000e+04
4.624700000000000000e+04
4.640600000000000000e+04
4.657300000000000000e+04
4.660000000000000000e+04
4.688300000000000000e+04
4.697500000000000000e+04
4.708400000000000000e+04
4.708500000000000000e+04
4.708600000000000000e+04
4.708700000000000000e+04
4.708800000000000000e+04
4.708900000000000000e+04
4.709000000000000000e+04
4.709100000000000000e+04
4.709200000000000000e+04
4.709300000000000000e+04
4.722100000000000000e+04
4.722200000000000000e+04
4.754600000000000000e+04
4.754700000000000000e+04
4.788800000000000000e+04
4.791100000000000000e+04
4.791200000000000000e+04
4.791300000000000000e+04
4.811200000000000000e+04
4.814900000000000000e+04
4.823300000000000000e+04
4.832500000000000000e+04
4.832600000000000000e+04
4.832700000000000000e+04
4.832800000000000000e+04
4.832900000000000000e+04
4.833000000000000000e+04
4.833100000000000000e+04
4.833300000000000000e+04
4.833400000000000000e+04
4.872000000000000000e+04
4.872100000000000000e+04
4.888200000000000000e+04
4.897900000000000000e+04
4.898100000000000000e+04
4.898200000000000000e+04
4.898300000000000000e+04
4.898400000000000000e+04
4.898700000000000000e+04
4.898800000000000000e+04
4.898900000000000000e+04
4.899100000000000000e+04
4.899300000000000000e+04
4.899400000000000000e+04
4.899900000000000000e+04
4.900400000000000000e+04
4.900800000000000000e+04
4.900900000000000000e+04
4.901900000000000000e+04
4.902000000000000000e+04
4.902400000000000000e+04
4.902600000000000000e+04
4.902800000000000000e+04
4.903500000000000000e+04
4.903700000000000000e+04
4.904000000000000000e+04
4.904100000000000000e+04
4.904400000000000000e+04
4.904800000000000000e+04
4.905200000000000000e+04
4.905600000000000000e+04
4.905700000000000000e+04
4.905900000000000000e+04
4.906000000000000000e+04
4.906100000000000000e+04
4.906200000000000000e+04
4.906300000000000000e+04
4.906400000000000000e+04
4.906600000000000000e+04
4.906700000000000000e+04
4.907200000000000000e+04
4.907600000000000000e+04
4.907800000000000000e+04
4.908400000000000000e+04
4.908900000000000000e+04
4.909300000000000000e+04
4.909700000000000000e+04
4.909800000000000000e+04
4.909900000000000000e+04
4.910100000000000000e+04
4.910200000000000000e+04
4.910600000000000000e+04
4.910700000000000000e+04
4.910800000000000000e+04
4.911000000000000000e+04
4.911300000000000000e+04
4.911400000000000000e+04
4.911600000000000000e+04
4.911700000000000000e+04
4.918800000000000000e+04
4.923700000000000000e+04
4.923800000000000000e+04
4.923900000000000000e+04
4.924000000000000000e+04
4.924100000000000000e+04
4.924200000000000000e+04
4.924300000000000000e+04
4.924400000000000000e+04
4.924500000000000000e+04
4.924600000000000000e+04
4.924700000000000000e+04
4.924800000000000000e+04
4.924900000000000000e+04
4.925000000000000000e+04
4.925100000000000000e+04
4.925200000000000000e+04
4.925300000000000000e+04
4.934700000000000000e+04
5.004800000000000000e+04
5.005000000000000000e+04
5.005100000000000000e+04
5.005200000000000000e+04
5.043500000000000000e+04
5.067100000000000000e+04
5.067200000000000000e+04
5.070400000000000000e+04
5.085000000000000000e+04
5.121300000000000000e+04
5.123000000000000000e+04
5.205100000000000000e+04
5.234600000000000000e+04
5.234700000000000000e+04
5.234800000000000000e+04
5.234900000000000000e+04
5.235000000000000000e+04
5.235100000000000000e+04
5.235200000000000000e+04
5.235300000000000000e+04
5.235400000000000000e+04
5.235500000000000000e+04
5.272800000000000000e+04
5.273100000000000000e+04
5.309800000000000000e+04
5.309900000000000000e+04
5.310000000000000000e+04
5.310100000000000000e+04
5.322200000000000000e+04
5.322300000000000000e+04
5.447400000000000000e+04
5.447700000000000000e+04
5.469500000000000000e+04
5.485700000000000000e+04
5.497000000000000000e+04
5.682800000000000000e+04
5.692700000000000000e+04
5.845400000000000000e+04
5.870300000000000000e+04
5.870600000000000000e+04
5.870800000000000000e+04
5.915000000000000000e+04
5.940300000000000000e+04
5.962000000000000000e+04
5.962100000000000000e+04
5.970600000000000000e+04
5.972100000000000000e+04
6.007000000000000000e+04
6.007200000000000000e+04
6.007300000000000000e+04
6.094400000000000000e+04
6.094500000000000000e+04
6.118000000000000000e+04
6.123500000000000000e+04
6.124000000000000000e+04
6.128300000000000000e+04
6.177200000000000000e+04
6.177300000000000000e+04
6.181000000000000000e+04
6.196400000000000000e+04
6.197200000000000000e+04
6.201200000000000000e+04
6.201400000000000000e+04
6.201500000000000000e+04
6.209900000000000000e+04
6.248200000000000000e+04
6.251800000000000000e+04
6.255100000000000000e+04
6.309900000000000000e+04
6.315700000000000000e+04
6.316700000000000000e+04
6.338400000000000000e+04
6.338600000000000000e+04
6.338700000000000000e+04
6.338900000000000000e+04
6.339000000000000000e+04
6.339200000000000000e+04
6.339400000000000000e+04
6.339700000000000000e+04
6.339800000000000000e+04
6.339900000000000000e+04
6.348800000000000000e+04
6.391600000000000000e+04
6.391700000000000000e+04
6.391800000000000000e+04
6.391900000000000000e+04
6.392200000000000000e+04
6.392300000000000000e+04
6.392400000000000000e+04
6.392500000000000000e+04
6.392600000000000000e+04
6.406000000000000000e+04
6.406100000000000000e+04
6.459100000000000000e+04
6.463200000000000000e+04
6.463300000000000000e+04
6.463400000000000000e+04
6.473300000000000000e+04
6.482700000000000000e+04
6.540000000000000000e+04
6.540100000000000000e+04
6.568800000000000000e+04
6.569600000000000000e+04
6.578100000000000000e+04
6.578300000000000000e+04
6.578400000000000000e+04
6.616500000000000000e+04
6.647500000000000000e+04
6.647600000000000000e+04
6.651700000000000000e+04
6.657600000000000000e+04
6.662600000000000000e+04
6.662700000000000000e+04
6.663100000000000000e+04
6.691700000000000000e+04
6.691900000000000000e+04
6.694500000000000000e+04
6.698400000000000000e+04
6.699900000000000000e+04
6.738200000000000000e+04
6.738300000000000000e+04
6.755200000000000000e+04
6.755300000000000000e+04
6.794600000000000000e+04
6.794800000000000000e+04
6.812700000000000000e+04
6.833300000000000000e+04
6.833500000000000000e+04
6.833700000000000000e+04
6.834100000000000000e+04
6.843100000000000000e+04
6.843200000000000000e+04
6.894000000000000000e+04
6.911800000000000000e+04
6.911900000000000000e+04
6.912700000000000000e+04
6.927800000000000000e+04
7.024400000000000000e+04
7.024500000000000000e+04
7.024600000000000000e+04
7.024700000000000000e+04
7.024800000000000000e+04
7.069300000000000000e+04
7.069400000000000000e+04
7.069500000000000000e+04
7.070900000000000000e+04
7.082400000000000000e+04
7.082800000000000000e+04
7.176900000000000000e+04
7.198900000000000000e+04
7.209300000000000000e+04
7.209600000000000000e+04
7.244300000000000000e+04
7.249500000000000000e+04
7.269200000000000000e+04
7.278800000000000000e+04
7.361900000000000000e+04
7.405600000000000000e+04
7.509700000000000000e+04
7.550000000000000000e+04
7.560900000000000000e+04
7.561000000000000000e+04
7.643500000000000000e+04
7.643600000000000000e+04
7.688300000000000000e+04
7.732800000000000000e+04
7.732900000000000000e+04
7.733000000000000000e+04
7.733100000000000000e+04
7.735500000000000000e+04
7.735600000000000000e+04
7.738100000000000000e+04
7.760900000000000000e+04
7.808000000000000000e+04
7.835100000000000000e+04
7.835300000000000000e+04
7.838200000000000000e+04
7.848300000000000000e+04
7.854800000000000000e+04
7.854900000000000000e+04
7.855000000000000000e+04
7.863000000000000000e+04
7.863200000000000000e+04
7.877600000000000000e+04
7.893400000000000000e+04
7.900200000000000000e+04
7.914100000000000000e+04
7.914200000000000000e+04
7.914300000000000000e+04
7.914400000000000000e+04
7.914500000000000000e+04
7.914700000000000000e+04
7.968600000000000000e+04
7.968700000000000000e+04
7.968800000000000000e+04
7.969000000000000000e+04
7.969100000000000000e+04
7.969400000000000000e+04
7.969600000000000000e+04
7.969700000000000000e+04
7.969800000000000000e+04
7.971700000000000000e+04
7.978500000000000000e+04
7.997300000000000000e+04
7.997700000000000000e+04
8.015900000000000000e+04
8.016700000000000000e+04
8.024100000000000000e+04
8.024300000000000000e+04
8.024400000000000000e+04
8.024500000000000000e+04
8.041300000000000000e+04
8.061000000000000000e+04
8.061100000000000000e+04
8.061200000000000000e+04
8.061300000000000000e+04
8.061400000000000000e+04
8.108600000000000000e+04
8.108700000000000000e+04
8.108800000000000000e+04
8.108900000000000000e+04
8.115800000000000000e+04
8.136300000000000000e+04
8.136400000000000000e+04
8.136500000000000000e+04
8.142000000000000000e+04
8.148700000000000000e+04
8.165300000000000000e+04
8.165400000000000000e+04
8.165500000000000000e+04
8.166400000000000000e+04
8.166500000000000000e+04
8.166600000000000000e+04
8.166700000000000000e+04
8.166800000000000000e+04
8.166900000000000000e+04
8.167000000000000000e+04
8.174700000000000000e+04
8.175100000000000000e+04
8.203400000000000000e+04
8.256200000000000000e+04
8.260700000000000000e+04
8.326100000000000000e+04
8.326200000000000000e+04
8.326300000000000000e+04
8.326400000000000000e+04
8.326500000000000000e+04
8.326800000000000000e+04
8.376400000000000000e+04
8.419500000000000000e+04
8.457000000000000000e+04
8.457100000000000000e+04
8.457500000000000000e+04
8.457700000000000000e+04
8.473700000000000000e+04
8.490000000000000000e+04
8.520500000000000000e+04
8.520600000000000000e+04
8.520700000000000000e+04
8.520900000000000000e+04
8.521600000000000000e+04
8.545700000000000000e+04
8.600500000000000000e+04
8.673700000000000000e+04
8.674200000000000000e+04
8.789300000000000000e+04
8.795300000000000000e+04
8.811100000000000000e+04
8.856300000000000000e+04
8.906300000000000000e+04
8.906400000000000000e+04
9.033200000000000000e+04
9.038900000000000000e+04
9.045300000000000000e+04
9.045400000000000000e+04
9.045500000000000000e+04
9.045600000000000000e+04
9.054300000000000000e+04
9.081800000000000000e+04
9.104300000000000000e+04
9.104400000000000000e+04
9.104500000000000000e+04
9.105800000000000000e+04
9.125500000000000000e+04
9.161200000000000000e+04
9.161800000000000000e+04
9.163500000000000000e+04
9.163600000000000000e+04
9.163700000000000000e+04
9.163800000000000000e+04
9.164000000000000000e+04
9.164200000000000000e+04
9.164500000000000000e+04
9.168000000000000000e+04
9.168100000000000000e+04
9.168200000000000000e+04
9.175000000000000000e+04
9.179700000000000000e+04
9.179800000000000000e+04
9.180800000000000000e+04
9.180900000000000000e+04
9.183000000000000000e+04
9.183100000000000000e+04
9.183200000000000000e+04
9.183300000000000000e+04
9.235400000000000000e+04
9.236400000000000000e+04
9.236600000000000000e+04
9.236700000000000000e+04
9.257200000000000000e+04
9.258600000000000000e+04
9.259200000000000000e+04
9.259900000000000000e+04
9.260100000000000000e+04
9.261800000000000000e+04
9.279900000000000000e+04
9.295200000000000000e+04
9.317200000000000000e+04
9.339000000000000000e+04
9.356800000000000000e+04
9.358700000000000000e+04
9.388200000000000000e+04
9.394300000000000000e+04
9.394400000000000000e+04
9.394500000000000000e+04
9.394800000000000000e+04
9.411800000000000000e+04
9.446900000000000000e+04
9.500600000000000000e+04
9.500700000000000000e+04
9.506500000000000000e+04
9.523200000000000000e+04
9.523700000000000000e+04
9.536000000000000000e+04
9.536100000000000000e+04
9.536200000000000000e+04
9.536300000000000000e+04
9.548700000000000000e+04
9.548800000000000000e+04
9.563400000000000000e+04
9.577200000000000000e+04
9.577900000000000000e+04
9.599000000000000000e+04
9.653300000000000000e+04
9.729500000000000000e+04
9.729600000000000000e+04
9.729900000000000000e+04
9.789800000000000000e+04
9.789900000000000000e+04
9.790000000000000000e+04
9.790100000000000000e+04
9.790200000000000000e+04
9.790300000000000000e+04
9.790400000000000000e+04
9.790600000000000000e+04
9.790700000000000000e+04
9.790800000000000000e+04
9.790900000000000000e+04
9.791000000000000000e+04
9.791100000000000000e+04
9.791200000000000000e+04
9.791300000000000000e+04
9.791400000000000000e+04
9.791500000000000000e+04
9.791600000000000000e+04
9.791700000000000000e+04
9.791800000000000000e+04
9.791900000000000000e+04
9.792000000000000000e+04
9.792100000000000000e+04
9.792200000000000000e+04
9.792300000000000000e+04
9.792400000000000000e+04
9.792500000000000000e+04
9.792600000000000000e+04
9.792700000000000000e+04
9.792800000000000000e+04
9.792900000000000000e+04
9.793000000000000000e+04
9.793100000000000000e+04
9.793200000000000000e+04
9.793300000000000000e+04
9.793400000000000000e+04
9.793500000000000000e+04
9.793600000000000000e+04
9.824900000000000000e+04
9.907300000000000000e+04
9.909600000000000000e+04
9.923500000000000000e+04
9.923700000000000000e+04
9.923900000000000000e+04
1.002450000000000000e+05
1.002460000000000000e+05
1.006340000000000000e+05
1.009790000000000000e+05
1.009800000000000000e+05
1.009810000000000000e+05
1.009820000000000000e+05
1.009830000000000000e+05
1.009840000000000000e+05
1.009850000000000000e+05
1.012530000000000000e+05
1.012540000000000000e+05
1.014450000000000000e+05
1.018230000000000000e+05
1.019080000000000000e+05
1.019850000000000000e+05
1.021880000000000000e+05
1.022020000000000000e+05
1.022590000000000000e+05
1.022600000000000000e+05
1.022610000000000000e+05
1.022620000000000000e+05
1.022630000000000000e+05
1.022640000000000000e+05
1.022650000000000000e+05
1.022660000000000000e+05
1.022670000000000000e+05
1.022680000000000000e+05
1.022690000000000000e+05
1.022700000000000000e+05
1.022710000000000000e+05
1.022720000000000000e+05
1.022730000000000000e+05
1.022740000000000000e+05
1.022750000000000000e+05
1.022760000000000000e+05
1.022770000000000000e+05
1.022780000000000000e+05
1.022800000000000000e+05
1.022810000000000000e+05
1.022820000000000000e+05
1.022830000000000000e+05
1.022840000000000000e+05
1.022850000000000000e+05
1.022860000000000000e+05
1.022910000000000000e+05
1.022930000000000000e+05
1.022980000000000000e+05
1.022990000000000000e+05
1.023000000000000000e+05
1.023010000000000000e+05
1.023020000000000000e+05
1.023030000000000000e+05
1.023040000000000000e+05
1.023050000000000000e+05
1.023060000000000000e+05
1.023070000000000000e+05
1.023080000000000000e+05
1.023090000000000000e+05
1.023100000000000000e+05
1.023110000000000000e+05
1.023120000000000000e+05
1.023140000000000000e+05
1.029590000000000000e+05
1.029600000000000000e+05
1.029630000000000000e+05
1.044270000000000000e+05
1.045220000000000000e+05
1.045230000000000000e+05
1.045320000000000000e+05
1.066770000000000000e+05
1.066780000000000000e+05
1.066880000000000000e+05
1.072600000000000000e+05
1.076100000000000000e+05
1.076110000000000000e+05
1.076130000000000000e+05
1.076140000000000000e+05
1.082740000000000000e+05
1.082980000000000000e+05
1.086800000000000000e+05
1.091610000000000000e+05
1.100470000000000000e+05
1.100480000000000000e+05
1.100950000000000000e+05
1.106080000000000000e+05
1.110800000000000000e+05
1.110930000000000000e+05
1.114170000000000000e+05
1.114180000000000000e+05
1.114190000000000000e+05
1.114600000000000000e+05
1.117050000000000000e+05
1.117860000000000000e+05
1.121330000000000000e+05
1.121350000000000000e+05
1.122550000000000000e+05
1.125460000000000000e+05
1.127570000000000000e+05
1.127580000000000000e+05
1.127600000000000000e+05
1.133870000000000000e+05
1.140200000000000000e+05
1.141090000000000000e+05
1.141340000000000000e+05
1.141350000000000000e+05
1.141370000000000000e+05
1.141380000000000000e+05
1.141390000000000000e+05
1.141400000000000000e+05
1.141420000000000000e+05
1.141430000000000000e+05
1.141440000000000000e+05
1.141450000000000000e+05
1.141460000000000000e+05
1.141470000000000000e+05
1.141480000000000000e+05
1.141490000000000000e+05
1.141500000000000000e+05
1.141510000000000000e+05
1.141520000000000000e+05
1.141530000000000000e+05
1.141540000000000000e+05
1.141570000000000000e+05
1.144580000000000000e+05
1.147090000000000000e+05
1.156780000000000000e+05
1.159680000000000000e+05
1.163440000000000000e+05
1.165840000000000000e+05
1.167030000000000000e+05
1.168870000000000000e+05
1.168880000000000000e+05
1.168930000000000000e+05
1.171100000000000000e+05
1.174220000000000000e+05
1.190900000000000000e+05
1.194620000000000000e+05
1.196070000000000000e+05
1.196960000000000000e+05
1.196980000000000000e+05
1.197000000000000000e+05
1.198490000000000000e+05
1.200570000000000000e+05
1.200620000000000000e+05
1.201880000000000000e+05
1.201890000000000000e+05
1.201900000000000000e+05
1.201910000000000000e+05
1.201920000000000000e+05
1.201930000000000000e+05
1.201950000000000000e+05
1.201970000000000000e+05
1.201980000000000000e+05
1.201990000000000000e+05
1.202000000000000000e+05
1.203310000000000000e+05
1.203320000000000000e+05
1.203330000000000000e+05
1.203340000000000000e+05
1.206010000000000000e+05
1.206440000000000000e+05
1.206470000000000000e+05
1.209200000000000000e+05
1.209220000000000000e+05
1.209720000000000000e+05
1.211500000000000000e+05
1.215450000000000000e+05
1.215990000000000000e+05
1.216000000000000000e+05
1.222250000000000000e+05
1.222260000000000000e+05
1.222270000000000000e+05
1.222280000000000000e+05
1.222300000000000000e+05
1.222310000000000000e+05
1.222320000000000000e+05
1.230360000000000000e+05
1.233320000000000000e+05
1.236590000000000000e+05
1.240800000000000000e+05
1.240810000000000000e+05
1.243930000000000000e+05
1.246240000000000000e+05
1.250860000000000000e+05
1.258080000000000000e+05
1.264100000000000000e+05
1.264140000000000000e+05
1.264150000000000000e+05
1.264160000000000000e+05
1.264170000000000000e+05
1.267390000000000000e+05
1.267460000000000000e+05
1.267470000000000000e+05
1.267490000000000000e+05
1.267540000000000000e+05
1.269440000000000000e+05
1.273520000000000000e+05
1.273580000000000000e+05
1.273590000000000000e+05
1.273600000000000000e+05
1.273610000000000000e+05
1.273620000000000000e+05
1.273630000000000000e+05
1.282120000000000000e+05
1.283490000000000000e+05
1.288050000000000000e+05
1.296310000000000000e+05
1.296320000000000000e+05
1.296330000000000000e+05
1.296340000000000000e+05
1.296350000000000000e+05
1.296360000000000000e+05
1.296370000000000000e+05
1.296490000000000000e+05
1.297630000000000000e+05
1.299420000000000000e+05
1.299430000000000000e+05
1.299450000000000000e+05
1.299460000000000000e+05
1.299480000000000000e+05
1.299490000000000000e+05
1.299500000000000000e+05
1.299510000000000000e+05
1.302130000000000000e+05
1.306330000000000000e+05
1.308280000000000000e+05
1.309390000000000000e+05
1.311170000000000000e+05
1.313280000000000000e+05
1.313290000000000000e+05
1.313420000000000000e+05
1.313970000000000000e+05
1.317130000000000000e+05
1.317150000000000000e+05
1.317260000000000000e+05
1.317300000000000000e+05
1.317360000000000000e+05
1.326540000000000000e+05
1.326990000000000000e+05
1.327150000000000000e+05
1.328640000000000000e+05
1.331550000000000000e+05
1.331560000000000000e+05
1.331570000000000000e+05
1.331580000000000000e+05
1.331590000000000000e+05
1.331600000000000000e+05
1.331610000000000000e+05
1.331660000000000000e+05
1.332140000000000000e+05
1.334260000000000000e+05
1.334340000000000000e+05
1.337740000000000000e+05
1.338750000000000000e+05
1.339580000000000000e+05
1.341000000000000000e+05
1.342590000000000000e+05
1.343530000000000000e+05
1.357120000000000000e+05
1.357150000000000000e+05
1.364310000000000000e+05
1.364320000000000000e+05
1.364330000000000000e+05
1.364360000000000000e+05
1.364380000000000000e+05
1.364390000000000000e+05
1.364400000000000000e+05
1.371090000000000000e+05
1.372540000000000000e+05
1.372550000000000000e+05
1.372570000000000000e+05
1.372590000000000000e+05
1.372600000000000000e+05
1.372610000000000000e+05
1.372620000000000000e+05
1.372630000000000000e+05
1.372640000000000000e+05
1.372650000000000000e+05
1.372660000000000000e+05
1.372670000000000000e+05
1.372680000000000000e+05
1.372690000000000000e+05
1.372700000000000000e+05
1.372710000000000000e+05
1.374550000000000000e+05
1.374570000000000000e+05
1.377840000000000000e+05
1.377850000000000000e+05
1.385670000000000000e+05
1.386690000000000000e+05
1.386720000000000000e+05
1.387610000000000000e+05
1.391160000000000000e+05
1.391350000000000000e+05
1.402820000000000000e+05
1.403340000000000000e+05
1.409290000000000000e+05
1.416740000000000000e+05
1.417880000000000000e+05
1.421420000000000000e+05
1.422180000000000000e+05
1.422390000000000000e+05
1.423340000000000000e+05
1.426640000000000000e+05
1.427190000000000000e+05
1.427210000000000000e+05
1.427220000000000000e+05
1.428700000000000000e+05
1.431080000000000000e+05
1.431590000000000000e+05
1.431610000000000000e+05
1.431620000000000000e+05
1.431630000000000000e+05
1.433170000000000000e+05
1.436420000000000000e+05
1.437040000000000000e+05
1.437580000000000000e+05
1.439540000000000000e+05
1.440890000000000000e+05
1.443290000000000000e+05
1.446060000000000000e+05
1.446130000000000000e+05
1.446140000000000000e+05
1.446150000000000000e+05
1.449220000000000000e+05
1.449330000000000000e+05
1.449950000000000000e+05
1.461800000000000000e+05
1.462730000000000000e+05
1.463070000000000000e+05
1.464700000000000000e+05
1.467290000000000000e+05
1.474400000000000000e+05
1.474410000000000000e+05
1.474790000000000000e+05
1.474800000000000000e+05
1.474810000000000000e+05
1.475150000000000000e+05
1.475170000000000000e+05
1.484010000000000000e+05
1.484020000000000000e+05
1.487330000000000000e+05
1.488380000000000000e+05
1.489980000000000000e+05
1.490000000000000000e+05
1.490010000000000000e+05
1.490440000000000000e+05
1.492290000000000000e+05
1.493100000000000000e+05
1.493110000000000000e+05
1.493120000000000000e+05
1.493130000000000000e+05
1.493140000000000000e+05
1.493150000000000000e+05
1.493160000000000000e+05
1.493170000000000000e+05
1.493180000000000000e+05
1.493190000000000000e+05
1.493200000000000000e+05
1.493210000000000000e+05
1.493220000000000000e+05
1.493230000000000000e+05
1.493240000000000000e+05
1.493250000000000000e+05
1.493260000000000000e+05
1.494220000000000000e+05
1.494750000000000000e+05
1.496320000000000000e+05
1.496390000000000000e+05
1.496400000000000000e+05
1.499240000000000000e+05
1.503430000000000000e+05
1.504860000000000000e+05
1.505170000000000000e+05
1.505230000000000000e+05
1.505960000000000000e+05
1.513040000000000000e+05
1.515780000000000000e+05
1.516210000000000000e+05
1.516670000000000000e+05
1.518280000000000000e+05
1.519660000000000000e+05
1.519710000000000000e+05
1.522730000000000000e+05
1.526220000000000000e+05
1.529450000000000000e+05
1.529460000000000000e+05
1.529480000000000000e+05
1.529500000000000000e+05
1.529950000000000000e+05
1.530310000000000000e+05
1.531840000000000000e+05
1.531860000000000000e+05
1.531870000000000000e+05
1.531880000000000000e+05
1.531890000000000000e+05
1.531900000000000000e+05
1.531910000000000000e+05
1.531920000000000000e+05
1.531930000000000000e+05
1.531950000000000000e+05
1.531990000000000000e+05
1.532000000000000000e+05
1.533030000000000000e+05
1.538750000000000000e+05
1.541980000000000000e+05
1.541990000000000000e+05
1.542010000000000000e+05
1.542240000000000000e+05
1.545140000000000000e+05
1.545330000000000000e+05
1.545510000000000000e+05
1.547470000000000000e+05
1.548340000000000000e+05
1.549700000000000000e+05
1.549710000000000000e+05
1.549720000000000000e+05
1.549730000000000000e+05
1.549740000000000000e+05
1.551490000000000000e+05
1.551510000000000000e+05
1.551520000000000000e+05
1.551850000000000000e+05
1.553680000000000000e+05
1.553690000000000000e+05
1.553700000000000000e+05
1.553710000000000000e+05
1.557130000000000000e+05
1.557140000000000000e+05
1.560320000000000000e+05
1.563330000000000000e+05
1.565250000000000000e+05
1.566120000000000000e+05
1.566980000000000000e+05
1.566990000000000000e+05
1.567000000000000000e+05
1.567010000000000000e+05
1.568430000000000000e+05
1.576220000000000000e+05
1.576800000000000000e+05
1.576890000000000000e+05
1.576920000000000000e+05
1.578160000000000000e+05
1.583660000000000000e+05
1.589230000000000000e+05
1.591440000000000000e+05
1.591800000000000000e+05
1.592400000000000000e+05
1.592420000000000000e+05
1.592430000000000000e+05
1.592460000000000000e+05
1.592500000000000000e+05
1.592580000000000000e+05
1.593120000000000000e+05
1.594740000000000000e+05
1.595250000000000000e+05
1.598110000000000000e+05
1.598470000000000000e+05
1.599240000000000000e+05
1.600120000000000000e+05
1.602360000000000000e+05
1.602370000000000000e+05
1.606010000000000000e+05
1.606020000000000000e+05
1.606040000000000000e+05
1.606050000000000000e+05
1.608520000000000000e+05
1.609470000000000000e+05
1.609480000000000000e+05
1.609520000000000000e+05
1.614830000000000000e+05
1.615340000000000000e+05
1.615750000000000000e+05
1.616210000000000000e+05
1.616220000000000000e+05
1.616320000000000000e+05
1.616530000000000000e+05
1.616750000000000000e+05
1.616760000000000000e+05
1.616770000000000000e+05
1.617680000000000000e+05
1.621430000000000000e+05
1.626000000000000000e+05
1.626210000000000000e+05
1.629610000000000000e+05
1.630140000000000000e+05
1.630150000000000000e+05
1.630160000000000000e+05
1.632030000000000000e+05
1.632780000000000000e+05
1.633400000000000000e+05
1.636470000000000000e+05
1.638570000000000000e+05
1.638580000000000000e+05
1.642470000000000000e+05
1.642620000000000000e+05
1.643370000000000000e+05
1.643720000000000000e+05
1.644430000000000000e+05
1.649300000000000000e+05
1.649690000000000000e+05
1.649720000000000000e+05
1.651560000000000000e+05
1.652840000000000000e+05
1.653970000000000000e+05
1.654800000000000000e+05
1.654810000000000000e+05
1.654830000000000000e+05
1.656190000000000000e+05
1.656800000000000000e+05
1.656810000000000000e+05
1.656900000000000000e+05
1.658680000000000000e+05
1.661590000000000000e+05
1.661600000000000000e+05
1.666690000000000000e+05
1.669710000000000000e+05
1.669720000000000000e+05
1.672130000000000000e+05
1.672140000000000000e+05
1.672160000000000000e+05
1.673610000000000000e+05
1.680570000000000000e+05
1.680580000000000000e+05
1.681210000000000000e+05
1.681270000000000000e+05
1.681530000000000000e+05
1.682010000000000000e+05
1.682250000000000000e+05
1.682260000000000000e+05
1.682270000000000000e+05
1.684340000000000000e+05
1.686410000000000000e+05
1.686420000000000000e+05
1.690490000000000000e+05
1.690830000000000000e+05
1.692200000000000000e+05
1.698610000000000000e+05
1.701570000000000000e+05
1.701600000000000000e+05
1.703610000000000000e+05
1.703640000000000000e+05
1.703650000000000000e+05
1.703660000000000000e+05
1.703670000000000000e+05
1.703680000000000000e+05
1.703690000000000000e+05
1.703700000000000000e+05
1.703710000000000000e+05
1.703720000000000000e+05
1.703730000000000000e+05
1.703740000000000000e+05
1.703750000000000000e+05
1.703790000000000000e+05
1.707000000000000000e+05
1.708540000000000000e+05
1.710740000000000000e+05
1.710750000000000000e+05
1.710770000000000000e+05
1.712560000000000000e+05
1.717720000000000000e+05
1.723320000000000000e+05
1.730350000000000000e+05
