6.400000000000000000e+01
1.350000000000000000e+02
8.850000000000000000e+02
1.350000000000000000e+03
1.794000000000000000e+03
2.094000000000000000e+03
2.279000000000000000e+03
2.280000000000000000e+03
2.282000000000000000e+03
2.283000000000000000e+03
2.284000000000000000e+03
2.285000000000000000e+03
2.286000000000000000e+03
2.287000000000000000e+03
2.288000000000000000e+03
2.289000000000000000e+03
2.358000000000000000e+03
2.420000000000000000e+03
2.524000000000000000e+03
2.525000000000000000e+03
2.974000000000000000e+03
3.108000000000000000e+03
3.608000000000000000e+03
3.609000000000000000e+03
3.617000000000000000e+03
3.806000000000000000e+03
4.279000000000000000e+03
4.283000000000000000e+03
4.285000000000000000e+03
4.288000000000000000e+03
4.290000000000000000e+03
4.291000000000000000e+03
4.292000000000000000e+03
4.601000000000000000e+03
6.120000000000000000e+03
6.212000000000000000e+03
6.215000000000000000e+03
6.216000000000000000e+03
6.325000000000000000e+03
6.326000000000000000e+03
6.327000000000000000e+03
6.328000000000000000e+03
6.329000000000000000e+03
6.330000000000000000e+03
6.389000000000000000e+03
6.391000000000000000e+03
6.609000000000000000e+03
6.611000000000000000e+03
6.612000000000000000e+03
6.613000000000000000e+03
6.614000000000000000e+03
6.615000000000000000e+03
6.616000000000000000e+03
6.617000000000000000e+03
6.618000000000000000e+03
6.619000000000000000e+03
6.620000000000000000e+03
6.621000000000000000e+03
6.622000000000000000e+03
6.623000000000000000e+03
6.624000000000000000e+03
6.669000000000000000e+03
6.671000000000000000e+03
6.755000000000000000e+03
6.759000000000000000e+03
6.760000000000000000e+03
6.762000000000000000e+03
6.763000000000000000e+03
6.765000000000000000e+03
6.767000000000000000e+03
6.768000000000000000e+03
6.770000000000000000e+03
6.777000000000000000e+03
6.779000000000000000e+03
6.780000000000000000e+03
6.781000000000000000e+03
6.784000000000000000e+03
6.788000000000000000e+03
7.210000000000000000e+03
7.211000000000000000e+03
7.267000000000000000e+03
7.272000000000000000e+03
7.286000000000000000e+03
7.304000000000000000e+03
7.305000000000000000e+03
7.306000000000000000e+03
7.307000000000000000e+03
7.308000000000000000e+03
7.309000000000000000e+03
7.311000000000000000e+03
7.691000000000000000e+03
7.754000000000000000e+03
7.762000000000000000e+03
7.774000000000000000e+03
7.833000000000000000e+03
7.859000000000000000e+03
7.917000000000000000e+03
8.534000000000000000e+03
8.535000000000000000e+03
8.536000000000000000e+03
8.555000000000000000e+03
9.664000000000000000e+03
9.665000000000000000e+03
9.667000000000000000e+03
9.668000000000000000e+03
9.804000000000000000e+03
9.812000000000000000e+03
9.884000000000000000e+03
1.041800000000000000e+04
1.070800000000000000e+04
1.070900000000000000e+04
1.071000000000000000e+04
1.091800000000000000e+04
1.091900000000000000e+04
1.092000000000000000e+04
1.217400000000000000e+04
1.217500000000000000e+04
1.229900000000000000e+04
1.230000000000000000e+04
1.230500000000000000e+04
1.230800000000000000e+04
1.230900000000000000e+04
1.249300000000000000e+04
1.249400000000000000e+04
1.279800000000000000e+04
1.279900000000000000e+04
1.280000000000000000e+04
1.280500000000000000e+04
1.284400000000000000e+04
1.331500000000000000e+04
1.387600000000000000e+04
1.393500000000000000e+04
1.395100000000000000e+04
1.396400000000000000e+04
1.400200000000000000e+04
1.406000000000000000e+04
1.407300000000000000e+04
1.411900000000000000e+04
1.415100000000000000e+04
1.415400000000000000e+04
1.415500000000000000e+04
1.446400000000000000e+04
1.449100000000000000e+04
1.478200000000000000e+04
1.478300000000000000e+04
1.478500000000000000e+04
1.478600000000000000e+04
1.560600000000000000e+04
1.568800000000000000e+04
1.587400000000000000e+04
1.587500000000000000e+04
1.587600000000000000e+04
1.587700000000000000e+04
1.674600000000000000e+04
1.777300000000000000e+04
1.778900000000000000e+04
1.805800000000000000e+04
1.808100000000000000e+04
1.814200000000000000e+04
1.814600000000000000e+04
1.815000000000000000e+04
1.815100000000000000e+04
1.816200000000000000e+04
1.816300000000000000e+04
1.816400000000000000e+04
1.816500000000000000e+04
1.817000000000000000e+04
1.817200000000000000e+04
1.817300000000000000e+04
1.817400000000000000e+04
1.817500000000000000e+04
1.817600000000000000e+04
1.817700000000000000e+04
1.817800000000000000e+04
1.817900000000000000e+04
1.818000000000000000e+04
1.818100000000000000e+04
1.823000000000000000e+04
1.823100000000000000e+04
1.823200000000000000e+04
1.823300000000000000e+04
1.823600000000000000e+04
1.838700000000000000e+04
1.844800000000000000e+04
1.844900000000000000e+04
1.845000000000000000e+04
1.845100000000000000e+04
1.845200000000000000e+04
1.845300000000000000e+04
1.845500000000000000e+04
1.845600000000000000e+04
1.846000000000000000e+04
1.846100000000000000e+04
1.846300000000000000e+04
1.846400000000000000e+04
1.900400000000000000e+04
1.901900000000000000e+04
1.944400000000000000e+04
1.944500000000000000e+04
1.954400000000000000e+04
1.954600000000000000e+04
1.954900000000000000e+04
1.955200000000000000e+04
1.955300000000000000e+04
1.955600000000000000e+04
1.959400000000000000e+04
1.973500000000000000e+04
1.983500000000000000e+04
2.009200000000000000e+04
2.032400000000000000e+04
2.108800000000000000e+04
2.108900000000000000e+04
2.109300000000000000e+04
2.131400000000000000e+04
2.154500000000000000e+04
2.216100000000000000e+04
2.216200000000000000e+04
2.228200000000000000e+04
2.228300000000000000e+04
2.268200000000000000e+04
2.268400000000000000e+04
2.268500000000000000e+04
2.268700000000000000e+04
2.269800000000000000e+04
2.270100000000000000e+04
2.270200000000000000e+04
2.270300000000000000e+04
2.270400000000000000e+04
2.270500000000000000e+04
2.270600000000000000e+04
2.280400000000000000e+04
2.280500000000000000e+04
2.281500000000000000e+04
2.288700000000000000e+04
2.311200000000000000e+04
2.319400000000000000e+04
2.319700000000000000e+04
2.384100000000000000e+04
2.396700000000000000e+04
2.397000000000000000e+04
2.397200000000000000e+04
2.397500000000000000e+04
2.397600000000000000e+04
2.397900000000000000e+04
2.398000000000000000e+04
2.398100000000000000e+04
2.398200000000000000e+04
2.398300000000000000e+04
2.398400000000000000e+04
2.398500000000000000e+04
2.398600000000000000e+04
2.398800000000000000e+04
2.398900000000000000e+04
2.399000000000000000e+04
2.399100000000000000e+04
2.433500000000000000e+04
2.433600000000000000e+04
2.433700000000000000e+04
2.433800000000000000e+04
2.433900000000000000e+04
2.434100000000000000e+04
2.450400000000000000e+04
2.450500000000000000e+04
2.465100000000000000e+04
2.465700000000000000e+04
2.477400000000000000e+04
2.484500000000000000e+04
2.489700000000000000e+04
2.490400000000000000e+04
2.490600000000000000e+04
2.490900000000000000e+04
2.515100000000000000e+04
2.576400000000000000e+04
2.625100000000000000e+04
2.625400000000000000e+04
2.625900000000000000e+04
2.626000000000000000e+04
2.632700000000000000e+04
2.662400000000000000e+04
2.662700000000000000e+04
2.673300000000000000e+04
2.679600000000000000e+04
2.679800000000000000e+04
2.688300000000000000e+04
2.692300000000000000e+04
2.705400000000000000e+04
2.750600000000000000e+04
2.810400000000000000e+04
2.810500000000000000e+04
2.810700000000000000e+04
2.810800000000000000e+04
2.811100000000000000e+04
2.845100000000000000e+04
2.846800000000000000e+04
2.876400000000000000e+04
2.881500000000000000e+04
2.883800000000000000e+04
2.883900000000000000e+04
2.884400000000000000e+04
2.887500000000000000e+04
2.887600000000000000e+04
2.887900000000000000e+04
2.957000000000000000e+04
2.984500000000000000e+04
2.989600000000000000e+04
2.990600000000000000e+04
3.010200000000000000e+04
3.037300000000000000e+04
3.048900000000000000e+04
3.050900000000000000e+04
3.068500000000000000e+04
3.068900000000000000e+04
3.071400000000000000e+04
3.071500000000000000e+04
3.077400000000000000e+04
3.088200000000000000e+04
3.097500000000000000e+04
3.102000000000000000e+04
3.113600000000000000e+04
3.139200000000000000e+04
3.200600000000000000e+04
3.203700000000000000e+04
3.235400000000000000e+04
3.237600000000000000e+04
3.253300000000000000e+04
3.271600000000000000e+04
3.271900000000000000e+04
3.272100000000000000e+04
3.288300000000000000e+04
3.289100000000000000e+04
3.327600000000000000e+04
3.328800000000000000e+04
3.341100000000000000e+04
3.370200000000000000e+04
3.421700000000000000e+04
3.424000000000000000e+04
3.445000000000000000e+04
3.464800000000000000e+04
3.489400000000000000e+04
3.576200000000000000e+04
3.579700000000000000e+04
3.580400000000000000e+04
3.625400000000000000e+04
3.654600000000000000e+04
3.665300000000000000e+04
3.666000000000000000e+04
3.666200000000000000e+04
3.666400000000000000e+04
3.666500000000000000e+04
3.666800000000000000e+04
3.670300000000000000e+04
3.671600000000000000e+04
3.676900000000000000e+04
3.681100000000000000e+04
3.681200000000000000e+04
3.697600000000000000e+04
3.697700000000000000e+04
3.699500000000000000e+04
3.701900000000000000e+04
3.702100000000000000e+04
3.702200000000000000e+04
3.702400000000000000e+04
3.702600000000000000e+04
3.702700000000000000e+04
3.702800000000000000e+04
3.702900000000000000e+04
3.703000000000000000e+04
3.738900000000000000e+04
3.739400000000000000e+04
3.740000000000000000e+04
3.741700000000000000e+04
3.742700000000000000e+04
3.743300000000000000e+04
3.744700000000000000e+04
3.748200000000000000e+04
3.749300000000000000e+04
3.749500000000000000e+04
3.749600000000000000e+04
3.755100000000000000e+04
3.773300000000000000e+04
3.788600000000000000e+04
3.788800000000000000e+04
3.813400000000000000e+04
3.813500000000000000e+04
3.823200000000000000e+04
3.824100000000000000e+04
3.824700000000000000e+04
3.837300000000000000e+04
3.850600000000000000e+04
3.889500000000000000e+04
3.889700000000000000e+04
3.918700000000000000e+04
3.968500000000000000e+04
3.968600000000000000e+04
3.979200000000000000e+04
3.983200000000000000e+04
4.007900000000000000e+04
4.008000000000000000e+04
4.008400000000000000e+04
4.008700000000000000e+04
4.008800000000000000e+04
4.008900000000000000e+04
4.013800000000000000e+04
4.015100000000000000e+04
4.016300000000000000e+04
4.029000000000000000e+04
4.032200000000000000e+04
4.042900000000000000e+04
4.081100000000000000e+04
4.081200000000000000e+04
4.081300000000000000e+04
4.081400000000000000e+04
4.108100000000000000e+04
4.109000000000000000e+04
4.110500000000000000e+04
4.192600000000000000e+04
4.202700000000000000e+04
4.207900000000000000e+04
4.230700000000000000e+04
4.249600000000000000e+04
4.263300000000000000e+04
4.263800000000000000e+04
4.292900000000000000e+04
4.293000000000000000e+04
4.293100000000000000e+04
4.311700000000000000e+04
4.349800000000000000e+04
4.379100000000000000e+04
4.404600000000000000e+04
4.404700000000000000e+04
4.453800000000000000e+04
4.457900000000000000e+04
4.466100000000000000e+04
4.566300000000000000e+04
4.566400000000000000e+04
4.641100000000000000e+04
4.644100000000000000e+04
4.654700000000000000e+04
4.658100000000000000e+04
4.661100000000000000e+04
4.710400000000000000e+04
4.712200000000000000e+04
4.757800000000000000e+04
4.800800000000000000e+04
4.844600000000000000e+04
4.844800000000000000e+04
4.883700000000000000e+04
4.914900000000000000e+04
4.921400000000000000e+04
4.922100000000000000e+04
4.934300000000000000e+04
4.937500000000000000e+04
4.969900000000000000e+04
4.972300000000000000e+04
4.972500000000000000e+04
4.972800000000000000e+04
4.972900000000000000e+04
4.973000000000000000e+04
4.973800000000000000e+04
4.973900000000000000e+04
4.977000000000000000e+04
4.977100000000000000e+04
4.977200000000000000e+04
4.977300000000000000e+04
5.003400000000000000e+04
5.003500000000000000e+04
5.010800000000000000e+04
5.010900000000000000e+04
5.011000000000000000e+04
5.011100000000000000e+04
5.012700000000000000e+04
5.013300000000000000e+04
5.013400000000000000e+04
5.015900000000000000e+04
5.016000000000000000e+04
5.016100000000000000e+04
5.016300000000000000e+04
5.038600000000000000e+04
5.038700000000000000e+04
5.038800000000000000e+04
5.064000000000000000e+04
5.099900000000000000e+04
5.100100000000000000e+04
5.102400000000000000e+04
5.102500000000000000e+04
5.103200000000000000e+04
5.113200000000000000e+04
5.119300000000000000e+04
5.184900000000000000e+04
5.185100000000000000e+04
5.185300000000000000e+04
5.195200000000000000e+04
5.269900000000000000e+04
5.270100000000000000e+04
5.287100000000000000e+04
5.316200000000000000e+04
5.415100000000000000e+04
5.468900000000000000e+04
5.469000000000000000e+04
5.472700000000000000e+04
5.472900000000000000e+04
5.491600000000000000e+04
5.552700000000000000e+04
5.571300000000000000e+04
5.608900000000000000e+04
5.633000000000000000e+04
5.679200000000000000e+04
5.679400000000000000e+04
5.680200000000000000e+04
5.680300000000000000e+04
5.680400000000000000e+04
5.681500000000000000e+04
5.754400000000000000e+04
5.754500000000000000e+04
5.755100000000000000e+04
5.755400000000000000e+04
5.762600000000000000e+04
5.762700000000000000e+04
5.792300000000000000e+04
5.888700000000000000e+04
5.888800000000000000e+04
5.892000000000000000e+04
5.895700000000000000e+04
5.925500000000000000e+04
6.005800000000000000e+04
6.103700000000000000e+04
6.213000000000000000e+04
6.253900000000000000e+04
6.260900000000000000e+04
6.285500000000000000e+04
6.388800000000000000e+04
6.389700000000000000e+04
6.389900000000000000e+04
6.390000000000000000e+04
6.390200000000000000e+04
6.446200000000000000e+04
6.469600000000000000e+04
6.476400000000000000e+04
6.490600000000000000e+04
6.498700000000000000e+04
6.510500000000000000e+04
6.523700000000000000e+04
6.538100000000000000e+04
6.560300000000000000e+04
6.609100000000000000e+04
6.684200000000000000e+04
6.699200000000000000e+04
6.699500000000000000e+04
6.712900000000000000e+04
6.713000000000000000e+04
6.713100000000000000e+04
6.713200000000000000e+04
6.743300000000000000e+04
6.754800000000000000e+04
6.755000000000000000e+04
6.782200000000000000e+04
6.783200000000000000e+04
6.783300000000000000e+04
6.783400000000000000e+04
6.793300000000000000e+04
6.793400000000000000e+04
6.797700000000000000e+04
6.807700000000000000e+04
6.827800000000000000e+04
6.902400000000000000e+04
6.907100000000000000e+04
6.948500000000000000e+04
6.948800000000000000e+04
6.949300000000000000e+04
7.032200000000000000e+04
7.037200000000000000e+04
7.055200000000000000e+04
7.055500000000000000e+04
7.066700000000000000e+04
7.092700000000000000e+04
7.093100000000000000e+04
7.093600000000000000e+04
7.094200000000000000e+04
7.094400000000000000e+04
7.128200000000000000e+04
7.129900000000000000e+04
7.150600000000000000e+04
7.150700000000000000e+04
7.150800000000000000e+04
7.180100000000000000e+04
7.180200000000000000e+04
7.190000000000000000e+04
7.190100000000000000e+04
7.239400000000000000e+04
7.256300000000000000e+04
7.372100000000000000e+04
7.405900000000000000e+04
7.441800000000000000e+04
7.451000000000000000e+04
7.451500000000000000e+04
7.488100000000000000e+04
7.545900000000000000e+04
7.546100000000000000e+04
7.546200000000000000e+04
7.547400000000000000e+04
7.547500000000000000e+04
7.581800000000000000e+04
7.581900000000000000e+04
7.583900000000000000e+04
7.585800000000000000e+04
7.586000000000000000e+04
7.594700000000000000e+04
7.596900000000000000e+04
7.597000000000000000e+04
7.606200000000000000e+04
7.607200000000000000e+04
7.607300000000000000e+04
7.607400000000000000e+04
7.762900000000000000e+04
7.818500000000000000e+04
7.850300000000000000e+04
7.865600000000000000e+04
7.865700000000000000e+04
7.871300000000000000e+04
7.886600000000000000e+04
7.887000000000000000e+04
7.889400000000000000e+04
7.911900000000000000e+04
7.912000000000000000e+04
7.912100000000000000e+04
7.912200000000000000e+04
7.912300000000000000e+04
7.922700000000000000e+04
7.922800000000000000e+04
7.922900000000000000e+04
7.923000000000000000e+04
7.923100000000000000e+04
7.923200000000000000e+04
7.924900000000000000e+04
7.986400000000000000e+04
8.163100000000000000e+04
8.208300000000000000e+04
8.215700000000000000e+04
8.224200000000000000e+04
8.232000000000000000e+04
8.235500000000000000e+04
8.262700000000000000e+04
8.264100000000000000e+04
8.303000000000000000e+04
8.335500000000000000e+04
8.549000000000000000e+04
8.549100000000000000e+04
8.549200000000000000e+04
8.549300000000000000e+04
8.549400000000000000e+04
8.549600000000000000e+04
8.549700000000000000e+04
8.549800000000000000e+04
8.549900000000000000e+04
8.550000000000000000e+04
8.550100000000000000e+04
8.550200000000000000e+04
8.554800000000000000e+04
8.623900000000000000e+04
8.624000000000000000e+04
8.634400000000000000e+04
8.634600000000000000e+04
8.658100000000000000e+04
8.692200000000000000e+04
8.744300000000000000e+04
8.744600000000000000e+04
8.744700000000000000e+04
8.744800000000000000e+04
8.744900000000000000e+04
8.883600000000000000e+04
8.888400000000000000e+04
8.937500000000000000e+04
8.937600000000000000e+04
9.010200000000000000e+04
9.015800000000000000e+04
9.029800000000000000e+04
9.030100000000000000e+04
9.080300000000000000e+04
9.088000000000000000e+04
9.104800000000000000e+04
9.104900000000000000e+04
9.115400000000000000e+04
9.164600000000000000e+04
9.168500000000000000e+04
9.225500000000000000e+04
9.227300000000000000e+04
9.230100000000000000e+04
9.230200000000000000e+04
9.230900000000000000e+04
9.231100000000000000e+04
9.236900000000000000e+04
9.245300000000000000e+04
9.246300000000000000e+04
9.288500000000000000e+04
9.345200000000000000e+04
9.409800000000000000e+04
9.409900000000000000e+04
9.410000000000000000e+04
9.410100000000000000e+04
9.410200000000000000e+04
9.410300000000000000e+04
9.421600000000000000e+04
9.455100000000000000e+04
9.455300000000000000e+04
9.480100000000000000e+04
9.480200000000000000e+04
9.488000000000000000e+04
9.517200000000000000e+04
9.520700000000000000e+04
9.575000000000000000e+04
9.575100000000000000e+04
9.575800000000000000e+04
9.579700000000000000e+04
9.669600000000000000e+04
9.691400000000000000e+04
9.691500000000000000e+04
9.691600000000000000e+04
9.691700000000000000e+04
9.691800000000000000e+04
9.691900000000000000e+04
9.692000000000000000e+04
9.692100000000000000e+04
9.692200000000000000e+04
9.692300000000000000e+04
9.692400000000000000e+04
9.692500000000000000e+04
9.692600000000000000e+04
9.692700000000000000e+04
9.692800000000000000e+04
9.692900000000000000e+04
9.693000000000000000e+04
9.693100000000000000e+04
9.693200000000000000e+04
9.730900000000000000e+04
9.753700000000000000e+04
9.775600000000000000e+04
9.775800000000000000e+04
9.775900000000000000e+04
9.777100000000000000e+04
9.825200000000000000e+04
9.825400000000000000e+04
9.834300000000000000e+04
9.850200000000000000e+04
9.850400000000000000e+04
9.854300000000000000e+04
9.893800000000000000e+04
9.901400000000000000e+04
9.907600000000000000e+04
9.960600000000000000e+04
9.965200000000000000e+04
9.965300000000000000e+04
9.965400000000000000e+04
9.965700000000000000e+04
9.966000000000000000e+04
9.966100000000000000e+04
9.966200000000000000e+04
9.966300000000000000e+04
9.966400000000000000e+04
9.966500000000000000e+04
9.966600000000000000e+04
9.994200000000000000e+04
9.995500000000000000e+04
9.997500000000000000e+04
1.002200000000000000e+05
1.002490000000000000e+05
1.002500000000000000e+05
1.002520000000000000e+05
1.003210000000000000e+05
1.003240000000000000e+05
1.003540000000000000e+05
1.004160000000000000e+05
1.004250000000000000e+05
1.004270000000000000e+05
1.004350000000000000e+05
1.004690000000000000e+05
1.005140000000000000e+05
1.005410000000000000e+05
1.005430000000000000e+05
1.005450000000000000e+05
1.005460000000000000e+05
1.005480000000000000e+05
1.006470000000000000e+05
1.007200000000000000e+05
1.008730000000000000e+05
1.008770000000000000e+05
1.008840000000000000e+05
1.011650000000000000e+05
1.014370000000000000e+05
1.014380000000000000e+05
1.015910000000000000e+05
1.019270000000000000e+05
1.032240000000000000e+05
1.046270000000000000e+05
1.048870000000000000e+05
1.050140000000000000e+05
1.050170000000000000e+05
1.050200000000000000e+05
1.051990000000000000e+05
1.053820000000000000e+05
1.053830000000000000e+05
1.057480000000000000e+05
1.059630000000000000e+05
1.059640000000000000e+05
1.060050000000000000e+05
1.075010000000000000e+05
1.080930000000000000e+05
1.083300000000000000e+05
1.083310000000000000e+05
1.090210000000000000e+05
1.090250000000000000e+05
1.090650000000000000e+05
1.091150000000000000e+05
1.093470000000000000e+05
1.095330000000000000e+05
1.095350000000000000e+05
1.095460000000000000e+05
1.095470000000000000e+05
1.097320000000000000e+05
1.099350000000000000e+05
1.100190000000000000e+05
1.101860000000000000e+05
1.109290000000000000e+05
1.109450000000000000e+05
1.115600000000000000e+05
1.118860000000000000e+05
1.120890000000000000e+05
1.120960000000000000e+05
1.120970000000000000e+05
1.120990000000000000e+05
1.121250000000000000e+05
1.121270000000000000e+05
1.121280000000000000e+05
1.121440000000000000e+05
1.121450000000000000e+05
1.122150000000000000e+05
1.122920000000000000e+05
1.126060000000000000e+05
1.126080000000000000e+05
1.126090000000000000e+05
1.126310000000000000e+05
1.126330000000000000e+05
1.126530000000000000e+05
1.130900000000000000e+05
1.147920000000000000e+05
1.148410000000000000e+05
1.148440000000000000e+05
1.151680000000000000e+05
1.152460000000000000e+05
1.157460000000000000e+05
1.158370000000000000e+05
1.158430000000000000e+05
1.161100000000000000e+05
1.161300000000000000e+05
1.161770000000000000e+05
1.165680000000000000e+05
1.166780000000000000e+05
1.167300000000000000e+05
1.168100000000000000e+05
1.172040000000000000e+05
1.172110000000000000e+05
1.173880000000000000e+05
1.173890000000000000e+05
1.175070000000000000e+05
1.176040000000000000e+05
1.176650000000000000e+05
1.176890000000000000e+05
1.177130000000000000e+05
1.177840000000000000e+05
1.177850000000000000e+05
1.177880000000000000e+05
1.177990000000000000e+05
1.179970000000000000e+05
1.180120000000000000e+05
1.180180000000000000e+05
1.180210000000000000e+05
1.180480000000000000e+05
1.180490000000000000e+05
1.180590000000000000e+05
1.180620000000000000e+05
1.180640000000000000e+05
1.180650000000000000e+05
1.180660000000000000e+05
1.180670000000000000e+05
1.181380000000000000e+05
1.182650000000000000e+05
1.186190000000000000e+05
1.190250000000000000e+05
1.190380000000000000e+05
1.193090000000000000e+05
1.194950000000000000e+05
1.195350000000000000e+05
1.195460000000000000e+05
1.208790000000000000e+05
1.216370000000000000e+05
1.216450000000000000e+05
1.217130000000000000e+05
1.217140000000000000e+05
1.217150000000000000e+05
1.233210000000000000e+05
1.233220000000000000e+05
1.233230000000000000e+05
1.234010000000000000e+05
1.234020000000000000e+05
1.234060000000000000e+05
1.234090000000000000e+05
1.234110000000000000e+05
1.236740000000000000e+05
1.240120000000000000e+05
1.240140000000000000e+05
1.240220000000000000e+05
1.250650000000000000e+05
1.250660000000000000e+05
1.250670000000000000e+05
1.250690000000000000e+05
1.250700000000000000e+05
1.252480000000000000e+05
1.254480000000000000e+05
1.254650000000000000e+05
1.260980000000000000e+05
1.261750000000000000e+05
1.263250000000000000e+05
1.263260000000000000e+05
1.263270000000000000e+05
1.265650000000000000e+05
1.267190000000000000e+05
1.268390000000000000e+05
1.270750000000000000e+05
1.271270000000000000e+05
1.275290000000000000e+05
1.275620000000000000e+05
1.278500000000000000e+05
1.279780000000000000e+05
1.279790000000000000e+05
1.279800000000000000e+05
1.287560000000000000e+05
1.287570000000000000e+05
1.290020000000000000e+05
1.294990000000000000e+05
1.296170000000000000e+05
1.296180000000000000e+05
1.296240000000000000e+05
1.296260000000000000e+05
1.300150000000000000e+05
1.300530000000000000e+05
1.302250000000000000e+05
1.303760000000000000e+05
1.303780000000000000e+05
1.303980000000000000e+05
1.304420000000000000e+05
1.304550000000000000e+05
1.304580000000000000e+05
1.307770000000000000e+05
1.307780000000000000e+05
1.307790000000000000e+05
1.309090000000000000e+05
1.310710000000000000e+05
1.312080000000000000e+05
1.312100000000000000e+05
1.321700000000000000e+05
1.323940000000000000e+05
1.326130000000000000e+05
1.326150000000000000e+05
1.330020000000000000e+05
1.332240000000000000e+05
1.333350000000000000e+05
1.335850000000000000e+05
1.335870000000000000e+05
1.335890000000000000e+05
1.336550000000000000e+05
1.339590000000000000e+05
1.339600000000000000e+05
1.341910000000000000e+05
1.343500000000000000e+05
1.345090000000000000e+05
1.347800000000000000e+05
1.348600000000000000e+05
1.350850000000000000e+05
1.354450000000000000e+05
1.355180000000000000e+05
1.355420000000000000e+05
1.355430000000000000e+05
1.355440000000000000e+05
1.355450000000000000e+05
1.357650000000000000e+05
1.358240000000000000e+05
1.363470000000000000e+05
1.364660000000000000e+05
1.368160000000000000e+05
1.375890000000000000e+05
1.376480000000000000e+05
1.390060000000000000e+05
1.390070000000000000e+05
1.390080000000000000e+05
1.390500000000000000e+05
1.392260000000000000e+05
1.393950000000000000e+05
1.398910000000000000e+05
1.409670000000000000e+05
1.409940000000000000e+05
1.410550000000000000e+05
1.418720000000000000e+05
1.418740000000000000e+05
1.422880000000000000e+05
1.432600000000000000e+05
1.439860000000000000e+05
1.439870000000000000e+05
1.439890000000000000e+05
1.439900000000000000e+05
1.439910000000000000e+05
1.439940000000000000e+05
1.439960000000000000e+05
1.439980000000000000e+05
1.445690000000000000e+05
1.447700000000000000e+05
1.454760000000000000e+05
1.454980000000000000e+05
1.456180000000000000e+05
1.457420000000000000e+05
1.460040000000000000e+05
1.461310000000000000e+05
1.463520000000000000e+05
1.463600000000000000e+05
1.464300000000000000e+05
1.464400000000000000e+05
1.464440000000000000e+05
1.464530000000000000e+05
1.464540000000000000e+05
1.465430000000000000e+05
1.465530000000000000e+05
1.466640000000000000e+05
1.466670000000000000e+05
1.466780000000000000e+05
1.478200000000000000e+05
1.478260000000000000e+05
1.478280000000000000e+05
1.480930000000000000e+05
1.482830000000000000e+05
1.483280000000000000e+05
1.483290000000000000e+05
1.483310000000000000e+05
1.484650000000000000e+05
1.484680000000000000e+05
1.484690000000000000e+05
1.486680000000000000e+05
1.486980000000000000e+05
1.488280000000000000e+05
1.489590000000000000e+05
1.491900000000000000e+05
1.493890000000000000e+05
1.500380000000000000e+05
1.501380000000000000e+05
1.501590000000000000e+05
1.504850000000000000e+05
1.508590000000000000e+05
1.508620000000000000e+05
1.511030000000000000e+05
1.511170000000000000e+05
1.515860000000000000e+05
1.523890000000000000e+05
1.524520000000000000e+05
1.530410000000000000e+05
1.530510000000000000e+05
1.548300000000000000e+05
1.550590000000000000e+05
1.550860000000000000e+05
1.555260000000000000e+05
1.558640000000000000e+05
1.559070000000000000e+05
1.559080000000000000e+05
1.563440000000000000e+05
1.565260000000000000e+05
1.565300000000000000e+05
1.571800000000000000e+05
1.574980000000000000e+05
1.576680000000000000e+05
1.576690000000000000e+05
1.578340000000000000e+05
1.580650000000000000e+05
1.588730000000000000e+05
1.588890000000000000e+05
1.588910000000000000e+05
1.590290000000000000e+05
1.591740000000000000e+05
1.591940000000000000e+05
1.591970000000000000e+05
1.593060000000000000e+05
1.594660000000000000e+05
1.595510000000000000e+05
1.596720000000000000e+05
1.605620000000000000e+05
1.611270000000000000e+05
1.611280000000000000e+05
1.613070000000000000e+05
1.613160000000000000e+05
1.615760000000000000e+05
1.617480000000000000e+05
1.617490000000000000e+05
1.617500000000000000e+05
1.617950000000000000e+05
1.618040000000000000e+05
1.635790000000000000e+05
1.640790000000000000e+05
1.649990000000000000e+05
1.650020000000000000e+05
1.650060000000000000e+05
1.651550000000000000e+05
1.651570000000000000e+05
1.651580000000000000e+05
1.654660000000000000e+05
1.655080000000000000e+05
1.655310000000000000e+05
1.655340000000000000e+05
1.658650000000000000e+05
1.658950000000000000e+05
1.662040000000000000e+05
1.662470000000000000e+05
1.663930000000000000e+05
1.663960000000000000e+05
1.669680000000000000e+05
1.670490000000000000e+05
1.674320000000000000e+05
1.675860000000000000e+05
1.678090000000000000e+05
1.678380000000000000e+05
1.678400000000000000e+05
1.684180000000000000e+05
1.685660000000000000e+05
1.686660000000000000e+05
1.687460000000000000e+05
1.694100000000000000e+05
1.694160000000000000e+05
1.694560000000000000e+05
1.700290000000000000e+05
1.701270000000000000e+05
1.701900000000000000e+05
1.702520000000000000e+05
1.707950000000000000e+05
1.714510000000000000e+05
1.716030000000000000e+05
1.721860000000000000e+05
1.723100000000000000e+05
1.723210000000000000e+05
1.725480000000000000e+05
1.727080000000000000e+05
1.728210000000000000e+05
