2.000000000000000000e+01
1.300000000000000000e+02
1.063000000000000000e+03
1.911000000000000000e+03
2.333000000000000000e+03
2.334000000000000000e+03
2.438000000000000000e+03
3.199000000000000000e+03
3.240000000000000000e+03
3.552000000000000000e+03
3.553000000000000000e+03
3.554000000000000000e+03
3.555000000000000000e+03
3.557000000000000000e+03
3.558000000000000000e+03
4.139000000000000000e+03
5.525000000000000000e+03
6.214000000000000000e+03
6.724000000000000000e+03
6.741000000000000000e+03
6.758000000000000000e+03
7.591000000000000000e+03
7.624000000000000000e+03
7.988000000000000000e+03
9.203000000000000000e+03
9.393000000000000000e+03
9.394000000000000000e+03
9.474000000000000000e+03
9.918000000000000000e+03
1.034100000000000000e+04
1.082500000000000000e+04
1.096300000000000000e+04
1.096400000000000000e+04
1.096500000000000000e+04
1.096600000000000000e+04
1.096700000000000000e+04
1.096800000000000000e+04
1.105600000000000000e+04
1.178000000000000000e+04
1.208300000000000000e+04
1.280800000000000000e+04
1.281100000000000000e+04
1.281200000000000000e+04
1.281400000000000000e+04
1.314700000000000000e+04
1.314800000000000000e+04
1.334900000000000000e+04
1.335000000000000000e+04
1.335200000000000000e+04
1.335300000000000000e+04
1.377600000000000000e+04
1.416500000000000000e+04
1.431900000000000000e+04
1.432000000000000000e+04
1.432100000000000000e+04
1.471000000000000000e+04
1.571100000000000000e+04
1.678100000000000000e+04
1.684100000000000000e+04
1.703500000000000000e+04
1.775400000000000000e+04
1.780000000000000000e+04
1.781700000000000000e+04
1.782600000000000000e+04
1.789200000000000000e+04
1.807500000000000000e+04
1.807600000000000000e+04
1.815900000000000000e+04
1.863000000000000000e+04
1.881900000000000000e+04
1.987700000000000000e+04
1.997500000000000000e+04
2.025500000000000000e+04
2.025600000000000000e+04
2.025700000000000000e+04
2.025800000000000000e+04
2.132800000000000000e+04
2.132900000000000000e+04
2.134200000000000000e+04
2.139800000000000000e+04
2.139900000000000000e+04
2.141900000000000000e+04
2.150600000000000000e+04
2.158200000000000000e+04
2.185900000000000000e+04
2.246000000000000000e+04
2.273400000000000000e+04
2.278100000000000000e+04
2.329800000000000000e+04
2.334000000000000000e+04
2.334100000000000000e+04
2.334200000000000000e+04
2.343800000000000000e+04
2.344000000000000000e+04
2.344300000000000000e+04
2.344500000000000000e+04
2.383800000000000000e+04
2.384600000000000000e+04
2.399200000000000000e+04
2.399400000000000000e+04
2.399600000000000000e+04
2.399700000000000000e+04
2.400000000000000000e+04
2.400300000000000000e+04
2.402200000000000000e+04
2.403100000000000000e+04
2.404100000000000000e+04
2.404500000000000000e+04
2.404800000000000000e+04
2.407400000000000000e+04
2.417500000000000000e+04
2.450600000000000000e+04
2.484100000000000000e+04
2.516500000000000000e+04
2.527000000000000000e+04
2.598900000000000000e+04
2.601400000000000000e+04
2.601900000000000000e+04
2.607100000000000000e+04
2.607200000000000000e+04
2.611200000000000000e+04
2.678800000000000000e+04
2.688700000000000000e+04
2.690500000000000000e+04
2.690600000000000000e+04
2.697900000000000000e+04
2.698000000000000000e+04
2.698100000000000000e+04
2.725900000000000000e+04
2.737700000000000000e+04
2.744700000000000000e+04
2.753400000000000000e+04
2.770300000000000000e+04
2.810100000000000000e+04
2.814700000000000000e+04
2.831600000000000000e+04
2.888900000000000000e+04
3.010000000000000000e+04
3.020300000000000000e+04
3.034500000000000000e+04
3.050800000000000000e+04
3.087100000000000000e+04
3.109500000000000000e+04
3.118300000000000000e+04
3.120000000000000000e+04
3.127800000000000000e+04
3.153800000000000000e+04
3.178200000000000000e+04
3.189100000000000000e+04
3.211600000000000000e+04
3.224700000000000000e+04
3.224800000000000000e+04
3.224900000000000000e+04
3.225200000000000000e+04
3.225300000000000000e+04
3.243800000000000000e+04
3.244500000000000000e+04
3.244600000000000000e+04
3.280800000000000000e+04
3.285100000000000000e+04
3.300200000000000000e+04
3.356100000000000000e+04
3.356200000000000000e+04
3.369500000000000000e+04
3.375100000000000000e+04
3.406400000000000000e+04
3.410800000000000000e+04
3.419200000000000000e+04
3.428800000000000000e+04
3.434800000000000000e+04
3.448400000000000000e+04
3.448600000000000000e+04
3.478000000000000000e+04
3.488300000000000000e+04
3.490200000000000000e+04
3.495500000000000000e+04
3.617500000000000000e+04
3.629400000000000000e+04
3.630800000000000000e+04
3.646500000000000000e+04
3.655600000000000000e+04
3.688500000000000000e+04
3.697100000000000000e+04
3.697200000000000000e+04
3.739900000000000000e+04
3.757900000000000000e+04
3.768800000000000000e+04
3.792600000000000000e+04
3.808900000000000000e+04
3.813900000000000000e+04
3.814100000000000000e+04
3.814200000000000000e+04
3.823100000000000000e+04
3.845700000000000000e+04
3.855400000000000000e+04
3.871900000000000000e+04
3.885600000000000000e+04
3.885700000000000000e+04
3.885800000000000000e+04
3.888500000000000000e+04
3.894900000000000000e+04
3.909700000000000000e+04
3.929700000000000000e+04
3.929900000000000000e+04
3.955600000000000000e+04
3.955800000000000000e+04
3.963800000000000000e+04
3.963900000000000000e+04
3.985200000000000000e+04
3.990400000000000000e+04
3.990700000000000000e+04
3.990900000000000000e+04
4.017700000000000000e+04
4.018200000000000000e+04
4.018300000000000000e+04
4.033500000000000000e+04
4.033900000000000000e+04
4.043100000000000000e+04
4.065000000000000000e+04
4.089400000000000000e+04
4.092400000000000000e+04
4.123900000000000000e+04
4.124000000000000000e+04
4.125400000000000000e+04
4.125500000000000000e+04
4.125900000000000000e+04
4.136500000000000000e+04
4.180000000000000000e+04
4.189200000000000000e+04
4.203600000000000000e+04
4.206000000000000000e+04
4.226600000000000000e+04
4.240100000000000000e+04
4.263500000000000000e+04
4.277200000000000000e+04
4.320000000000000000e+04
4.337000000000000000e+04
4.387500000000000000e+04
4.387600000000000000e+04
4.419400000000000000e+04
4.454300000000000000e+04
4.454900000000000000e+04
4.458600000000000000e+04
4.460600000000000000e+04
4.498600000000000000e+04
4.522900000000000000e+04
4.530400000000000000e+04
4.530500000000000000e+04
4.530600000000000000e+04
4.575600000000000000e+04
4.576100000000000000e+04
4.576300000000000000e+04
4.576400000000000000e+04
4.576600000000000000e+04
4.622700000000000000e+04
4.622800000000000000e+04
4.629700000000000000e+04
4.632100000000000000e+04
4.635500000000000000e+04
4.637400000000000000e+04
4.674500000000000000e+04
4.685100000000000000e+04
4.685200000000000000e+04
4.690900000000000000e+04
4.691000000000000000e+04
4.691100000000000000e+04
4.691200000000000000e+04
4.691300000000000000e+04
4.691400000000000000e+04
4.691900000000000000e+04
4.692200000000000000e+04
4.695900000000000000e+04
4.742500000000000000e+04
4.742600000000000000e+04
4.742700000000000000e+04
4.742800000000000000e+04
4.743600000000000000e+04
4.756600000000000000e+04
4.756800000000000000e+04
4.756900000000000000e+04
4.760800000000000000e+04
4.762900000000000000e+04
4.767800000000000000e+04
4.819200000000000000e+04
4.837900000000000000e+04
4.843400000000000000e+04
4.843800000000000000e+04
4.850000000000000000e+04
4.876800000000000000e+04
4.879100000000000000e+04
4.885100000000000000e+04
4.965200000000000000e+04
4.965300000000000000e+04
4.965500000000000000e+04
5.015700000000000000e+04
5.046300000000000000e+04
5.046400000000000000e+04
5.046500000000000000e+04
5.066200000000000000e+04
5.071600000000000000e+04
5.079200000000000000e+04
5.079300000000000000e+04
5.079600000000000000e+04
5.107000000000000000e+04
5.114200000000000000e+04
5.121600000000000000e+04
5.122700000000000000e+04
5.128000000000000000e+04
5.139500000000000000e+04
5.140500000000000000e+04
5.152400000000000000e+04
5.159900000000000000e+04
5.312600000000000000e+04
5.349600000000000000e+04
5.349700000000000000e+04
5.485000000000000000e+04
5.485300000000000000e+04
5.555300000000000000e+04
5.557100000000000000e+04
5.568200000000000000e+04
5.568300000000000000e+04
5.568600000000000000e+04
5.579000000000000000e+04
5.610400000000000000e+04
5.611300000000000000e+04
5.632200000000000000e+04
5.653300000000000000e+04
5.657500000000000000e+04
5.657600000000000000e+04
5.657700000000000000e+04
5.657800000000000000e+04
5.657900000000000000e+04
5.658000000000000000e+04
5.658100000000000000e+04
5.658200000000000000e+04
5.658300000000000000e+04
5.658400000000000000e+04
5.658500000000000000e+04
5.658900000000000000e+04
5.667300000000000000e+04
5.667400000000000000e+04
5.683100000000000000e+04
5.689000000000000000e+04
5.696100000000000000e+04
5.715000000000000000e+04
5.715100000000000000e+04
5.732500000000000000e+04
5.733600000000000000e+04
5.743600000000000000e+04
5.743700000000000000e+04
5.751600000000000000e+04
5.776200000000000000e+04
5.794400000000000000e+04
5.794600000000000000e+04
5.815200000000000000e+04
5.822000000000000000e+04
5.823300000000000000e+04
5.825500000000000000e+04
5.846800000000000000e+04
5.850500000000000000e+04
5.850600000000000000e+04
5.850700000000000000e+04
5.850800000000000000e+04
5.850900000000000000e+04
5.851000000000000000e+04
5.851800000000000000e+04
5.864100000000000000e+04
5.870500000000000000e+04
5.870700000000000000e+04
5.870900000000000000e+04
5.875300000000000000e+04
5.875400000000000000e+04
5.875600000000000000e+04
5.886200000000000000e+04
5.889300000000000000e+04
5.894500000000000000e+04
5.906900000000000000e+04
5.908200000000000000e+04
5.908900000000000000e+04
5.915600000000000000e+04
5.923000000000000000e+04
5.944700000000000000e+04
5.953200000000000000e+04
5.961100000000000000e+04
5.961200000000000000e+04
5.973100000000000000e+04
5.973200000000000000e+04
5.973400000000000000e+04
5.983600000000000000e+04
5.998900000000000000e+04
6.005000000000000000e+04
6.005200000000000000e+04
6.005700000000000000e+04
6.008700000000000000e+04
6.013500000000000000e+04
6.031200000000000000e+04
6.058100000000000000e+04
6.059200000000000000e+04
6.062700000000000000e+04
6.062800000000000000e+04
6.064900000000000000e+04
6.090800000000000000e+04
6.123700000000000000e+04
6.125400000000000000e+04
6.131200000000000000e+04
6.137700000000000000e+04
6.171100000000000000e+04
6.180200000000000000e+04
6.184500000000000000e+04
6.184600000000000000e+04
6.185200000000000000e+04
6.191100000000000000e+04
6.192000000000000000e+04
6.197300000000000000e+04
6.281700000000000000e+04
6.346100000000000000e+04
6.349100000000000000e+04
6.361500000000000000e+04
6.369500000000000000e+04
6.369600000000000000e+04
6.369700000000000000e+04
6.375700000000000000e+04
6.375800000000000000e+04
6.376000000000000000e+04
6.376100000000000000e+04
6.376300000000000000e+04
6.376400000000000000e+04
6.376500000000000000e+04
6.376600000000000000e+04
6.376700000000000000e+04
6.376900000000000000e+04
6.377200000000000000e+04
6.439600000000000000e+04
6.459000000000000000e+04
6.473600000000000000e+04
6.478500000000000000e+04
6.483400000000000000e+04
6.483500000000000000e+04
6.483600000000000000e+04
6.484000000000000000e+04
6.556000000000000000e+04
6.572900000000000000e+04
6.592500000000000000e+04
6.593500000000000000e+04
6.609000000000000000e+04
6.609500000000000000e+04
6.610300000000000000e+04
6.652100000000000000e+04
6.652300000000000000e+04
6.656600000000000000e+04
6.678500000000000000e+04
6.680400000000000000e+04
6.680800000000000000e+04
6.699600000000000000e+04
6.722300000000000000e+04
6.722400000000000000e+04
6.723700000000000000e+04
6.723800000000000000e+04
6.723900000000000000e+04
6.736600000000000000e+04
6.736700000000000000e+04
6.736900000000000000e+04
6.738000000000000000e+04
6.738100000000000000e+04
6.752500000000000000e+04
6.766000000000000000e+04
6.766100000000000000e+04
6.767700000000000000e+04
6.767800000000000000e+04
6.767900000000000000e+04
6.777800000000000000e+04
6.778200000000000000e+04
6.778300000000000000e+04
6.785200000000000000e+04
6.816900000000000000e+04
6.817000000000000000e+04
6.891600000000000000e+04
6.894900000000000000e+04
6.896300000000000000e+04
6.896500000000000000e+04
6.908100000000000000e+04
6.908200000000000000e+04
6.908300000000000000e+04
6.908700000000000000e+04
6.915300000000000000e+04
6.935000000000000000e+04
6.935100000000000000e+04
6.935200000000000000e+04
6.946500000000000000e+04
6.949200000000000000e+04
7.029100000000000000e+04
7.051800000000000000e+04
7.054200000000000000e+04
7.054300000000000000e+04
7.054700000000000000e+04
7.069900000000000000e+04
7.087700000000000000e+04
7.093700000000000000e+04
7.101500000000000000e+04
7.104900000000000000e+04
7.111100000000000000e+04
7.111300000000000000e+04
7.116200000000000000e+04
7.116600000000000000e+04
7.125200000000000000e+04
7.125700000000000000e+04
7.133500000000000000e+04
7.163300000000000000e+04
7.170500000000000000e+04
7.237400000000000000e+04
7.239000000000000000e+04
7.240700000000000000e+04
7.240900000000000000e+04
7.241000000000000000e+04
7.245800000000000000e+04
7.253400000000000000e+04
7.256100000000000000e+04
7.262900000000000000e+04
7.263000000000000000e+04
7.263800000000000000e+04
7.275300000000000000e+04
7.287400000000000000e+04
7.289100000000000000e+04
7.299600000000000000e+04
7.347100000000000000e+04
7.359600000000000000e+04
7.367600000000000000e+04
7.406400000000000000e+04
7.406600000000000000e+04
7.409700000000000000e+04
7.409800000000000000e+04
7.411000000000000000e+04
7.441100000000000000e+04
7.441300000000000000e+04
7.441400000000000000e+04
7.443900000000000000e+04
7.449200000000000000e+04
7.450200000000000000e+04
7.452500000000000000e+04
7.452600000000000000e+04
7.452700000000000000e+04
7.461200000000000000e+04
7.464700000000000000e+04
7.473100000000000000e+04
7.473300000000000000e+04
7.479900000000000000e+04
7.480700000000000000e+04
7.480800000000000000e+04
7.480900000000000000e+04
7.495900000000000000e+04
7.496200000000000000e+04
7.530600000000000000e+04
7.542100000000000000e+04
7.542700000000000000e+04
7.569600000000000000e+04
7.599400000000000000e+04
7.599500000000000000e+04
7.599600000000000000e+04
7.599700000000000000e+04
7.600300000000000000e+04
7.610600000000000000e+04
7.627500000000000000e+04
7.637400000000000000e+04
7.642600000000000000e+04
7.659400000000000000e+04
7.685000000000000000e+04
7.689300000000000000e+04
7.711400000000000000e+04
7.718800000000000000e+04
7.738900000000000000e+04
7.739000000000000000e+04
7.761700000000000000e+04
7.767100000000000000e+04
7.767200000000000000e+04
7.775800000000000000e+04
7.786800000000000000e+04
7.787100000000000000e+04
7.806000000000000000e+04
7.817500000000000000e+04
7.839700000000000000e+04
7.850700000000000000e+04
7.886500000000000000e+04
7.930500000000000000e+04
7.936600000000000000e+04
7.959900000000000000e+04
7.975000000000000000e+04
7.984800000000000000e+04
7.990400000000000000e+04
8.017800000000000000e+04
8.023600000000000000e+04
8.024800000000000000e+04
8.027100000000000000e+04
8.028700000000000000e+04
8.065000000000000000e+04
8.065100000000000000e+04
8.072300000000000000e+04
8.079200000000000000e+04
8.079400000000000000e+04
8.079500000000000000e+04
8.079600000000000000e+04
8.079700000000000000e+04
8.079800000000000000e+04
8.079900000000000000e+04
8.080100000000000000e+04
8.080200000000000000e+04
8.080300000000000000e+04
8.080500000000000000e+04
8.082600000000000000e+04
8.094600000000000000e+04
8.122000000000000000e+04
8.126500000000000000e+04
8.127000000000000000e+04
8.188900000000000000e+04
8.193600000000000000e+04
8.197500000000000000e+04
8.197800000000000000e+04
8.200600000000000000e+04
8.200900000000000000e+04
8.215400000000000000e+04
8.222100000000000000e+04
8.237700000000000000e+04
8.240700000000000000e+04
8.240800000000000000e+04
8.254300000000000000e+04
8.254500000000000000e+04
8.254600000000000000e+04
8.256400000000000000e+04
8.256500000000000000e+04
8.257100000000000000e+04
8.257300000000000000e+04
8.270200000000000000e+04
8.274400000000000000e+04
8.274700000000000000e+04
8.277600000000000000e+04
8.289300000000000000e+04
8.294100000000000000e+04
8.297100000000000000e+04
8.318600000000000000e+04
8.325000000000000000e+04
8.337700000000000000e+04
8.359600000000000000e+04
8.361300000000000000e+04
8.377200000000000000e+04
8.377300000000000000e+04
8.377400000000000000e+04
8.402200000000000000e+04
8.402500000000000000e+04
8.411000000000000000e+04
8.435100000000000000e+04
8.445500000000000000e+04
8.445600000000000000e+04
8.445700000000000000e+04
8.445800000000000000e+04
8.445900000000000000e+04
8.446000000000000000e+04
8.447800000000000000e+04
8.447900000000000000e+04
8.454800000000000000e+04
8.456800000000000000e+04
8.471000000000000000e+04
8.507400000000000000e+04
8.514300000000000000e+04
8.566900000000000000e+04
8.575400000000000000e+04
8.580900000000000000e+04
8.605400000000000000e+04
8.615200000000000000e+04
8.619900000000000000e+04
8.620000000000000000e+04
8.623000000000000000e+04
8.631800000000000000e+04
8.632500000000000000e+04
8.632800000000000000e+04
8.645300000000000000e+04
8.651400000000000000e+04
8.651500000000000000e+04
8.663800000000000000e+04
8.672900000000000000e+04
8.683600000000000000e+04
8.691600000000000000e+04
8.695700000000000000e+04
8.705200000000000000e+04
8.713900000000000000e+04
8.714000000000000000e+04
8.714100000000000000e+04
8.724600000000000000e+04
8.728100000000000000e+04
8.729200000000000000e+04
8.827500000000000000e+04
8.860200000000000000e+04
8.860400000000000000e+04
8.860500000000000000e+04
8.867900000000000000e+04
8.893300000000000000e+04
8.893400000000000000e+04
8.917900000000000000e+04
8.918000000000000000e+04
8.918100000000000000e+04
8.918200000000000000e+04
8.927200000000000000e+04
8.936600000000000000e+04
8.936700000000000000e+04
8.936800000000000000e+04
8.936900000000000000e+04
8.937000000000000000e+04
8.937100000000000000e+04
8.937200000000000000e+04
8.937300000000000000e+04
8.943600000000000000e+04
8.949500000000000000e+04
8.949600000000000000e+04
8.950000000000000000e+04
8.956200000000000000e+04
8.956400000000000000e+04
8.956600000000000000e+04
8.976600000000000000e+04
8.983000000000000000e+04
8.984500000000000000e+04
9.001800000000000000e+04
9.002000000000000000e+04
9.002200000000000000e+04
9.012100000000000000e+04
9.012300000000000000e+04
9.012400000000000000e+04
9.012500000000000000e+04
9.012600000000000000e+04
9.012700000000000000e+04
9.013000000000000000e+04
9.021200000000000000e+04
9.021300000000000000e+04
9.021500000000000000e+04
9.024100000000000000e+04
9.031200000000000000e+04
9.031400000000000000e+04
9.039200000000000000e+04
9.053200000000000000e+04
9.074900000000000000e+04
9.079400000000000000e+04
9.085400000000000000e+04
9.085500000000000000e+04
9.120600000000000000e+04
9.120700000000000000e+04
9.120800000000000000e+04
9.120900000000000000e+04
9.155300000000000000e+04
9.167800000000000000e+04
9.167900000000000000e+04
9.176700000000000000e+04
9.181200000000000000e+04
9.187000000000000000e+04
9.191500000000000000e+04
9.193700000000000000e+04
9.194600000000000000e+04
9.198900000000000000e+04
9.208100000000000000e+04
9.211100000000000000e+04
9.232500000000000000e+04
9.241900000000000000e+04
9.291200000000000000e+04
9.300200000000000000e+04
9.302700000000000000e+04
9.341600000000000000e+04
9.373900000000000000e+04
9.399500000000000000e+04
9.399600000000000000e+04
9.399700000000000000e+04
9.399800000000000000e+04
9.399900000000000000e+04
9.403000000000000000e+04
9.406500000000000000e+04
9.406800000000000000e+04
9.424500000000000000e+04
9.431000000000000000e+04
9.435100000000000000e+04
9.444500000000000000e+04
9.444600000000000000e+04
9.470300000000000000e+04
9.470400000000000000e+04
9.480400000000000000e+04
9.501700000000000000e+04
9.502100000000000000e+04
9.507000000000000000e+04
9.511900000000000000e+04
9.519700000000000000e+04
9.526900000000000000e+04
9.537900000000000000e+04
9.538000000000000000e+04
9.548200000000000000e+04
9.564100000000000000e+04
9.576900000000000000e+04
9.584400000000000000e+04
9.601000000000000000e+04
9.604000000000000000e+04
9.618400000000000000e+04
9.618700000000000000e+04
9.638600000000000000e+04
9.651700000000000000e+04
9.654900000000000000e+04
9.659400000000000000e+04
9.660700000000000000e+04
9.666900000000000000e+04
9.695600000000000000e+04
9.699700000000000000e+04
9.720200000000000000e+04
9.725300000000000000e+04
9.725400000000000000e+04
9.725600000000000000e+04
9.740900000000000000e+04
9.766600000000000000e+04
9.766700000000000000e+04
9.783200000000000000e+04
9.786100000000000000e+04
9.796600000000000000e+04
9.818600000000000000e+04
9.825900000000000000e+04
9.843000000000000000e+04
9.853700000000000000e+04
9.853800000000000000e+04
9.861100000000000000e+04
9.866600000000000000e+04
9.866800000000000000e+04
9.867100000000000000e+04
9.872300000000000000e+04
9.872400000000000000e+04
9.872500000000000000e+04
9.895500000000000000e+04
9.895600000000000000e+04
9.906200000000000000e+04
9.906300000000000000e+04
9.907500000000000000e+04
9.913700000000000000e+04
9.914200000000000000e+04
9.920900000000000000e+04
9.926100000000000000e+04
9.928500000000000000e+04
9.928600000000000000e+04
9.928700000000000000e+04
9.928800000000000000e+04
9.942000000000000000e+04
9.957300000000000000e+04
9.964400000000000000e+04
9.965500000000000000e+04
9.968800000000000000e+04
9.968900000000000000e+04
9.971800000000000000e+04
9.975600000000000000e+04
9.976000000000000000e+04
1.000950000000000000e+05
1.001090000000000000e+05
1.001880000000000000e+05
1.001890000000000000e+05
1.001900000000000000e+05
1.001910000000000000e+05
1.001920000000000000e+05
1.001960000000000000e+05
1.004370000000000000e+05
1.005050000000000000e+05
1.005390000000000000e+05
1.007350000000000000e+05
1.008190000000000000e+05
1.010050000000000000e+05
1.010380000000000000e+05
1.010390000000000000e+05
1.010420000000000000e+05
1.010550000000000000e+05
1.010610000000000000e+05
1.011450000000000000e+05
1.013430000000000000e+05
1.013590000000000000e+05
1.014800000000000000e+05
1.015950000000000000e+05
1.016920000000000000e+05
1.018590000000000000e+05
1.019820000000000000e+05
1.025070000000000000e+05
1.025140000000000000e+05
1.025370000000000000e+05
1.027460000000000000e+05
1.027930000000000000e+05
1.028120000000000000e+05
1.028230000000000000e+05
1.029190000000000000e+05
1.029570000000000000e+05
1.029880000000000000e+05
1.030160000000000000e+05
1.030580000000000000e+05
1.034370000000000000e+05
1.035230000000000000e+05
1.037270000000000000e+05
1.037660000000000000e+05
1.039610000000000000e+05
1.041640000000000000e+05
1.042370000000000000e+05
1.042760000000000000e+05
1.043980000000000000e+05
1.043990000000000000e+05
1.044130000000000000e+05
1.044890000000000000e+05
1.047370000000000000e+05
1.047620000000000000e+05
1.047630000000000000e+05
1.047700000000000000e+05
1.047710000000000000e+05
1.047730000000000000e+05
1.048170000000000000e+05
1.048520000000000000e+05
1.048850000000000000e+05
1.048860000000000000e+05
1.049070000000000000e+05
1.049100000000000000e+05
1.049240000000000000e+05
1.049290000000000000e+05
1.049350000000000000e+05
1.049820000000000000e+05
1.049910000000000000e+05
1.050910000000000000e+05
1.051180000000000000e+05
1.051310000000000000e+05
1.051920000000000000e+05
1.052510000000000000e+05
1.052520000000000000e+05
1.053880000000000000e+05
1.054460000000000000e+05
1.056120000000000000e+05
1.056240000000000000e+05
1.057620000000000000e+05
1.057930000000000000e+05
1.057940000000000000e+05
1.057950000000000000e+05
1.058110000000000000e+05
1.058150000000000000e+05
1.058190000000000000e+05
1.058200000000000000e+05
1.058230000000000000e+05
1.058340000000000000e+05
1.058670000000000000e+05
1.058680000000000000e+05
1.058710000000000000e+05
1.059290000000000000e+05
1.059310000000000000e+05
1.063790000000000000e+05
1.064530000000000000e+05
1.064640000000000000e+05
1.065300000000000000e+05
1.065410000000000000e+05
1.065580000000000000e+05
1.067580000000000000e+05
1.072300000000000000e+05
1.072350000000000000e+05
1.072760000000000000e+05
1.073970000000000000e+05
1.074000000000000000e+05
1.076460000000000000e+05
1.076480000000000000e+05
1.076500000000000000e+05
1.076530000000000000e+05
1.077810000000000000e+05
1.078080000000000000e+05
1.078960000000000000e+05
1.079220000000000000e+05
1.079640000000000000e+05
1.079720000000000000e+05
1.080690000000000000e+05
1.082170000000000000e+05
1.082830000000000000e+05
1.085850000000000000e+05
1.085870000000000000e+05
1.085900000000000000e+05
1.086790000000000000e+05
1.087840000000000000e+05
1.088310000000000000e+05
1.088410000000000000e+05
1.090760000000000000e+05
1.091120000000000000e+05
1.091700000000000000e+05
1.092140000000000000e+05
1.092180000000000000e+05
1.092200000000000000e+05
1.092410000000000000e+05
1.092420000000000000e+05
1.093310000000000000e+05
1.094420000000000000e+05
1.094570000000000000e+05
1.094950000000000000e+05
1.094970000000000000e+05
1.095020000000000000e+05
1.098870000000000000e+05
1.099130000000000000e+05
1.099150000000000000e+05
1.099170000000000000e+05
1.099180000000000000e+05
1.099210000000000000e+05
1.099600000000000000e+05
1.099610000000000000e+05
1.100600000000000000e+05
1.100920000000000000e+05
1.101160000000000000e+05
1.101170000000000000e+05
1.101240000000000000e+05
1.101250000000000000e+05
1.101260000000000000e+05
1.101600000000000000e+05
1.101750000000000000e+05
1.101760000000000000e+05
1.101770000000000000e+05
1.101780000000000000e+05
1.102480000000000000e+05
1.103060000000000000e+05
1.103070000000000000e+05
1.104570000000000000e+05
1.105470000000000000e+05
1.106440000000000000e+05
1.108380000000000000e+05
1.109080000000000000e+05
1.109110000000000000e+05
1.112190000000000000e+05
1.112900000000000000e+05
1.112910000000000000e+05
1.113410000000000000e+05
1.113460000000000000e+05
1.114070000000000000e+05
1.114080000000000000e+05
1.114990000000000000e+05
1.117070000000000000e+05
1.117140000000000000e+05
1.117490000000000000e+05
1.117510000000000000e+05
1.117530000000000000e+05
1.117540000000000000e+05
1.117810000000000000e+05
1.118230000000000000e+05
1.118280000000000000e+05
1.118770000000000000e+05
1.119340000000000000e+05
1.119450000000000000e+05
1.119570000000000000e+05
1.121320000000000000e+05
1.123290000000000000e+05
1.123670000000000000e+05
1.128220000000000000e+05
1.128240000000000000e+05
1.128320000000000000e+05
1.128330000000000000e+05
1.128990000000000000e+05
1.129380000000000000e+05
1.130220000000000000e+05
1.131390000000000000e+05
1.132010000000000000e+05
1.133450000000000000e+05
1.133880000000000000e+05
1.133890000000000000e+05
1.133900000000000000e+05
1.134190000000000000e+05
1.134580000000000000e+05
1.134790000000000000e+05
1.135550000000000000e+05
1.135560000000000000e+05
1.141080000000000000e+05
1.142420000000000000e+05
1.142430000000000000e+05
1.143180000000000000e+05
1.143390000000000000e+05
1.143920000000000000e+05
1.149380000000000000e+05
1.150350000000000000e+05
1.150670000000000000e+05
1.150690000000000000e+05
1.150880000000000000e+05
1.152110000000000000e+05
1.152760000000000000e+05
1.152930000000000000e+05
1.153120000000000000e+05
1.153130000000000000e+05
1.153340000000000000e+05
1.153460000000000000e+05
1.153470000000000000e+05
1.153580000000000000e+05
1.153590000000000000e+05
1.153850000000000000e+05
1.154930000000000000e+05
1.156860000000000000e+05
1.156960000000000000e+05
1.157540000000000000e+05
1.157850000000000000e+05
1.160860000000000000e+05
1.161950000000000000e+05
1.161960000000000000e+05
1.162060000000000000e+05
1.162220000000000000e+05
1.163130000000000000e+05
1.167060000000000000e+05
1.168250000000000000e+05
1.169850000000000000e+05
1.170300000000000000e+05
1.170310000000000000e+05
1.170320000000000000e+05
1.170500000000000000e+05
1.174880000000000000e+05
1.174920000000000000e+05
1.174960000000000000e+05
1.174970000000000000e+05
1.175220000000000000e+05
1.175230000000000000e+05
1.175240000000000000e+05
1.175250000000000000e+05
1.175260000000000000e+05
1.175410000000000000e+05
1.175420000000000000e+05
1.175760000000000000e+05
1.177390000000000000e+05
1.177420000000000000e+05
1.177430000000000000e+05
1.177440000000000000e+05
1.178100000000000000e+05
1.178120000000000000e+05
1.179240000000000000e+05
1.179690000000000000e+05
1.179990000000000000e+05
1.181540000000000000e+05
1.182710000000000000e+05
1.183950000000000000e+05
1.183980000000000000e+05
1.184540000000000000e+05
1.184840000000000000e+05
1.185230000000000000e+05
1.187080000000000000e+05
1.187090000000000000e+05
1.187100000000000000e+05
1.187110000000000000e+05
1.187120000000000000e+05
1.187130000000000000e+05
1.188260000000000000e+05
1.190840000000000000e+05
1.191790000000000000e+05
1.195430000000000000e+05
1.196410000000000000e+05
1.196420000000000000e+05
1.196430000000000000e+05
1.198310000000000000e+05
1.199030000000000000e+05
1.199060000000000000e+05
1.199940000000000000e+05
1.200860000000000000e+05
1.200930000000000000e+05
1.202270000000000000e+05
1.204140000000000000e+05
1.204170000000000000e+05
1.204380000000000000e+05
1.204420000000000000e+05
1.207140000000000000e+05
1.208950000000000000e+05
1.209090000000000000e+05
1.209120000000000000e+05
1.209240000000000000e+05
1.209750000000000000e+05
1.209760000000000000e+05
1.209780000000000000e+05
1.209790000000000000e+05
1.209800000000000000e+05
1.209810000000000000e+05
1.209830000000000000e+05
1.209840000000000000e+05
1.209850000000000000e+05
1.209860000000000000e+05
1.209870000000000000e+05
1.209880000000000000e+05
1.209890000000000000e+05
1.209910000000000000e+05
1.209920000000000000e+05
1.209930000000000000e+05
1.209940000000000000e+05
1.209950000000000000e+05
1.209960000000000000e+05
1.210620000000000000e+05
1.212760000000000000e+05
1.214710000000000000e+05
1.215160000000000000e+05
1.215280000000000000e+05
1.215310000000000000e+05
1.215420000000000000e+05
1.216020000000000000e+05
1.216240000000000000e+05
1.216730000000000000e+05
1.216790000000000000e+05
1.216990000000000000e+05
1.217020000000000000e+05
1.217030000000000000e+05
1.217500000000000000e+05
1.217510000000000000e+05
1.217530000000000000e+05
1.219640000000000000e+05
1.219650000000000000e+05
1.219660000000000000e+05
1.222450000000000000e+05
1.223090000000000000e+05
1.223180000000000000e+05
1.224170000000000000e+05
1.224640000000000000e+05
1.224820000000000000e+05
1.224910000000000000e+05
1.225460000000000000e+05
1.225630000000000000e+05
1.225830000000000000e+05
1.225850000000000000e+05
1.226250000000000000e+05
1.227410000000000000e+05
1.228310000000000000e+05
1.229280000000000000e+05
1.230850000000000000e+05
1.231040000000000000e+05
1.233530000000000000e+05
1.233540000000000000e+05
1.233560000000000000e+05
1.233930000000000000e+05
1.234140000000000000e+05
1.234490000000000000e+05
1.234510000000000000e+05
1.236040000000000000e+05
1.237570000000000000e+05
1.238620000000000000e+05
1.238700000000000000e+05
1.239080000000000000e+05
1.239510000000000000e+05
1.239520000000000000e+05
1.240760000000000000e+05
1.242810000000000000e+05
1.242820000000000000e+05
1.242830000000000000e+05
1.242840000000000000e+05
1.242850000000000000e+05
1.242870000000000000e+05
1.246250000000000000e+05
1.246530000000000000e+05
1.247050000000000000e+05
1.248420000000000000e+05
1.248430000000000000e+05
1.248440000000000000e+05
1.248450000000000000e+05
1.248460000000000000e+05
1.248470000000000000e+05
1.248480000000000000e+05
1.248490000000000000e+05
1.248510000000000000e+05
1.248520000000000000e+05
1.248530000000000000e+05
1.248540000000000000e+05
1.248550000000000000e+05
1.248570000000000000e+05
1.249630000000000000e+05
1.249640000000000000e+05
1.250750000000000000e+05
1.250880000000000000e+05
1.251070000000000000e+05
1.253010000000000000e+05
1.253020000000000000e+05
1.253030000000000000e+05
1.253050000000000000e+05
1.254690000000000000e+05
1.254820000000000000e+05
1.255100000000000000e+05
1.256450000000000000e+05
1.261780000000000000e+05
1.262250000000000000e+05
1.262290000000000000e+05
1.262400000000000000e+05
1.262960000000000000e+05
1.263720000000000000e+05
1.263730000000000000e+05
1.263810000000000000e+05
1.263820000000000000e+05
1.263830000000000000e+05
1.263840000000000000e+05
1.263860000000000000e+05
1.263870000000000000e+05
1.263890000000000000e+05
1.263900000000000000e+05
1.263910000000000000e+05
1.264470000000000000e+05
1.266380000000000000e+05
1.267140000000000000e+05
1.267800000000000000e+05
1.268000000000000000e+05
1.268150000000000000e+05
1.269530000000000000e+05
1.269540000000000000e+05
1.269550000000000000e+05
1.272000000000000000e+05
1.272480000000000000e+05
1.272490000000000000e+05
1.275480000000000000e+05
1.275770000000000000e+05
1.277840000000000000e+05
1.279100000000000000e+05
1.279400000000000000e+05
1.279410000000000000e+05
1.279430000000000000e+05
1.279860000000000000e+05
1.280470000000000000e+05
1.281010000000000000e+05
1.284040000000000000e+05
1.284160000000000000e+05
1.285420000000000000e+05
1.286240000000000000e+05
1.286330000000000000e+05
1.286700000000000000e+05
1.287470000000000000e+05
1.287490000000000000e+05
1.288280000000000000e+05
1.288990000000000000e+05
1.289930000000000000e+05
1.290310000000000000e+05
1.290320000000000000e+05
1.290400000000000000e+05
1.290630000000000000e+05
1.292330000000000000e+05
1.292930000000000000e+05
1.292940000000000000e+05
1.293710000000000000e+05
1.294040000000000000e+05
1.294060000000000000e+05
1.294220000000000000e+05
1.294230000000000000e+05
1.294240000000000000e+05
1.295030000000000000e+05
1.296190000000000000e+05
1.296200000000000000e+05
1.296460000000000000e+05
1.296790000000000000e+05
1.299860000000000000e+05
1.300090000000000000e+05
1.302800000000000000e+05
1.303730000000000000e+05
1.303750000000000000e+05
1.303880000000000000e+05
1.305350000000000000e+05
1.305860000000000000e+05
1.306240000000000000e+05
1.306320000000000000e+05
1.306350000000000000e+05
1.306880000000000000e+05
1.308770000000000000e+05
1.309010000000000000e+05
1.309310000000000000e+05
1.309730000000000000e+05
1.310250000000000000e+05
1.310330000000000000e+05
1.310410000000000000e+05
1.311740000000000000e+05
1.311760000000000000e+05
1.312020000000000000e+05
1.312210000000000000e+05
1.312420000000000000e+05
1.312530000000000000e+05
1.312590000000000000e+05
1.312600000000000000e+05
1.312680000000000000e+05
1.312900000000000000e+05
1.313750000000000000e+05
1.313770000000000000e+05
1.315090000000000000e+05
1.315100000000000000e+05
1.316700000000000000e+05
1.316710000000000000e+05
1.316730000000000000e+05
1.316800000000000000e+05
1.316810000000000000e+05
1.316840000000000000e+05
1.316890000000000000e+05
1.317450000000000000e+05
1.317800000000000000e+05
1.317970000000000000e+05
1.318510000000000000e+05
1.320090000000000000e+05
1.321260000000000000e+05
1.321270000000000000e+05
1.321710000000000000e+05
1.321770000000000000e+05
1.321780000000000000e+05
1.321790000000000000e+05
1.321870000000000000e+05
1.321910000000000000e+05
1.321920000000000000e+05
1.322000000000000000e+05
1.322230000000000000e+05
1.322280000000000000e+05
1.322350000000000000e+05
1.323890000000000000e+05
1.325340000000000000e+05
1.325360000000000000e+05
1.325380000000000000e+05
1.327480000000000000e+05
1.328330000000000000e+05
1.328660000000000000e+05
1.329120000000000000e+05
1.330190000000000000e+05
1.330400000000000000e+05
1.332560000000000000e+05
1.332890000000000000e+05
1.333190000000000000e+05
1.334910000000000000e+05
1.334960000000000000e+05
1.335130000000000000e+05
1.335140000000000000e+05
1.335160000000000000e+05
1.335190000000000000e+05
1.336640000000000000e+05
1.339420000000000000e+05
1.339660000000000000e+05
1.341150000000000000e+05
1.341990000000000000e+05
1.342330000000000000e+05
1.342490000000000000e+05
1.342630000000000000e+05
1.343390000000000000e+05
1.343920000000000000e+05
1.343970000000000000e+05
1.344570000000000000e+05
1.344580000000000000e+05
1.344590000000000000e+05
1.344610000000000000e+05
1.344620000000000000e+05
1.346310000000000000e+05
1.346320000000000000e+05
1.346330000000000000e+05
1.347680000000000000e+05
1.348170000000000000e+05
1.348610000000000000e+05
1.348980000000000000e+05
1.349320000000000000e+05
1.349980000000000000e+05
1.350080000000000000e+05
1.350110000000000000e+05
1.350160000000000000e+05
1.350970000000000000e+05
1.351750000000000000e+05
1.352210000000000000e+05
1.352230000000000000e+05
1.352240000000000000e+05
1.352430000000000000e+05
1.352470000000000000e+05
1.352480000000000000e+05
1.352530000000000000e+05
1.353020000000000000e+05
1.353810000000000000e+05
1.354570000000000000e+05
1.355160000000000000e+05
1.355170000000000000e+05
1.355970000000000000e+05
1.355980000000000000e+05
1.358090000000000000e+05
1.358530000000000000e+05
1.358600000000000000e+05
1.358850000000000000e+05
1.359110000000000000e+05
1.359370000000000000e+05
1.360060000000000000e+05
1.361170000000000000e+05
1.362620000000000000e+05
1.362800000000000000e+05
1.363840000000000000e+05
1.364450000000000000e+05
1.364950000000000000e+05
1.364970000000000000e+05
1.366290000000000000e+05
1.366420000000000000e+05
1.366460000000000000e+05
1.366530000000000000e+05
1.366570000000000000e+05
1.366740000000000000e+05
1.367120000000000000e+05
1.367130000000000000e+05
1.367140000000000000e+05
1.367470000000000000e+05
1.367480000000000000e+05
1.367490000000000000e+05
1.367500000000000000e+05
1.367510000000000000e+05
1.367520000000000000e+05
1.367550000000000000e+05
1.367560000000000000e+05
1.367570000000000000e+05
1.367580000000000000e+05
1.367590000000000000e+05
1.368320000000000000e+05
1.368420000000000000e+05
1.368470000000000000e+05
1.368560000000000000e+05
1.368570000000000000e+05
1.368620000000000000e+05
1.370330000000000000e+05
1.370370000000000000e+05
1.370380000000000000e+05
1.370500000000000000e+05
1.371100000000000000e+05
1.371110000000000000e+05
1.371880000000000000e+05
1.374260000000000000e+05
1.374270000000000000e+05
1.374360000000000000e+05
1.374370000000000000e+05
1.374530000000000000e+05
1.374910000000000000e+05
1.375090000000000000e+05
1.375700000000000000e+05
1.375710000000000000e+05
1.376490000000000000e+05
1.376500000000000000e+05
1.377570000000000000e+05
1.378760000000000000e+05
1.378820000000000000e+05
1.378830000000000000e+05
1.378850000000000000e+05
1.378860000000000000e+05
1.380660000000000000e+05
1.380670000000000000e+05
1.380680000000000000e+05
1.380940000000000000e+05
1.381410000000000000e+05
1.381420000000000000e+05
1.381430000000000000e+05
1.381440000000000000e+05
1.381450000000000000e+05
1.381460000000000000e+05
1.381470000000000000e+05
1.381480000000000000e+05
1.381490000000000000e+05
1.381500000000000000e+05
1.382710000000000000e+05
1.383770000000000000e+05
1.385430000000000000e+05
1.385510000000000000e+05
1.386230000000000000e+05
1.386440000000000000e+05
1.387730000000000000e+05
1.388960000000000000e+05
1.389190000000000000e+05
1.389640000000000000e+05
1.389770000000000000e+05
1.389790000000000000e+05
1.389910000000000000e+05
1.389920000000000000e+05
1.390270000000000000e+05
1.391100000000000000e+05
1.391260000000000000e+05
1.392640000000000000e+05
1.392650000000000000e+05
1.394890000000000000e+05
1.395930000000000000e+05
1.397080000000000000e+05
1.399950000000000000e+05
1.399960000000000000e+05
1.401410000000000000e+05
1.401620000000000000e+05
1.402970000000000000e+05
1.403170000000000000e+05
1.403190000000000000e+05
1.403200000000000000e+05
1.403320000000000000e+05
1.404290000000000000e+05
1.404300000000000000e+05
1.405200000000000000e+05
1.405220000000000000e+05
1.405790000000000000e+05
1.406130000000000000e+05
1.406140000000000000e+05
1.406150000000000000e+05
1.406180000000000000e+05
1.406190000000000000e+05
1.406200000000000000e+05
1.409710000000000000e+05
1.409770000000000000e+05
1.409980000000000000e+05
1.410030000000000000e+05
1.410950000000000000e+05
1.410960000000000000e+05
1.410980000000000000e+05
1.411930000000000000e+05
1.412250000000000000e+05
1.412950000000000000e+05
1.412960000000000000e+05
1.413160000000000000e+05
1.413200000000000000e+05
1.413960000000000000e+05
1.414250000000000000e+05
1.414270000000000000e+05
1.415390000000000000e+05
1.416360000000000000e+05
1.418110000000000000e+05
1.418580000000000000e+05
1.419100000000000000e+05
1.421190000000000000e+05
1.421200000000000000e+05
1.421250000000000000e+05
1.421270000000000000e+05
1.421280000000000000e+05
1.421290000000000000e+05
1.421510000000000000e+05
1.421530000000000000e+05
1.421550000000000000e+05
1.422410000000000000e+05
1.422850000000000000e+05
1.423480000000000000e+05
1.423900000000000000e+05
1.424370000000000000e+05
1.424380000000000000e+05
1.426730000000000000e+05
1.427320000000000000e+05
1.428070000000000000e+05
1.428470000000000000e+05
1.428480000000000000e+05
1.428490000000000000e+05
1.430710000000000000e+05
1.430720000000000000e+05
1.431120000000000000e+05
1.431140000000000000e+05
1.431160000000000000e+05
1.431950000000000000e+05
1.431960000000000000e+05
1.431970000000000000e+05
1.432240000000000000e+05
1.432710000000000000e+05
1.432750000000000000e+05
1.432930000000000000e+05
1.433300000000000000e+05
1.433970000000000000e+05
1.434050000000000000e+05
1.434210000000000000e+05
1.434320000000000000e+05
1.434330000000000000e+05
1.434340000000000000e+05
1.434350000000000000e+05
1.434360000000000000e+05
1.434390000000000000e+05
1.434410000000000000e+05
1.435130000000000000e+05
1.435140000000000000e+05
1.436430000000000000e+05
1.437060000000000000e+05
1.437100000000000000e+05
1.437110000000000000e+05
1.437120000000000000e+05
1.437150000000000000e+05
1.438310000000000000e+05
1.438380000000000000e+05
1.438830000000000000e+05
1.438900000000000000e+05
1.438940000000000000e+05
1.438950000000000000e+05
1.438980000000000000e+05
1.439000000000000000e+05
1.439020000000000000e+05
1.439030000000000000e+05
1.439050000000000000e+05
1.439090000000000000e+05
1.439100000000000000e+05
1.439350000000000000e+05
1.439370000000000000e+05
1.439390000000000000e+05
1.439630000000000000e+05
1.440750000000000000e+05
1.440760000000000000e+05
1.441300000000000000e+05
1.441760000000000000e+05
1.442520000000000000e+05
1.443080000000000000e+05
1.443090000000000000e+05
1.443920000000000000e+05
1.444540000000000000e+05
1.444710000000000000e+05
1.445050000000000000e+05
1.445500000000000000e+05
1.446370000000000000e+05
1.446940000000000000e+05
1.447460000000000000e+05
1.448300000000000000e+05
1.449090000000000000e+05
1.449460000000000000e+05
1.450080000000000000e+05
1.451310000000000000e+05
1.451330000000000000e+05
1.451480000000000000e+05
1.451990000000000000e+05
1.452500000000000000e+05
1.452510000000000000e+05
1.454490000000000000e+05
1.454630000000000000e+05
1.455340000000000000e+05
1.455370000000000000e+05
1.456010000000000000e+05
1.456050000000000000e+05
1.456130000000000000e+05
1.456140000000000000e+05
1.456150000000000000e+05
1.456520000000000000e+05
1.458120000000000000e+05
1.458130000000000000e+05
1.458150000000000000e+05
1.458160000000000000e+05
1.458170000000000000e+05
1.458180000000000000e+05
1.458190000000000000e+05
1.459880000000000000e+05
1.461000000000000000e+05
1.461390000000000000e+05
1.461530000000000000e+05
1.462600000000000000e+05
1.462620000000000000e+05
1.462990000000000000e+05
1.463130000000000000e+05
1.463450000000000000e+05
1.464780000000000000e+05
1.466060000000000000e+05
1.466230000000000000e+05
1.466240000000000000e+05
1.466280000000000000e+05
1.466760000000000000e+05
1.466800000000000000e+05
1.467920000000000000e+05
1.468760000000000000e+05
1.469660000000000000e+05
1.469960000000000000e+05
1.472010000000000000e+05
1.472180000000000000e+05
1.472190000000000000e+05
1.472220000000000000e+05
1.472540000000000000e+05
1.472590000000000000e+05
1.473200000000000000e+05
1.473220000000000000e+05
1.474440000000000000e+05
1.474450000000000000e+05
1.474600000000000000e+05
1.474610000000000000e+05
1.474730000000000000e+05
1.476490000000000000e+05
1.476500000000000000e+05
1.476510000000000000e+05
1.476520000000000000e+05
1.476530000000000000e+05
1.476600000000000000e+05
1.476670000000000000e+05
1.476780000000000000e+05
1.476820000000000000e+05
1.476980000000000000e+05
1.477780000000000000e+05
1.477910000000000000e+05
1.477930000000000000e+05
1.477940000000000000e+05
1.479030000000000000e+05
1.479360000000000000e+05
1.479800000000000000e+05
1.479910000000000000e+05
1.480120000000000000e+05
1.480400000000000000e+05
1.481410000000000000e+05
1.481660000000000000e+05
1.481670000000000000e+05
1.481680000000000000e+05
1.481700000000000000e+05
1.482050000000000000e+05
1.482370000000000000e+05
1.482400000000000000e+05
1.482970000000000000e+05
1.482980000000000000e+05
1.482990000000000000e+05
1.483000000000000000e+05
1.484300000000000000e+05
1.485460000000000000e+05
1.485540000000000000e+05
1.485550000000000000e+05
1.485560000000000000e+05
1.485570000000000000e+05
1.485590000000000000e+05
1.485600000000000000e+05
1.487270000000000000e+05
1.487570000000000000e+05
1.488470000000000000e+05
1.489160000000000000e+05
1.489500000000000000e+05
1.490330000000000000e+05
1.491290000000000000e+05
1.491700000000000000e+05
1.492990000000000000e+05
1.493030000000000000e+05
1.495940000000000000e+05
1.496860000000000000e+05
1.496910000000000000e+05
1.497830000000000000e+05
1.499530000000000000e+05
1.500560000000000000e+05
1.500570000000000000e+05
1.501360000000000000e+05
1.501570000000000000e+05
1.502260000000000000e+05
1.502300000000000000e+05
1.503900000000000000e+05
1.503940000000000000e+05
1.504450000000000000e+05
1.505810000000000000e+05
1.506960000000000000e+05
1.508260000000000000e+05
1.509490000000000000e+05
1.509500000000000000e+05
1.510270000000000000e+05
1.510450000000000000e+05
1.514720000000000000e+05
1.515170000000000000e+05
1.515990000000000000e+05
1.516000000000000000e+05
1.516010000000000000e+05
1.516750000000000000e+05
1.517760000000000000e+05
1.518100000000000000e+05
1.518720000000000000e+05
1.519020000000000000e+05
1.519790000000000000e+05
1.520800000000000000e+05
1.522120000000000000e+05
1.522970000000000000e+05
1.523480000000000000e+05
1.524340000000000000e+05
1.527750000000000000e+05
1.528360000000000000e+05
1.528410000000000000e+05
1.529010000000000000e+05
1.529030000000000000e+05
1.531550000000000000e+05
1.531560000000000000e+05
1.531770000000000000e+05
1.532530000000000000e+05
1.532540000000000000e+05
1.532660000000000000e+05
1.532700000000000000e+05
1.534710000000000000e+05
1.534970000000000000e+05
1.538930000000000000e+05
1.538960000000000000e+05
1.539230000000000000e+05
1.539690000000000000e+05
1.539700000000000000e+05
1.540440000000000000e+05
1.540460000000000000e+05
1.540470000000000000e+05
1.543450000000000000e+05
1.543470000000000000e+05
1.543500000000000000e+05
1.543530000000000000e+05
1.543640000000000000e+05
1.543650000000000000e+05
1.543660000000000000e+05
1.544640000000000000e+05
1.546160000000000000e+05
1.547130000000000000e+05
1.548270000000000000e+05
1.549000000000000000e+05
1.549800000000000000e+05
1.549810000000000000e+05
1.549850000000000000e+05
1.550340000000000000e+05
1.550370000000000000e+05
1.552810000000000000e+05
1.554790000000000000e+05
1.555300000000000000e+05
1.555490000000000000e+05
1.555560000000000000e+05
1.555650000000000000e+05
1.556380000000000000e+05
1.556700000000000000e+05
1.556850000000000000e+05
1.557750000000000000e+05
1.557870000000000000e+05
1.557890000000000000e+05
1.558500000000000000e+05
1.558760000000000000e+05
1.559280000000000000e+05
1.559290000000000000e+05
1.559310000000000000e+05
1.560140000000000000e+05
1.561530000000000000e+05
1.562000000000000000e+05
1.562030000000000000e+05
1.562230000000000000e+05
1.562670000000000000e+05
1.563610000000000000e+05
1.563960000000000000e+05
1.564030000000000000e+05
1.564250000000000000e+05
1.564660000000000000e+05
1.565030000000000000e+05
1.565570000000000000e+05
1.566460000000000000e+05
1.566470000000000000e+05
1.566480000000000000e+05
1.566580000000000000e+05
1.568440000000000000e+05
1.568560000000000000e+05
1.568630000000000000e+05
1.568680000000000000e+05
1.569250000000000000e+05
1.569490000000000000e+05
1.570570000000000000e+05
1.570580000000000000e+05
1.570750000000000000e+05
1.571230000000000000e+05
1.571680000000000000e+05
1.572620000000000000e+05
1.573080000000000000e+05
1.574020000000000000e+05
1.574590000000000000e+05
1.575560000000000000e+05
1.575820000000000000e+05
1.575840000000000000e+05
1.577900000000000000e+05
1.577910000000000000e+05
1.577920000000000000e+05
1.577940000000000000e+05
1.578000000000000000e+05
1.580830000000000000e+05
1.580840000000000000e+05
1.580850000000000000e+05
1.580860000000000000e+05
1.580870000000000000e+05
1.582420000000000000e+05
1.582580000000000000e+05
1.582590000000000000e+05
1.584440000000000000e+05
1.585550000000000000e+05
1.587600000000000000e+05
1.590180000000000000e+05
1.590190000000000000e+05
1.590200000000000000e+05
1.590210000000000000e+05
1.591060000000000000e+05
1.592100000000000000e+05
1.592540000000000000e+05
1.592560000000000000e+05
1.592690000000000000e+05
1.592840000000000000e+05
1.592850000000000000e+05
1.592860000000000000e+05
1.593000000000000000e+05
1.593960000000000000e+05
1.593970000000000000e+05
1.594260000000000000e+05
1.594590000000000000e+05
1.596250000000000000e+05
1.597060000000000000e+05
1.597250000000000000e+05
1.597640000000000000e+05
1.598300000000000000e+05
1.598330000000000000e+05
1.598860000000000000e+05
1.599630000000000000e+05
1.599640000000000000e+05
1.599650000000000000e+05
1.599660000000000000e+05
1.599980000000000000e+05
1.601330000000000000e+05
1.601980000000000000e+05
1.601990000000000000e+05
1.602010000000000000e+05
1.602020000000000000e+05
1.602170000000000000e+05
1.602500000000000000e+05
1.603170000000000000e+05
1.603580000000000000e+05
1.603930000000000000e+05
1.603970000000000000e+05
1.604800000000000000e+05
1.604820000000000000e+05
1.605710000000000000e+05
1.605780000000000000e+05
1.607140000000000000e+05
1.607250000000000000e+05
1.607310000000000000e+05
1.607320000000000000e+05
1.607730000000000000e+05
1.607740000000000000e+05
1.607770000000000000e+05
1.607810000000000000e+05
1.607830000000000000e+05
1.608420000000000000e+05
1.611670000000000000e+05
1.612020000000000000e+05
1.613110000000000000e+05
1.613140000000000000e+05
1.614730000000000000e+05
1.615030000000000000e+05
1.615040000000000000e+05
1.615670000000000000e+05
1.615680000000000000e+05
1.615700000000000000e+05
1.615710000000000000e+05
1.616110000000000000e+05
1.617300000000000000e+05
1.617850000000000000e+05
1.617980000000000000e+05
1.618120000000000000e+05
1.619550000000000000e+05
1.619770000000000000e+05
1.619870000000000000e+05
1.619940000000000000e+05
1.623120000000000000e+05
1.623220000000000000e+05
1.624040000000000000e+05
1.624230000000000000e+05
1.624590000000000000e+05
1.625670000000000000e+05
1.625680000000000000e+05
1.625770000000000000e+05
1.625790000000000000e+05
1.626140000000000000e+05
1.626280000000000000e+05
1.627000000000000000e+05
1.627230000000000000e+05
1.627990000000000000e+05
1.628000000000000000e+05
1.632270000000000000e+05
1.632960000000000000e+05
1.633900000000000000e+05
1.634890000000000000e+05
1.635100000000000000e+05
1.635410000000000000e+05
1.635630000000000000e+05
1.637060000000000000e+05
1.637200000000000000e+05
1.637300000000000000e+05
1.637970000000000000e+05
1.638910000000000000e+05
1.639080000000000000e+05
1.639320000000000000e+05
1.639330000000000000e+05
1.639510000000000000e+05
1.641480000000000000e+05
1.641660000000000000e+05
1.641690000000000000e+05
1.641950000000000000e+05
1.642720000000000000e+05
1.643690000000000000e+05
1.643810000000000000e+05
1.643830000000000000e+05
1.643840000000000000e+05
1.644710000000000000e+05
1.645610000000000000e+05
1.647480000000000000e+05
1.647490000000000000e+05
1.648170000000000000e+05
1.648210000000000000e+05
1.649520000000000000e+05
1.650470000000000000e+05
1.650510000000000000e+05
1.652990000000000000e+05
1.653250000000000000e+05
1.654220000000000000e+05
1.654630000000000000e+05
1.656970000000000000e+05
1.657050000000000000e+05
1.657320000000000000e+05
1.657330000000000000e+05
1.657360000000000000e+05
1.657800000000000000e+05
1.657930000000000000e+05
1.659360000000000000e+05
1.659780000000000000e+05
1.660290000000000000e+05
1.660310000000000000e+05
1.660320000000000000e+05
1.660330000000000000e+05
1.660360000000000000e+05
1.660510000000000000e+05
1.661060000000000000e+05
1.661070000000000000e+05
1.661080000000000000e+05
1.661090000000000000e+05
1.661370000000000000e+05
1.661380000000000000e+05
1.661460000000000000e+05
1.661470000000000000e+05
1.661540000000000000e+05
1.661640000000000000e+05
1.662050000000000000e+05
1.662060000000000000e+05
1.662180000000000000e+05
1.662410000000000000e+05
1.662420000000000000e+05
1.663290000000000000e+05
1.664810000000000000e+05
1.664820000000000000e+05
1.665320000000000000e+05
1.665950000000000000e+05
1.666080000000000000e+05
1.666470000000000000e+05
1.666920000000000000e+05
1.666930000000000000e+05
1.667330000000000000e+05
1.667420000000000000e+05
1.667620000000000000e+05
1.667930000000000000e+05
1.668110000000000000e+05
1.668120000000000000e+05
1.668590000000000000e+05
1.669980000000000000e+05
1.670540000000000000e+05
1.670550000000000000e+05
1.670560000000000000e+05
1.670790000000000000e+05
1.670890000000000000e+05
1.670930000000000000e+05
1.672230000000000000e+05
1.672450000000000000e+05
1.672460000000000000e+05
1.672470000000000000e+05
1.672480000000000000e+05
1.673270000000000000e+05
1.674310000000000000e+05
1.674390000000000000e+05
1.674410000000000000e+05
1.676000000000000000e+05
1.676390000000000000e+05
1.676420000000000000e+05
1.678750000000000000e+05
1.680040000000000000e+05
1.681190000000000000e+05
1.681220000000000000e+05
1.681510000000000000e+05
1.682410000000000000e+05
1.684060000000000000e+05
1.684160000000000000e+05
1.684290000000000000e+05
1.684430000000000000e+05
1.684600000000000000e+05
1.684910000000000000e+05
1.684920000000000000e+05
1.684930000000000000e+05
1.686500000000000000e+05
1.687310000000000000e+05
1.687400000000000000e+05
1.687410000000000000e+05
1.687860000000000000e+05
1.689260000000000000e+05
1.690610000000000000e+05
1.690620000000000000e+05
1.690630000000000000e+05
1.690640000000000000e+05
1.690650000000000000e+05
1.692440000000000000e+05
1.692560000000000000e+05
1.694020000000000000e+05
1.694030000000000000e+05
1.694490000000000000e+05
1.695640000000000000e+05
1.695700000000000000e+05
1.695710000000000000e+05
1.695720000000000000e+05
1.695740000000000000e+05
1.695850000000000000e+05
1.696120000000000000e+05
1.698500000000000000e+05
1.698880000000000000e+05
1.699700000000000000e+05
1.699820000000000000e+05
1.699990000000000000e+05
1.700260000000000000e+05
1.700720000000000000e+05
1.700850000000000000e+05
1.701990000000000000e+05
1.702940000000000000e+05
1.703250000000000000e+05
1.704070000000000000e+05
1.704940000000000000e+05
1.705400000000000000e+05
1.705410000000000000e+05
1.705420000000000000e+05
1.705430000000000000e+05
1.705440000000000000e+05
1.705460000000000000e+05
1.705470000000000000e+05
1.705480000000000000e+05
1.705500000000000000e+05
1.705510000000000000e+05
1.705520000000000000e+05
1.705530000000000000e+05
1.705540000000000000e+05
1.705550000000000000e+05
1.705620000000000000e+05
1.706080000000000000e+05
1.706320000000000000e+05
1.706600000000000000e+05
1.706610000000000000e+05
1.706880000000000000e+05
1.707720000000000000e+05
1.708300000000000000e+05
1.711090000000000000e+05
1.711290000000000000e+05
1.711300000000000000e+05
1.711310000000000000e+05
1.711320000000000000e+05
1.712000000000000000e+05
1.712670000000000000e+05
1.712690000000000000e+05
1.712720000000000000e+05
1.712730000000000000e+05
1.712740000000000000e+05
1.712750000000000000e+05
1.712760000000000000e+05
1.712770000000000000e+05
1.712780000000000000e+05
1.712790000000000000e+05
1.712800000000000000e+05
1.712810000000000000e+05
1.712820000000000000e+05
1.712830000000000000e+05
1.712840000000000000e+05
1.712850000000000000e+05
1.712860000000000000e+05
1.712870000000000000e+05
1.712890000000000000e+05
1.712900000000000000e+05
1.712910000000000000e+05
1.712920000000000000e+05
1.712940000000000000e+05
1.712950000000000000e+05
1.712960000000000000e+05
1.712970000000000000e+05
1.712980000000000000e+05
1.713160000000000000e+05
1.713180000000000000e+05
1.713200000000000000e+05
1.713900000000000000e+05
1.714140000000000000e+05
1.715050000000000000e+05
1.715440000000000000e+05
1.716130000000000000e+05
1.716270000000000000e+05
1.717100000000000000e+05
1.717700000000000000e+05
1.717940000000000000e+05
1.717950000000000000e+05
1.718210000000000000e+05
1.719030000000000000e+05
1.719060000000000000e+05
1.719110000000000000e+05
1.720060000000000000e+05
1.720070000000000000e+05
1.720090000000000000e+05
1.720180000000000000e+05
1.720270000000000000e+05
1.720360000000000000e+05
1.720980000000000000e+05
1.721160000000000000e+05
1.721330000000000000e+05
1.722020000000000000e+05
1.722180000000000000e+05
1.722290000000000000e+05
1.723020000000000000e+05
1.723450000000000000e+05
1.723460000000000000e+05
1.723470000000000000e+05
1.723480000000000000e+05
1.723490000000000000e+05
1.723590000000000000e+05
1.724580000000000000e+05
1.725190000000000000e+05
1.725370000000000000e+05
1.725760000000000000e+05
1.726200000000000000e+05
1.727850000000000000e+05
1.728160000000000000e+05
1.728170000000000000e+05
1.729330000000000000e+05
1.729340000000000000e+05
1.729370000000000000e+05
1.729390000000000000e+05
1.730100000000000000e+05
