4.000000000000000000e+00
2.540000000000000000e+02
4.110000000000000000e+02
4.130000000000000000e+02
4.150000000000000000e+02
5.790000000000000000e+02
6.250000000000000000e+02
6.770000000000000000e+02
7.210000000000000000e+02
8.140000000000000000e+02
8.180000000000000000e+02
8.370000000000000000e+02
8.940000000000000000e+02
9.670000000000000000e+02
1.303000000000000000e+03
1.439000000000000000e+03
1.474000000000000000e+03
1.499000000000000000e+03
1.507000000000000000e+03
1.509000000000000000e+03
1.513000000000000000e+03
1.517000000000000000e+03
1.519000000000000000e+03
1.520000000000000000e+03
1.521000000000000000e+03
1.523000000000000000e+03
1.524000000000000000e+03
1.531000000000000000e+03
1.539000000000000000e+03
1.540000000000000000e+03
1.546000000000000000e+03
1.551000000000000000e+03
1.561000000000000000e+03
1.616000000000000000e+03
1.619000000000000000e+03
1.668000000000000000e+03
1.705000000000000000e+03
1.796000000000000000e+03
1.797000000000000000e+03
1.850000000000000000e+03
1.903000000000000000e+03
1.927000000000000000e+03
1.928000000000000000e+03
1.929000000000000000e+03
1.930000000000000000e+03
1.988000000000000000e+03
2.009000000000000000e+03
2.374000000000000000e+03
2.388000000000000000e+03
2.410000000000000000e+03
2.469000000000000000e+03
2.678000000000000000e+03
2.987000000000000000e+03
3.478000000000000000e+03
3.481000000000000000e+03
3.521000000000000000e+03
3.522000000000000000e+03
3.523000000000000000e+03
3.525000000000000000e+03
3.528000000000000000e+03
3.529000000000000000e+03
3.532000000000000000e+03
3.540000000000000000e+03
3.543000000000000000e+03
3.544000000000000000e+03
3.546000000000000000e+03
3.547000000000000000e+03
3.548000000000000000e+03
3.549000000000000000e+03
3.803000000000000000e+03
3.804000000000000000e+03
3.946000000000000000e+03
3.992000000000000000e+03
3.997000000000000000e+03
4.094000000000000000e+03
4.111000000000000000e+03
4.133000000000000000e+03
4.253000000000000000e+03
4.335000000000000000e+03
4.346000000000000000e+03
4.384000000000000000e+03
4.390000000000000000e+03
4.456000000000000000e+03
4.461000000000000000e+03
4.478000000000000000e+03
4.572000000000000000e+03
4.573000000000000000e+03
4.576000000000000000e+03
5.205000000000000000e+03
5.521000000000000000e+03
6.057000000000000000e+03
6.058000000000000000e+03
6.097000000000000000e+03
6.235000000000000000e+03
6.253000000000000000e+03
6.358000000000000000e+03
6.401000000000000000e+03
6.474000000000000000e+03
6.605000000000000000e+03
6.837000000000000000e+03
6.963000000000000000e+03
6.964000000000000000e+03
6.970000000000000000e+03
7.444000000000000000e+03
7.536000000000000000e+03
7.732000000000000000e+03
7.840000000000000000e+03
7.841000000000000000e+03
7.844000000000000000e+03
7.846000000000000000e+03
7.863000000000000000e+03
7.867000000000000000e+03
7.919000000000000000e+03
7.920000000000000000e+03
7.921000000000000000e+03
8.106000000000000000e+03
8.108000000000000000e+03
8.112000000000000000e+03
8.114000000000000000e+03
8.320000000000000000e+03
8.348000000000000000e+03
8.571000000000000000e+03
8.593000000000000000e+03
9.403000000000000000e+03
9.624000000000000000e+03
9.627000000000000000e+03
9.947000000000000000e+03
1.031300000000000000e+04
1.033400000000000000e+04
1.035900000000000000e+04
1.041500000000000000e+04
1.070200000000000000e+04
1.076800000000000000e+04
1.081900000000000000e+04
1.082300000000000000e+04
1.085800000000000000e+04
1.087100000000000000e+04
1.088400000000000000e+04
1.091500000000000000e+04
1.099600000000000000e+04
1.107300000000000000e+04
1.107400000000000000e+04
1.107700000000000000e+04
1.107800000000000000e+04
1.108700000000000000e+04
1.109600000000000000e+04
1.130600000000000000e+04
1.159500000000000000e+04
1.215200000000000000e+04
1.215800000000000000e+04
1.217700000000000000e+04
1.234000000000000000e+04
1.236400000000000000e+04
1.236500000000000000e+04
1.252100000000000000e+04
1.252200000000000000e+04
1.252300000000000000e+04
1.252400000000000000e+04
1.252500000000000000e+04
1.252600000000000000e+04
1.252700000000000000e+04
1.252800000000000000e+04
1.252900000000000000e+04
1.255500000000000000e+04
1.255800000000000000e+04
1.282000000000000000e+04
1.300100000000000000e+04
1.317700000000000000e+04
1.317900000000000000e+04
1.318200000000000000e+04
1.318300000000000000e+04
1.318400000000000000e+04
1.318800000000000000e+04
1.319100000000000000e+04
1.319600000000000000e+04
1.320200000000000000e+04
1.320300000000000000e+04
1.320400000000000000e+04
1.321100000000000000e+04
1.322000000000000000e+04
1.322200000000000000e+04
1.323100000000000000e+04
1.323700000000000000e+04
1.323900000000000000e+04
1.324500000000000000e+04
1.335100000000000000e+04
1.336200000000000000e+04
1.336800000000000000e+04
1.339000000000000000e+04
1.339100000000000000e+04
1.339200000000000000e+04
1.339400000000000000e+04
1.341500000000000000e+04
1.344400000000000000e+04
1.344600000000000000e+04
1.345000000000000000e+04
1.347300000000000000e+04
1.349300000000000000e+04
1.356000000000000000e+04
1.363500000000000000e+04
1.396600000000000000e+04
1.410100000000000000e+04
1.410300000000000000e+04
1.410400000000000000e+04
1.410700000000000000e+04
1.438900000000000000e+04
1.439200000000000000e+04
1.450500000000000000e+04
1.450700000000000000e+04
1.450800000000000000e+04
1.451400000000000000e+04
1.451600000000000000e+04
1.451700000000000000e+04
1.495500000000000000e+04
1.520500000000000000e+04
1.521000000000000000e+04
1.533500000000000000e+04
1.604000000000000000e+04
1.682800000000000000e+04
1.683500000000000000e+04
1.700500000000000000e+04
1.729900000000000000e+04
1.755200000000000000e+04
1.776100000000000000e+04
1.802000000000000000e+04
1.805200000000000000e+04
1.809600000000000000e+04
1.809800000000000000e+04
1.809900000000000000e+04
1.825300000000000000e+04
1.825700000000000000e+04
1.826400000000000000e+04
1.827000000000000000e+04
1.850100000000000000e+04
1.884100000000000000e+04
1.887800000000000000e+04
1.887900000000000000e+04
1.908700000000000000e+04
1.913800000000000000e+04
1.941600000000000000e+04
1.956700000000000000e+04
1.965000000000000000e+04
1.994100000000000000e+04
1.994200000000000000e+04
2.012300000000000000e+04
2.012700000000000000e+04
2.035700000000000000e+04
2.037200000000000000e+04
2.091900000000000000e+04
2.106300000000000000e+04
2.113600000000000000e+04
2.113700000000000000e+04
2.113800000000000000e+04
2.114100000000000000e+04
2.114600000000000000e+04
2.140600000000000000e+04
2.189500000000000000e+04
2.198500000000000000e+04
2.217300000000000000e+04
2.217600000000000000e+04
2.217800000000000000e+04
2.218100000000000000e+04
2.219400000000000000e+04
2.219700000000000000e+04
2.229100000000000000e+04
2.232000000000000000e+04
2.249700000000000000e+04
2.252700000000000000e+04
2.252800000000000000e+04
2.252900000000000000e+04
2.253000000000000000e+04
2.253200000000000000e+04
2.253400000000000000e+04
2.253500000000000000e+04
2.253600000000000000e+04
2.275900000000000000e+04
2.276000000000000000e+04
2.277800000000000000e+04
2.278900000000000000e+04
2.291300000000000000e+04
2.308600000000000000e+04
2.317900000000000000e+04
2.318000000000000000e+04
2.318200000000000000e+04
2.324600000000000000e+04
2.328500000000000000e+04
2.328700000000000000e+04
2.336700000000000000e+04
2.340400000000000000e+04
2.340600000000000000e+04
2.346600000000000000e+04
2.350200000000000000e+04
2.353200000000000000e+04
2.370300000000000000e+04
2.370600000000000000e+04
2.371700000000000000e+04
2.372200000000000000e+04
2.373200000000000000e+04
2.390900000000000000e+04
2.391000000000000000e+04
2.396600000000000000e+04
2.426400000000000000e+04
2.463800000000000000e+04
2.464000000000000000e+04
2.464100000000000000e+04
2.464200000000000000e+04
2.464300000000000000e+04
2.464400000000000000e+04
2.475300000000000000e+04
2.482800000000000000e+04
2.486200000000000000e+04
2.489800000000000000e+04
2.489900000000000000e+04
2.505400000000000000e+04
2.505500000000000000e+04
2.509900000000000000e+04
2.529400000000000000e+04
2.529500000000000000e+04
2.529700000000000000e+04
2.529800000000000000e+04
2.529900000000000000e+04
2.530000000000000000e+04
2.530200000000000000e+04
2.530300000000000000e+04
2.530400000000000000e+04
2.530600000000000000e+04
2.530800000000000000e+04
2.530900000000000000e+04
2.531000000000000000e+04
2.531100000000000000e+04
2.531200000000000000e+04
2.531900000000000000e+04
2.532500000000000000e+04
2.578500000000000000e+04
2.579300000000000000e+04
2.580900000000000000e+04
2.584500000000000000e+04
2.590400000000000000e+04
2.590500000000000000e+04
2.590900000000000000e+04
2.591400000000000000e+04
2.591500000000000000e+04
2.591600000000000000e+04
2.591700000000000000e+04
2.591900000000000000e+04
2.592000000000000000e+04
2.592100000000000000e+04
2.592400000000000000e+04
2.592600000000000000e+04
2.592800000000000000e+04
2.593100000000000000e+04
2.593200000000000000e+04
2.593300000000000000e+04
2.593400000000000000e+04
2.593500000000000000e+04
2.593600000000000000e+04
2.593800000000000000e+04
2.593900000000000000e+04
2.594000000000000000e+04
2.594300000000000000e+04
2.594400000000000000e+04
2.594500000000000000e+04
2.594600000000000000e+04
2.594700000000000000e+04
2.594800000000000000e+04
2.594900000000000000e+04
2.595000000000000000e+04
2.595100000000000000e+04
2.595200000000000000e+04
2.595300000000000000e+04
2.595400000000000000e+04
2.595500000000000000e+04
2.595600000000000000e+04
2.595700000000000000e+04
2.595800000000000000e+04
2.595900000000000000e+04
2.596200000000000000e+04
2.596300000000000000e+04
2.596400000000000000e+04
2.596500000000000000e+04
2.596600000000000000e+04
2.596700000000000000e+04
2.596800000000000000e+04
2.597300000000000000e+04
2.597600000000000000e+04
2.597900000000000000e+04
2.598100000000000000e+04
2.598800000000000000e+04
2.599100000000000000e+04
2.599300000000000000e+04
2.603900000000000000e+04
2.621900000000000000e+04
2.622500000000000000e+04
2.622600000000000000e+04
2.624000000000000000e+04
2.662200000000000000e+04
2.665100000000000000e+04
2.666000000000000000e+04
2.679900000000000000e+04
2.686200000000000000e+04
2.686600000000000000e+04
2.692700000000000000e+04
2.706700000000000000e+04
2.712600000000000000e+04
2.716000000000000000e+04
2.750800000000000000e+04
2.754500000000000000e+04
2.754700000000000000e+04
2.754800000000000000e+04
2.795500000000000000e+04
2.795600000000000000e+04
2.820000000000000000e+04
2.820100000000000000e+04
2.821300000000000000e+04
2.821400000000000000e+04
2.821500000000000000e+04
2.828600000000000000e+04
2.828700000000000000e+04
2.845700000000000000e+04
2.870800000000000000e+04
2.976300000000000000e+04
2.976700000000000000e+04
2.990000000000000000e+04
2.990100000000000000e+04
3.001200000000000000e+04
3.003900000000000000e+04
3.024700000000000000e+04
3.053800000000000000e+04
3.055500000000000000e+04
3.057800000000000000e+04
3.059000000000000000e+04
3.060100000000000000e+04
3.060900000000000000e+04
3.061200000000000000e+04
3.062400000000000000e+04
3.062800000000000000e+04
3.063000000000000000e+04
3.063800000000000000e+04
3.065000000000000000e+04
3.065100000000000000e+04
3.065600000000000000e+04
3.065700000000000000e+04
3.065800000000000000e+04
3.067500000000000000e+04
3.068100000000000000e+04
3.068300000000000000e+04
3.068400000000000000e+04
3.068600000000000000e+04
3.068700000000000000e+04
3.068800000000000000e+04
3.073700000000000000e+04
3.077100000000000000e+04
3.077200000000000000e+04
3.077300000000000000e+04
3.086000000000000000e+04
3.087400000000000000e+04
3.095400000000000000e+04
3.095500000000000000e+04
3.097200000000000000e+04
3.097300000000000000e+04
3.097400000000000000e+04
3.097600000000000000e+04
3.097700000000000000e+04
3.097800000000000000e+04
3.097900000000000000e+04
3.098000000000000000e+04
3.103800000000000000e+04
3.103900000000000000e+04
3.104000000000000000e+04
3.104600000000000000e+04
3.114300000000000000e+04
3.114400000000000000e+04
3.114700000000000000e+04
3.120800000000000000e+04
3.126700000000000000e+04
3.126900000000000000e+04
3.127500000000000000e+04
3.129900000000000000e+04
3.131500000000000000e+04
3.131600000000000000e+04
3.131700000000000000e+04
3.131800000000000000e+04
3.131900000000000000e+04
3.132000000000000000e+04
3.132100000000000000e+04
3.132300000000000000e+04
3.132400000000000000e+04
3.132500000000000000e+04
3.132600000000000000e+04
3.132800000000000000e+04
3.132900000000000000e+04
3.133000000000000000e+04
3.139500000000000000e+04
3.139600000000000000e+04
3.139700000000000000e+04
3.139800000000000000e+04
3.139900000000000000e+04
3.150300000000000000e+04
3.160300000000000000e+04
3.169400000000000000e+04
3.170600000000000000e+04
3.173000000000000000e+04
3.179200000000000000e+04
3.181000000000000000e+04
3.181300000000000000e+04
3.187400000000000000e+04
3.187800000000000000e+04
3.188200000000000000e+04
3.188300000000000000e+04
3.189700000000000000e+04
3.190700000000000000e+04
3.190900000000000000e+04
3.191500000000000000e+04
3.191600000000000000e+04
3.199100000000000000e+04
3.202800000000000000e+04
3.203400000000000000e+04
3.206500000000000000e+04
3.209900000000000000e+04
3.210000000000000000e+04
3.210100000000000000e+04
3.210200000000000000e+04
3.210400000000000000e+04
3.220000000000000000e+04
3.220200000000000000e+04
3.220300000000000000e+04
3.220400000000000000e+04
3.220500000000000000e+04
3.225900000000000000e+04
3.228300000000000000e+04
3.229900000000000000e+04
3.230700000000000000e+04
3.230800000000000000e+04
3.233100000000000000e+04
3.233900000000000000e+04
3.254600000000000000e+04
3.257700000000000000e+04
3.261100000000000000e+04
3.267200000000000000e+04
3.267300000000000000e+04
3.269100000000000000e+04
3.269200000000000000e+04
3.269300000000000000e+04
3.269400000000000000e+04
3.269600000000000000e+04
3.269700000000000000e+04
3.272500000000000000e+04
3.272700000000000000e+04
3.272800000000000000e+04
3.273000000000000000e+04
3.273300000000000000e+04
3.273400000000000000e+04
3.275500000000000000e+04
3.275600000000000000e+04
3.276400000000000000e+04
3.286600000000000000e+04
3.286800000000000000e+04
3.287600000000000000e+04
3.300800000000000000e+04
3.304800000000000000e+04
3.305700000000000000e+04
3.305800000000000000e+04
3.306400000000000000e+04
3.306700000000000000e+04
3.308200000000000000e+04
3.308300000000000000e+04
3.309700000000000000e+04
3.310800000000000000e+04
3.312400000000000000e+04
3.314200000000000000e+04
3.314700000000000000e+04
3.315200000000000000e+04
3.331900000000000000e+04
3.357100000000000000e+04
3.360000000000000000e+04
3.367500000000000000e+04
3.367600000000000000e+04
3.368100000000000000e+04
3.369900000000000000e+04
3.373300000000000000e+04
3.379200000000000000e+04
3.382900000000000000e+04
3.383700000000000000e+04
3.388800000000000000e+04
3.393200000000000000e+04
3.393600000000000000e+04
3.394800000000000000e+04
3.395600000000000000e+04
3.395800000000000000e+04
3.395900000000000000e+04
3.398800000000000000e+04
3.399200000000000000e+04
3.412800000000000000e+04
3.413600000000000000e+04
3.414900000000000000e+04
3.416700000000000000e+04
3.421400000000000000e+04
3.425700000000000000e+04
3.425800000000000000e+04
3.425900000000000000e+04
3.426200000000000000e+04
3.426300000000000000e+04
3.426400000000000000e+04
3.442700000000000000e+04
3.442900000000000000e+04
3.445300000000000000e+04
3.446000000000000000e+04
3.446100000000000000e+04
3.446800000000000000e+04
3.455900000000000000e+04
3.457500000000000000e+04
3.464300000000000000e+04
3.480400000000000000e+04
3.487100000000000000e+04
3.488700000000000000e+04
3.490100000000000000e+04
3.490600000000000000e+04
3.491200000000000000e+04
3.492000000000000000e+04
3.497100000000000000e+04
3.503000000000000000e+04
3.503700000000000000e+04
3.507200000000000000e+04
3.507500000000000000e+04
3.508200000000000000e+04
3.511300000000000000e+04
3.520800000000000000e+04
3.526600000000000000e+04
3.528400000000000000e+04
3.530200000000000000e+04
3.537900000000000000e+04
3.540600000000000000e+04
3.544000000000000000e+04
3.544100000000000000e+04
3.544300000000000000e+04
3.544500000000000000e+04
3.544600000000000000e+04
3.569600000000000000e+04
3.574500000000000000e+04
3.584700000000000000e+04
3.584800000000000000e+04
3.585000000000000000e+04
3.585100000000000000e+04
3.585200000000000000e+04
3.586200000000000000e+04
3.586400000000000000e+04
3.586700000000000000e+04
3.586800000000000000e+04
3.596300000000000000e+04
3.597600000000000000e+04
3.603400000000000000e+04
3.603500000000000000e+04
3.603900000000000000e+04
3.656500000000000000e+04
3.663100000000000000e+04
3.667200000000000000e+04
3.669800000000000000e+04
3.671100000000000000e+04
3.687300000000000000e+04
3.708400000000000000e+04
3.709200000000000000e+04
3.711300000000000000e+04
3.718700000000000000e+04
3.719900000000000000e+04
3.720000000000000000e+04
3.721100000000000000e+04
3.723300000000000000e+04
3.728300000000000000e+04
3.729900000000000000e+04
3.730000000000000000e+04
3.730800000000000000e+04
3.731600000000000000e+04
3.733800000000000000e+04
3.734500000000000000e+04
3.750600000000000000e+04
3.756800000000000000e+04
3.757000000000000000e+04
3.790000000000000000e+04
3.794000000000000000e+04
3.803800000000000000e+04
3.803900000000000000e+04
3.804100000000000000e+04
3.805400000000000000e+04
3.812800000000000000e+04
3.832600000000000000e+04
3.833700000000000000e+04
3.863400000000000000e+04
3.863500000000000000e+04
3.867500000000000000e+04
3.869500000000000000e+04
3.869900000000000000e+04
3.870900000000000000e+04
3.887300000000000000e+04
3.887400000000000000e+04
3.887500000000000000e+04
3.887600000000000000e+04
3.887700000000000000e+04
3.890300000000000000e+04
3.892800000000000000e+04
3.894200000000000000e+04
3.902700000000000000e+04
3.904900000000000000e+04
3.913300000000000000e+04
3.918900000000000000e+04
3.929000000000000000e+04
3.930900000000000000e+04
3.936900000000000000e+04
3.938900000000000000e+04
3.956400000000000000e+04
3.959700000000000000e+04
3.975700000000000000e+04
3.977200000000000000e+04
3.977300000000000000e+04
3.977400000000000000e+04
3.985600000000000000e+04
3.986400000000000000e+04
3.989100000000000000e+04
3.991800000000000000e+04
3.996200000000000000e+04
4.012100000000000000e+04
4.015700000000000000e+04
4.016200000000000000e+04
4.020000000000000000e+04
4.034600000000000000e+04
4.047700000000000000e+04
4.053600000000000000e+04
4.053900000000000000e+04
4.056400000000000000e+04
4.061700000000000000e+04
4.061800000000000000e+04
4.062300000000000000e+04
4.064300000000000000e+04
4.067500000000000000e+04
4.067600000000000000e+04
4.091200000000000000e+04
4.091400000000000000e+04
4.100000000000000000e+04
4.110000000000000000e+04
4.114900000000000000e+04
4.139800000000000000e+04
4.145800000000000000e+04
4.159700000000000000e+04
4.170700000000000000e+04
4.179800000000000000e+04
4.183900000000000000e+04
4.184100000000000000e+04
4.204600000000000000e+04
4.204900000000000000e+04
4.205000000000000000e+04
4.205100000000000000e+04
4.205200000000000000e+04
4.205300000000000000e+04
4.205400000000000000e+04
4.206100000000000000e+04
4.206200000000000000e+04
4.206300000000000000e+04
4.211100000000000000e+04
4.211200000000000000e+04
4.211700000000000000e+04
4.212000000000000000e+04
4.212500000000000000e+04
4.212600000000000000e+04
4.215500000000000000e+04
4.216200000000000000e+04
4.220300000000000000e+04
4.220700000000000000e+04
4.220900000000000000e+04
4.221400000000000000e+04
4.225300000000000000e+04
4.226100000000000000e+04
4.230400000000000000e+04
4.230900000000000000e+04
4.231000000000000000e+04
4.257400000000000000e+04
4.264700000000000000e+04
4.304600000000000000e+04
4.304700000000000000e+04
4.304800000000000000e+04
4.314900000000000000e+04
4.316500000000000000e+04
4.316800000000000000e+04
4.317700000000000000e+04
4.320600000000000000e+04
4.336100000000000000e+04
4.346400000000000000e+04
4.361000000000000000e+04
4.368300000000000000e+04
4.378700000000000000e+04
4.382700000000000000e+04
4.387100000000000000e+04
4.387200000000000000e+04
4.415500000000000000e+04
4.415600000000000000e+04
4.474900000000000000e+04
4.475100000000000000e+04
4.490800000000000000e+04
4.491000000000000000e+04
4.491100000000000000e+04
4.491200000000000000e+04
4.491300000000000000e+04
4.491500000000000000e+04
4.491600000000000000e+04
4.503400000000000000e+04
4.503500000000000000e+04
4.509200000000000000e+04
4.521100000000000000e+04
4.521500000000000000e+04
4.523100000000000000e+04
4.524300000000000000e+04
4.529900000000000000e+04
4.550500000000000000e+04
4.552400000000000000e+04
4.565800000000000000e+04
4.577800000000000000e+04
4.591400000000000000e+04
4.591500000000000000e+04
4.591600000000000000e+04
4.591700000000000000e+04
4.591800000000000000e+04
4.591900000000000000e+04
4.592000000000000000e+04
4.592100000000000000e+04
4.592200000000000000e+04
4.592300000000000000e+04
4.592400000000000000e+04
4.592500000000000000e+04
4.592600000000000000e+04
4.592700000000000000e+04
4.592800000000000000e+04
4.592900000000000000e+04
4.593000000000000000e+04
4.593100000000000000e+04
4.593300000000000000e+04
4.593400000000000000e+04
4.593500000000000000e+04
4.593600000000000000e+04
4.593700000000000000e+04
4.593800000000000000e+04
4.593900000000000000e+04
4.594000000000000000e+04
4.594100000000000000e+04
4.594200000000000000e+04
4.594300000000000000e+04
4.594400000000000000e+04
4.594500000000000000e+04
4.594600000000000000e+04
4.594700000000000000e+04
4.594900000000000000e+04
4.595000000000000000e+04
4.595100000000000000e+04
4.595200000000000000e+04
4.595300000000000000e+04
4.595400000000000000e+04
4.595500000000000000e+04
4.595600000000000000e+04
4.595700000000000000e+04
4.595800000000000000e+04
4.617700000000000000e+04
4.617900000000000000e+04
4.618000000000000000e+04
4.618200000000000000e+04
4.627000000000000000e+04
4.629800000000000000e+04
4.632000000000000000e+04
4.642500000000000000e+04
4.669500000000000000e+04
4.669600000000000000e+04
4.681100000000000000e+04
4.700800000000000000e+04
4.702200000000000000e+04
4.725100000000000000e+04
4.790000000000000000e+04
4.796500000000000000e+04
4.796600000000000000e+04
4.806800000000000000e+04
4.807000000000000000e+04
4.807100000000000000e+04
4.807400000000000000e+04
4.807700000000000000e+04
4.856900000000000000e+04
4.857000000000000000e+04
4.857100000000000000e+04
4.857300000000000000e+04
4.857400000000000000e+04
4.857500000000000000e+04
4.857600000000000000e+04
4.857700000000000000e+04
4.857800000000000000e+04
4.857900000000000000e+04
4.858000000000000000e+04
4.858100000000000000e+04
4.858200000000000000e+04
4.858300000000000000e+04
4.858400000000000000e+04
4.858500000000000000e+04
4.888900000000000000e+04
4.889000000000000000e+04
4.889800000000000000e+04
4.890900000000000000e+04
4.922500000000000000e+04
4.922600000000000000e+04
4.922700000000000000e+04
4.922800000000000000e+04
4.922900000000000000e+04
4.923000000000000000e+04
4.923100000000000000e+04
4.923200000000000000e+04
4.923300000000000000e+04
4.923400000000000000e+04
4.923500000000000000e+04
4.923600000000000000e+04
4.932100000000000000e+04
4.932300000000000000e+04
4.979100000000000000e+04
4.979200000000000000e+04
4.979300000000000000e+04
4.979400000000000000e+04
4.982700000000000000e+04
4.984100000000000000e+04
5.005600000000000000e+04
5.007800000000000000e+04
5.045400000000000000e+04
5.045600000000000000e+04
5.046700000000000000e+04
5.063400000000000000e+04
5.074200000000000000e+04
5.091900000000000000e+04
5.092000000000000000e+04
5.107200000000000000e+04
5.107300000000000000e+04
5.107400000000000000e+04
5.107500000000000000e+04
5.107600000000000000e+04
5.107700000000000000e+04
5.107900000000000000e+04
5.108000000000000000e+04
5.108100000000000000e+04
5.108200000000000000e+04
5.108300000000000000e+04
5.108500000000000000e+04
5.108700000000000000e+04
5.121500000000000000e+04
5.122600000000000000e+04
5.123300000000000000e+04
5.123500000000000000e+04
5.124400000000000000e+04
5.131300000000000000e+04
5.132700000000000000e+04
5.132900000000000000e+04
5.133000000000000000e+04
5.133200000000000000e+04
5.133300000000000000e+04
5.133400000000000000e+04
5.133500000000000000e+04
5.133600000000000000e+04
5.133700000000000000e+04
5.133800000000000000e+04
5.133900000000000000e+04
5.134000000000000000e+04
5.134100000000000000e+04
5.134300000000000000e+04
5.134400000000000000e+04
5.134500000000000000e+04
5.134800000000000000e+04
5.134900000000000000e+04
5.135000000000000000e+04
5.136300000000000000e+04
5.137200000000000000e+04
5.137300000000000000e+04
5.137400000000000000e+04
5.144300000000000000e+04
5.147000000000000000e+04
5.154200000000000000e+04
5.154300000000000000e+04
5.154400000000000000e+04
5.154500000000000000e+04
5.154600000000000000e+04
5.154700000000000000e+04
5.154800000000000000e+04
5.166100000000000000e+04
5.166200000000000000e+04
5.166300000000000000e+04
5.166400000000000000e+04
5.168000000000000000e+04
5.169600000000000000e+04
5.180200000000000000e+04
5.180300000000000000e+04
5.180400000000000000e+04
5.180500000000000000e+04
5.180700000000000000e+04
5.180800000000000000e+04
5.180900000000000000e+04
5.181000000000000000e+04
5.181100000000000000e+04
5.181200000000000000e+04
5.181300000000000000e+04
5.181400000000000000e+04
5.181500000000000000e+04
5.181700000000000000e+04
5.181800000000000000e+04
5.181900000000000000e+04
5.217900000000000000e+04
5.220100000000000000e+04
5.223100000000000000e+04
5.229500000000000000e+04
5.257900000000000000e+04
5.258000000000000000e+04
5.258100000000000000e+04
5.313600000000000000e+04
5.313700000000000000e+04
5.313800000000000000e+04
5.323800000000000000e+04
5.323900000000000000e+04
5.324100000000000000e+04
5.324200000000000000e+04
5.324300000000000000e+04
5.324400000000000000e+04
5.341900000000000000e+04
5.347800000000000000e+04
5.348200000000000000e+04
5.388100000000000000e+04
5.401400000000000000e+04
5.414900000000000000e+04
5.462500000000000000e+04
5.462600000000000000e+04
5.462700000000000000e+04
5.462800000000000000e+04
5.462900000000000000e+04
5.463000000000000000e+04
5.487100000000000000e+04
5.491700000000000000e+04
5.495100000000000000e+04
5.495700000000000000e+04
5.498200000000000000e+04
5.499800000000000000e+04
5.500900000000000000e+04
5.501000000000000000e+04
5.510200000000000000e+04
5.512200000000000000e+04
5.512800000000000000e+04
5.539400000000000000e+04
5.551100000000000000e+04
5.551300000000000000e+04
5.551500000000000000e+04
5.551600000000000000e+04
5.551700000000000000e+04
5.551800000000000000e+04
5.557600000000000000e+04
5.558000000000000000e+04
5.558100000000000000e+04
5.585800000000000000e+04
5.586000000000000000e+04
5.586100000000000000e+04
5.586300000000000000e+04
5.587800000000000000e+04
5.595800000000000000e+04
5.595900000000000000e+04
5.608800000000000000e+04
5.611100000000000000e+04
5.611200000000000000e+04
5.611400000000000000e+04
5.611600000000000000e+04
5.611800000000000000e+04
5.612400000000000000e+04
5.619800000000000000e+04
5.627600000000000000e+04
5.632600000000000000e+04
5.632700000000000000e+04
5.634000000000000000e+04
5.648900000000000000e+04
5.649000000000000000e+04
5.649100000000000000e+04
5.649200000000000000e+04
5.649300000000000000e+04
5.652700000000000000e+04
5.655800000000000000e+04
5.683300000000000000e+04
5.687000000000000000e+04
5.687100000000000000e+04
5.689800000000000000e+04
5.696400000000000000e+04
5.708900000000000000e+04
5.743800000000000000e+04
5.765200000000000000e+04
5.779000000000000000e+04
5.779200000000000000e+04
5.781200000000000000e+04
5.781400000000000000e+04
5.781500000000000000e+04
5.783400000000000000e+04
5.789000000000000000e+04
5.791700000000000000e+04
5.792600000000000000e+04
5.792700000000000000e+04
5.792800000000000000e+04
5.792900000000000000e+04
5.793000000000000000e+04
5.793100000000000000e+04
5.793200000000000000e+04
5.793300000000000000e+04
5.793400000000000000e+04
5.793600000000000000e+04
5.793700000000000000e+04
5.793800000000000000e+04
5.793900000000000000e+04
5.794900000000000000e+04
5.796500000000000000e+04
5.796600000000000000e+04
5.798600000000000000e+04
5.806700000000000000e+04
5.807000000000000000e+04
5.809600000000000000e+04
5.844300000000000000e+04
5.846700000000000000e+04
5.847500000000000000e+04
5.850100000000000000e+04
5.850200000000000000e+04
5.855400000000000000e+04
5.855500000000000000e+04
5.857900000000000000e+04
5.858000000000000000e+04
5.858300000000000000e+04
5.866700000000000000e+04
5.873700000000000000e+04
5.873800000000000000e+04
5.876000000000000000e+04
5.879400000000000000e+04
5.881600000000000000e+04
5.915800000000000000e+04
5.915900000000000000e+04
5.916200000000000000e+04
5.921500000000000000e+04
5.950400000000000000e+04
5.954000000000000000e+04
5.955400000000000000e+04
5.969400000000000000e+04
5.969600000000000000e+04
5.969800000000000000e+04
5.982500000000000000e+04
5.982900000000000000e+04
6.000800000000000000e+04
6.000900000000000000e+04
6.005900000000000000e+04
6.006100000000000000e+04
6.009100000000000000e+04
6.010900000000000000e+04
6.011000000000000000e+04
6.017500000000000000e+04
6.049100000000000000e+04
6.049200000000000000e+04
6.049400000000000000e+04
6.052400000000000000e+04
6.052600000000000000e+04
6.060200000000000000e+04
6.064300000000000000e+04
6.075900000000000000e+04
6.076900000000000000e+04
6.078300000000000000e+04
6.079600000000000000e+04
6.081000000000000000e+04
6.081300000000000000e+04
6.081400000000000000e+04
6.083500000000000000e+04
6.091700000000000000e+04
6.099900000000000000e+04
6.100000000000000000e+04
6.100100000000000000e+04
6.100200000000000000e+04
6.100400000000000000e+04
6.100500000000000000e+04
6.100700000000000000e+04
6.100900000000000000e+04
6.131600000000000000e+04
6.133600000000000000e+04
6.140000000000000000e+04
6.141200000000000000e+04
6.147000000000000000e+04
6.168400000000000000e+04
6.173000000000000000e+04
6.186000000000000000e+04
6.190500000000000000e+04
6.198500000000000000e+04
6.214300000000000000e+04
6.214400000000000000e+04
6.236300000000000000e+04
6.241100000000000000e+04
6.263500000000000000e+04
6.263600000000000000e+04
6.298700000000000000e+04
6.313500000000000000e+04
6.335500000000000000e+04
6.335600000000000000e+04
6.346500000000000000e+04
6.362500000000000000e+04
6.369100000000000000e+04
6.372400000000000000e+04
6.397100000000000000e+04
6.408100000000000000e+04
6.419900000000000000e+04
6.443400000000000000e+04
6.468800000000000000e+04
6.470100000000000000e+04
6.476800000000000000e+04
6.477500000000000000e+04
6.477600000000000000e+04
6.481400000000000000e+04
6.482600000000000000e+04
6.487000000000000000e+04
6.487200000000000000e+04
6.512900000000000000e+04
6.518800000000000000e+04
6.518900000000000000e+04
6.519000000000000000e+04
6.519100000000000000e+04
6.519200000000000000e+04
6.519300000000000000e+04
6.519400000000000000e+04
6.519500000000000000e+04
6.519600000000000000e+04
6.519800000000000000e+04
6.519900000000000000e+04
6.520000000000000000e+04
6.529100000000000000e+04
6.531600000000000000e+04
6.531700000000000000e+04
6.531800000000000000e+04
6.531900000000000000e+04
6.532700000000000000e+04
6.539200000000000000e+04
6.552000000000000000e+04
6.558200000000000000e+04
6.562400000000000000e+04
6.571000000000000000e+04
6.571100000000000000e+04
6.571300000000000000e+04
6.580100000000000000e+04
6.591400000000000000e+04
6.621200000000000000e+04
6.621300000000000000e+04
6.621400000000000000e+04
6.629000000000000000e+04
6.634600000000000000e+04
6.634700000000000000e+04
6.634900000000000000e+04
6.635000000000000000e+04
6.635100000000000000e+04
6.635200000000000000e+04
6.635300000000000000e+04
6.635400000000000000e+04
6.635500000000000000e+04
6.635600000000000000e+04
6.635700000000000000e+04
6.635800000000000000e+04
6.635900000000000000e+04
6.645000000000000000e+04
6.648500000000000000e+04
6.648600000000000000e+04
6.650500000000000000e+04
6.650600000000000000e+04
6.651800000000000000e+04
6.652000000000000000e+04
6.654400000000000000e+04
6.654500000000000000e+04
6.654600000000000000e+04
6.665300000000000000e+04
6.665400000000000000e+04
6.665900000000000000e+04
6.667300000000000000e+04
6.667400000000000000e+04
6.667700000000000000e+04
6.686500000000000000e+04
6.688600000000000000e+04
6.703500000000000000e+04
6.704700000000000000e+04
6.752700000000000000e+04
6.760900000000000000e+04
6.761000000000000000e+04
6.761200000000000000e+04
6.761300000000000000e+04
6.761400000000000000e+04
6.765000000000000000e+04
6.765800000000000000e+04
6.765900000000000000e+04
6.766600000000000000e+04
6.766700000000000000e+04
6.783600000000000000e+04
6.804700000000000000e+04
6.811600000000000000e+04
6.812000000000000000e+04
6.821100000000000000e+04
6.827500000000000000e+04
6.827600000000000000e+04
6.855900000000000000e+04
6.856000000000000000e+04
6.856100000000000000e+04
6.856200000000000000e+04
6.856300000000000000e+04
6.856900000000000000e+04
6.857200000000000000e+04
6.888100000000000000e+04
6.896400000000000000e+04
6.898700000000000000e+04
6.901200000000000000e+04
6.901300000000000000e+04
6.901400000000000000e+04
6.901500000000000000e+04
6.901600000000000000e+04
6.901700000000000000e+04
6.901800000000000000e+04
6.901900000000000000e+04
6.902000000000000000e+04
6.903300000000000000e+04
6.903400000000000000e+04
6.927300000000000000e+04
6.937000000000000000e+04
6.937700000000000000e+04
6.940800000000000000e+04
6.957900000000000000e+04
7.040200000000000000e+04
7.040300000000000000e+04
7.048300000000000000e+04
7.049500000000000000e+04
7.050500000000000000e+04
7.057800000000000000e+04
7.057900000000000000e+04
7.066300000000000000e+04
7.068600000000000000e+04
7.078800000000000000e+04
7.079600000000000000e+04
7.085500000000000000e+04
7.098100000000000000e+04
7.109200000000000000e+04
7.109400000000000000e+04
7.109500000000000000e+04
7.109600000000000000e+04
7.109700000000000000e+04
7.109900000000000000e+04
7.110100000000000000e+04
7.110200000000000000e+04
7.110300000000000000e+04
7.110400000000000000e+04
7.111900000000000000e+04
7.133100000000000000e+04
7.154300000000000000e+04
7.157800000000000000e+04
7.157900000000000000e+04
7.167900000000000000e+04
7.168400000000000000e+04
7.169400000000000000e+04
7.169500000000000000e+04
7.204000000000000000e+04
7.210000000000000000e+04
7.231700000000000000e+04
7.234900000000000000e+04
7.237600000000000000e+04
7.244600000000000000e+04
7.252900000000000000e+04
7.256700000000000000e+04
7.262300000000000000e+04
7.266700000000000000e+04
7.266800000000000000e+04
7.272900000000000000e+04
7.273000000000000000e+04
7.289300000000000000e+04
7.302700000000000000e+04
7.307400000000000000e+04
7.308600000000000000e+04
7.320600000000000000e+04
7.344700000000000000e+04
7.357200000000000000e+04
7.359100000000000000e+04
7.360800000000000000e+04
7.361400000000000000e+04
7.399800000000000000e+04
7.405200000000000000e+04
7.406200000000000000e+04
7.440200000000000000e+04
7.449400000000000000e+04
7.451300000000000000e+04
7.467400000000000000e+04
7.473000000000000000e+04
7.473200000000000000e+04
7.473400000000000000e+04
7.474100000000000000e+04
7.483100000000000000e+04
7.497900000000000000e+04
7.498300000000000000e+04
7.498400000000000000e+04
7.498500000000000000e+04
7.498600000000000000e+04
7.498800000000000000e+04
7.499800000000000000e+04
7.501600000000000000e+04
7.528900000000000000e+04
7.529100000000000000e+04
7.543500000000000000e+04
7.547000000000000000e+04
7.547100000000000000e+04
7.551600000000000000e+04
7.555700000000000000e+04
7.562300000000000000e+04
7.562400000000000000e+04
7.562800000000000000e+04
7.562900000000000000e+04
7.565500000000000000e+04
7.568600000000000000e+04
7.578600000000000000e+04
7.578700000000000000e+04
7.583500000000000000e+04
7.592900000000000000e+04
7.593000000000000000e+04
7.593200000000000000e+04
7.599100000000000000e+04
7.608600000000000000e+04
7.608700000000000000e+04
7.614300000000000000e+04
7.614400000000000000e+04
7.614500000000000000e+04
7.614800000000000000e+04
7.614900000000000000e+04
7.632100000000000000e+04
7.632200000000000000e+04
7.632300000000000000e+04
7.632400000000000000e+04
7.632500000000000000e+04
7.632600000000000000e+04
7.632700000000000000e+04
7.632800000000000000e+04
7.632900000000000000e+04
7.633000000000000000e+04
7.633200000000000000e+04
7.633300000000000000e+04
7.633400000000000000e+04
7.633500000000000000e+04
7.636500000000000000e+04
7.643300000000000000e+04
7.678200000000000000e+04
7.701900000000000000e+04
7.702000000000000000e+04
7.702100000000000000e+04
7.702200000000000000e+04
7.702300000000000000e+04
7.702400000000000000e+04
7.708800000000000000e+04
7.727400000000000000e+04
7.733800000000000000e+04
7.733900000000000000e+04
7.735800000000000000e+04
7.738400000000000000e+04
7.738500000000000000e+04
7.738600000000000000e+04
7.742700000000000000e+04
7.743600000000000000e+04
7.745300000000000000e+04
7.753500000000000000e+04
7.767000000000000000e+04
7.769900000000000000e+04
7.770400000000000000e+04
7.830200000000000000e+04
7.836000000000000000e+04
7.867600000000000000e+04
7.908600000000000000e+04
7.923300000000000000e+04
7.923400000000000000e+04
7.923500000000000000e+04
7.935800000000000000e+04
7.935900000000000000e+04
7.937400000000000000e+04
7.953700000000000000e+04
7.973300000000000000e+04
7.973400000000000000e+04
7.973500000000000000e+04
7.973700000000000000e+04
7.973900000000000000e+04
7.982600000000000000e+04
7.983000000000000000e+04
7.984000000000000000e+04
7.984200000000000000e+04
7.985300000000000000e+04
7.988800000000000000e+04
7.988900000000000000e+04
7.989000000000000000e+04
7.989100000000000000e+04
7.989200000000000000e+04
7.989300000000000000e+04
7.989400000000000000e+04
7.989500000000000000e+04
7.989600000000000000e+04
7.989700000000000000e+04
7.998000000000000000e+04
7.999700000000000000e+04
8.000000000000000000e+04
8.027200000000000000e+04
8.045900000000000000e+04
8.046600000000000000e+04
8.055600000000000000e+04
8.057000000000000000e+04
8.063900000000000000e+04
8.090800000000000000e+04
8.102400000000000000e+04
8.134300000000000000e+04
8.134400000000000000e+04
8.134500000000000000e+04
8.134600000000000000e+04
8.134800000000000000e+04
8.134900000000000000e+04
8.157400000000000000e+04
8.157500000000000000e+04
8.162300000000000000e+04
8.180700000000000000e+04
8.183200000000000000e+04
8.183300000000000000e+04
8.183400000000000000e+04
8.187300000000000000e+04
8.235400000000000000e+04
8.241100000000000000e+04
8.244800000000000000e+04
8.258200000000000000e+04
8.267600000000000000e+04
8.267700000000000000e+04
8.267900000000000000e+04
8.268000000000000000e+04
8.268100000000000000e+04
8.268200000000000000e+04
8.268300000000000000e+04
8.268400000000000000e+04
8.312200000000000000e+04
8.312500000000000000e+04
8.327300000000000000e+04
8.327400000000000000e+04
8.327500000000000000e+04
8.327600000000000000e+04
8.333200000000000000e+04
8.337900000000000000e+04
8.338000000000000000e+04
8.338400000000000000e+04
8.338500000000000000e+04
8.338600000000000000e+04
8.338700000000000000e+04
8.338900000000000000e+04
8.339000000000000000e+04
8.340300000000000000e+04
8.347000000000000000e+04
8.347900000000000000e+04
8.348100000000000000e+04
8.350600000000000000e+04
8.350700000000000000e+04
8.350800000000000000e+04
8.350900000000000000e+04
8.351000000000000000e+04
8.351100000000000000e+04
8.351200000000000000e+04
8.351300000000000000e+04
8.351400000000000000e+04
8.351500000000000000e+04
8.351600000000000000e+04
8.351700000000000000e+04
8.351800000000000000e+04
8.351900000000000000e+04
8.352000000000000000e+04
8.352100000000000000e+04
8.352200000000000000e+04
8.359400000000000000e+04
8.367800000000000000e+04
8.374400000000000000e+04
8.374500000000000000e+04
8.384700000000000000e+04
8.394500000000000000e+04
8.399600000000000000e+04
8.406100000000000000e+04
8.406200000000000000e+04
8.406300000000000000e+04
8.406400000000000000e+04
8.410800000000000000e+04
8.412600000000000000e+04
8.412800000000000000e+04
8.412900000000000000e+04
8.418600000000000000e+04
8.418800000000000000e+04
8.419100000000000000e+04
8.419200000000000000e+04
8.419300000000000000e+04
8.419400000000000000e+04
8.421700000000000000e+04
8.421800000000000000e+04
8.423500000000000000e+04
8.423600000000000000e+04
8.423700000000000000e+04
8.438600000000000000e+04
8.439000000000000000e+04
8.452100000000000000e+04
8.472500000000000000e+04
8.472600000000000000e+04
8.472700000000000000e+04
8.472900000000000000e+04
8.473100000000000000e+04
8.473800000000000000e+04
8.475400000000000000e+04
8.475700000000000000e+04
8.475900000000000000e+04
8.476100000000000000e+04
8.497200000000000000e+04
8.497300000000000000e+04
8.497400000000000000e+04
8.497500000000000000e+04
8.527800000000000000e+04
8.530700000000000000e+04
8.530800000000000000e+04
8.530900000000000000e+04
8.531000000000000000e+04
8.531100000000000000e+04
8.531200000000000000e+04
8.531300000000000000e+04
8.531400000000000000e+04
8.531500000000000000e+04
8.531600000000000000e+04
8.531700000000000000e+04
8.531800000000000000e+04
8.531900000000000000e+04
8.532000000000000000e+04
8.532100000000000000e+04
8.532200000000000000e+04
8.532300000000000000e+04
8.532500000000000000e+04
8.532700000000000000e+04
8.532900000000000000e+04
8.536200000000000000e+04
8.536300000000000000e+04
8.536400000000000000e+04
8.571600000000000000e+04
8.571700000000000000e+04
8.571900000000000000e+04
8.572000000000000000e+04
8.572100000000000000e+04
8.572500000000000000e+04
8.572900000000000000e+04
8.573000000000000000e+04
8.573300000000000000e+04
8.573400000000000000e+04
8.573600000000000000e+04
8.586900000000000000e+04
8.632600000000000000e+04
8.655800000000000000e+04
8.655900000000000000e+04
8.656300000000000000e+04
8.666200000000000000e+04
8.677500000000000000e+04
8.685500000000000000e+04
8.688200000000000000e+04
8.695500000000000000e+04
8.699200000000000000e+04
8.699300000000000000e+04
8.699400000000000000e+04
8.704900000000000000e+04
8.705000000000000000e+04
8.705100000000000000e+04
8.716800000000000000e+04
8.717000000000000000e+04
8.717100000000000000e+04
8.717200000000000000e+04
8.717300000000000000e+04
8.717400000000000000e+04
8.717800000000000000e+04
8.718000000000000000e+04
8.732900000000000000e+04
8.737600000000000000e+04
8.737700000000000000e+04
8.752000000000000000e+04
8.763300000000000000e+04
8.767300000000000000e+04
8.769500000000000000e+04
8.783300000000000000e+04
8.786500000000000000e+04
8.786700000000000000e+04
8.786800000000000000e+04
8.787000000000000000e+04
8.793600000000000000e+04
8.826500000000000000e+04
8.835900000000000000e+04
8.842000000000000000e+04
8.842800000000000000e+04
8.854400000000000000e+04
8.854500000000000000e+04
8.856000000000000000e+04
8.871700000000000000e+04
8.883200000000000000e+04
8.883300000000000000e+04
8.891400000000000000e+04
8.904000000000000000e+04
8.908800000000000000e+04
8.908900000000000000e+04
8.913900000000000000e+04
8.932100000000000000e+04
8.950900000000000000e+04
8.951000000000000000e+04
8.958000000000000000e+04
8.958100000000000000e+04
8.961400000000000000e+04
8.982300000000000000e+04
8.987400000000000000e+04
8.987900000000000000e+04
8.989800000000000000e+04
8.989900000000000000e+04
9.001400000000000000e+04
9.011600000000000000e+04
9.031300000000000000e+04
9.031600000000000000e+04
9.053500000000000000e+04
9.083600000000000000e+04
9.086600000000000000e+04
9.086900000000000000e+04
9.095700000000000000e+04
9.095900000000000000e+04
9.099300000000000000e+04
9.105300000000000000e+04
9.116800000000000000e+04
9.137800000000000000e+04
9.144700000000000000e+04
9.144800000000000000e+04
9.153600000000000000e+04
9.153800000000000000e+04
9.162100000000000000e+04
9.162200000000000000e+04
9.201900000000000000e+04
9.202000000000000000e+04
9.202100000000000000e+04
9.202200000000000000e+04
9.202300000000000000e+04
9.202400000000000000e+04
9.202500000000000000e+04
9.202600000000000000e+04
9.202700000000000000e+04
9.202800000000000000e+04
9.202900000000000000e+04
9.203000000000000000e+04
9.203200000000000000e+04
9.203400000000000000e+04
9.206700000000000000e+04
9.206800000000000000e+04
9.207000000000000000e+04
9.207100000000000000e+04
9.209700000000000000e+04
9.218000000000000000e+04
9.222100000000000000e+04
9.230300000000000000e+04
9.230500000000000000e+04
9.240700000000000000e+04
9.241000000000000000e+04
9.243500000000000000e+04
9.243600000000000000e+04
9.243700000000000000e+04
9.243800000000000000e+04
9.244100000000000000e+04
9.244200000000000000e+04
9.244400000000000000e+04
9.244600000000000000e+04
9.244700000000000000e+04
9.244800000000000000e+04
9.245100000000000000e+04
9.249100000000000000e+04
9.270400000000000000e+04
9.271800000000000000e+04
9.276600000000000000e+04
9.280400000000000000e+04
9.291900000000000000e+04
9.320800000000000000e+04
9.338200000000000000e+04
9.360900000000000000e+04
9.383900000000000000e+04
9.384100000000000000e+04
9.384200000000000000e+04
9.384300000000000000e+04
9.384400000000000000e+04
9.384500000000000000e+04
9.421200000000000000e+04
9.427700000000000000e+04
9.428800000000000000e+04
9.429200000000000000e+04
9.434000000000000000e+04
9.455600000000000000e+04
9.482400000000000000e+04
9.485300000000000000e+04
9.493400000000000000e+04
9.493800000000000000e+04
9.512900000000000000e+04
9.513100000000000000e+04
9.519800000000000000e+04
9.535100000000000000e+04
9.547100000000000000e+04
9.557300000000000000e+04
9.557800000000000000e+04
9.559700000000000000e+04
9.571100000000000000e+04
9.586100000000000000e+04
9.586200000000000000e+04
9.586300000000000000e+04
9.600600000000000000e+04
9.601300000000000000e+04
9.609700000000000000e+04
9.609900000000000000e+04
9.610100000000000000e+04
9.618200000000000000e+04
9.618800000000000000e+04
9.623300000000000000e+04
9.628300000000000000e+04
9.663800000000000000e+04
9.663900000000000000e+04
9.683500000000000000e+04
9.699800000000000000e+04
9.731500000000000000e+04
9.738800000000000000e+04
9.742000000000000000e+04
9.750300000000000000e+04
9.750800000000000000e+04
9.755400000000000000e+04
9.755500000000000000e+04
9.756500000000000000e+04
9.762700000000000000e+04
9.763300000000000000e+04
9.773900000000000000e+04
9.774100000000000000e+04
9.774200000000000000e+04
9.774300000000000000e+04
9.774500000000000000e+04
9.778300000000000000e+04
9.778800000000000000e+04
9.779300000000000000e+04
9.779700000000000000e+04
9.779800000000000000e+04
9.779900000000000000e+04
9.780100000000000000e+04
9.780200000000000000e+04
9.780400000000000000e+04
9.807800000000000000e+04
9.811200000000000000e+04
9.818400000000000000e+04
9.844800000000000000e+04
9.862300000000000000e+04
9.865600000000000000e+04
9.875100000000000000e+04
9.875300000000000000e+04
9.875400000000000000e+04
9.875600000000000000e+04
9.877300000000000000e+04
9.877400000000000000e+04
9.883500000000000000e+04
9.888900000000000000e+04
9.891600000000000000e+04
9.894200000000000000e+04
9.900900000000000000e+04
9.902300000000000000e+04
9.902400000000000000e+04
9.904900000000000000e+04
9.912700000000000000e+04
9.961000000000000000e+04
9.968400000000000000e+04
9.997200000000000000e+04
9.997600000000000000e+04
1.000930000000000000e+05
1.001420000000000000e+05
1.002100000000000000e+05
1.002110000000000000e+05
1.002120000000000000e+05
1.003090000000000000e+05
1.008360000000000000e+05
1.009690000000000000e+05
1.009860000000000000e+05
1.009880000000000000e+05
1.010430000000000000e+05
1.010770000000000000e+05
1.010820000000000000e+05
1.011530000000000000e+05
1.011540000000000000e+05
1.011550000000000000e+05
1.011570000000000000e+05
1.012050000000000000e+05
1.016670000000000000e+05
1.017020000000000000e+05
1.017030000000000000e+05
1.017040000000000000e+05
1.017050000000000000e+05
1.017060000000000000e+05
1.017070000000000000e+05
1.017080000000000000e+05
1.017090000000000000e+05
1.017100000000000000e+05
1.017110000000000000e+05
1.017120000000000000e+05
1.017130000000000000e+05
1.017140000000000000e+05
1.017270000000000000e+05
1.017280000000000000e+05
1.017320000000000000e+05
1.021390000000000000e+05
1.024040000000000000e+05
1.025190000000000000e+05
1.027450000000000000e+05
1.027480000000000000e+05
1.027490000000000000e+05
1.027500000000000000e+05
1.027510000000000000e+05
1.027520000000000000e+05
1.027530000000000000e+05
1.027540000000000000e+05
1.027550000000000000e+05
1.027560000000000000e+05
1.027570000000000000e+05
1.027580000000000000e+05
1.027590000000000000e+05
1.027600000000000000e+05
1.027610000000000000e+05
1.027620000000000000e+05
1.027630000000000000e+05
1.027640000000000000e+05
1.027650000000000000e+05
1.027660000000000000e+05
1.027670000000000000e+05
1.027680000000000000e+05
1.027690000000000000e+05
1.027700000000000000e+05
1.027710000000000000e+05
1.027720000000000000e+05
1.027730000000000000e+05
1.027740000000000000e+05
1.027750000000000000e+05
1.027760000000000000e+05
1.027770000000000000e+05
1.027780000000000000e+05
1.027790000000000000e+05
1.027800000000000000e+05
1.027810000000000000e+05
1.027820000000000000e+05
1.027830000000000000e+05
1.029330000000000000e+05
1.029400000000000000e+05
1.030190000000000000e+05
1.030360000000000000e+05
1.030390000000000000e+05
1.030400000000000000e+05
1.030420000000000000e+05
1.031570000000000000e+05
1.031590000000000000e+05
1.031640000000000000e+05
1.034560000000000000e+05
1.035570000000000000e+05
1.035610000000000000e+05
1.040070000000000000e+05
1.040080000000000000e+05
1.040300000000000000e+05
1.040330000000000000e+05
1.044790000000000000e+05
1.044810000000000000e+05
1.045190000000000000e+05
1.045210000000000000e+05
1.049180000000000000e+05
1.050670000000000000e+05
1.050730000000000000e+05
1.051200000000000000e+05
1.052110000000000000e+05
1.052120000000000000e+05
1.052140000000000000e+05
1.052150000000000000e+05
1.052160000000000000e+05
1.052170000000000000e+05
1.052180000000000000e+05
1.052190000000000000e+05
1.052210000000000000e+05
1.052240000000000000e+05
1.052250000000000000e+05
1.052260000000000000e+05
1.052420000000000000e+05
1.052530000000000000e+05
1.052540000000000000e+05
1.052630000000000000e+05
1.052640000000000000e+05
1.052650000000000000e+05
1.052660000000000000e+05
1.053170000000000000e+05
1.053530000000000000e+05
1.053550000000000000e+05
1.054930000000000000e+05
1.055030000000000000e+05
1.055850000000000000e+05
1.056480000000000000e+05
1.056500000000000000e+05
1.058270000000000000e+05
1.058280000000000000e+05
1.058290000000000000e+05
1.058300000000000000e+05
1.058320000000000000e+05
1.058330000000000000e+05
1.058570000000000000e+05
1.058760000000000000e+05
1.060090000000000000e+05
1.060120000000000000e+05
1.062960000000000000e+05
1.064830000000000000e+05
1.065680000000000000e+05
1.066210000000000000e+05
1.074380000000000000e+05
1.074450000000000000e+05
1.074460000000000000e+05
1.074470000000000000e+05
1.074480000000000000e+05
1.080730000000000000e+05
1.083270000000000000e+05
1.084160000000000000e+05
1.084180000000000000e+05
1.084620000000000000e+05
1.084630000000000000e+05
1.085560000000000000e+05
1.085860000000000000e+05
1.088840000000000000e+05
1.090950000000000000e+05
1.091400000000000000e+05
1.091410000000000000e+05
1.091420000000000000e+05
1.091430000000000000e+05
1.091440000000000000e+05
1.091460000000000000e+05
1.091470000000000000e+05
1.093530000000000000e+05
1.093540000000000000e+05
1.093550000000000000e+05
1.093560000000000000e+05
1.093570000000000000e+05
1.093580000000000000e+05
1.093590000000000000e+05
1.093600000000000000e+05
1.093610000000000000e+05
1.093630000000000000e+05
1.093640000000000000e+05
1.093650000000000000e+05
1.093660000000000000e+05
1.093670000000000000e+05
1.093680000000000000e+05
1.093690000000000000e+05
1.093700000000000000e+05
1.093710000000000000e+05
1.093720000000000000e+05
1.093940000000000000e+05
1.093950000000000000e+05
1.094120000000000000e+05
1.094830000000000000e+05
1.095840000000000000e+05
1.096090000000000000e+05
1.096310000000000000e+05
1.096320000000000000e+05
1.099390000000000000e+05
1.100180000000000000e+05
1.100760000000000000e+05
1.100870000000000000e+05
1.102430000000000000e+05
1.103860000000000000e+05
1.105780000000000000e+05
1.105790000000000000e+05
1.105800000000000000e+05
1.105810000000000000e+05
1.105820000000000000e+05
1.105830000000000000e+05
1.105840000000000000e+05
1.105850000000000000e+05
1.108480000000000000e+05
1.110480000000000000e+05
1.110490000000000000e+05
1.110500000000000000e+05
1.110510000000000000e+05
1.110520000000000000e+05
1.110560000000000000e+05
1.110980000000000000e+05
1.111030000000000000e+05
1.111250000000000000e+05
1.112370000000000000e+05
1.112830000000000000e+05
1.113120000000000000e+05
1.115490000000000000e+05
1.117780000000000000e+05
1.117850000000000000e+05
1.119280000000000000e+05
1.119290000000000000e+05
1.119420000000000000e+05
1.119440000000000000e+05
1.120620000000000000e+05
1.120650000000000000e+05
1.120720000000000000e+05
1.124030000000000000e+05
1.124060000000000000e+05
1.124240000000000000e+05
1.124250000000000000e+05
1.124360000000000000e+05
1.124370000000000000e+05
1.124380000000000000e+05
1.124390000000000000e+05
1.124400000000000000e+05
1.124410000000000000e+05
1.125120000000000000e+05
1.125470000000000000e+05
1.125860000000000000e+05
1.125870000000000000e+05
1.127810000000000000e+05
1.128050000000000000e+05
1.132210000000000000e+05
1.132220000000000000e+05
1.132230000000000000e+05
1.132240000000000000e+05
1.132250000000000000e+05
1.132260000000000000e+05
1.132270000000000000e+05
1.132280000000000000e+05
1.132290000000000000e+05
1.136200000000000000e+05
1.137530000000000000e+05
1.138740000000000000e+05
1.138960000000000000e+05
1.139070000000000000e+05
1.139460000000000000e+05
1.139610000000000000e+05
1.140970000000000000e+05
1.141580000000000000e+05
1.143570000000000000e+05
1.144570000000000000e+05
1.145480000000000000e+05
1.145620000000000000e+05
1.147100000000000000e+05
1.147330000000000000e+05
1.147340000000000000e+05
1.147500000000000000e+05
1.147530000000000000e+05
1.147540000000000000e+05
1.147680000000000000e+05
1.147880000000000000e+05
1.148910000000000000e+05
1.149340000000000000e+05
1.149620000000000000e+05
1.152630000000000000e+05
1.152750000000000000e+05
1.152950000000000000e+05
1.153360000000000000e+05
1.154330000000000000e+05
1.154350000000000000e+05
1.154410000000000000e+05
1.154800000000000000e+05
1.154990000000000000e+05
1.155000000000000000e+05
1.155040000000000000e+05
1.155050000000000000e+05
1.156000000000000000e+05
1.156020000000000000e+05
1.156040000000000000e+05
1.156180000000000000e+05
1.156680000000000000e+05
1.156990000000000000e+05
1.157030000000000000e+05
1.157820000000000000e+05
1.157830000000000000e+05
1.158960000000000000e+05
1.160210000000000000e+05
1.161350000000000000e+05
1.161410000000000000e+05
1.161880000000000000e+05
1.162900000000000000e+05
1.162920000000000000e+05
1.162990000000000000e+05
1.163030000000000000e+05
1.163150000000000000e+05
1.163750000000000000e+05
1.164560000000000000e+05
1.164640000000000000e+05
1.164660000000000000e+05
1.164690000000000000e+05
1.164700000000000000e+05
1.164710000000000000e+05
1.164720000000000000e+05
1.164730000000000000e+05
1.164740000000000000e+05
1.164750000000000000e+05
1.164760000000000000e+05
1.164780000000000000e+05
1.164790000000000000e+05
1.164800000000000000e+05
1.164810000000000000e+05
1.164820000000000000e+05
1.164830000000000000e+05
1.164840000000000000e+05
1.164850000000000000e+05
1.164860000000000000e+05
1.164880000000000000e+05
1.164890000000000000e+05
1.165070000000000000e+05
1.165080000000000000e+05
1.165100000000000000e+05
1.165140000000000000e+05
1.166000000000000000e+05
1.166550000000000000e+05
1.167880000000000000e+05
1.169040000000000000e+05
1.169220000000000000e+05
1.169700000000000000e+05
1.169750000000000000e+05
1.170900000000000000e+05
1.171840000000000000e+05
1.173200000000000000e+05
1.173970000000000000e+05
1.174460000000000000e+05
1.175190000000000000e+05
1.178250000000000000e+05
1.179250000000000000e+05
1.179370000000000000e+05
1.180300000000000000e+05
1.180750000000000000e+05
1.183310000000000000e+05
1.183320000000000000e+05
1.185600000000000000e+05
1.186710000000000000e+05
1.189370000000000000e+05
1.189420000000000000e+05
1.189470000000000000e+05
1.189650000000000000e+05
1.189710000000000000e+05
1.189760000000000000e+05
1.189810000000000000e+05
1.189820000000000000e+05
1.189880000000000000e+05
1.189930000000000000e+05
1.189950000000000000e+05
1.189970000000000000e+05
1.189980000000000000e+05
1.192330000000000000e+05
1.192340000000000000e+05
1.192350000000000000e+05
1.193380000000000000e+05
1.193400000000000000e+05
1.193970000000000000e+05
1.194170000000000000e+05
1.194320000000000000e+05
1.195010000000000000e+05
1.195700000000000000e+05
1.195790000000000000e+05
1.195840000000000000e+05
1.195870000000000000e+05
1.195880000000000000e+05
1.198770000000000000e+05
1.199110000000000000e+05
1.199130000000000000e+05
1.201530000000000000e+05
1.203130000000000000e+05
1.203150000000000000e+05
1.205120000000000000e+05
1.205160000000000000e+05
1.205750000000000000e+05
1.206800000000000000e+05
1.206940000000000000e+05
1.207870000000000000e+05
1.208140000000000000e+05
1.210010000000000000e+05
1.210200000000000000e+05
1.210510000000000000e+05
1.210950000000000000e+05
1.211100000000000000e+05
1.212080000000000000e+05
1.213080000000000000e+05
1.215010000000000000e+05
1.215020000000000000e+05
1.215030000000000000e+05
1.215040000000000000e+05
1.215050000000000000e+05
1.215060000000000000e+05
1.215080000000000000e+05
1.215170000000000000e+05
1.215180000000000000e+05
1.215660000000000000e+05
1.215670000000000000e+05
1.215680000000000000e+05
1.215850000000000000e+05
1.215870000000000000e+05
1.216250000000000000e+05
1.216260000000000000e+05
1.216270000000000000e+05
1.216320000000000000e+05
1.216350000000000000e+05
1.216360000000000000e+05
1.216500000000000000e+05
1.216880000000000000e+05
1.218270000000000000e+05
1.218330000000000000e+05
1.219110000000000000e+05
1.219120000000000000e+05
1.219130000000000000e+05
1.220390000000000000e+05
1.220460000000000000e+05
1.221450000000000000e+05
1.222060000000000000e+05
1.222080000000000000e+05
1.222090000000000000e+05
1.222220000000000000e+05
1.223190000000000000e+05
1.223620000000000000e+05
1.224480000000000000e+05
1.225120000000000000e+05
1.225280000000000000e+05
1.225420000000000000e+05
1.227680000000000000e+05
1.227710000000000000e+05
1.227720000000000000e+05
1.227790000000000000e+05
1.227810000000000000e+05
1.227830000000000000e+05
1.227860000000000000e+05
1.227980000000000000e+05
1.227990000000000000e+05
1.228000000000000000e+05
1.228010000000000000e+05
1.228040000000000000e+05
1.229040000000000000e+05
1.229860000000000000e+05
1.231070000000000000e+05
1.231460000000000000e+05
1.231870000000000000e+05
1.231990000000000000e+05
1.233130000000000000e+05
1.233790000000000000e+05
1.234570000000000000e+05
1.234630000000000000e+05
1.235160000000000000e+05
1.236690000000000000e+05
1.236700000000000000e+05
1.237740000000000000e+05
1.239240000000000000e+05
1.240070000000000000e+05
1.243340000000000000e+05
1.243370000000000000e+05
1.243450000000000000e+05
1.243500000000000000e+05
1.244050000000000000e+05
1.246980000000000000e+05
1.248820000000000000e+05
1.249500000000000000e+05
1.249660000000000000e+05
1.249920000000000000e+05
1.250570000000000000e+05
1.250580000000000000e+05
1.250800000000000000e+05
1.251580000000000000e+05
1.253300000000000000e+05
1.253580000000000000e+05
1.253590000000000000e+05
1.253600000000000000e+05
1.253800000000000000e+05
1.254510000000000000e+05
1.257500000000000000e+05
1.257620000000000000e+05
1.258500000000000000e+05
1.259000000000000000e+05
1.259420000000000000e+05
1.262720000000000000e+05
1.262970000000000000e+05
1.266940000000000000e+05
1.267060000000000000e+05
1.268210000000000000e+05
1.269500000000000000e+05
1.269760000000000000e+05
1.270510000000000000e+05
1.270740000000000000e+05
1.274090000000000000e+05
1.276690000000000000e+05
1.277860000000000000e+05
1.279970000000000000e+05
1.282520000000000000e+05
1.284180000000000000e+05
1.284930000000000000e+05
1.286200000000000000e+05
1.288340000000000000e+05
1.288520000000000000e+05
1.288880000000000000e+05
1.289680000000000000e+05
1.291360000000000000e+05
1.291380000000000000e+05
1.291460000000000000e+05
1.291470000000000000e+05
1.291940000000000000e+05
1.292250000000000000e+05
1.294270000000000000e+05
1.294530000000000000e+05
1.295870000000000000e+05
1.295910000000000000e+05
1.295920000000000000e+05
1.296640000000000000e+05
1.297430000000000000e+05
1.297580000000000000e+05
1.298690000000000000e+05
1.299340000000000000e+05
1.299380000000000000e+05
1.299620000000000000e+05
1.301230000000000000e+05
1.301240000000000000e+05
1.301420000000000000e+05
1.303930000000000000e+05
1.306710000000000000e+05
1.310220000000000000e+05
1.310750000000000000e+05
1.311660000000000000e+05
1.311700000000000000e+05
1.311850000000000000e+05
1.313140000000000000e+05
1.313150000000000000e+05
1.315480000000000000e+05
1.316530000000000000e+05
1.317170000000000000e+05
1.317180000000000000e+05
1.317190000000000000e+05
1.317200000000000000e+05
1.317430000000000000e+05
1.317440000000000000e+05
1.319470000000000000e+05
1.319640000000000000e+05
1.320590000000000000e+05
1.321590000000000000e+05
1.322720000000000000e+05
1.322970000000000000e+05
1.324830000000000000e+05
1.324870000000000000e+05
1.325100000000000000e+05
1.325110000000000000e+05
1.325120000000000000e+05
1.325780000000000000e+05
1.325880000000000000e+05
1.327610000000000000e+05
1.327620000000000000e+05
1.327880000000000000e+05
1.328190000000000000e+05
1.329500000000000000e+05
1.329510000000000000e+05
1.329520000000000000e+05
1.332010000000000000e+05
1.332300000000000000e+05
1.333540000000000000e+05
1.333690000000000000e+05
1.334070000000000000e+05
1.335520000000000000e+05
1.343900000000000000e+05
1.344980000000000000e+05
1.347630000000000000e+05
1.348780000000000000e+05
1.352000000000000000e+05
1.352930000000000000e+05
1.353030000000000000e+05
1.353050000000000000e+05
1.353080000000000000e+05
1.353180000000000000e+05
1.353200000000000000e+05
1.353220000000000000e+05
1.353240000000000000e+05
1.353250000000000000e+05
1.353290000000000000e+05
1.354610000000000000e+05
1.354640000000000000e+05
1.354890000000000000e+05
1.355530000000000000e+05
1.355540000000000000e+05
1.355570000000000000e+05
1.357190000000000000e+05
1.360190000000000000e+05
1.360750000000000000e+05
1.364930000000000000e+05
1.364940000000000000e+05
1.364960000000000000e+05
1.366330000000000000e+05
1.366790000000000000e+05
1.367270000000000000e+05
1.371720000000000000e+05
1.372150000000000000e+05
1.372160000000000000e+05
1.372170000000000000e+05
1.373810000000000000e+05
1.374200000000000000e+05
1.374860000000000000e+05
1.374870000000000000e+05
1.374890000000000000e+05
1.375310000000000000e+05
1.375780000000000000e+05
1.375790000000000000e+05
1.375800000000000000e+05
1.375810000000000000e+05
1.375830000000000000e+05
1.376090000000000000e+05
1.376190000000000000e+05
1.376310000000000000e+05
1.376340000000000000e+05
1.376350000000000000e+05
1.376550000000000000e+05
1.376770000000000000e+05
1.378090000000000000e+05
1.378420000000000000e+05
1.378430000000000000e+05
1.378980000000000000e+05
1.379150000000000000e+05
1.379710000000000000e+05
1.379720000000000000e+05
1.380330000000000000e+05
1.380500000000000000e+05
1.380510000000000000e+05
1.380520000000000000e+05
1.380530000000000000e+05
1.380540000000000000e+05
1.380550000000000000e+05
1.381950000000000000e+05
1.381980000000000000e+05
1.382010000000000000e+05
1.382020000000000000e+05
1.382030000000000000e+05
1.382040000000000000e+05
1.382080000000000000e+05
1.382110000000000000e+05
1.382140000000000000e+05
1.382460000000000000e+05
1.383410000000000000e+05
1.383640000000000000e+05
1.383680000000000000e+05
1.383690000000000000e+05
1.383800000000000000e+05
1.384570000000000000e+05
1.385210000000000000e+05
1.387010000000000000e+05
1.387020000000000000e+05
1.387200000000000000e+05
1.387260000000000000e+05
1.387990000000000000e+05
1.388220000000000000e+05
1.389180000000000000e+05
1.389470000000000000e+05
1.389520000000000000e+05
1.389990000000000000e+05
1.391750000000000000e+05
1.391760000000000000e+05
1.393590000000000000e+05
1.395100000000000000e+05
1.396450000000000000e+05
1.397240000000000000e+05
1.397980000000000000e+05
1.399020000000000000e+05
1.399030000000000000e+05
1.399160000000000000e+05
1.400710000000000000e+05
1.400800000000000000e+05
1.401530000000000000e+05
1.402790000000000000e+05
1.403450000000000000e+05
1.403510000000000000e+05
1.405280000000000000e+05
1.405290000000000000e+05
1.406250000000000000e+05
1.407750000000000000e+05
1.407760000000000000e+05
1.407770000000000000e+05
1.407780000000000000e+05
1.407790000000000000e+05
1.407830000000000000e+05
1.407980000000000000e+05
1.407990000000000000e+05
1.408420000000000000e+05
1.409280000000000000e+05
1.409610000000000000e+05
1.411120000000000000e+05
1.411500000000000000e+05
1.411520000000000000e+05
1.411540000000000000e+05
1.411550000000000000e+05
1.411570000000000000e+05
1.411580000000000000e+05
1.411600000000000000e+05
1.413630000000000000e+05
1.415700000000000000e+05
1.415710000000000000e+05
1.416150000000000000e+05
1.416720000000000000e+05
1.418490000000000000e+05
1.418500000000000000e+05
1.418800000000000000e+05
1.421660000000000000e+05
1.421670000000000000e+05
1.421680000000000000e+05
1.421690000000000000e+05
1.421700000000000000e+05
1.421710000000000000e+05
1.421720000000000000e+05
1.421730000000000000e+05
1.421750000000000000e+05
1.421760000000000000e+05
1.421770000000000000e+05
1.421780000000000000e+05
1.421790000000000000e+05
1.421800000000000000e+05
1.421810000000000000e+05
1.421820000000000000e+05
1.421830000000000000e+05
1.421840000000000000e+05
1.421850000000000000e+05
1.421870000000000000e+05
1.421880000000000000e+05
1.423290000000000000e+05
1.427270000000000000e+05
1.427830000000000000e+05
1.427840000000000000e+05
1.427850000000000000e+05
1.427860000000000000e+05
1.427870000000000000e+05
1.427880000000000000e+05
1.427890000000000000e+05
1.427900000000000000e+05
1.427910000000000000e+05
1.427920000000000000e+05
1.429470000000000000e+05
1.429920000000000000e+05
1.429970000000000000e+05
1.430060000000000000e+05
1.430230000000000000e+05
1.430350000000000000e+05
1.430760000000000000e+05
1.430770000000000000e+05
1.430790000000000000e+05
1.430800000000000000e+05
1.431050000000000000e+05
1.431060000000000000e+05
1.431410000000000000e+05
1.431750000000000000e+05
1.433210000000000000e+05
1.433310000000000000e+05
1.433350000000000000e+05
1.433730000000000000e+05
1.433740000000000000e+05
1.439180000000000000e+05
1.440170000000000000e+05
1.441780000000000000e+05
1.443060000000000000e+05
1.443340000000000000e+05
1.444150000000000000e+05
1.445200000000000000e+05
1.446070000000000000e+05
1.446220000000000000e+05
1.447360000000000000e+05
1.447790000000000000e+05
1.447860000000000000e+05
1.448210000000000000e+05
1.452430000000000000e+05
1.452770000000000000e+05
1.452790000000000000e+05
1.452800000000000000e+05
1.452810000000000000e+05
1.452820000000000000e+05
1.452830000000000000e+05
1.452840000000000000e+05
1.452850000000000000e+05
1.452860000000000000e+05
1.452870000000000000e+05
1.452880000000000000e+05
1.452890000000000000e+05
1.452900000000000000e+05
1.452910000000000000e+05
1.452920000000000000e+05
1.452930000000000000e+05
1.452940000000000000e+05
1.452950000000000000e+05
1.452960000000000000e+05
1.452970000000000000e+05
1.452980000000000000e+05
1.453830000000000000e+05
1.453840000000000000e+05
1.453850000000000000e+05
1.453860000000000000e+05
1.453880000000000000e+05
1.453910000000000000e+05
1.453920000000000000e+05
1.453940000000000000e+05
1.455630000000000000e+05
1.458420000000000000e+05
1.458560000000000000e+05
1.458970000000000000e+05
1.461880000000000000e+05
1.461980000000000000e+05
1.462150000000000000e+05
1.463280000000000000e+05
1.464570000000000000e+05
1.465420000000000000e+05
1.466540000000000000e+05
1.469440000000000000e+05
1.470640000000000000e+05
1.471980000000000000e+05
1.472130000000000000e+05
1.473150000000000000e+05
1.473180000000000000e+05
1.473450000000000000e+05
1.474320000000000000e+05
1.476660000000000000e+05
1.476680000000000000e+05
1.476690000000000000e+05
1.477240000000000000e+05
1.478310000000000000e+05
1.479990000000000000e+05
1.480350000000000000e+05
1.483410000000000000e+05
1.484350000000000000e+05
1.485480000000000000e+05
1.485490000000000000e+05
1.486900000000000000e+05
1.487260000000000000e+05
1.487470000000000000e+05
1.487700000000000000e+05
1.488270000000000000e+05
1.488770000000000000e+05
1.488860000000000000e+05
1.489610000000000000e+05
1.489660000000000000e+05
1.490620000000000000e+05
1.490640000000000000e+05
1.491410000000000000e+05
1.492380000000000000e+05
1.493880000000000000e+05
1.495960000000000000e+05
1.495970000000000000e+05
1.495980000000000000e+05
1.497520000000000000e+05
1.498110000000000000e+05
1.498130000000000000e+05
1.498170000000000000e+05
1.498610000000000000e+05
1.499750000000000000e+05
1.499830000000000000e+05
1.501460000000000000e+05
1.501560000000000000e+05
1.501640000000000000e+05
1.501650000000000000e+05
1.502180000000000000e+05
1.502200000000000000e+05
1.502220000000000000e+05
1.503580000000000000e+05
1.503600000000000000e+05
1.505340000000000000e+05
1.505980000000000000e+05
1.506500000000000000e+05
1.506510000000000000e+05
1.506530000000000000e+05
1.506540000000000000e+05
1.506560000000000000e+05
1.506570000000000000e+05
1.506580000000000000e+05
1.506590000000000000e+05
1.506600000000000000e+05
1.509360000000000000e+05
1.509610000000000000e+05
1.509620000000000000e+05
1.509630000000000000e+05
1.509650000000000000e+05
1.509940000000000000e+05
1.509950000000000000e+05
1.510000000000000000e+05
1.510620000000000000e+05
1.510630000000000000e+05
1.510640000000000000e+05
1.510660000000000000e+05
1.510680000000000000e+05
1.510780000000000000e+05
1.511000000000000000e+05
1.513670000000000000e+05
1.514240000000000000e+05
1.515570000000000000e+05
1.516030000000000000e+05
1.517020000000000000e+05
1.517210000000000000e+05
1.518570000000000000e+05
1.518890000000000000e+05
1.520250000000000000e+05
1.520950000000000000e+05
1.521050000000000000e+05
1.521060000000000000e+05
1.521070000000000000e+05
1.521650000000000000e+05
1.522570000000000000e+05
1.522590000000000000e+05
1.522600000000000000e+05
1.523420000000000000e+05
1.523510000000000000e+05
1.523690000000000000e+05
1.526130000000000000e+05
1.527790000000000000e+05
1.528530000000000000e+05
1.532830000000000000e+05
1.533500000000000000e+05
1.533730000000000000e+05
1.533740000000000000e+05
1.533770000000000000e+05
1.533900000000000000e+05
1.534720000000000000e+05
1.534730000000000000e+05
1.534950000000000000e+05
1.535040000000000000e+05
1.535060000000000000e+05
1.535160000000000000e+05
1.535190000000000000e+05
1.535360000000000000e+05
1.535400000000000000e+05
1.535620000000000000e+05
1.536550000000000000e+05
1.536940000000000000e+05
1.539730000000000000e+05
1.539990000000000000e+05
1.540010000000000000e+05
1.540020000000000000e+05
1.541940000000000000e+05
1.542290000000000000e+05
1.543390000000000000e+05
1.544400000000000000e+05
1.544560000000000000e+05
1.547030000000000000e+05
1.548480000000000000e+05
1.549030000000000000e+05
1.549400000000000000e+05
1.549750000000000000e+05
1.551570000000000000e+05
1.552010000000000000e+05
1.552650000000000000e+05
1.554360000000000000e+05
1.554390000000000000e+05
1.555580000000000000e+05
1.556150000000000000e+05
1.557690000000000000e+05
1.557920000000000000e+05
1.558120000000000000e+05
1.558260000000000000e+05
1.558920000000000000e+05
1.558930000000000000e+05
1.558940000000000000e+05
1.558960000000000000e+05
1.558980000000000000e+05
1.560970000000000000e+05
1.562040000000000000e+05
1.562100000000000000e+05
1.563430000000000000e+05
1.564690000000000000e+05
1.564710000000000000e+05
1.565790000000000000e+05
1.566260000000000000e+05
1.567120000000000000e+05
1.567260000000000000e+05
1.568830000000000000e+05
1.568930000000000000e+05
1.569110000000000000e+05
1.571000000000000000e+05
1.572400000000000000e+05
1.573120000000000000e+05
1.573360000000000000e+05
1.575500000000000000e+05
1.576300000000000000e+05
1.577430000000000000e+05
1.577750000000000000e+05
1.577760000000000000e+05
1.581570000000000000e+05
1.581750000000000000e+05
1.582150000000000000e+05
1.582550000000000000e+05
1.585000000000000000e+05
1.587460000000000000e+05
1.589890000000000000e+05
1.590560000000000000e+05
1.591110000000000000e+05
1.594670000000000000e+05
1.595860000000000000e+05
1.597140000000000000e+05
1.597290000000000000e+05
1.598650000000000000e+05
1.599200000000000000e+05
1.599210000000000000e+05
1.599280000000000000e+05
1.599310000000000000e+05
1.599320000000000000e+05
1.600010000000000000e+05
1.600020000000000000e+05
1.600420000000000000e+05
1.600630000000000000e+05
1.600640000000000000e+05
1.600650000000000000e+05
1.600660000000000000e+05
1.600680000000000000e+05
1.600690000000000000e+05
1.600710000000000000e+05
1.601390000000000000e+05
1.603810000000000000e+05
1.603950000000000000e+05
1.605100000000000000e+05
1.605110000000000000e+05
1.605250000000000000e+05
1.605410000000000000e+05
1.607520000000000000e+05
1.608100000000000000e+05
1.608120000000000000e+05
1.608500000000000000e+05
1.608800000000000000e+05
1.608860000000000000e+05
1.608960000000000000e+05
1.609500000000000000e+05
1.609730000000000000e+05
1.609890000000000000e+05
1.610140000000000000e+05
1.611320000000000000e+05
1.612220000000000000e+05
1.612780000000000000e+05
1.614880000000000000e+05
1.614980000000000000e+05
1.615140000000000000e+05
1.615580000000000000e+05
1.615590000000000000e+05
1.617070000000000000e+05
1.617730000000000000e+05
1.620940000000000000e+05
1.621010000000000000e+05
1.621150000000000000e+05
1.621940000000000000e+05
1.621950000000000000e+05
1.622060000000000000e+05
1.625080000000000000e+05
1.632650000000000000e+05
1.633210000000000000e+05
1.633370000000000000e+05
1.633380000000000000e+05
1.633390000000000000e+05
1.633450000000000000e+05
1.635150000000000000e+05
1.636360000000000000e+05
1.637100000000000000e+05
1.638450000000000000e+05
1.638460000000000000e+05
1.638640000000000000e+05
1.638670000000000000e+05
1.639440000000000000e+05
1.641800000000000000e+05
1.642140000000000000e+05
1.646090000000000000e+05
1.646360000000000000e+05
1.646580000000000000e+05
1.647470000000000000e+05
1.649350000000000000e+05
1.649360000000000000e+05
1.649820000000000000e+05
1.649970000000000000e+05
1.650040000000000000e+05
1.650530000000000000e+05
1.652960000000000000e+05
1.654300000000000000e+05
1.654490000000000000e+05
1.657510000000000000e+05
1.657730000000000000e+05
1.657840000000000000e+05
1.658960000000000000e+05
1.659030000000000000e+05
1.661170000000000000e+05
1.661180000000000000e+05
1.661190000000000000e+05
1.661200000000000000e+05
1.661210000000000000e+05
1.661970000000000000e+05
1.662500000000000000e+05
1.663190000000000000e+05
1.664500000000000000e+05
1.665870000000000000e+05
1.667860000000000000e+05
1.670450000000000000e+05
1.670740000000000000e+05
1.670840000000000000e+05
1.670850000000000000e+05
1.670860000000000000e+05
1.670870000000000000e+05
1.671230000000000000e+05
1.672310000000000000e+05
1.672350000000000000e+05
1.672510000000000000e+05
1.672590000000000000e+05
1.672910000000000000e+05
1.673040000000000000e+05
1.673290000000000000e+05
1.673820000000000000e+05
1.673970000000000000e+05
1.674870000000000000e+05
1.676210000000000000e+05
1.676540000000000000e+05
1.678270000000000000e+05
1.680760000000000000e+05
1.681080000000000000e+05
1.681740000000000000e+05
1.682030000000000000e+05
1.682050000000000000e+05
1.683360000000000000e+05
1.683500000000000000e+05
1.683900000000000000e+05
1.684480000000000000e+05
1.685780000000000000e+05
1.686460000000000000e+05
1.688830000000000000e+05
1.689380000000000000e+05
1.689390000000000000e+05
1.689400000000000000e+05
1.689910000000000000e+05
1.690530000000000000e+05
1.691450000000000000e+05
1.692690000000000000e+05
1.692710000000000000e+05
1.692800000000000000e+05
1.693830000000000000e+05
1.693870000000000000e+05
1.693970000000000000e+05
1.693990000000000000e+05
1.694730000000000000e+05
1.695380000000000000e+05
1.695390000000000000e+05
1.695410000000000000e+05
1.695820000000000000e+05
1.695830000000000000e+05
1.695840000000000000e+05
1.696380000000000000e+05
1.696550000000000000e+05
1.700350000000000000e+05
1.700700000000000000e+05
1.701200000000000000e+05
1.701340000000000000e+05
1.702830000000000000e+05
1.702950000000000000e+05
1.704440000000000000e+05
1.704570000000000000e+05
1.704600000000000000e+05
1.706260000000000000e+05
1.708070000000000000e+05
1.708620000000000000e+05
1.708930000000000000e+05
1.709310000000000000e+05
1.709360000000000000e+05
1.709390000000000000e+05
1.710230000000000000e+05
1.711120000000000000e+05
1.711130000000000000e+05
1.711140000000000000e+05
1.711150000000000000e+05
1.711160000000000000e+05
1.711170000000000000e+05
1.711180000000000000e+05
1.711190000000000000e+05
1.711250000000000000e+05
1.711260000000000000e+05
1.711270000000000000e+05
1.711380000000000000e+05
1.711650000000000000e+05
1.713250000000000000e+05
1.716020000000000000e+05
1.718780000000000000e+05
1.719360000000000000e+05
1.719750000000000000e+05
1.721220000000000000e+05
1.721420000000000000e+05
1.724290000000000000e+05
1.724330000000000000e+05
1.724500000000000000e+05
1.724720000000000000e+05
1.726160000000000000e+05
1.726960000000000000e+05
1.727090000000000000e+05
1.727670000000000000e+05
1.728000000000000000e+05
1.729590000000000000e+05
1.730340000000000000e+05
