8.200000000000000000e+01
3.060000000000000000e+02
5.620000000000000000e+02
5.930000000000000000e+02
5.940000000000000000e+02
6.750000000000000000e+02
8.470000000000000000e+02
8.620000000000000000e+02
8.990000000000000000e+02
9.290000000000000000e+02
9.300000000000000000e+02
1.025000000000000000e+03
1.026000000000000000e+03
1.040000000000000000e+03
1.044000000000000000e+03
1.065000000000000000e+03
1.117000000000000000e+03
1.150000000000000000e+03
1.191000000000000000e+03
1.246000000000000000e+03
1.309000000000000000e+03
1.310000000000000000e+03
1.311000000000000000e+03
1.312000000000000000e+03
1.316000000000000000e+03
1.325000000000000000e+03
1.339000000000000000e+03
1.341000000000000000e+03
1.349000000000000000e+03
1.452000000000000000e+03
1.727000000000000000e+03
1.761000000000000000e+03
1.931000000000000000e+03
2.015000000000000000e+03
2.016000000000000000e+03
2.089000000000000000e+03
2.148000000000000000e+03
2.155000000000000000e+03
2.300000000000000000e+03
2.331000000000000000e+03
2.357000000000000000e+03
2.439000000000000000e+03
2.440000000000000000e+03
2.441000000000000000e+03
2.442000000000000000e+03
2.443000000000000000e+03
2.444000000000000000e+03
2.445000000000000000e+03
2.446000000000000000e+03
2.447000000000000000e+03
2.448000000000000000e+03
2.449000000000000000e+03
2.450000000000000000e+03
2.451000000000000000e+03
2.452000000000000000e+03
2.453000000000000000e+03
2.454000000000000000e+03
2.455000000000000000e+03
2.456000000000000000e+03
2.457000000000000000e+03
2.461000000000000000e+03
2.462000000000000000e+03
2.472000000000000000e+03
2.473000000000000000e+03
2.476000000000000000e+03
2.484000000000000000e+03
2.522000000000000000e+03
2.546000000000000000e+03
2.732000000000000000e+03
2.752000000000000000e+03
2.821000000000000000e+03
2.843000000000000000e+03
2.990000000000000000e+03
2.991000000000000000e+03
3.040000000000000000e+03
3.047000000000000000e+03
3.049000000000000000e+03
3.051000000000000000e+03
3.206000000000000000e+03
3.208000000000000000e+03
3.501000000000000000e+03
3.533000000000000000e+03
3.534000000000000000e+03
3.535000000000000000e+03
3.536000000000000000e+03
3.700000000000000000e+03
3.893000000000000000e+03
3.894000000000000000e+03
4.015000000000000000e+03
4.121000000000000000e+03
4.122000000000000000e+03
4.159000000000000000e+03
4.180000000000000000e+03
4.206000000000000000e+03
4.211000000000000000e+03
4.295000000000000000e+03
4.297000000000000000e+03
4.302000000000000000e+03
4.304000000000000000e+03
4.306000000000000000e+03
4.565000000000000000e+03
4.577000000000000000e+03
4.639000000000000000e+03
4.716000000000000000e+03
4.730000000000000000e+03
4.731000000000000000e+03
4.735000000000000000e+03
4.738000000000000000e+03
4.775000000000000000e+03
4.870000000000000000e+03
4.871000000000000000e+03
4.872000000000000000e+03
4.873000000000000000e+03
4.887000000000000000e+03
5.011000000000000000e+03
5.021000000000000000e+03
5.024000000000000000e+03
5.025000000000000000e+03
5.136000000000000000e+03
5.159000000000000000e+03
5.206000000000000000e+03
5.207000000000000000e+03
5.208000000000000000e+03
5.209000000000000000e+03
5.581000000000000000e+03
5.715000000000000000e+03
5.716000000000000000e+03
5.719000000000000000e+03
5.720000000000000000e+03
5.922000000000000000e+03
6.037000000000000000e+03
6.047000000000000000e+03
6.183000000000000000e+03
6.250000000000000000e+03
6.324000000000000000e+03
6.400000000000000000e+03
6.607000000000000000e+03
6.608000000000000000e+03
6.705000000000000000e+03
6.712000000000000000e+03
6.713000000000000000e+03
6.714000000000000000e+03
6.730000000000000000e+03
6.731000000000000000e+03
6.967000000000000000e+03
6.969000000000000000e+03
6.973000000000000000e+03
7.221000000000000000e+03
7.222000000000000000e+03
7.240000000000000000e+03
7.427000000000000000e+03
7.428000000000000000e+03
7.429000000000000000e+03
7.560000000000000000e+03
7.577000000000000000e+03
7.605000000000000000e+03
7.632000000000000000e+03
7.743000000000000000e+03
7.749000000000000000e+03
7.753000000000000000e+03
7.756000000000000000e+03
7.760000000000000000e+03
7.763000000000000000e+03
7.766000000000000000e+03
7.767000000000000000e+03
7.771000000000000000e+03
7.786000000000000000e+03
7.787000000000000000e+03
7.788000000000000000e+03
7.792000000000000000e+03
7.793000000000000000e+03
7.822000000000000000e+03
7.827000000000000000e+03
7.857000000000000000e+03
7.858000000000000000e+03
8.306000000000000000e+03
8.311000000000000000e+03
8.316000000000000000e+03
8.615000000000000000e+03
9.212000000000000000e+03
9.558000000000000000e+03
9.625000000000000000e+03
9.626000000000000000e+03
9.806000000000000000e+03
9.894000000000000000e+03
9.899000000000000000e+03
9.954000000000000000e+03
1.009300000000000000e+04
1.027600000000000000e+04
1.029200000000000000e+04
1.029400000000000000e+04
1.029800000000000000e+04
1.029900000000000000e+04
1.030000000000000000e+04
1.030100000000000000e+04
1.031400000000000000e+04
1.036200000000000000e+04
1.040600000000000000e+04
1.040700000000000000e+04
1.079800000000000000e+04
1.080100000000000000e+04
1.088900000000000000e+04
1.095300000000000000e+04
1.095400000000000000e+04
1.095500000000000000e+04
1.097400000000000000e+04
1.097500000000000000e+04
1.097600000000000000e+04
1.100300000000000000e+04
1.101000000000000000e+04
1.101100000000000000e+04
1.110900000000000000e+04
1.111100000000000000e+04
1.114600000000000000e+04
1.114900000000000000e+04
1.115100000000000000e+04
1.115200000000000000e+04
1.115400000000000000e+04
1.115500000000000000e+04
1.125700000000000000e+04
1.132200000000000000e+04
1.145100000000000000e+04
1.148300000000000000e+04
1.159900000000000000e+04
1.177900000000000000e+04
1.192600000000000000e+04
1.192700000000000000e+04
1.194100000000000000e+04
1.195800000000000000e+04
1.197500000000000000e+04
1.200700000000000000e+04
1.205600000000000000e+04
1.206000000000000000e+04
1.206200000000000000e+04
1.219000000000000000e+04
1.222500000000000000e+04
1.222600000000000000e+04
1.227300000000000000e+04
1.250400000000000000e+04
1.268900000000000000e+04
1.271000000000000000e+04
1.271400000000000000e+04
1.273500000000000000e+04
1.273600000000000000e+04
1.276800000000000000e+04
1.278800000000000000e+04
1.283200000000000000e+04
1.283500000000000000e+04
1.283600000000000000e+04
1.284600000000000000e+04
1.294400000000000000e+04
1.298800000000000000e+04
1.304200000000000000e+04
1.332100000000000000e+04
1.347100000000000000e+04
1.352600000000000000e+04
1.377700000000000000e+04
1.377800000000000000e+04
1.389400000000000000e+04
1.393600000000000000e+04
1.393700000000000000e+04
1.393800000000000000e+04
1.393900000000000000e+04
1.394000000000000000e+04
1.394100000000000000e+04
1.394200000000000000e+04
1.394300000000000000e+04
1.394400000000000000e+04
1.394500000000000000e+04
1.394600000000000000e+04
1.394700000000000000e+04
1.394900000000000000e+04
1.400100000000000000e+04
1.406900000000000000e+04
1.420200000000000000e+04
1.426500000000000000e+04
1.433800000000000000e+04
1.442700000000000000e+04
1.448300000000000000e+04
1.453100000000000000e+04
1.470700000000000000e+04
1.563600000000000000e+04
1.564200000000000000e+04
1.567000000000000000e+04
1.567100000000000000e+04
1.567200000000000000e+04
1.567300000000000000e+04
1.567400000000000000e+04
1.567800000000000000e+04
1.567900000000000000e+04
1.569500000000000000e+04
1.569800000000000000e+04
1.569900000000000000e+04
1.584600000000000000e+04
1.584700000000000000e+04
1.584800000000000000e+04
1.587900000000000000e+04
1.593900000000000000e+04
1.594000000000000000e+04
1.594200000000000000e+04
1.594300000000000000e+04
1.594500000000000000e+04
1.594600000000000000e+04
1.596200000000000000e+04
1.611000000000000000e+04
1.612000000000000000e+04
1.668600000000000000e+04
1.669900000000000000e+04
1.671900000000000000e+04
1.673100000000000000e+04
1.673200000000000000e+04
1.673500000000000000e+04
1.673700000000000000e+04
1.675000000000000000e+04
1.677800000000000000e+04
1.677900000000000000e+04
1.684300000000000000e+04
1.685800000000000000e+04
1.685900000000000000e+04
1.723200000000000000e+04
1.769700000000000000e+04
1.774100000000000000e+04
1.776900000000000000e+04
1.777200000000000000e+04
1.777500000000000000e+04
1.777800000000000000e+04
1.777900000000000000e+04
1.778000000000000000e+04
1.778300000000000000e+04
1.778500000000000000e+04
1.779000000000000000e+04
1.784100000000000000e+04
1.784200000000000000e+04
1.784400000000000000e+04
1.804600000000000000e+04
1.806200000000000000e+04
1.808000000000000000e+04
1.828600000000000000e+04
1.839100000000000000e+04
1.848500000000000000e+04
1.848900000000000000e+04
1.856600000000000000e+04
1.856700000000000000e+04
1.881600000000000000e+04
1.914700000000000000e+04
1.931600000000000000e+04
1.931700000000000000e+04
1.943500000000000000e+04
1.953300000000000000e+04
1.964400000000000000e+04
1.976100000000000000e+04
1.988000000000000000e+04
1.988100000000000000e+04
1.988400000000000000e+04
1.988900000000000000e+04
2.010500000000000000e+04
2.010700000000000000e+04
2.012400000000000000e+04
2.012500000000000000e+04
2.024700000000000000e+04
2.025100000000000000e+04
2.025200000000000000e+04
2.025300000000000000e+04
2.025400000000000000e+04
2.025900000000000000e+04
2.091700000000000000e+04
2.098700000000000000e+04
2.104700000000000000e+04
2.109100000000000000e+04
2.120800000000000000e+04
2.121400000000000000e+04
2.144200000000000000e+04
2.149700000000000000e+04
2.155500000000000000e+04
2.178300000000000000e+04
2.178500000000000000e+04
2.178600000000000000e+04
2.178800000000000000e+04
2.179100000000000000e+04
2.179200000000000000e+04
2.225800000000000000e+04
2.226400000000000000e+04
2.230800000000000000e+04
2.237700000000000000e+04
2.237800000000000000e+04
2.242900000000000000e+04
2.244600000000000000e+04
2.264400000000000000e+04
2.273200000000000000e+04
2.276400000000000000e+04
2.277200000000000000e+04
2.279200000000000000e+04
2.282200000000000000e+04
2.282500000000000000e+04
2.282600000000000000e+04
2.291600000000000000e+04
2.298400000000000000e+04
2.298500000000000000e+04
2.298700000000000000e+04
2.299700000000000000e+04
2.299900000000000000e+04
2.300500000000000000e+04
2.300600000000000000e+04
2.300800000000000000e+04
2.306200000000000000e+04
2.309100000000000000e+04
2.314900000000000000e+04
2.324700000000000000e+04
2.325200000000000000e+04
2.327900000000000000e+04
2.328900000000000000e+04
2.336600000000000000e+04
2.337000000000000000e+04
2.342500000000000000e+04
2.346200000000000000e+04
2.347600000000000000e+04
2.347700000000000000e+04
2.347900000000000000e+04
2.387100000000000000e+04
2.387200000000000000e+04
2.387300000000000000e+04
2.387400000000000000e+04
2.387500000000000000e+04
2.395400000000000000e+04
2.395500000000000000e+04
2.395900000000000000e+04
2.396400000000000000e+04
2.415500000000000000e+04
2.429100000000000000e+04
2.430400000000000000e+04
2.442100000000000000e+04
2.446800000000000000e+04
2.461400000000000000e+04
2.461500000000000000e+04
2.462700000000000000e+04
2.469800000000000000e+04
2.469900000000000000e+04
2.470000000000000000e+04
2.470100000000000000e+04
2.470200000000000000e+04
2.470300000000000000e+04
2.470400000000000000e+04
2.470900000000000000e+04
2.471700000000000000e+04
2.473100000000000000e+04
2.478500000000000000e+04
2.481600000000000000e+04
2.492900000000000000e+04
2.493000000000000000e+04
2.493100000000000000e+04
2.493300000000000000e+04
2.498700000000000000e+04
2.498800000000000000e+04
2.506300000000000000e+04
2.513100000000000000e+04
2.514800000000000000e+04
2.515300000000000000e+04
2.515500000000000000e+04
2.526100000000000000e+04
2.531700000000000000e+04
2.568600000000000000e+04
2.574900000000000000e+04
2.589300000000000000e+04
2.602800000000000000e+04
2.603000000000000000e+04
2.612600000000000000e+04
2.620100000000000000e+04
2.635800000000000000e+04
2.636000000000000000e+04
2.636100000000000000e+04
2.636300000000000000e+04
2.636400000000000000e+04
2.641800000000000000e+04
2.641900000000000000e+04
2.648100000000000000e+04
2.650300000000000000e+04
2.671600000000000000e+04
2.671700000000000000e+04
2.681100000000000000e+04
2.686100000000000000e+04
2.686300000000000000e+04
2.692800000000000000e+04
2.693200000000000000e+04
2.704000000000000000e+04
2.706500000000000000e+04
2.706600000000000000e+04
2.706800000000000000e+04
2.707000000000000000e+04
2.708300000000000000e+04
2.709800000000000000e+04
2.718500000000000000e+04
2.722300000000000000e+04
2.722400000000000000e+04
2.725700000000000000e+04
2.731400000000000000e+04
2.733600000000000000e+04
2.735900000000000000e+04
2.737100000000000000e+04
2.738000000000000000e+04
2.742500000000000000e+04
2.761900000000000000e+04
2.762100000000000000e+04
2.770500000000000000e+04
2.770600000000000000e+04
2.770700000000000000e+04
2.770800000000000000e+04
2.770900000000000000e+04
2.771100000000000000e+04
2.771200000000000000e+04
2.774200000000000000e+04
2.777300000000000000e+04
2.780400000000000000e+04
2.780500000000000000e+04
2.780600000000000000e+04
2.781100000000000000e+04
2.786900000000000000e+04
2.792900000000000000e+04
2.793000000000000000e+04
2.806500000000000000e+04
2.812800000000000000e+04
2.813200000000000000e+04
2.813300000000000000e+04
2.813700000000000000e+04
2.813800000000000000e+04
2.814400000000000000e+04
2.828800000000000000e+04
2.828900000000000000e+04
2.829100000000000000e+04
2.829200000000000000e+04
2.829300000000000000e+04
2.859300000000000000e+04
2.859700000000000000e+04
2.859800000000000000e+04
2.874100000000000000e+04
2.885100000000000000e+04
2.885400000000000000e+04
2.950800000000000000e+04
2.951000000000000000e+04
2.958000000000000000e+04
2.982100000000000000e+04
3.008100000000000000e+04
3.008300000000000000e+04
3.008400000000000000e+04
3.008500000000000000e+04
3.008700000000000000e+04
3.008800000000000000e+04
3.008900000000000000e+04
3.009000000000000000e+04
3.015700000000000000e+04
3.023100000000000000e+04
3.024900000000000000e+04
3.025000000000000000e+04
3.025100000000000000e+04
3.025200000000000000e+04
3.025300000000000000e+04
3.025400000000000000e+04
3.025500000000000000e+04
3.026100000000000000e+04
3.026200000000000000e+04
3.027000000000000000e+04
3.052900000000000000e+04
3.053100000000000000e+04
3.053200000000000000e+04
3.078800000000000000e+04
3.078900000000000000e+04
3.080300000000000000e+04
3.080600000000000000e+04
3.101500000000000000e+04
3.101700000000000000e+04
3.104100000000000000e+04
3.115400000000000000e+04
3.120300000000000000e+04
3.148200000000000000e+04
3.166300000000000000e+04
3.169300000000000000e+04
3.170500000000000000e+04
3.179700000000000000e+04
3.196000000000000000e+04
3.199500000000000000e+04
3.203100000000000000e+04
3.208500000000000000e+04
3.214000000000000000e+04
3.219400000000000000e+04
3.225800000000000000e+04
3.243600000000000000e+04
3.246200000000000000e+04
3.249100000000000000e+04
3.250300000000000000e+04
3.254400000000000000e+04
3.258500000000000000e+04
3.270700000000000000e+04
3.271300000000000000e+04
3.271400000000000000e+04
3.274600000000000000e+04
3.274900000000000000e+04
3.276800000000000000e+04
3.281200000000000000e+04
3.339800000000000000e+04
3.340700000000000000e+04
3.364100000000000000e+04
3.364200000000000000e+04
3.367800000000000000e+04
3.371600000000000000e+04
3.377500000000000000e+04
3.385600000000000000e+04
3.396400000000000000e+04
3.396500000000000000e+04
3.407700000000000000e+04
3.408000000000000000e+04
3.408400000000000000e+04
3.415000000000000000e+04
3.430400000000000000e+04
3.448300000000000000e+04
3.491400000000000000e+04
3.491600000000000000e+04
3.541500000000000000e+04
3.559800000000000000e+04
3.590300000000000000e+04
3.603300000000000000e+04
3.606000000000000000e+04
3.614200000000000000e+04
3.616000000000000000e+04
3.626600000000000000e+04
3.626700000000000000e+04
3.650600000000000000e+04
3.651100000000000000e+04
3.651300000000000000e+04
3.651800000000000000e+04
3.651900000000000000e+04
3.653700000000000000e+04
3.661100000000000000e+04
3.677100000000000000e+04
3.687000000000000000e+04
3.687100000000000000e+04
3.703300000000000000e+04
3.746700000000000000e+04
3.757700000000000000e+04
3.772600000000000000e+04
3.780700000000000000e+04
3.791400000000000000e+04
3.794300000000000000e+04
3.794400000000000000e+04
3.794500000000000000e+04
3.810700000000000000e+04
3.814500000000000000e+04
3.814700000000000000e+04
3.823400000000000000e+04
3.824500000000000000e+04
3.833600000000000000e+04
3.836500000000000000e+04
3.836600000000000000e+04
3.836700000000000000e+04
3.838000000000000000e+04
3.839100000000000000e+04
3.841600000000000000e+04
3.884000000000000000e+04
3.884100000000000000e+04
3.885000000000000000e+04
3.893900000000000000e+04
3.894100000000000000e+04
3.906400000000000000e+04
3.929500000000000000e+04
3.935900000000000000e+04
3.968400000000000000e+04
3.977600000000000000e+04
3.986700000000000000e+04
3.986800000000000000e+04
3.993000000000000000e+04
3.993200000000000000e+04
3.993300000000000000e+04
3.993400000000000000e+04
3.993500000000000000e+04
3.993600000000000000e+04
3.993700000000000000e+04
3.993900000000000000e+04
3.994100000000000000e+04
3.994200000000000000e+04
3.994400000000000000e+04
3.994500000000000000e+04
3.998200000000000000e+04
4.005700000000000000e+04
4.005900000000000000e+04
4.006100000000000000e+04
4.022000000000000000e+04
4.038800000000000000e+04
4.039300000000000000e+04
4.058800000000000000e+04
4.058900000000000000e+04
4.059300000000000000e+04
4.065400000000000000e+04
4.065500000000000000e+04
4.065700000000000000e+04
4.065800000000000000e+04
4.065900000000000000e+04
4.066100000000000000e+04
4.066300000000000000e+04
4.066400000000000000e+04
4.066500000000000000e+04
4.066600000000000000e+04
4.066700000000000000e+04
4.066900000000000000e+04
4.068500000000000000e+04
4.068600000000000000e+04
4.083500000000000000e+04
4.084800000000000000e+04
4.085000000000000000e+04
4.085100000000000000e+04
4.086600000000000000e+04
4.094000000000000000e+04
4.094400000000000000e+04
4.094500000000000000e+04
4.098900000000000000e+04
4.099800000000000000e+04
4.101200000000000000e+04
4.101400000000000000e+04
4.101600000000000000e+04
4.101700000000000000e+04
4.101800000000000000e+04
4.102800000000000000e+04
4.103100000000000000e+04
4.103800000000000000e+04
4.104200000000000000e+04
4.104300000000000000e+04
4.104400000000000000e+04
4.104500000000000000e+04
4.104600000000000000e+04
4.104700000000000000e+04
4.104800000000000000e+04
4.104900000000000000e+04
4.105000000000000000e+04
4.105200000000000000e+04
4.105300000000000000e+04
4.105400000000000000e+04
4.105500000000000000e+04
4.105900000000000000e+04
4.111900000000000000e+04
4.112100000000000000e+04
4.112200000000000000e+04
4.112300000000000000e+04
4.112400000000000000e+04
4.112500000000000000e+04
4.126700000000000000e+04
4.133500000000000000e+04
4.157800000000000000e+04
4.175100000000000000e+04
4.177700000000000000e+04
4.178900000000000000e+04
4.186800000000000000e+04
4.199200000000000000e+04
4.227500000000000000e+04
4.245500000000000000e+04
4.262500000000000000e+04
4.262900000000000000e+04
4.266000000000000000e+04
4.285500000000000000e+04
4.311600000000000000e+04
4.319100000000000000e+04
4.339800000000000000e+04
4.340000000000000000e+04
4.340400000000000000e+04
4.340500000000000000e+04
4.344200000000000000e+04
4.344400000000000000e+04
4.411300000000000000e+04
4.411400000000000000e+04
4.411500000000000000e+04
4.411600000000000000e+04
4.411700000000000000e+04
4.411800000000000000e+04
4.411900000000000000e+04
4.414900000000000000e+04
4.449700000000000000e+04
4.453600000000000000e+04
4.454000000000000000e+04
4.473000000000000000e+04
4.491800000000000000e+04
4.510000000000000000e+04
4.517800000000000000e+04
4.524000000000000000e+04
4.535100000000000000e+04
4.564300000000000000e+04
4.580300000000000000e+04
4.581500000000000000e+04
4.598600000000000000e+04
4.598900000000000000e+04
4.599100000000000000e+04
4.599200000000000000e+04
4.603700000000000000e+04
4.610900000000000000e+04
4.611000000000000000e+04
4.620900000000000000e+04
4.621400000000000000e+04
4.627300000000000000e+04
4.627500000000000000e+04
4.651800000000000000e+04
4.655400000000000000e+04
4.660300000000000000e+04
4.666400000000000000e+04
4.666500000000000000e+04
4.670300000000000000e+04
4.684300000000000000e+04
4.697200000000000000e+04
4.702400000000000000e+04
4.702500000000000000e+04
4.702600000000000000e+04
4.702700000000000000e+04
4.703000000000000000e+04
4.706500000000000000e+04
4.707700000000000000e+04
4.714600000000000000e+04
4.724900000000000000e+04
4.757600000000000000e+04
4.757700000000000000e+04
4.758000000000000000e+04
4.758100000000000000e+04
4.789700000000000000e+04
4.802200000000000000e+04
4.808500000000000000e+04
4.819500000000000000e+04
4.819600000000000000e+04
4.819700000000000000e+04
4.819800000000000000e+04
4.819900000000000000e+04
4.820200000000000000e+04
4.843100000000000000e+04
4.843600000000000000e+04
4.844200000000000000e+04
4.846500000000000000e+04
4.868600000000000000e+04
4.876000000000000000e+04
4.884600000000000000e+04
4.890800000000000000e+04
4.897700000000000000e+04
4.897800000000000000e+04
4.967600000000000000e+04
4.967900000000000000e+04
4.968000000000000000e+04
4.968100000000000000e+04
4.974800000000000000e+04
4.981200000000000000e+04
4.995100000000000000e+04
5.008600000000000000e+04
5.027500000000000000e+04
5.035500000000000000e+04
5.035600000000000000e+04
5.035700000000000000e+04
5.036000000000000000e+04
5.036100000000000000e+04
5.036200000000000000e+04
5.039200000000000000e+04
5.055400000000000000e+04
5.055500000000000000e+04
5.057600000000000000e+04
5.078100000000000000e+04
5.078500000000000000e+04
5.094300000000000000e+04
5.099800000000000000e+04
5.104100000000000000e+04
5.104200000000000000e+04
5.109500000000000000e+04
5.126100000000000000e+04
5.135100000000000000e+04
5.135200000000000000e+04
5.135400000000000000e+04
5.155200000000000000e+04
5.155400000000000000e+04
5.171200000000000000e+04
5.185000000000000000e+04
5.204800000000000000e+04
5.230800000000000000e+04
5.231200000000000000e+04
5.231800000000000000e+04
5.261300000000000000e+04
5.275400000000000000e+04
5.275500000000000000e+04
5.283900000000000000e+04
5.312500000000000000e+04
5.313900000000000000e+04
5.322800000000000000e+04
5.322900000000000000e+04
5.323000000000000000e+04
5.342500000000000000e+04
5.343100000000000000e+04
5.347600000000000000e+04
5.416300000000000000e+04
5.416400000000000000e+04
5.448300000000000000e+04
5.461400000000000000e+04
5.471800000000000000e+04
5.474500000000000000e+04
5.475600000000000000e+04
5.489200000000000000e+04
5.489400000000000000e+04
5.500700000000000000e+04
5.514300000000000000e+04
5.518400000000000000e+04
5.551900000000000000e+04
5.557700000000000000e+04
5.558700000000000000e+04
5.600100000000000000e+04
5.600700000000000000e+04
5.609100000000000000e+04
5.609300000000000000e+04
5.609600000000000000e+04
5.614900000000000000e+04
5.618100000000000000e+04
5.618200000000000000e+04
5.618800000000000000e+04
5.631600000000000000e+04
5.633900000000000000e+04
5.637400000000000000e+04
5.639000000000000000e+04
5.639200000000000000e+04
5.639800000000000000e+04
5.639900000000000000e+04
5.640000000000000000e+04
5.644500000000000000e+04
5.645100000000000000e+04
5.645600000000000000e+04
5.645700000000000000e+04
5.649500000000000000e+04
5.653400000000000000e+04
5.667600000000000000e+04
5.671400000000000000e+04
5.681800000000000000e+04
5.719800000000000000e+04
5.720500000000000000e+04
5.720600000000000000e+04
5.720700000000000000e+04
5.720800000000000000e+04
5.721000000000000000e+04
5.721100000000000000e+04
5.723900000000000000e+04
5.724000000000000000e+04
5.724100000000000000e+04
5.724200000000000000e+04
5.724300000000000000e+04
5.724400000000000000e+04
5.724600000000000000e+04
5.724700000000000000e+04
5.725000000000000000e+04
5.760100000000000000e+04
5.760700000000000000e+04
5.760900000000000000e+04
5.765800000000000000e+04
5.773900000000000000e+04
5.781900000000000000e+04
5.782000000000000000e+04
5.782100000000000000e+04
5.782400000000000000e+04
5.790300000000000000e+04
5.814100000000000000e+04
5.819800000000000000e+04
5.822600000000000000e+04
5.832100000000000000e+04
5.843200000000000000e+04
5.843300000000000000e+04
5.843700000000000000e+04
5.848800000000000000e+04
5.852300000000000000e+04
5.854700000000000000e+04
5.856400000000000000e+04
5.881700000000000000e+04
5.907800000000000000e+04
5.910100000000000000e+04
5.912100000000000000e+04
5.912500000000000000e+04
5.958700000000000000e+04
5.961000000000000000e+04
5.968800000000000000e+04
5.971400000000000000e+04
5.972800000000000000e+04
5.973600000000000000e+04
5.974900000000000000e+04
5.988500000000000000e+04
5.992200000000000000e+04
6.037400000000000000e+04
6.043100000000000000e+04
6.043200000000000000e+04
6.043300000000000000e+04
6.048400000000000000e+04
6.052500000000000000e+04
6.058900000000000000e+04
6.102500000000000000e+04
6.109200000000000000e+04
6.121100000000000000e+04
6.121200000000000000e+04
6.121300000000000000e+04
6.121400000000000000e+04
6.123300000000000000e+04
6.126100000000000000e+04
6.126200000000000000e+04
6.132200000000000000e+04
6.140200000000000000e+04
6.140300000000000000e+04
6.151000000000000000e+04
6.151100000000000000e+04
6.151400000000000000e+04
6.192800000000000000e+04
6.195200000000000000e+04
6.195300000000000000e+04
6.199900000000000000e+04
6.209100000000000000e+04
6.220100000000000000e+04
6.255900000000000000e+04
6.266000000000000000e+04
6.276500000000000000e+04
6.276600000000000000e+04
6.277100000000000000e+04
6.287800000000000000e+04
6.307300000000000000e+04
6.307500000000000000e+04
6.336200000000000000e+04
6.346300000000000000e+04
6.349300000000000000e+04
6.374200000000000000e+04
6.385300000000000000e+04
6.387500000000000000e+04
6.396200000000000000e+04
6.438600000000000000e+04
6.470600000000000000e+04
6.471500000000000000e+04
6.563100000000000000e+04
6.576400000000000000e+04
6.582800000000000000e+04
6.586700000000000000e+04
6.609800000000000000e+04
6.648900000000000000e+04
6.649100000000000000e+04
6.651200000000000000e+04
6.651300000000000000e+04
6.651500000000000000e+04
6.651600000000000000e+04
6.662800000000000000e+04
6.668200000000000000e+04
6.668800000000000000e+04
6.670800000000000000e+04
6.672000000000000000e+04
6.672100000000000000e+04
6.672200000000000000e+04
6.672300000000000000e+04
6.672400000000000000e+04
6.672500000000000000e+04
6.672600000000000000e+04
6.672700000000000000e+04
6.672800000000000000e+04
6.675500000000000000e+04
6.675700000000000000e+04
6.679500000000000000e+04
6.692700000000000000e+04
6.692800000000000000e+04
6.696000000000000000e+04
6.706100000000000000e+04
6.714000000000000000e+04
6.719600000000000000e+04
6.720600000000000000e+04
6.731100000000000000e+04
6.735700000000000000e+04
6.754700000000000000e+04
6.755600000000000000e+04
6.776700000000000000e+04
6.776800000000000000e+04
6.776900000000000000e+04
6.777000000000000000e+04
6.777100000000000000e+04
6.777200000000000000e+04
6.777300000000000000e+04
6.789200000000000000e+04
6.790400000000000000e+04
6.809800000000000000e+04
6.809900000000000000e+04
6.823900000000000000e+04
6.824000000000000000e+04
6.824100000000000000e+04
6.827100000000000000e+04
6.828400000000000000e+04
6.834900000000000000e+04
6.835100000000000000e+04
6.835200000000000000e+04
6.848800000000000000e+04
6.856400000000000000e+04
6.856500000000000000e+04
6.856600000000000000e+04
6.856700000000000000e+04
6.867100000000000000e+04
6.867200000000000000e+04
6.867300000000000000e+04
6.867400000000000000e+04
6.909700000000000000e+04
6.909800000000000000e+04
6.924400000000000000e+04
6.932000000000000000e+04
6.932200000000000000e+04
6.935800000000000000e+04
7.032900000000000000e+04
7.045200000000000000e+04
7.045800000000000000e+04
7.046100000000000000e+04
7.046600000000000000e+04
7.049200000000000000e+04
7.049300000000000000e+04
7.049400000000000000e+04
7.049600000000000000e+04
7.049700000000000000e+04
7.049800000000000000e+04
7.053400000000000000e+04
7.058000000000000000e+04
7.058800000000000000e+04
7.062900000000000000e+04
7.068100000000000000e+04
7.068900000000000000e+04
7.070200000000000000e+04
7.070300000000000000e+04
7.079100000000000000e+04
7.079200000000000000e+04
7.079300000000000000e+04
7.079400000000000000e+04
7.079500000000000000e+04
7.079700000000000000e+04
7.094900000000000000e+04
7.097300000000000000e+04
7.114600000000000000e+04
7.118200000000000000e+04
7.120400000000000000e+04
7.144800000000000000e+04
7.158900000000000000e+04
7.159100000000000000e+04
7.159200000000000000e+04
7.165100000000000000e+04
7.167700000000000000e+04
7.177600000000000000e+04
7.177700000000000000e+04
7.201400000000000000e+04
7.201500000000000000e+04
7.201600000000000000e+04
7.250000000000000000e+04
7.256400000000000000e+04
7.256500000000000000e+04
7.256600000000000000e+04
7.270200000000000000e+04
7.271200000000000000e+04
7.275800000000000000e+04
7.286800000000000000e+04
7.288200000000000000e+04
7.299400000000000000e+04
7.299500000000000000e+04
7.301400000000000000e+04
7.301900000000000000e+04
7.302000000000000000e+04
7.319800000000000000e+04
7.335900000000000000e+04
7.345600000000000000e+04
7.349400000000000000e+04
7.350200000000000000e+04
7.361100000000000000e+04
7.362200000000000000e+04
7.413400000000000000e+04
7.425100000000000000e+04
7.464600000000000000e+04
7.469200000000000000e+04
7.469300000000000000e+04
7.471800000000000000e+04
7.472100000000000000e+04
7.472200000000000000e+04
7.478400000000000000e+04
7.479000000000000000e+04
7.479200000000000000e+04
7.479300000000000000e+04
7.487000000000000000e+04
7.493800000000000000e+04
7.508900000000000000e+04
7.509200000000000000e+04
7.512500000000000000e+04
7.522200000000000000e+04
7.543700000000000000e+04
7.558800000000000000e+04
7.595900000000000000e+04
7.596000000000000000e+04
7.596100000000000000e+04
7.596200000000000000e+04
7.611100000000000000e+04
7.611600000000000000e+04
7.611700000000000000e+04
7.620600000000000000e+04
7.651100000000000000e+04
7.651800000000000000e+04
7.653600000000000000e+04
7.674200000000000000e+04
7.679200000000000000e+04
7.716100000000000000e+04
7.717400000000000000e+04
7.725500000000000000e+04
7.728600000000000000e+04
7.731200000000000000e+04
7.746700000000000000e+04
7.759800000000000000e+04
7.786200000000000000e+04
7.798700000000000000e+04
7.801500000000000000e+04
7.801600000000000000e+04
7.801700000000000000e+04
7.801800000000000000e+04
7.816300000000000000e+04
7.820300000000000000e+04
7.837100000000000000e+04
7.840800000000000000e+04
7.852400000000000000e+04
7.859200000000000000e+04
7.862300000000000000e+04
7.862400000000000000e+04
7.892500000000000000e+04
7.892600000000000000e+04
7.892700000000000000e+04
7.892800000000000000e+04
7.912800000000000000e+04
7.922500000000000000e+04
7.935300000000000000e+04
7.935400000000000000e+04
7.935700000000000000e+04
7.956500000000000000e+04
7.957500000000000000e+04
7.959500000000000000e+04
7.959600000000000000e+04
7.965800000000000000e+04
7.965900000000000000e+04
7.966300000000000000e+04
7.966400000000000000e+04
7.968900000000000000e+04
7.972900000000000000e+04
7.973800000000000000e+04
7.974200000000000000e+04
7.984400000000000000e+04
7.995000000000000000e+04
7.996900000000000000e+04
8.009700000000000000e+04
8.017100000000000000e+04
8.029700000000000000e+04
8.039900000000000000e+04
8.040300000000000000e+04
8.059100000000000000e+04
8.064400000000000000e+04
8.081200000000000000e+04
8.117100000000000000e+04
8.118200000000000000e+04
8.197700000000000000e+04
8.217700000000000000e+04
8.228700000000000000e+04
8.228800000000000000e+04
8.229000000000000000e+04
8.245100000000000000e+04
8.249600000000000000e+04
8.255500000000000000e+04
8.255700000000000000e+04
8.255900000000000000e+04
8.260600000000000000e+04
8.276000000000000000e+04
8.279000000000000000e+04
8.288400000000000000e+04
8.296100000000000000e+04
8.302000000000000000e+04
8.329700000000000000e+04
8.368300000000000000e+04
8.387600000000000000e+04
8.400400000000000000e+04
8.412400000000000000e+04
8.412500000000000000e+04
8.419700000000000000e+04
8.423800000000000000e+04
8.423900000000000000e+04
8.424100000000000000e+04
8.443100000000000000e+04
8.443200000000000000e+04
8.471700000000000000e+04
8.476800000000000000e+04
8.477900000000000000e+04
8.486600000000000000e+04
8.487400000000000000e+04
8.487800000000000000e+04
8.494200000000000000e+04
8.495200000000000000e+04
8.534400000000000000e+04
8.541000000000000000e+04
8.541100000000000000e+04
8.541700000000000000e+04
8.551700000000000000e+04
8.553800000000000000e+04
8.554100000000000000e+04
8.556800000000000000e+04
8.563700000000000000e+04
8.582000000000000000e+04
8.620900000000000000e+04
8.621100000000000000e+04
8.626000000000000000e+04
8.633300000000000000e+04
8.638300000000000000e+04
8.697500000000000000e+04
8.699900000000000000e+04
8.700100000000000000e+04
8.700400000000000000e+04
8.702500000000000000e+04
8.727100000000000000e+04
8.741500000000000000e+04
8.756800000000000000e+04
8.757300000000000000e+04
8.757400000000000000e+04
8.757700000000000000e+04
8.813900000000000000e+04
8.830000000000000000e+04
8.839600000000000000e+04
8.842100000000000000e+04
8.842200000000000000e+04
8.845900000000000000e+04
8.846000000000000000e+04
8.854700000000000000e+04
8.854800000000000000e+04
8.854900000000000000e+04
8.855000000000000000e+04
8.855100000000000000e+04
8.855200000000000000e+04
8.855300000000000000e+04
8.855400000000000000e+04
8.855500000000000000e+04
8.855600000000000000e+04
8.855700000000000000e+04
8.857300000000000000e+04
8.857400000000000000e+04
8.859700000000000000e+04
8.867200000000000000e+04
8.871000000000000000e+04
8.871100000000000000e+04
8.874200000000000000e+04
8.875800000000000000e+04
8.876000000000000000e+04
8.885200000000000000e+04
8.892700000000000000e+04
8.892800000000000000e+04
8.892900000000000000e+04
8.893000000000000000e+04
8.893200000000000000e+04
8.893500000000000000e+04
8.895600000000000000e+04
8.895700000000000000e+04
8.918300000000000000e+04
8.920400000000000000e+04
8.922500000000000000e+04
8.922700000000000000e+04
8.944400000000000000e+04
8.944700000000000000e+04
8.949900000000000000e+04
8.965200000000000000e+04
9.000200000000000000e+04
9.000300000000000000e+04
9.000400000000000000e+04
9.009400000000000000e+04
9.016000000000000000e+04
9.016100000000000000e+04
9.016200000000000000e+04
9.016300000000000000e+04
9.016400000000000000e+04
9.016500000000000000e+04
9.016600000000000000e+04
9.016700000000000000e+04
9.016800000000000000e+04
9.016900000000000000e+04
9.017000000000000000e+04
9.017100000000000000e+04
9.017200000000000000e+04
9.017300000000000000e+04
9.017400000000000000e+04
9.017500000000000000e+04
9.017600000000000000e+04
9.017700000000000000e+04
9.017800000000000000e+04
9.017900000000000000e+04
9.018000000000000000e+04
9.018100000000000000e+04
9.018200000000000000e+04
9.018300000000000000e+04
9.018400000000000000e+04
9.018500000000000000e+04
9.018600000000000000e+04
9.018700000000000000e+04
9.018800000000000000e+04
9.018900000000000000e+04
9.019000000000000000e+04
9.019100000000000000e+04
9.019200000000000000e+04
9.019300000000000000e+04
9.019600000000000000e+04
9.021600000000000000e+04
9.021700000000000000e+04
9.034000000000000000e+04
9.035600000000000000e+04
9.037300000000000000e+04
9.040400000000000000e+04
9.040500000000000000e+04
9.040600000000000000e+04
9.066400000000000000e+04
9.068000000000000000e+04
9.078700000000000000e+04
9.104700000000000000e+04
9.121700000000000000e+04
9.122000000000000000e+04
9.122100000000000000e+04
9.122300000000000000e+04
9.122500000000000000e+04
9.130900000000000000e+04
9.137900000000000000e+04
9.144100000000000000e+04
9.144500000000000000e+04
9.144600000000000000e+04
9.153900000000000000e+04
9.155600000000000000e+04
9.157200000000000000e+04
9.163200000000000000e+04
9.197800000000000000e+04
9.214200000000000000e+04
9.214800000000000000e+04
9.222700000000000000e+04
9.230000000000000000e+04
9.233900000000000000e+04
9.234700000000000000e+04
9.245500000000000000e+04
9.247700000000000000e+04
9.259600000000000000e+04
9.280300000000000000e+04
9.289200000000000000e+04
9.312500000000000000e+04
9.312700000000000000e+04
9.314400000000000000e+04
9.320600000000000000e+04
9.320700000000000000e+04
9.352700000000000000e+04
9.352800000000000000e+04
9.355500000000000000e+04
9.355900000000000000e+04
9.362400000000000000e+04
9.362500000000000000e+04
9.362600000000000000e+04
9.362700000000000000e+04
9.362800000000000000e+04
9.380300000000000000e+04
9.380400000000000000e+04
9.385600000000000000e+04
9.394700000000000000e+04
9.401000000000000000e+04
9.401100000000000000e+04
9.401600000000000000e+04
9.405500000000000000e+04
9.406300000000000000e+04
9.406900000000000000e+04
9.407200000000000000e+04
9.407700000000000000e+04
9.412300000000000000e+04
9.419900000000000000e+04
9.429400000000000000e+04
9.429600000000000000e+04
9.430800000000000000e+04
9.441300000000000000e+04
9.458400000000000000e+04
9.458600000000000000e+04
9.464800000000000000e+04
9.474100000000000000e+04
9.479300000000000000e+04
9.482700000000000000e+04
9.482800000000000000e+04
9.487900000000000000e+04
9.494000000000000000e+04
9.504400000000000000e+04
9.505800000000000000e+04
9.506100000000000000e+04
9.506300000000000000e+04
9.527000000000000000e+04
9.535900000000000000e+04
9.543400000000000000e+04
9.545000000000000000e+04
9.557600000000000000e+04
9.564700000000000000e+04
9.565600000000000000e+04
9.565700000000000000e+04
9.565900000000000000e+04
9.569500000000000000e+04
9.585800000000000000e+04
9.599400000000000000e+04
9.599800000000000000e+04
9.604200000000000000e+04
9.609500000000000000e+04
9.620800000000000000e+04
9.620900000000000000e+04
9.622300000000000000e+04
9.622600000000000000e+04
9.623100000000000000e+04
9.623200000000000000e+04
9.628800000000000000e+04
9.628900000000000000e+04
9.640000000000000000e+04
9.646100000000000000e+04
9.660600000000000000e+04
9.668400000000000000e+04
9.676900000000000000e+04
9.688600000000000000e+04
9.688900000000000000e+04
9.689100000000000000e+04
9.689200000000000000e+04
9.689400000000000000e+04
9.689600000000000000e+04
9.689700000000000000e+04
9.689800000000000000e+04
9.707400000000000000e+04
9.707500000000000000e+04
9.728100000000000000e+04
9.732000000000000000e+04
9.732200000000000000e+04
9.732500000000000000e+04
9.751700000000000000e+04
9.763500000000000000e+04
9.772600000000000000e+04
9.780700000000000000e+04
9.780800000000000000e+04
9.783300000000000000e+04
9.783500000000000000e+04
9.795900000000000000e+04
9.803700000000000000e+04
9.808900000000000000e+04
9.820100000000000000e+04
9.820900000000000000e+04
9.821100000000000000e+04
9.821300000000000000e+04
9.821400000000000000e+04
9.822000000000000000e+04
9.822300000000000000e+04
9.847000000000000000e+04
9.867000000000000000e+04
9.867200000000000000e+04
9.875900000000000000e+04
9.880400000000000000e+04
9.893900000000000000e+04
9.903100000000000000e+04
9.903900000000000000e+04
9.907800000000000000e+04
9.912500000000000000e+04
9.913100000000000000e+04
9.913200000000000000e+04
9.916100000000000000e+04
9.930900000000000000e+04
9.932200000000000000e+04
9.942500000000000000e+04
9.942600000000000000e+04
9.942700000000000000e+04
9.945500000000000000e+04
9.948300000000000000e+04
9.950800000000000000e+04
9.973400000000000000e+04
9.973500000000000000e+04
9.992200000000000000e+04
9.992300000000000000e+04
9.992400000000000000e+04
9.992500000000000000e+04
9.992600000000000000e+04
9.992700000000000000e+04
9.992800000000000000e+04
9.992900000000000000e+04
9.993000000000000000e+04
9.993100000000000000e+04
9.993200000000000000e+04
9.993400000000000000e+04
9.993500000000000000e+04
9.993600000000000000e+04
9.993700000000000000e+04
9.993800000000000000e+04
9.993900000000000000e+04
9.994000000000000000e+04
9.994100000000000000e+04
9.994300000000000000e+04
9.994400000000000000e+04
9.994500000000000000e+04
9.994600000000000000e+04
9.994700000000000000e+04
9.994800000000000000e+04
9.994900000000000000e+04
9.995000000000000000e+04
9.995100000000000000e+04
9.995300000000000000e+04
9.995400000000000000e+04
9.995700000000000000e+04
9.997700000000000000e+04
1.000150000000000000e+05
1.000370000000000000e+05
1.003160000000000000e+05
1.003570000000000000e+05
1.003580000000000000e+05
1.004790000000000000e+05
1.005540000000000000e+05
1.006830000000000000e+05
1.007510000000000000e+05
1.007870000000000000e+05
1.008330000000000000e+05
1.009240000000000000e+05
1.011120000000000000e+05
1.011510000000000000e+05
1.011740000000000000e+05
1.011750000000000000e+05
1.013040000000000000e+05
1.013050000000000000e+05
1.018630000000000000e+05
1.019880000000000000e+05
1.020520000000000000e+05
1.022210000000000000e+05
1.022220000000000000e+05
1.022230000000000000e+05
1.022240000000000000e+05
1.024450000000000000e+05
1.024460000000000000e+05
1.024670000000000000e+05
1.025210000000000000e+05
1.025250000000000000e+05
1.026190000000000000e+05
1.026500000000000000e+05
1.028080000000000000e+05
1.028090000000000000e+05
1.028110000000000000e+05
1.028380000000000000e+05
1.030520000000000000e+05
1.030610000000000000e+05
1.031200000000000000e+05
1.034590000000000000e+05
1.036270000000000000e+05
1.036280000000000000e+05
1.036290000000000000e+05
1.036300000000000000e+05
1.036330000000000000e+05
1.036970000000000000e+05
1.037750000000000000e+05
1.037770000000000000e+05
1.037830000000000000e+05
1.039920000000000000e+05
1.040390000000000000e+05
1.040400000000000000e+05
1.040420000000000000e+05
1.040430000000000000e+05
1.040440000000000000e+05
1.040450000000000000e+05
1.043380000000000000e+05
1.045710000000000000e+05
1.046170000000000000e+05
1.046600000000000000e+05
1.046770000000000000e+05
1.050830000000000000e+05
1.051050000000000000e+05
1.051100000000000000e+05
1.051470000000000000e+05
1.052310000000000000e+05
1.053200000000000000e+05
1.053210000000000000e+05
1.053270000000000000e+05
1.053340000000000000e+05
1.054210000000000000e+05
1.054230000000000000e+05
1.054240000000000000e+05
1.054250000000000000e+05
1.054260000000000000e+05
1.054280000000000000e+05
1.054750000000000000e+05
1.054760000000000000e+05
1.054810000000000000e+05
1.054820000000000000e+05
1.056150000000000000e+05
1.057010000000000000e+05
1.057020000000000000e+05
1.057030000000000000e+05
1.057040000000000000e+05
1.057050000000000000e+05
1.057110000000000000e+05
1.057170000000000000e+05
1.057210000000000000e+05
1.057500000000000000e+05
1.057580000000000000e+05
1.060080000000000000e+05
1.063910000000000000e+05
1.064890000000000000e+05
1.067240000000000000e+05
1.067860000000000000e+05
1.072440000000000000e+05
1.073540000000000000e+05
1.073790000000000000e+05
1.075400000000000000e+05
1.075580000000000000e+05
1.077050000000000000e+05
1.077230000000000000e+05
1.079010000000000000e+05
1.079300000000000000e+05
1.081150000000000000e+05
1.081770000000000000e+05
1.081780000000000000e+05
1.081960000000000000e+05
1.081970000000000000e+05
1.082480000000000000e+05
1.082530000000000000e+05
1.082850000000000000e+05
1.083170000000000000e+05
1.083870000000000000e+05
1.084940000000000000e+05
1.085790000000000000e+05
1.087380000000000000e+05
1.088210000000000000e+05
1.088730000000000000e+05
1.091300000000000000e+05
1.092300000000000000e+05
1.092320000000000000e+05
1.092330000000000000e+05
1.092340000000000000e+05
1.092360000000000000e+05
1.092370000000000000e+05
1.093970000000000000e+05
1.094130000000000000e+05
1.094280000000000000e+05
1.095340000000000000e+05
1.095480000000000000e+05
1.095570000000000000e+05
1.096340000000000000e+05
1.097750000000000000e+05
1.097880000000000000e+05
1.099500000000000000e+05
1.099520000000000000e+05
1.099540000000000000e+05
1.100700000000000000e+05
1.102600000000000000e+05
1.102620000000000000e+05
1.104920000000000000e+05
1.105240000000000000e+05
1.105250000000000000e+05
1.108500000000000000e+05
1.109210000000000000e+05
1.109230000000000000e+05
1.109700000000000000e+05
1.109710000000000000e+05
1.112250000000000000e+05
1.112380000000000000e+05
1.113270000000000000e+05
1.113290000000000000e+05
1.114520000000000000e+05
1.114530000000000000e+05
1.115030000000000000e+05
1.115060000000000000e+05
1.115120000000000000e+05
1.115250000000000000e+05
1.117100000000000000e+05
1.117110000000000000e+05
1.117120000000000000e+05
1.117150000000000000e+05
1.117190000000000000e+05
1.117550000000000000e+05
1.117880000000000000e+05
1.117890000000000000e+05
1.117900000000000000e+05
1.117910000000000000e+05
1.117920000000000000e+05
1.117930000000000000e+05
1.117940000000000000e+05
1.117960000000000000e+05
1.120700000000000000e+05
1.121910000000000000e+05
1.123520000000000000e+05
1.124550000000000000e+05
1.124570000000000000e+05
1.125040000000000000e+05
1.125090000000000000e+05
1.126100000000000000e+05
1.127060000000000000e+05
1.127070000000000000e+05
1.127080000000000000e+05
1.127090000000000000e+05
1.127100000000000000e+05
1.128210000000000000e+05
1.128630000000000000e+05
1.129680000000000000e+05
1.129800000000000000e+05
1.130100000000000000e+05
1.130120000000000000e+05
1.130140000000000000e+05
1.130270000000000000e+05
1.131440000000000000e+05
1.131940000000000000e+05
1.133490000000000000e+05
1.133500000000000000e+05
1.133510000000000000e+05
1.133520000000000000e+05
1.133530000000000000e+05
1.133540000000000000e+05
1.133550000000000000e+05
1.133560000000000000e+05
1.133570000000000000e+05
1.133580000000000000e+05
1.133590000000000000e+05
1.133600000000000000e+05
1.133610000000000000e+05
1.133620000000000000e+05
1.133630000000000000e+05
1.133680000000000000e+05
1.133690000000000000e+05
1.133700000000000000e+05
1.133710000000000000e+05
1.133730000000000000e+05
1.134020000000000000e+05
1.134060000000000000e+05
1.135250000000000000e+05
1.135260000000000000e+05
1.135270000000000000e+05
1.135280000000000000e+05
1.135290000000000000e+05
1.135300000000000000e+05
1.135310000000000000e+05
1.135320000000000000e+05
1.135330000000000000e+05
1.135390000000000000e+05
1.135400000000000000e+05
1.135530000000000000e+05
1.135870000000000000e+05
1.135910000000000000e+05
1.135930000000000000e+05
1.137990000000000000e+05
1.138010000000000000e+05
1.139570000000000000e+05
1.139680000000000000e+05
1.140070000000000000e+05
1.140720000000000000e+05
1.142130000000000000e+05
1.142140000000000000e+05
1.142460000000000000e+05
1.144460000000000000e+05
1.145030000000000000e+05
1.145950000000000000e+05
1.147740000000000000e+05
1.148880000000000000e+05
1.148890000000000000e+05
1.148950000000000000e+05
1.149460000000000000e+05
1.149470000000000000e+05
1.149480000000000000e+05
1.149490000000000000e+05
1.149500000000000000e+05
1.149510000000000000e+05
1.149520000000000000e+05
1.149530000000000000e+05
1.149540000000000000e+05
1.149550000000000000e+05
1.149560000000000000e+05
1.150000000000000000e+05
1.150150000000000000e+05
1.150160000000000000e+05
1.150170000000000000e+05
1.150980000000000000e+05
1.150990000000000000e+05
1.151560000000000000e+05
1.154110000000000000e+05
1.155150000000000000e+05
1.155510000000000000e+05
1.155520000000000000e+05
1.155530000000000000e+05
1.155550000000000000e+05
1.155890000000000000e+05
1.156420000000000000e+05
1.156980000000000000e+05
1.157970000000000000e+05
1.157980000000000000e+05
1.157990000000000000e+05
1.158000000000000000e+05
1.158220000000000000e+05
1.159690000000000000e+05
1.159740000000000000e+05
1.162310000000000000e+05
1.163180000000000000e+05
1.164400000000000000e+05
1.165060000000000000e+05
1.166920000000000000e+05
1.167020000000000000e+05
1.167860000000000000e+05
1.169140000000000000e+05
1.169920000000000000e+05
1.170400000000000000e+05
1.170640000000000000e+05
1.170700000000000000e+05
1.173810000000000000e+05
1.176660000000000000e+05
1.178460000000000000e+05
1.178470000000000000e+05
1.178480000000000000e+05
1.179570000000000000e+05
1.180170000000000000e+05
1.181770000000000000e+05
1.181870000000000000e+05
1.182010000000000000e+05
1.182290000000000000e+05
1.182550000000000000e+05
1.182560000000000000e+05
1.182760000000000000e+05
1.182790000000000000e+05
1.183480000000000000e+05
1.183550000000000000e+05
1.183630000000000000e+05
1.184130000000000000e+05
1.184140000000000000e+05
1.184170000000000000e+05
1.185570000000000000e+05
1.186730000000000000e+05
1.187160000000000000e+05
1.190810000000000000e+05
1.191770000000000000e+05
1.192540000000000000e+05
1.193170000000000000e+05
1.193180000000000000e+05
1.193190000000000000e+05
1.193220000000000000e+05
1.193560000000000000e+05
1.194360000000000000e+05
1.194400000000000000e+05
1.194490000000000000e+05
1.194910000000000000e+05
1.194920000000000000e+05
1.194930000000000000e+05
1.195520000000000000e+05
1.195750000000000000e+05
1.196710000000000000e+05
1.198670000000000000e+05
1.199200000000000000e+05
1.201500000000000000e+05
1.203680000000000000e+05
1.203740000000000000e+05
1.204580000000000000e+05
1.204640000000000000e+05
1.204710000000000000e+05
1.204730000000000000e+05
1.209600000000000000e+05
1.209820000000000000e+05
1.210560000000000000e+05
1.211540000000000000e+05
1.211960000000000000e+05
1.212570000000000000e+05
1.214520000000000000e+05
1.215810000000000000e+05
1.215820000000000000e+05
1.215830000000000000e+05
1.216650000000000000e+05
1.216690000000000000e+05
1.217450000000000000e+05
1.217610000000000000e+05
1.217630000000000000e+05
1.218260000000000000e+05
1.218490000000000000e+05
1.219190000000000000e+05
1.219200000000000000e+05
1.219210000000000000e+05
1.219740000000000000e+05
1.220470000000000000e+05
1.220480000000000000e+05
1.220620000000000000e+05
1.220640000000000000e+05
1.220790000000000000e+05
1.220900000000000000e+05
1.221360000000000000e+05
1.221890000000000000e+05
1.222500000000000000e+05
1.222640000000000000e+05
1.224520000000000000e+05
1.224650000000000000e+05
1.226720000000000000e+05
1.226800000000000000e+05
1.226820000000000000e+05
1.228820000000000000e+05
1.229610000000000000e+05
1.231500000000000000e+05
1.231510000000000000e+05
1.231700000000000000e+05
1.232410000000000000e+05
1.232880000000000000e+05
1.232900000000000000e+05
1.232940000000000000e+05
1.233120000000000000e+05
1.233430000000000000e+05
1.234030000000000000e+05
1.235080000000000000e+05
1.235110000000000000e+05
1.236770000000000000e+05
1.236780000000000000e+05
1.236930000000000000e+05
1.238680000000000000e+05
1.239180000000000000e+05
1.239190000000000000e+05
1.241070000000000000e+05
1.241620000000000000e+05
1.242160000000000000e+05
1.242230000000000000e+05
1.242690000000000000e+05
1.246230000000000000e+05
1.246570000000000000e+05
1.247120000000000000e+05
1.247140000000000000e+05
1.247580000000000000e+05
1.248400000000000000e+05
1.248500000000000000e+05
1.248610000000000000e+05
1.248620000000000000e+05
1.248630000000000000e+05
1.248640000000000000e+05
1.248650000000000000e+05
1.248660000000000000e+05
1.248670000000000000e+05
1.248680000000000000e+05
1.248690000000000000e+05
1.248960000000000000e+05
1.250630000000000000e+05
1.251690000000000000e+05
1.251800000000000000e+05
1.252820000000000000e+05
1.258290000000000000e+05
1.258330000000000000e+05
1.258340000000000000e+05
1.258360000000000000e+05
1.258560000000000000e+05
1.258570000000000000e+05
1.258580000000000000e+05
1.258590000000000000e+05
1.258970000000000000e+05
1.259030000000000000e+05
1.260140000000000000e+05
1.260700000000000000e+05
1.260750000000000000e+05
1.260910000000000000e+05
1.260920000000000000e+05
1.260930000000000000e+05
1.261760000000000000e+05
1.261770000000000000e+05
1.264320000000000000e+05
1.266590000000000000e+05
1.267090000000000000e+05
1.267100000000000000e+05
1.267130000000000000e+05
1.267220000000000000e+05
1.268400000000000000e+05
1.268410000000000000e+05
1.268420000000000000e+05
1.268430000000000000e+05
1.268450000000000000e+05
1.270320000000000000e+05
1.270330000000000000e+05
1.270360000000000000e+05
1.270390000000000000e+05
1.275200000000000000e+05
1.275470000000000000e+05
1.275740000000000000e+05
1.275970000000000000e+05
1.277850000000000000e+05
1.280590000000000000e+05
1.281290000000000000e+05
1.281470000000000000e+05
1.282070000000000000e+05
1.282080000000000000e+05
1.282480000000000000e+05
1.282650000000000000e+05
1.282990000000000000e+05
1.283210000000000000e+05
1.283470000000000000e+05
1.283550000000000000e+05
1.285160000000000000e+05
1.286910000000000000e+05
1.288780000000000000e+05
1.293490000000000000e+05
1.294280000000000000e+05
1.294950000000000000e+05
1.296250000000000000e+05
1.297920000000000000e+05
1.298090000000000000e+05
1.298110000000000000e+05
1.298120000000000000e+05
1.298140000000000000e+05
1.298710000000000000e+05
1.298750000000000000e+05
1.298770000000000000e+05
1.299800000000000000e+05
1.299830000000000000e+05
1.300390000000000000e+05
1.300730000000000000e+05
1.303740000000000000e+05
1.304600000000000000e+05
1.308750000000000000e+05
1.308890000000000000e+05
1.309250000000000000e+05
1.309360000000000000e+05
1.309980000000000000e+05
1.310390000000000000e+05
1.311510000000000000e+05
1.311710000000000000e+05
1.312320000000000000e+05
1.312330000000000000e+05
1.312340000000000000e+05
1.313620000000000000e+05
1.313730000000000000e+05
1.314340000000000000e+05
1.314760000000000000e+05
1.315490000000000000e+05
1.316920000000000000e+05
1.318110000000000000e+05
1.318520000000000000e+05
1.319190000000000000e+05
1.319660000000000000e+05
1.321060000000000000e+05
1.321070000000000000e+05
1.321080000000000000e+05
1.322070000000000000e+05
1.323470000000000000e+05
1.323480000000000000e+05
1.324020000000000000e+05
1.324820000000000000e+05
1.326330000000000000e+05
1.327070000000000000e+05
1.327840000000000000e+05
1.329680000000000000e+05
1.329940000000000000e+05
1.330390000000000000e+05
1.331110000000000000e+05
1.331130000000000000e+05
1.331150000000000000e+05
1.332370000000000000e+05
1.333280000000000000e+05
1.333560000000000000e+05
1.333570000000000000e+05
1.333780000000000000e+05
1.333790000000000000e+05
1.334660000000000000e+05
1.334680000000000000e+05
1.334690000000000000e+05
1.334700000000000000e+05
1.335310000000000000e+05
1.335600000000000000e+05
1.335610000000000000e+05
1.335760000000000000e+05
1.337250000000000000e+05
1.337260000000000000e+05
1.337500000000000000e+05
1.337950000000000000e+05
1.338370000000000000e+05
1.338410000000000000e+05
1.338420000000000000e+05
1.339110000000000000e+05
1.340580000000000000e+05
1.341790000000000000e+05
1.341800000000000000e+05
1.341840000000000000e+05
1.342430000000000000e+05
1.342660000000000000e+05
1.344630000000000000e+05
1.344640000000000000e+05
1.345200000000000000e+05
1.346750000000000000e+05
1.347280000000000000e+05
1.347830000000000000e+05
1.347840000000000000e+05
1.347960000000000000e+05
1.348690000000000000e+05
1.348740000000000000e+05
1.348750000000000000e+05
1.348810000000000000e+05
1.349310000000000000e+05
1.350600000000000000e+05
1.351570000000000000e+05
1.351880000000000000e+05
1.351890000000000000e+05
1.351990000000000000e+05
1.352020000000000000e+05
1.352050000000000000e+05
1.352450000000000000e+05
1.352790000000000000e+05
1.353550000000000000e+05
1.353570000000000000e+05
1.354750000000000000e+05
1.355330000000000000e+05
1.356100000000000000e+05
1.356410000000000000e+05
1.358390000000000000e+05
1.358420000000000000e+05
1.358950000000000000e+05
1.359330000000000000e+05
1.360180000000000000e+05
1.360260000000000000e+05
1.360710000000000000e+05
1.360720000000000000e+05
1.360730000000000000e+05
1.360760000000000000e+05
1.364710000000000000e+05
1.364870000000000000e+05
1.365000000000000000e+05
1.366150000000000000e+05
1.366160000000000000e+05
1.366180000000000000e+05
1.366210000000000000e+05
1.366730000000000000e+05
1.367100000000000000e+05
1.368020000000000000e+05
1.368480000000000000e+05
1.368500000000000000e+05
1.368510000000000000e+05
1.368520000000000000e+05
1.368870000000000000e+05
1.368880000000000000e+05
1.368890000000000000e+05
1.368900000000000000e+05
1.369260000000000000e+05
1.369410000000000000e+05
1.369420000000000000e+05
1.369450000000000000e+05
1.369460000000000000e+05
1.370200000000000000e+05
1.371330000000000000e+05
1.371340000000000000e+05
1.371360000000000000e+05
1.371950000000000000e+05
1.372430000000000000e+05
1.374420000000000000e+05
1.376180000000000000e+05
1.376200000000000000e+05
1.376210000000000000e+05
1.376220000000000000e+05
1.376240000000000000e+05
1.376300000000000000e+05
1.376320000000000000e+05
1.378140000000000000e+05
1.379870000000000000e+05
1.380350000000000000e+05
1.380400000000000000e+05
1.380490000000000000e+05
1.383180000000000000e+05
1.383230000000000000e+05
1.383530000000000000e+05
1.383550000000000000e+05
1.384230000000000000e+05
1.384890000000000000e+05
1.384910000000000000e+05
1.386390000000000000e+05
1.387770000000000000e+05
1.388410000000000000e+05
1.390870000000000000e+05
1.390880000000000000e+05
1.390900000000000000e+05
1.390920000000000000e+05
1.390930000000000000e+05
1.390950000000000000e+05
1.390960000000000000e+05
1.392470000000000000e+05
1.393370000000000000e+05
1.395150000000000000e+05
1.395730000000000000e+05
1.395880000000000000e+05
1.397750000000000000e+05
1.397800000000000000e+05
1.398720000000000000e+05
1.398730000000000000e+05
1.399720000000000000e+05
1.399760000000000000e+05
1.399800000000000000e+05
1.399830000000000000e+05
1.399860000000000000e+05
1.399970000000000000e+05
1.400560000000000000e+05
1.401070000000000000e+05
1.401120000000000000e+05
1.403160000000000000e+05
1.403280000000000000e+05
1.403640000000000000e+05
1.404580000000000000e+05
1.404590000000000000e+05
1.404600000000000000e+05
1.404610000000000000e+05
1.404620000000000000e+05
1.404640000000000000e+05
1.404840000000000000e+05
1.405270000000000000e+05
1.405970000000000000e+05
1.405980000000000000e+05
1.405990000000000000e+05
1.406000000000000000e+05
1.406010000000000000e+05
1.406020000000000000e+05
1.406030000000000000e+05
1.406040000000000000e+05
1.406050000000000000e+05
1.406060000000000000e+05
1.406340000000000000e+05
1.406620000000000000e+05
1.407540000000000000e+05
1.407890000000000000e+05
1.407900000000000000e+05
1.407910000000000000e+05
1.407950000000000000e+05
1.408610000000000000e+05
1.408620000000000000e+05
1.408660000000000000e+05
1.409400000000000000e+05
1.409600000000000000e+05
1.410560000000000000e+05
1.411180000000000000e+05
1.413580000000000000e+05
1.413920000000000000e+05
1.413930000000000000e+05
1.416080000000000000e+05
1.417890000000000000e+05
1.417970000000000000e+05
1.418350000000000000e+05
1.418360000000000000e+05
1.418380000000000000e+05
1.422380000000000000e+05
1.423670000000000000e+05
1.424510000000000000e+05
1.425700000000000000e+05
1.425720000000000000e+05
1.428360000000000000e+05
1.429390000000000000e+05
1.432730000000000000e+05
1.435150000000000000e+05
1.435160000000000000e+05
1.437380000000000000e+05
1.437920000000000000e+05
1.438360000000000000e+05
1.438440000000000000e+05
1.439470000000000000e+05
1.439490000000000000e+05
1.440300000000000000e+05
1.440310000000000000e+05
1.440320000000000000e+05
1.440500000000000000e+05
1.441860000000000000e+05
1.442340000000000000e+05
1.443670000000000000e+05
1.444020000000000000e+05
1.444030000000000000e+05
1.444480000000000000e+05
1.444520000000000000e+05
1.445400000000000000e+05
1.446620000000000000e+05
1.446860000000000000e+05
1.447110000000000000e+05
1.447120000000000000e+05
1.447170000000000000e+05
1.447190000000000000e+05
1.447330000000000000e+05
1.447340000000000000e+05
1.449210000000000000e+05
1.449360000000000000e+05
1.450480000000000000e+05
1.453000000000000000e+05
1.453500000000000000e+05
1.453510000000000000e+05
1.453680000000000000e+05
1.453730000000000000e+05
1.455190000000000000e+05
1.455380000000000000e+05
1.455690000000000000e+05
1.455710000000000000e+05
1.455840000000000000e+05
1.455850000000000000e+05
1.455860000000000000e+05
1.456170000000000000e+05
1.456190000000000000e+05
1.456380000000000000e+05
1.456550000000000000e+05
1.456850000000000000e+05
1.458210000000000000e+05
1.458220000000000000e+05
1.458230000000000000e+05
1.459520000000000000e+05
1.459690000000000000e+05
1.460010000000000000e+05
1.460090000000000000e+05
1.460100000000000000e+05
1.460340000000000000e+05
1.460350000000000000e+05
1.460380000000000000e+05
1.461560000000000000e+05
1.462430000000000000e+05
1.462450000000000000e+05
1.462920000000000000e+05
1.462930000000000000e+05
1.462940000000000000e+05
1.463080000000000000e+05
1.463100000000000000e+05
1.463110000000000000e+05
1.463170000000000000e+05
1.464270000000000000e+05
1.464280000000000000e+05
1.464290000000000000e+05
1.464310000000000000e+05
1.464320000000000000e+05
1.465140000000000000e+05
1.465200000000000000e+05
1.465220000000000000e+05
1.465250000000000000e+05
1.466950000000000000e+05
1.466970000000000000e+05
1.467720000000000000e+05
1.468080000000000000e+05
1.469060000000000000e+05
1.469370000000000000e+05
1.469830000000000000e+05
1.469910000000000000e+05
1.470130000000000000e+05
1.470140000000000000e+05
1.470150000000000000e+05
1.470160000000000000e+05
1.470390000000000000e+05
1.470540000000000000e+05
1.471630000000000000e+05
1.471660000000000000e+05
1.471750000000000000e+05
1.471770000000000000e+05
1.471780000000000000e+05
1.471790000000000000e+05
1.471880000000000000e+05
1.472870000000000000e+05
1.472890000000000000e+05
1.473250000000000000e+05
1.474590000000000000e+05
1.474650000000000000e+05
1.474770000000000000e+05
1.475250000000000000e+05
1.475260000000000000e+05
1.475290000000000000e+05
1.476380000000000000e+05
1.476540000000000000e+05
1.476700000000000000e+05
1.477690000000000000e+05
1.479530000000000000e+05
1.479570000000000000e+05
1.479630000000000000e+05
1.480500000000000000e+05
1.480520000000000000e+05
1.480550000000000000e+05
1.480700000000000000e+05
1.484600000000000000e+05
1.485100000000000000e+05
1.486810000000000000e+05
1.487670000000000000e+05
1.489420000000000000e+05
1.489440000000000000e+05
1.489490000000000000e+05
1.489520000000000000e+05
1.489540000000000000e+05
1.490110000000000000e+05
1.490700000000000000e+05
1.491840000000000000e+05
1.492540000000000000e+05
1.493300000000000000e+05
1.493470000000000000e+05
1.493490000000000000e+05
1.493510000000000000e+05
1.493730000000000000e+05
1.495000000000000000e+05
1.495100000000000000e+05
1.495790000000000000e+05
1.495880000000000000e+05
1.496030000000000000e+05
1.496210000000000000e+05
1.496220000000000000e+05
1.496230000000000000e+05
1.497420000000000000e+05
1.497730000000000000e+05
1.498670000000000000e+05
1.499150000000000000e+05
1.500520000000000000e+05
1.504180000000000000e+05
1.504210000000000000e+05
1.507850000000000000e+05
1.510550000000000000e+05
1.512130000000000000e+05
1.512270000000000000e+05
1.512840000000000000e+05
1.513060000000000000e+05
1.513070000000000000e+05
1.513080000000000000e+05
1.513090000000000000e+05
1.513100000000000000e+05
1.513110000000000000e+05
1.513120000000000000e+05
1.513130000000000000e+05
1.513440000000000000e+05
1.513630000000000000e+05
1.514970000000000000e+05
1.515090000000000000e+05
1.515100000000000000e+05
1.515190000000000000e+05
1.515510000000000000e+05
1.516590000000000000e+05
1.518360000000000000e+05
1.520760000000000000e+05
1.521570000000000000e+05
1.523610000000000000e+05
1.523710000000000000e+05
1.524870000000000000e+05
1.524880000000000000e+05
1.525350000000000000e+05
1.530280000000000000e+05
1.532150000000000000e+05
1.534410000000000000e+05
1.534660000000000000e+05
1.537910000000000000e+05
1.539310000000000000e+05
1.540260000000000000e+05
1.542700000000000000e+05
1.542770000000000000e+05
1.544380000000000000e+05
1.544700000000000000e+05
1.546060000000000000e+05
1.550450000000000000e+05
1.550470000000000000e+05
1.552550000000000000e+05
1.552560000000000000e+05
1.552570000000000000e+05
1.552740000000000000e+05
1.552820000000000000e+05
1.553300000000000000e+05
1.553750000000000000e+05
1.553830000000000000e+05
1.553840000000000000e+05
1.555050000000000000e+05
1.556050000000000000e+05
1.556060000000000000e+05
1.556070000000000000e+05
1.556080000000000000e+05
1.556650000000000000e+05
1.557030000000000000e+05
1.557040000000000000e+05
1.557850000000000000e+05
1.558440000000000000e+05
1.558460000000000000e+05
1.558480000000000000e+05
1.559840000000000000e+05
1.560770000000000000e+05
1.560780000000000000e+05
1.560790000000000000e+05
1.560800000000000000e+05
1.562650000000000000e+05
1.562880000000000000e+05
1.562900000000000000e+05
1.563400000000000000e+05
1.563640000000000000e+05
1.563680000000000000e+05
1.563700000000000000e+05
1.564500000000000000e+05
1.564520000000000000e+05
1.564550000000000000e+05
1.565200000000000000e+05
1.565210000000000000e+05
1.565220000000000000e+05
1.565230000000000000e+05
1.565660000000000000e+05
1.565750000000000000e+05
1.566340000000000000e+05
1.566370000000000000e+05
1.566410000000000000e+05
1.566420000000000000e+05
1.566510000000000000e+05
1.566520000000000000e+05
1.566880000000000000e+05
1.566920000000000000e+05
1.566930000000000000e+05
1.569410000000000000e+05
1.569420000000000000e+05
1.569430000000000000e+05
1.569510000000000000e+05
1.570780000000000000e+05
1.571090000000000000e+05
1.572360000000000000e+05
1.572460000000000000e+05
1.572520000000000000e+05
1.573580000000000000e+05
1.575680000000000000e+05
1.575720000000000000e+05
1.575730000000000000e+05
1.575740000000000000e+05
1.577130000000000000e+05
1.577960000000000000e+05
1.578330000000000000e+05
1.581340000000000000e+05
1.581390000000000000e+05
1.583320000000000000e+05
1.583420000000000000e+05
1.583990000000000000e+05
1.584490000000000000e+05
1.584690000000000000e+05
1.586410000000000000e+05
1.586820000000000000e+05
1.588860000000000000e+05
1.589030000000000000e+05
1.590040000000000000e+05
1.590050000000000000e+05
1.590070000000000000e+05
1.590080000000000000e+05
1.590490000000000000e+05
1.591420000000000000e+05
1.591780000000000000e+05
1.592390000000000000e+05
1.593110000000000000e+05
1.593780000000000000e+05
1.594070000000000000e+05
1.594180000000000000e+05
1.594940000000000000e+05
1.595260000000000000e+05
1.596170000000000000e+05
1.596200000000000000e+05
1.597700000000000000e+05
1.598670000000000000e+05
1.599330000000000000e+05
1.599930000000000000e+05
1.600890000000000000e+05
1.601900000000000000e+05
1.603360000000000000e+05
1.604410000000000000e+05
1.606200000000000000e+05
1.606280000000000000e+05
1.608210000000000000e+05
1.608590000000000000e+05
1.608600000000000000e+05
1.608610000000000000e+05
1.608650000000000000e+05
1.608850000000000000e+05
1.608890000000000000e+05
1.609720000000000000e+05
1.610910000000000000e+05
1.611290000000000000e+05
1.611300000000000000e+05
1.611480000000000000e+05
1.613150000000000000e+05
1.613460000000000000e+05
1.613470000000000000e+05
1.613520000000000000e+05
1.613590000000000000e+05
1.613600000000000000e+05
1.613870000000000000e+05
1.615090000000000000e+05
1.615530000000000000e+05
1.615550000000000000e+05
1.615570000000000000e+05
1.616480000000000000e+05
1.616600000000000000e+05
1.616690000000000000e+05
1.617060000000000000e+05
1.617100000000000000e+05
1.621860000000000000e+05
1.623790000000000000e+05
1.625090000000000000e+05
1.625250000000000000e+05
1.629470000000000000e+05
1.629890000000000000e+05
1.629930000000000000e+05
1.631720000000000000e+05
1.634410000000000000e+05
1.635450000000000000e+05
1.635530000000000000e+05
1.636380000000000000e+05
1.636390000000000000e+05
1.636420000000000000e+05
1.636430000000000000e+05
1.637390000000000000e+05
1.637400000000000000e+05
1.638030000000000000e+05
1.638110000000000000e+05
1.639470000000000000e+05
1.639480000000000000e+05
1.639590000000000000e+05
1.641030000000000000e+05
1.642020000000000000e+05
1.644560000000000000e+05
1.644570000000000000e+05
1.644590000000000000e+05
1.645850000000000000e+05
1.645860000000000000e+05
1.645880000000000000e+05
1.646500000000000000e+05
1.646750000000000000e+05
1.646790000000000000e+05
1.647720000000000000e+05
1.648160000000000000e+05
1.648370000000000000e+05
1.648920000000000000e+05
1.649830000000000000e+05
1.653900000000000000e+05
1.654650000000000000e+05
1.655280000000000000e+05
1.655290000000000000e+05
1.662140000000000000e+05
1.663480000000000000e+05
1.664210000000000000e+05
1.666840000000000000e+05
1.666940000000000000e+05
1.667770000000000000e+05
1.668160000000000000e+05
1.670010000000000000e+05
1.670990000000000000e+05
1.671020000000000000e+05
1.671030000000000000e+05
1.671520000000000000e+05
1.672630000000000000e+05
1.673240000000000000e+05
1.673250000000000000e+05
1.681820000000000000e+05
1.681940000000000000e+05
1.681950000000000000e+05
1.682560000000000000e+05
1.682570000000000000e+05
1.683070000000000000e+05
1.684470000000000000e+05
1.684830000000000000e+05
1.685120000000000000e+05
1.685300000000000000e+05
1.685560000000000000e+05
1.685820000000000000e+05
1.685900000000000000e+05
1.686590000000000000e+05
1.686780000000000000e+05
1.687480000000000000e+05
1.687820000000000000e+05
1.688850000000000000e+05
1.689330000000000000e+05
1.689780000000000000e+05
1.690670000000000000e+05
1.691380000000000000e+05
1.692730000000000000e+05
1.693950000000000000e+05
1.696030000000000000e+05
1.701170000000000000e+05
1.702070000000000000e+05
1.702270000000000000e+05
1.705230000000000000e+05
1.705300000000000000e+05
1.705390000000000000e+05
1.705830000000000000e+05
1.707500000000000000e+05
1.707630000000000000e+05
1.707740000000000000e+05
1.710590000000000000e+05
1.710610000000000000e+05
1.710640000000000000e+05
1.710650000000000000e+05
1.710670000000000000e+05
1.710690000000000000e+05
1.711570000000000000e+05
1.713530000000000000e+05
1.713540000000000000e+05
1.713550000000000000e+05
1.713560000000000000e+05
1.713570000000000000e+05
1.713580000000000000e+05
1.713760000000000000e+05
1.715850000000000000e+05
1.716550000000000000e+05
1.719220000000000000e+05
1.719400000000000000e+05
1.720000000000000000e+05
1.720010000000000000e+05
1.720020000000000000e+05
1.722240000000000000e+05
1.723160000000000000e+05
1.723640000000000000e+05
1.724360000000000000e+05
1.724480000000000000e+05
1.724710000000000000e+05
1.724870000000000000e+05
1.724880000000000000e+05
1.725440000000000000e+05
1.725640000000000000e+05
1.725660000000000000e+05
1.727210000000000000e+05
1.727270000000000000e+05
1.727830000000000000e+05
1.727840000000000000e+05
1.729100000000000000e+05
1.729150000000000000e+05
1.729160000000000000e+05
1.729960000000000000e+05
1.730050000000000000e+05
1.730450000000000000e+05
