5.500000000000000000e+01
7.300000000000000000e+01
2.190000000000000000e+02
2.200000000000000000e+02
2.780000000000000000e+02
4.430000000000000000e+02
5.560000000000000000e+02
5.720000000000000000e+02
8.750000000000000000e+02
8.760000000000000000e+02
9.830000000000000000e+02
1.249000000000000000e+03
1.250000000000000000e+03
1.255000000000000000e+03
1.256000000000000000e+03
1.258000000000000000e+03
1.261000000000000000e+03
1.262000000000000000e+03
1.271000000000000000e+03
1.555000000000000000e+03
1.567000000000000000e+03
1.568000000000000000e+03
1.569000000000000000e+03
1.570000000000000000e+03
1.630000000000000000e+03
1.700000000000000000e+03
1.703000000000000000e+03
1.704000000000000000e+03
1.706000000000000000e+03
1.712000000000000000e+03
1.731000000000000000e+03
1.735000000000000000e+03
1.741000000000000000e+03
2.085000000000000000e+03
2.620000000000000000e+03
2.653000000000000000e+03
2.655000000000000000e+03
3.009000000000000000e+03
3.202000000000000000e+03
3.473000000000000000e+03
3.493000000000000000e+03
3.719000000000000000e+03
3.761000000000000000e+03
3.767000000000000000e+03
3.773000000000000000e+03
3.863000000000000000e+03
4.069000000000000000e+03
4.480000000000000000e+03
4.652000000000000000e+03
5.106000000000000000e+03
5.448000000000000000e+03
5.507000000000000000e+03
5.510000000000000000e+03
5.512000000000000000e+03
5.571000000000000000e+03
5.576000000000000000e+03
5.679000000000000000e+03
5.724000000000000000e+03
5.912000000000000000e+03
5.913000000000000000e+03
5.948000000000000000e+03
5.951000000000000000e+03
5.952000000000000000e+03
5.957000000000000000e+03
5.963000000000000000e+03
5.967000000000000000e+03
5.971000000000000000e+03
5.975000000000000000e+03
5.978000000000000000e+03
5.979000000000000000e+03
6.025000000000000000e+03
6.061000000000000000e+03
6.062000000000000000e+03
6.064000000000000000e+03
6.065000000000000000e+03
6.137000000000000000e+03
6.274000000000000000e+03
6.418000000000000000e+03
6.419000000000000000e+03
6.420000000000000000e+03
6.421000000000000000e+03
6.422000000000000000e+03
6.423000000000000000e+03
6.424000000000000000e+03
6.426000000000000000e+03
6.505000000000000000e+03
6.508000000000000000e+03
6.606000000000000000e+03
6.873000000000000000e+03
6.877000000000000000e+03
6.882000000000000000e+03
6.937000000000000000e+03
6.959000000000000000e+03
7.129000000000000000e+03
7.274000000000000000e+03
7.359000000000000000e+03
7.405000000000000000e+03
7.558000000000000000e+03
7.692000000000000000e+03
7.861000000000000000e+03
7.911000000000000000e+03
8.100000000000000000e+03
8.606000000000000000e+03
9.186000000000000000e+03
9.188000000000000000e+03
9.192000000000000000e+03
9.209000000000000000e+03
9.516000000000000000e+03
9.518000000000000000e+03
9.621000000000000000e+03
9.660000000000000000e+03
9.662000000000000000e+03
9.670000000000000000e+03
9.672000000000000000e+03
9.682000000000000000e+03
9.709000000000000000e+03
9.909000000000000000e+03
1.045400000000000000e+04
1.051300000000000000e+04
1.054600000000000000e+04
1.055200000000000000e+04
1.055500000000000000e+04
1.060200000000000000e+04
1.060500000000000000e+04
1.062500000000000000e+04
1.063600000000000000e+04
1.098100000000000000e+04
1.157200000000000000e+04
1.203900000000000000e+04
1.204400000000000000e+04
1.215300000000000000e+04
1.231200000000000000e+04
1.233400000000000000e+04
1.255700000000000000e+04
1.294600000000000000e+04
1.304700000000000000e+04
1.322100000000000000e+04
1.324400000000000000e+04
1.355600000000000000e+04
1.358100000000000000e+04
1.379500000000000000e+04
1.393000000000000000e+04
1.421900000000000000e+04
1.437900000000000000e+04
1.456800000000000000e+04
1.457600000000000000e+04
1.457900000000000000e+04
1.460000000000000000e+04
1.460300000000000000e+04
1.461600000000000000e+04
1.461800000000000000e+04
1.462700000000000000e+04
1.558700000000000000e+04
1.559000000000000000e+04
1.560800000000000000e+04
1.584400000000000000e+04
1.603500000000000000e+04
1.621400000000000000e+04
1.627200000000000000e+04
1.638400000000000000e+04
1.659500000000000000e+04
1.676500000000000000e+04
1.691000000000000000e+04
1.692000000000000000e+04
1.695100000000000000e+04
1.695300000000000000e+04
1.695600000000000000e+04
1.713400000000000000e+04
1.713500000000000000e+04
1.713600000000000000e+04
1.713800000000000000e+04
1.739700000000000000e+04
1.749400000000000000e+04
1.752500000000000000e+04
1.767500000000000000e+04
1.767600000000000000e+04
1.767700000000000000e+04
1.767900000000000000e+04
1.772800000000000000e+04
1.781400000000000000e+04
1.781500000000000000e+04
1.781600000000000000e+04
1.785300000000000000e+04
1.832100000000000000e+04
1.837000000000000000e+04
1.837100000000000000e+04
1.847500000000000000e+04
1.862500000000000000e+04
1.862700000000000000e+04
1.862800000000000000e+04
1.863100000000000000e+04
1.863200000000000000e+04
1.863500000000000000e+04
1.868800000000000000e+04
1.868900000000000000e+04
1.869000000000000000e+04
1.869100000000000000e+04
1.869200000000000000e+04
1.869400000000000000e+04
1.869500000000000000e+04
1.869700000000000000e+04
1.869800000000000000e+04
1.869900000000000000e+04
1.870100000000000000e+04
1.870200000000000000e+04
1.870300000000000000e+04
1.870500000000000000e+04
1.870600000000000000e+04
1.870700000000000000e+04
1.870800000000000000e+04
1.870900000000000000e+04
1.871000000000000000e+04
1.871100000000000000e+04
1.871200000000000000e+04
1.871300000000000000e+04
1.871400000000000000e+04
1.871500000000000000e+04
1.871600000000000000e+04
1.871700000000000000e+04
1.871800000000000000e+04
1.872000000000000000e+04
1.872100000000000000e+04
1.872200000000000000e+04
1.872300000000000000e+04
1.872400000000000000e+04
1.872500000000000000e+04
1.872600000000000000e+04
1.872700000000000000e+04
1.872800000000000000e+04
1.872900000000000000e+04
1.873000000000000000e+04
1.873200000000000000e+04
1.873300000000000000e+04
1.873400000000000000e+04
1.873500000000000000e+04
1.873600000000000000e+04
1.873700000000000000e+04
1.873800000000000000e+04
1.873900000000000000e+04
1.874000000000000000e+04
1.874100000000000000e+04
1.874200000000000000e+04
1.874300000000000000e+04
1.874400000000000000e+04
1.874500000000000000e+04
1.874700000000000000e+04
1.874800000000000000e+04
1.875000000000000000e+04
1.875100000000000000e+04
1.875200000000000000e+04
1.875300000000000000e+04
1.875400000000000000e+04
1.875600000000000000e+04
1.875700000000000000e+04
1.875800000000000000e+04
1.875900000000000000e+04
1.876000000000000000e+04
1.876100000000000000e+04
1.876200000000000000e+04
1.876300000000000000e+04
1.876400000000000000e+04
1.876500000000000000e+04
1.876600000000000000e+04
1.876700000000000000e+04
1.876900000000000000e+04
1.877100000000000000e+04
1.877300000000000000e+04
1.877400000000000000e+04
1.877500000000000000e+04
1.877600000000000000e+04
1.877700000000000000e+04
1.877900000000000000e+04
1.878100000000000000e+04
1.878400000000000000e+04
1.878500000000000000e+04
1.878600000000000000e+04
1.878800000000000000e+04
1.878900000000000000e+04
1.879100000000000000e+04
1.879400000000000000e+04
1.879700000000000000e+04
1.879800000000000000e+04
1.879900000000000000e+04
1.880100000000000000e+04
1.907700000000000000e+04
1.907900000000000000e+04
1.908500000000000000e+04
1.909000000000000000e+04
1.920700000000000000e+04
1.922100000000000000e+04
1.922700000000000000e+04
1.937700000000000000e+04
1.937800000000000000e+04
1.938000000000000000e+04
1.938100000000000000e+04
1.938600000000000000e+04
1.938900000000000000e+04
1.939200000000000000e+04
1.939400000000000000e+04
1.939500000000000000e+04
1.948000000000000000e+04
1.948100000000000000e+04
1.948200000000000000e+04
1.948300000000000000e+04
1.948500000000000000e+04
1.948600000000000000e+04
1.948800000000000000e+04
1.948900000000000000e+04
1.949000000000000000e+04
1.949100000000000000e+04
1.949200000000000000e+04
1.949300000000000000e+04
1.949400000000000000e+04
1.949500000000000000e+04
1.949600000000000000e+04
1.949700000000000000e+04
1.949800000000000000e+04
1.949900000000000000e+04
1.950000000000000000e+04
1.950100000000000000e+04
1.950300000000000000e+04
1.950400000000000000e+04
1.950600000000000000e+04
1.950700000000000000e+04
1.950800000000000000e+04
1.951000000000000000e+04
1.951100000000000000e+04
1.951200000000000000e+04
1.951300000000000000e+04
1.951400000000000000e+04
1.951700000000000000e+04
1.951900000000000000e+04
1.952000000000000000e+04
1.952100000000000000e+04
1.952200000000000000e+04
1.952300000000000000e+04
1.952400000000000000e+04
1.952500000000000000e+04
1.952800000000000000e+04
1.966900000000000000e+04
1.976200000000000000e+04
2.015400000000000000e+04
2.022800000000000000e+04
2.022900000000000000e+04
2.046300000000000000e+04
2.046900000000000000e+04
2.052600000000000000e+04
2.056700000000000000e+04
2.057900000000000000e+04
2.058200000000000000e+04
2.062600000000000000e+04
2.063800000000000000e+04
2.076400000000000000e+04
2.076900000000000000e+04
2.079300000000000000e+04
2.082400000000000000e+04
2.103500000000000000e+04
2.107800000000000000e+04
2.107900000000000000e+04
2.127100000000000000e+04
2.127200000000000000e+04
2.145900000000000000e+04
2.182000000000000000e+04
2.182700000000000000e+04
2.182900000000000000e+04
2.212900000000000000e+04
2.226200000000000000e+04
2.265700000000000000e+04
2.273000000000000000e+04
2.275200000000000000e+04
2.308400000000000000e+04
2.319100000000000000e+04
2.327200000000000000e+04
2.368400000000000000e+04
2.371200000000000000e+04
2.384700000000000000e+04
2.393400000000000000e+04
2.401200000000000000e+04
2.405400000000000000e+04
2.408300000000000000e+04
2.452300000000000000e+04
2.459600000000000000e+04
2.460100000000000000e+04
2.473700000000000000e+04
2.477000000000000000e+04
2.490200000000000000e+04
2.491900000000000000e+04
2.492000000000000000e+04
2.498600000000000000e+04
2.510400000000000000e+04
2.511700000000000000e+04
2.511800000000000000e+04
2.523300000000000000e+04
2.588100000000000000e+04
2.618300000000000000e+04
2.618500000000000000e+04
2.618700000000000000e+04
2.618800000000000000e+04
2.619200000000000000e+04
2.647800000000000000e+04
2.649400000000000000e+04
2.649800000000000000e+04
2.661500000000000000e+04
2.661600000000000000e+04
2.661700000000000000e+04
2.664900000000000000e+04
2.680500000000000000e+04
2.710700000000000000e+04
2.723900000000000000e+04
2.730700000000000000e+04
2.730900000000000000e+04
2.757600000000000000e+04
2.757700000000000000e+04
2.760800000000000000e+04
2.776000000000000000e+04
2.776200000000000000e+04
2.797000000000000000e+04
2.811000000000000000e+04
2.812400000000000000e+04
2.816000000000000000e+04
2.816200000000000000e+04
2.827600000000000000e+04
2.827700000000000000e+04
2.827800000000000000e+04
2.827900000000000000e+04
2.841700000000000000e+04
2.850900000000000000e+04
2.880800000000000000e+04
2.909400000000000000e+04
2.925700000000000000e+04
2.958300000000000000e+04
2.979900000000000000e+04
2.990500000000000000e+04
2.990900000000000000e+04
3.000000000000000000e+04
3.000300000000000000e+04
3.000400000000000000e+04
3.001300000000000000e+04
3.001800000000000000e+04
3.011400000000000000e+04
3.011500000000000000e+04
3.038800000000000000e+04
3.046500000000000000e+04
3.046600000000000000e+04
3.049300000000000000e+04
3.054400000000000000e+04
3.055000000000000000e+04
3.060700000000000000e+04
3.062900000000000000e+04
3.074800000000000000e+04
3.080700000000000000e+04
3.113700000000000000e+04
3.117100000000000000e+04
3.146200000000000000e+04
3.163100000000000000e+04
3.175500000000000000e+04
3.181600000000000000e+04
3.181700000000000000e+04
3.181800000000000000e+04
3.181900000000000000e+04
3.182000000000000000e+04
3.182200000000000000e+04
3.182600000000000000e+04
3.189900000000000000e+04
3.197700000000000000e+04
3.219300000000000000e+04
3.236600000000000000e+04
3.236800000000000000e+04
3.254700000000000000e+04
3.262100000000000000e+04
3.262300000000000000e+04
3.262400000000000000e+04
3.274200000000000000e+04
3.274400000000000000e+04
3.345000000000000000e+04
3.348700000000000000e+04
3.349500000000000000e+04
3.358900000000000000e+04
3.375700000000000000e+04
3.380000000000000000e+04
3.380100000000000000e+04
3.387000000000000000e+04
3.389200000000000000e+04
3.389600000000000000e+04
3.392800000000000000e+04
3.400800000000000000e+04
3.407200000000000000e+04
3.421800000000000000e+04
3.422500000000000000e+04
3.491700000000000000e+04
3.493600000000000000e+04
3.494100000000000000e+04
3.549300000000000000e+04
3.549400000000000000e+04
3.561400000000000000e+04
3.561500000000000000e+04
3.563300000000000000e+04
3.566600000000000000e+04
3.567000000000000000e+04
3.567300000000000000e+04
3.567400000000000000e+04
3.568600000000000000e+04
3.570100000000000000e+04
3.570300000000000000e+04
3.594500000000000000e+04
3.603800000000000000e+04
3.613700000000000000e+04
3.613800000000000000e+04
3.623100000000000000e+04
3.623700000000000000e+04
3.624100000000000000e+04
3.624300000000000000e+04
3.624500000000000000e+04
3.624600000000000000e+04
3.640200000000000000e+04
3.640600000000000000e+04
3.648900000000000000e+04
3.656700000000000000e+04
3.657400000000000000e+04
3.658200000000000000e+04
3.658800000000000000e+04
3.659700000000000000e+04
3.659900000000000000e+04
3.660000000000000000e+04
3.660400000000000000e+04
3.660500000000000000e+04
3.660800000000000000e+04
3.663400000000000000e+04
3.686700000000000000e+04
3.712400000000000000e+04
3.715000000000000000e+04
3.765900000000000000e+04
3.766400000000000000e+04
3.774200000000000000e+04
3.788300000000000000e+04
3.802400000000000000e+04
3.848300000000000000e+04
3.851500000000000000e+04
3.857300000000000000e+04
3.857400000000000000e+04
3.857500000000000000e+04
3.857700000000000000e+04
3.857900000000000000e+04
3.859800000000000000e+04
3.859900000000000000e+04
3.860000000000000000e+04
3.860100000000000000e+04
3.860200000000000000e+04
3.860300000000000000e+04
3.860400000000000000e+04
3.860500000000000000e+04
3.860600000000000000e+04
3.860700000000000000e+04
3.860800000000000000e+04
3.860900000000000000e+04
3.861000000000000000e+04
3.861100000000000000e+04
3.861300000000000000e+04
3.861400000000000000e+04
3.861500000000000000e+04
3.862700000000000000e+04
3.908100000000000000e+04
3.910600000000000000e+04
3.969100000000000000e+04
3.986600000000000000e+04
3.988500000000000000e+04
3.988600000000000000e+04
3.988800000000000000e+04
4.003700000000000000e+04
4.003800000000000000e+04
4.032500000000000000e+04
4.055000000000000000e+04
4.062200000000000000e+04
4.062700000000000000e+04
4.129400000000000000e+04
4.133200000000000000e+04
4.151000000000000000e+04
4.159600000000000000e+04
4.176400000000000000e+04
4.184200000000000000e+04
4.184400000000000000e+04
4.213800000000000000e+04
4.214300000000000000e+04
4.214500000000000000e+04
4.253400000000000000e+04
4.254200000000000000e+04
4.258200000000000000e+04
4.262800000000000000e+04
4.263000000000000000e+04
4.266300000000000000e+04
4.278300000000000000e+04
4.286400000000000000e+04
4.292300000000000000e+04
4.305500000000000000e+04
4.305600000000000000e+04
4.308600000000000000e+04
4.309700000000000000e+04
4.310100000000000000e+04
4.317600000000000000e+04
4.319700000000000000e+04
4.331900000000000000e+04
4.332800000000000000e+04
4.332900000000000000e+04
4.333300000000000000e+04
4.333400000000000000e+04
4.333700000000000000e+04
4.334100000000000000e+04
4.343700000000000000e+04
4.345100000000000000e+04
4.345500000000000000e+04
4.366000000000000000e+04
4.366100000000000000e+04
4.366200000000000000e+04
4.366400000000000000e+04
4.366900000000000000e+04
4.392800000000000000e+04
4.439400000000000000e+04
4.440700000000000000e+04
4.450900000000000000e+04
4.451000000000000000e+04
4.461700000000000000e+04
4.495300000000000000e+04
4.495500000000000000e+04
4.523400000000000000e+04
4.524600000000000000e+04
4.585000000000000000e+04
4.590100000000000000e+04
4.600300000000000000e+04
4.606700000000000000e+04
4.615800000000000000e+04
4.630600000000000000e+04
4.641800000000000000e+04
4.642200000000000000e+04
4.644300000000000000e+04
4.655800000000000000e+04
4.662500000000000000e+04
4.666000000000000000e+04
4.666100000000000000e+04
4.666200000000000000e+04
4.666300000000000000e+04
4.667400000000000000e+04
4.667800000000000000e+04
4.667900000000000000e+04
4.668000000000000000e+04
4.687700000000000000e+04
4.688000000000000000e+04
4.712900000000000000e+04
4.713000000000000000e+04
4.713100000000000000e+04
4.713200000000000000e+04
4.713300000000000000e+04
4.713400000000000000e+04
4.713500000000000000e+04
4.716600000000000000e+04
4.719200000000000000e+04
4.734200000000000000e+04
4.734300000000000000e+04
4.737200000000000000e+04
4.737400000000000000e+04
4.739300000000000000e+04
4.740000000000000000e+04
4.745600000000000000e+04
4.760100000000000000e+04
4.767300000000000000e+04
4.767400000000000000e+04
4.767500000000000000e+04
4.770700000000000000e+04
4.771000000000000000e+04
4.771200000000000000e+04
4.783700000000000000e+04
4.789800000000000000e+04
4.790200000000000000e+04
4.804500000000000000e+04
4.805100000000000000e+04
4.815600000000000000e+04
4.815700000000000000e+04
4.829600000000000000e+04
4.831400000000000000e+04
4.848100000000000000e+04
4.848400000000000000e+04
4.874800000000000000e+04
4.890400000000000000e+04
4.890600000000000000e+04
4.925700000000000000e+04
4.925800000000000000e+04
4.928900000000000000e+04
4.930100000000000000e+04
4.934900000000000000e+04
4.949000000000000000e+04
4.949500000000000000e+04
4.951600000000000000e+04
4.962200000000000000e+04
4.963400000000000000e+04
4.970000000000000000e+04
4.970100000000000000e+04
4.984700000000000000e+04
4.985500000000000000e+04
4.988100000000000000e+04
4.991700000000000000e+04
4.993300000000000000e+04
4.993900000000000000e+04
4.995200000000000000e+04
4.995900000000000000e+04
4.997700000000000000e+04
5.005300000000000000e+04
5.014600000000000000e+04
5.014800000000000000e+04
5.015000000000000000e+04
5.016200000000000000e+04
5.018500000000000000e+04
5.067700000000000000e+04
5.082800000000000000e+04
5.088600000000000000e+04
5.104000000000000000e+04
5.104700000000000000e+04
5.104800000000000000e+04
5.104900000000000000e+04
5.105100000000000000e+04
5.105300000000000000e+04
5.105500000000000000e+04
5.105600000000000000e+04
5.145300000000000000e+04
5.145400000000000000e+04
5.145500000000000000e+04
5.173300000000000000e+04
5.173700000000000000e+04
5.214500000000000000e+04
5.219900000000000000e+04
5.222500000000000000e+04
5.222700000000000000e+04
5.224900000000000000e+04
5.370000000000000000e+04
5.393200000000000000e+04
5.415400000000000000e+04
5.474700000000000000e+04
5.491800000000000000e+04
5.491900000000000000e+04
5.492000000000000000e+04
5.497900000000000000e+04
5.521400000000000000e+04
5.533700000000000000e+04
5.588200000000000000e+04
5.588300000000000000e+04
5.588400000000000000e+04
5.624100000000000000e+04
5.640100000000000000e+04
5.707300000000000000e+04
5.718000000000000000e+04
5.735500000000000000e+04
5.736000000000000000e+04
5.751000000000000000e+04
5.751100000000000000e+04
5.762000000000000000e+04
5.779600000000000000e+04
5.795700000000000000e+04
5.796700000000000000e+04
5.796800000000000000e+04
5.796900000000000000e+04
5.797000000000000000e+04
5.797100000000000000e+04
5.797200000000000000e+04
5.797300000000000000e+04
5.797400000000000000e+04
5.797500000000000000e+04
5.797600000000000000e+04
5.858600000000000000e+04
5.892500000000000000e+04
5.892600000000000000e+04
5.899700000000000000e+04
5.906300000000000000e+04
5.906400000000000000e+04
5.906500000000000000e+04
5.906600000000000000e+04
5.906700000000000000e+04
5.927500000000000000e+04
5.941600000000000000e+04
5.945400000000000000e+04
5.945500000000000000e+04
5.951000000000000000e+04
5.953000000000000000e+04
5.953300000000000000e+04
5.965500000000000000e+04
5.965600000000000000e+04
5.965700000000000000e+04
5.965800000000000000e+04
5.965900000000000000e+04
5.966000000000000000e+04
5.966200000000000000e+04
5.977200000000000000e+04
5.977300000000000000e+04
5.991900000000000000e+04
6.022000000000000000e+04
6.046900000000000000e+04
6.047200000000000000e+04
6.062600000000000000e+04
6.063000000000000000e+04
6.066700000000000000e+04
6.077700000000000000e+04
6.115500000000000000e+04
6.119900000000000000e+04
6.121600000000000000e+04
6.142300000000000000e+04
6.157800000000000000e+04
6.159200000000000000e+04
6.179900000000000000e+04
6.194200000000000000e+04
6.194300000000000000e+04
6.194400000000000000e+04
6.199300000000000000e+04
6.214500000000000000e+04
6.244400000000000000e+04
6.249100000000000000e+04
6.251600000000000000e+04
6.251900000000000000e+04
6.259200000000000000e+04
6.262800000000000000e+04
6.279600000000000000e+04
6.279700000000000000e+04
6.279800000000000000e+04
6.283400000000000000e+04
6.289000000000000000e+04
6.289100000000000000e+04
6.290500000000000000e+04
6.309000000000000000e+04
6.324200000000000000e+04
6.324500000000000000e+04
6.324800000000000000e+04
6.325100000000000000e+04
6.325300000000000000e+04
6.325400000000000000e+04
6.325600000000000000e+04
6.326400000000000000e+04
6.334900000000000000e+04
6.339600000000000000e+04
6.351700000000000000e+04
6.352700000000000000e+04
6.352800000000000000e+04
6.353400000000000000e+04
6.359500000000000000e+04
6.361000000000000000e+04
6.361300000000000000e+04
6.361400000000000000e+04
6.393700000000000000e+04
6.410600000000000000e+04
6.411300000000000000e+04
6.411500000000000000e+04
6.426900000000000000e+04
6.428200000000000000e+04
6.428300000000000000e+04
6.435800000000000000e+04
6.463600000000000000e+04
6.464800000000000000e+04
6.475100000000000000e+04
6.512400000000000000e+04
6.512500000000000000e+04
6.512600000000000000e+04
6.530200000000000000e+04
6.532800000000000000e+04
6.533000000000000000e+04
6.588000000000000000e+04
6.588800000000000000e+04
6.609400000000000000e+04
6.610000000000000000e+04
6.617100000000000000e+04
6.617400000000000000e+04
6.619200000000000000e+04
6.632500000000000000e+04
6.640100000000000000e+04
6.640600000000000000e+04
6.663200000000000000e+04
6.670500000000000000e+04
6.692000000000000000e+04
6.707900000000000000e+04
6.715900000000000000e+04
6.716100000000000000e+04
6.755800000000000000e+04
6.755900000000000000e+04
6.756000000000000000e+04
6.762200000000000000e+04
6.785000000000000000e+04
6.785300000000000000e+04
6.785400000000000000e+04
6.785500000000000000e+04
6.785600000000000000e+04
6.785700000000000000e+04
6.785900000000000000e+04
6.790100000000000000e+04
6.790200000000000000e+04
6.793900000000000000e+04
6.801100000000000000e+04
6.801400000000000000e+04
6.804200000000000000e+04
6.804300000000000000e+04
6.817500000000000000e+04
6.821800000000000000e+04
6.862400000000000000e+04
6.862600000000000000e+04
6.862800000000000000e+04
6.863400000000000000e+04
6.863600000000000000e+04
6.863700000000000000e+04
6.864400000000000000e+04
6.864500000000000000e+04
6.864800000000000000e+04
6.864900000000000000e+04
6.865100000000000000e+04
6.869300000000000000e+04
6.880200000000000000e+04
6.883400000000000000e+04
6.884400000000000000e+04
6.887100000000000000e+04
6.888500000000000000e+04
6.888700000000000000e+04
6.912200000000000000e+04
6.912300000000000000e+04
6.915700000000000000e+04
6.916100000000000000e+04
6.918000000000000000e+04
6.932400000000000000e+04
6.945800000000000000e+04
6.950400000000000000e+04
6.995600000000000000e+04
7.002600000000000000e+04
7.013900000000000000e+04
7.076500000000000000e+04
7.077000000000000000e+04
7.099400000000000000e+04
7.099700000000000000e+04
7.099800000000000000e+04
7.100800000000000000e+04
7.130400000000000000e+04
7.130700000000000000e+04
7.131200000000000000e+04
7.131300000000000000e+04
7.131400000000000000e+04
7.132900000000000000e+04
7.133000000000000000e+04
7.133200000000000000e+04
7.133300000000000000e+04
7.151000000000000000e+04
7.162100000000000000e+04
7.162200000000000000e+04
7.172400000000000000e+04
7.216200000000000000e+04
7.225700000000000000e+04
7.228300000000000000e+04
7.237500000000000000e+04
7.240000000000000000e+04
7.241400000000000000e+04
7.249700000000000000e+04
7.251200000000000000e+04
7.265400000000000000e+04
7.270900000000000000e+04
7.278900000000000000e+04
7.279000000000000000e+04
7.279100000000000000e+04
7.279200000000000000e+04
7.285500000000000000e+04
7.288400000000000000e+04
7.309700000000000000e+04
7.316000000000000000e+04
7.323000000000000000e+04
7.325300000000000000e+04
7.351300000000000000e+04
7.363900000000000000e+04
7.364000000000000000e+04
7.364100000000000000e+04
7.375300000000000000e+04
7.401500000000000000e+04
7.417500000000000000e+04
7.420100000000000000e+04
7.435900000000000000e+04
7.436000000000000000e+04
7.436300000000000000e+04
7.436400000000000000e+04
7.437300000000000000e+04
7.437600000000000000e+04
7.437700000000000000e+04
7.455700000000000000e+04
7.506100000000000000e+04
7.540600000000000000e+04
7.542300000000000000e+04
7.542400000000000000e+04
7.542500000000000000e+04
7.542600000000000000e+04
7.542800000000000000e+04
7.542900000000000000e+04
7.543300000000000000e+04
7.543400000000000000e+04
7.549400000000000000e+04
7.553400000000000000e+04
7.555300000000000000e+04
7.555500000000000000e+04
7.556100000000000000e+04
7.556200000000000000e+04
7.558200000000000000e+04
7.562600000000000000e+04
7.563000000000000000e+04
7.563100000000000000e+04
7.563200000000000000e+04
7.563400000000000000e+04
7.563500000000000000e+04
7.563600000000000000e+04
7.564500000000000000e+04
7.564600000000000000e+04
7.565400000000000000e+04
7.569000000000000000e+04
7.569100000000000000e+04
7.578800000000000000e+04
7.579100000000000000e+04
7.579400000000000000e+04
7.579500000000000000e+04
7.582400000000000000e+04
7.582600000000000000e+04
7.582800000000000000e+04
7.583200000000000000e+04
7.583600000000000000e+04
7.589600000000000000e+04
7.589700000000000000e+04
7.589800000000000000e+04
7.611800000000000000e+04
7.613900000000000000e+04
7.614600000000000000e+04
7.614700000000000000e+04
7.619400000000000000e+04
7.619500000000000000e+04
7.619700000000000000e+04
7.619900000000000000e+04
7.622900000000000000e+04
7.628100000000000000e+04
7.635900000000000000e+04
7.639800000000000000e+04
7.639900000000000000e+04
7.640200000000000000e+04
7.640300000000000000e+04
7.646400000000000000e+04
7.656300000000000000e+04
7.656800000000000000e+04
7.657000000000000000e+04
7.657100000000000000e+04
7.657200000000000000e+04
7.657300000000000000e+04
7.657400000000000000e+04
7.664200000000000000e+04
7.664500000000000000e+04
7.680800000000000000e+04
7.685200000000000000e+04
7.687500000000000000e+04
7.687600000000000000e+04
7.687700000000000000e+04
7.693300000000000000e+04
7.693600000000000000e+04
7.694000000000000000e+04
7.695900000000000000e+04
7.696000000000000000e+04
7.698700000000000000e+04
7.772500000000000000e+04
7.776000000000000000e+04
7.776100000000000000e+04
7.777500000000000000e+04
7.790600000000000000e+04
7.803400000000000000e+04
7.830900000000000000e+04
7.832600000000000000e+04
7.849600000000000000e+04
7.849800000000000000e+04
7.849900000000000000e+04
7.850000000000000000e+04
7.850200000000000000e+04
7.851800000000000000e+04
7.885600000000000000e+04
7.885700000000000000e+04
7.887900000000000000e+04
7.901900000000000000e+04
7.902400000000000000e+04
7.902600000000000000e+04
7.919100000000000000e+04
7.934600000000000000e+04
7.934900000000000000e+04
7.935000000000000000e+04
7.935100000000000000e+04
7.936800000000000000e+04
7.946400000000000000e+04
7.946600000000000000e+04
7.946700000000000000e+04
7.949100000000000000e+04
7.956800000000000000e+04
7.959800000000000000e+04
7.975400000000000000e+04
7.976500000000000000e+04
7.998200000000000000e+04
8.000500000000000000e+04
8.000700000000000000e+04
8.001100000000000000e+04
8.005400000000000000e+04
8.007300000000000000e+04
8.026900000000000000e+04
8.036800000000000000e+04
8.081100000000000000e+04
8.115100000000000000e+04
8.115200000000000000e+04
8.115300000000000000e+04
8.115400000000000000e+04
8.115500000000000000e+04
8.118300000000000000e+04
8.155800000000000000e+04
8.155900000000000000e+04
8.159500000000000000e+04
8.169300000000000000e+04
8.169500000000000000e+04
8.175900000000000000e+04
8.176300000000000000e+04
8.178700000000000000e+04
8.188500000000000000e+04
8.203300000000000000e+04
8.226200000000000000e+04
8.227200000000000000e+04
8.227400000000000000e+04
8.236400000000000000e+04
8.237900000000000000e+04
8.240200000000000000e+04
8.240400000000000000e+04
8.261800000000000000e+04
8.266800000000000000e+04
8.283500000000000000e+04
8.288900000000000000e+04
8.289100000000000000e+04
8.294300000000000000e+04
8.304300000000000000e+04
8.327700000000000000e+04
8.341800000000000000e+04
8.347500000000000000e+04
8.356400000000000000e+04
8.372300000000000000e+04
8.372400000000000000e+04
8.372700000000000000e+04
8.372800000000000000e+04
8.372900000000000000e+04
8.374600000000000000e+04
8.380300000000000000e+04
8.380700000000000000e+04
8.383800000000000000e+04
8.386100000000000000e+04
8.386200000000000000e+04
8.386300000000000000e+04
8.386400000000000000e+04
8.387800000000000000e+04
8.387900000000000000e+04
8.388000000000000000e+04
8.388100000000000000e+04
8.388200000000000000e+04
8.388300000000000000e+04
8.388400000000000000e+04
8.388500000000000000e+04
8.388600000000000000e+04
8.388700000000000000e+04
8.388900000000000000e+04
8.389000000000000000e+04
8.389100000000000000e+04
8.389200000000000000e+04
8.389300000000000000e+04
8.389500000000000000e+04
8.392000000000000000e+04
8.399000000000000000e+04
8.399200000000000000e+04
8.399300000000000000e+04
8.399500000000000000e+04
8.399700000000000000e+04
8.399800000000000000e+04
8.399900000000000000e+04
8.410500000000000000e+04
8.410600000000000000e+04
8.418700000000000000e+04
8.418900000000000000e+04
8.419000000000000000e+04
8.422200000000000000e+04
8.437700000000000000e+04
8.453600000000000000e+04
8.469100000000000000e+04
8.473200000000000000e+04
8.478600000000000000e+04
8.512600000000000000e+04
8.522000000000000000e+04
8.540900000000000000e+04
8.579300000000000000e+04
8.620500000000000000e+04
8.640700000000000000e+04
8.678600000000000000e+04
8.678700000000000000e+04
8.699100000000000000e+04
8.707900000000000000e+04
8.725100000000000000e+04
8.753800000000000000e+04
8.756300000000000000e+04
8.756500000000000000e+04
8.794400000000000000e+04
8.794700000000000000e+04
8.798500000000000000e+04
8.819700000000000000e+04
8.836100000000000000e+04
8.843000000000000000e+04
8.844000000000000000e+04
8.856600000000000000e+04
8.863700000000000000e+04
8.888900000000000000e+04
8.895100000000000000e+04
8.902100000000000000e+04
8.912900000000000000e+04
8.960400000000000000e+04
8.975200000000000000e+04
8.983900000000000000e+04
9.020000000000000000e+04
9.022100000000000000e+04
9.045800000000000000e+04
9.050100000000000000e+04
9.050200000000000000e+04
9.050400000000000000e+04
9.050500000000000000e+04
9.057700000000000000e+04
9.066500000000000000e+04
9.075300000000000000e+04
9.134800000000000000e+04
9.159800000000000000e+04
9.160200000000000000e+04
9.188300000000000000e+04
9.214300000000000000e+04
9.226300000000000000e+04
9.226600000000000000e+04
9.244500000000000000e+04
9.281900000000000000e+04
9.291700000000000000e+04
9.293200000000000000e+04
9.302900000000000000e+04
9.306700000000000000e+04
9.310000000000000000e+04
9.315700000000000000e+04
9.388000000000000000e+04
9.396600000000000000e+04
9.405600000000000000e+04
9.405900000000000000e+04
9.416500000000000000e+04
9.418900000000000000e+04
9.434400000000000000e+04
9.439600000000000000e+04
9.452200000000000000e+04
9.452600000000000000e+04
9.456400000000000000e+04
9.520900000000000000e+04
9.521000000000000000e+04
9.523800000000000000e+04
9.541000000000000000e+04
9.541100000000000000e+04
9.541400000000000000e+04
9.541500000000000000e+04
9.541700000000000000e+04
9.543200000000000000e+04
9.568100000000000000e+04
9.578100000000000000e+04
9.579000000000000000e+04
9.580800000000000000e+04
9.585900000000000000e+04
9.586900000000000000e+04
9.597100000000000000e+04
9.597300000000000000e+04
9.607700000000000000e+04
9.607900000000000000e+04
9.608200000000000000e+04
9.611000000000000000e+04
9.611200000000000000e+04
9.626400000000000000e+04
9.637500000000000000e+04
9.648500000000000000e+04
9.661600000000000000e+04
9.661700000000000000e+04
9.661800000000000000e+04
9.662100000000000000e+04
9.662200000000000000e+04
9.662400000000000000e+04
9.670100000000000000e+04
9.670200000000000000e+04
9.670400000000000000e+04
9.670500000000000000e+04
9.689500000000000000e+04
9.693500000000000000e+04
9.715100000000000000e+04
9.722000000000000000e+04
9.723500000000000000e+04
9.759900000000000000e+04
9.765300000000000000e+04
9.772500000000000000e+04
9.786400000000000000e+04
9.795300000000000000e+04
9.799300000000000000e+04
9.806400000000000000e+04
9.807700000000000000e+04
9.818500000000000000e+04
9.834900000000000000e+04
9.845700000000000000e+04
9.850100000000000000e+04
9.850500000000000000e+04
9.850600000000000000e+04
9.865800000000000000e+04
9.866200000000000000e+04
9.866300000000000000e+04
9.874600000000000000e+04
9.933700000000000000e+04
9.945700000000000000e+04
9.951100000000000000e+04
9.963300000000000000e+04
9.975500000000000000e+04
9.976200000000000000e+04
9.984700000000000000e+04
9.991100000000000000e+04
1.002340000000000000e+05
1.002530000000000000e+05
1.005470000000000000e+05
1.005550000000000000e+05
1.005720000000000000e+05
1.005750000000000000e+05
1.006170000000000000e+05
1.007130000000000000e+05
1.007910000000000000e+05
1.011080000000000000e+05
1.011300000000000000e+05
1.013970000000000000e+05
1.014570000000000000e+05
1.015840000000000000e+05
1.017520000000000000e+05
1.017700000000000000e+05
1.021320000000000000e+05
1.021340000000000000e+05
1.021360000000000000e+05
1.021400000000000000e+05
1.026220000000000000e+05
1.026390000000000000e+05
1.029350000000000000e+05
1.029720000000000000e+05
1.032220000000000000e+05
1.034980000000000000e+05
1.035040000000000000e+05
1.037650000000000000e+05
1.040480000000000000e+05
1.040940000000000000e+05
1.040950000000000000e+05
1.042280000000000000e+05
1.042300000000000000e+05
1.043310000000000000e+05
1.044690000000000000e+05
1.046680000000000000e+05
1.048330000000000000e+05
1.049460000000000000e+05
1.049470000000000000e+05
1.051970000000000000e+05
1.054560000000000000e+05
1.054840000000000000e+05
1.055160000000000000e+05
1.055170000000000000e+05
1.055180000000000000e+05
1.055190000000000000e+05
1.055510000000000000e+05
1.059520000000000000e+05
1.060290000000000000e+05
1.060510000000000000e+05
1.062790000000000000e+05
1.063370000000000000e+05
1.064600000000000000e+05
1.065630000000000000e+05
1.067720000000000000e+05
1.067730000000000000e+05
1.067750000000000000e+05
1.067770000000000000e+05
1.068000000000000000e+05
1.069650000000000000e+05
1.073750000000000000e+05
1.073810000000000000e+05
1.075070000000000000e+05
1.077910000000000000e+05
1.079090000000000000e+05
1.080900000000000000e+05
1.081100000000000000e+05
1.081110000000000000e+05
1.082300000000000000e+05
1.084950000000000000e+05
1.085310000000000000e+05
1.088430000000000000e+05
1.091270000000000000e+05
1.091810000000000000e+05
1.093520000000000000e+05
1.093780000000000000e+05
1.095630000000000000e+05
1.096000000000000000e+05
1.096140000000000000e+05
1.097890000000000000e+05
1.097910000000000000e+05
1.097940000000000000e+05
1.097950000000000000e+05
1.097960000000000000e+05
1.097970000000000000e+05
1.097980000000000000e+05
1.097990000000000000e+05
1.098000000000000000e+05
1.098010000000000000e+05
1.098020000000000000e+05
1.098030000000000000e+05
1.098040000000000000e+05
1.098930000000000000e+05
1.098950000000000000e+05
1.100680000000000000e+05
1.100690000000000000e+05
1.101720000000000000e+05
1.102440000000000000e+05
1.102470000000000000e+05
1.103960000000000000e+05
1.104070000000000000e+05
1.104150000000000000e+05
1.104160000000000000e+05
1.105290000000000000e+05
1.105300000000000000e+05
1.105310000000000000e+05
1.105320000000000000e+05
1.105330000000000000e+05
1.105350000000000000e+05
1.109030000000000000e+05
1.110660000000000000e+05
1.111680000000000000e+05
1.111810000000000000e+05
1.111860000000000000e+05
1.111920000000000000e+05
1.112200000000000000e+05
1.112400000000000000e+05
1.112450000000000000e+05
1.113130000000000000e+05
1.113140000000000000e+05
1.114570000000000000e+05
1.114920000000000000e+05
1.115160000000000000e+05
1.115240000000000000e+05
1.118360000000000000e+05
1.119030000000000000e+05
1.119100000000000000e+05
1.119120000000000000e+05
1.119140000000000000e+05
1.119210000000000000e+05
1.119330000000000000e+05
1.123820000000000000e+05
1.123830000000000000e+05
1.123850000000000000e+05
1.123860000000000000e+05
1.123900000000000000e+05
1.123910000000000000e+05
1.123930000000000000e+05
1.125850000000000000e+05
1.125940000000000000e+05
1.127590000000000000e+05
1.127620000000000000e+05
1.127750000000000000e+05
1.127820000000000000e+05
1.127840000000000000e+05
1.130830000000000000e+05
1.132860000000000000e+05
1.133460000000000000e+05
1.135480000000000000e+05
1.137050000000000000e+05
1.138690000000000000e+05
1.139180000000000000e+05
1.139200000000000000e+05
1.140450000000000000e+05
1.140830000000000000e+05
1.140930000000000000e+05
1.142100000000000000e+05
1.142190000000000000e+05
1.143160000000000000e+05
1.143620000000000000e+05
1.143630000000000000e+05
1.144800000000000000e+05
1.144830000000000000e+05
1.148590000000000000e+05
1.149760000000000000e+05
1.149820000000000000e+05
1.149860000000000000e+05
1.150020000000000000e+05
1.150920000000000000e+05
1.150930000000000000e+05
1.151600000000000000e+05
1.151610000000000000e+05
1.151620000000000000e+05
1.151630000000000000e+05
1.152310000000000000e+05
1.153420000000000000e+05
1.153750000000000000e+05
1.155250000000000000e+05
1.155370000000000000e+05
1.155380000000000000e+05
1.155390000000000000e+05
1.155400000000000000e+05
1.155410000000000000e+05
1.155420000000000000e+05
1.156300000000000000e+05
1.156720000000000000e+05
1.158460000000000000e+05
1.159280000000000000e+05
1.159550000000000000e+05
1.160030000000000000e+05
1.160040000000000000e+05
1.160060000000000000e+05
1.160140000000000000e+05
1.160350000000000000e+05
1.160380000000000000e+05
1.160390000000000000e+05
1.163640000000000000e+05
1.164030000000000000e+05
1.164390000000000000e+05
1.165380000000000000e+05
1.166360000000000000e+05
1.166370000000000000e+05
1.168990000000000000e+05
1.170480000000000000e+05
1.174040000000000000e+05
1.174080000000000000e+05
1.177450000000000000e+05
1.178340000000000000e+05
1.179460000000000000e+05
1.180270000000000000e+05
1.181720000000000000e+05
1.182410000000000000e+05
1.182530000000000000e+05
1.183020000000000000e+05
1.184500000000000000e+05
1.187200000000000000e+05
1.187560000000000000e+05
1.187570000000000000e+05
1.188970000000000000e+05
1.189250000000000000e+05
1.189350000000000000e+05
1.189360000000000000e+05
1.189390000000000000e+05
1.189400000000000000e+05
1.189580000000000000e+05
1.189600000000000000e+05
1.189660000000000000e+05
1.189690000000000000e+05
1.189700000000000000e+05
1.189780000000000000e+05
1.189910000000000000e+05
1.189940000000000000e+05
1.189990000000000000e+05
1.190010000000000000e+05
1.190050000000000000e+05
1.190090000000000000e+05
1.190100000000000000e+05
1.190860000000000000e+05
1.191850000000000000e+05
1.192930000000000000e+05
1.192960000000000000e+05
1.196600000000000000e+05
1.196940000000000000e+05
1.197570000000000000e+05
1.197850000000000000e+05
1.199970000000000000e+05
1.200330000000000000e+05
1.200730000000000000e+05
1.200830000000000000e+05
1.201590000000000000e+05
1.207240000000000000e+05
1.207410000000000000e+05
1.207440000000000000e+05
1.207460000000000000e+05
1.207500000000000000e+05
1.207650000000000000e+05
1.207680000000000000e+05
1.208090000000000000e+05
1.208100000000000000e+05
1.208850000000000000e+05
1.208870000000000000e+05
1.209270000000000000e+05
1.210770000000000000e+05
1.210780000000000000e+05
1.210860000000000000e+05
1.211040000000000000e+05
1.211050000000000000e+05
1.211060000000000000e+05
1.212090000000000000e+05
1.212920000000000000e+05
1.215290000000000000e+05
1.215350000000000000e+05
1.215360000000000000e+05
1.215370000000000000e+05
1.221850000000000000e+05
1.222190000000000000e+05
1.224950000000000000e+05
1.227560000000000000e+05
1.228470000000000000e+05
1.228700000000000000e+05
1.228710000000000000e+05
1.228730000000000000e+05
1.228950000000000000e+05
1.230190000000000000e+05
1.230690000000000000e+05
1.230700000000000000e+05
1.230710000000000000e+05
1.230720000000000000e+05
1.230930000000000000e+05
1.230950000000000000e+05
1.235440000000000000e+05
1.235590000000000000e+05
1.235770000000000000e+05
1.235780000000000000e+05
1.235800000000000000e+05
1.235810000000000000e+05
1.235830000000000000e+05
1.235840000000000000e+05
1.235850000000000000e+05
1.236310000000000000e+05
1.240100000000000000e+05
1.240270000000000000e+05
1.240990000000000000e+05
1.241030000000000000e+05
1.242030000000000000e+05
1.243050000000000000e+05
1.243060000000000000e+05
1.243070000000000000e+05
1.243100000000000000e+05
1.243150000000000000e+05
1.243770000000000000e+05
1.243780000000000000e+05
1.243790000000000000e+05
1.243810000000000000e+05
1.243820000000000000e+05
1.243880000000000000e+05
1.244810000000000000e+05
1.244970000000000000e+05
1.245980000000000000e+05
1.247230000000000000e+05
1.249420000000000000e+05
1.251590000000000000e+05
1.251710000000000000e+05
1.254450000000000000e+05
1.254740000000000000e+05
1.256680000000000000e+05
1.258350000000000000e+05
1.258410000000000000e+05
1.263390000000000000e+05
1.263750000000000000e+05
1.264450000000000000e+05
1.265430000000000000e+05
1.266160000000000000e+05
1.266870000000000000e+05
1.266890000000000000e+05
1.268120000000000000e+05
1.269040000000000000e+05
1.269050000000000000e+05
1.269630000000000000e+05
1.269640000000000000e+05
1.270230000000000000e+05
1.272680000000000000e+05
1.273730000000000000e+05
1.273740000000000000e+05
1.275660000000000000e+05
1.275780000000000000e+05
1.275790000000000000e+05
1.279340000000000000e+05
1.279380000000000000e+05
1.279720000000000000e+05
1.279850000000000000e+05
1.280330000000000000e+05
1.282490000000000000e+05
1.286820000000000000e+05
1.289360000000000000e+05
1.289950000000000000e+05
1.290030000000000000e+05
1.290040000000000000e+05
1.293750000000000000e+05
1.295690000000000000e+05
1.297860000000000000e+05
1.299520000000000000e+05
1.299540000000000000e+05
1.299550000000000000e+05
1.301050000000000000e+05
1.301060000000000000e+05
1.301070000000000000e+05
1.301080000000000000e+05
1.301090000000000000e+05
1.301100000000000000e+05
1.301110000000000000e+05
1.301120000000000000e+05
1.301130000000000000e+05
1.301140000000000000e+05
1.301180000000000000e+05
1.301190000000000000e+05
1.301210000000000000e+05
1.302960000000000000e+05
1.302990000000000000e+05
1.303950000000000000e+05
1.307170000000000000e+05
1.307850000000000000e+05
1.308230000000000000e+05
1.308250000000000000e+05
1.308260000000000000e+05
1.312850000000000000e+05
1.313660000000000000e+05
1.315650000000000000e+05
1.316580000000000000e+05
1.318620000000000000e+05
1.319050000000000000e+05
1.320600000000000000e+05
1.320760000000000000e+05
1.321960000000000000e+05
1.322010000000000000e+05
1.323510000000000000e+05
1.323520000000000000e+05
1.323530000000000000e+05
1.323540000000000000e+05
1.323550000000000000e+05
1.323560000000000000e+05
1.323580000000000000e+05
1.328880000000000000e+05
1.329270000000000000e+05
1.329540000000000000e+05
1.329570000000000000e+05
1.329600000000000000e+05
1.329730000000000000e+05
1.330970000000000000e+05
1.331510000000000000e+05
1.331530000000000000e+05
1.332060000000000000e+05
1.333420000000000000e+05
1.333760000000000000e+05
1.334380000000000000e+05
1.334800000000000000e+05
1.334820000000000000e+05
1.334830000000000000e+05
1.338140000000000000e+05
1.338360000000000000e+05
1.339560000000000000e+05
1.339570000000000000e+05
1.340260000000000000e+05
1.340280000000000000e+05
1.340290000000000000e+05
1.341710000000000000e+05
1.341720000000000000e+05
1.341730000000000000e+05
1.343570000000000000e+05
1.343610000000000000e+05
1.344450000000000000e+05
1.344460000000000000e+05
1.344470000000000000e+05
1.344490000000000000e+05
1.344500000000000000e+05
1.345380000000000000e+05
1.347640000000000000e+05
1.348860000000000000e+05
1.349130000000000000e+05
1.349360000000000000e+05
1.349370000000000000e+05
1.349910000000000000e+05
1.349920000000000000e+05
1.349930000000000000e+05
1.351010000000000000e+05
1.351020000000000000e+05
1.351810000000000000e+05
1.352320000000000000e+05
1.353420000000000000e+05
1.353430000000000000e+05
1.354810000000000000e+05
1.355730000000000000e+05
1.356060000000000000e+05
1.357080000000000000e+05
1.357090000000000000e+05
1.357890000000000000e+05
1.358220000000000000e+05
1.358710000000000000e+05
1.359520000000000000e+05
1.360620000000000000e+05
1.363730000000000000e+05
1.364780000000000000e+05
1.365250000000000000e+05
1.365350000000000000e+05
1.368100000000000000e+05
1.368170000000000000e+05
1.369610000000000000e+05
1.374120000000000000e+05
1.375130000000000000e+05
1.375140000000000000e+05
1.375610000000000000e+05
1.376050000000000000e+05
1.376170000000000000e+05
1.376390000000000000e+05
1.376420000000000000e+05
1.378250000000000000e+05
1.378330000000000000e+05
1.380460000000000000e+05
1.381360000000000000e+05
1.382570000000000000e+05
1.382680000000000000e+05
1.383400000000000000e+05
1.384120000000000000e+05
1.384310000000000000e+05
1.384800000000000000e+05
1.385650000000000000e+05
1.385680000000000000e+05
1.385690000000000000e+05
1.385740000000000000e+05
1.385760000000000000e+05
1.385810000000000000e+05
1.386030000000000000e+05
1.386070000000000000e+05
1.386750000000000000e+05
1.386870000000000000e+05
1.388460000000000000e+05
1.392840000000000000e+05
1.392900000000000000e+05
1.393040000000000000e+05
1.393050000000000000e+05
1.393800000000000000e+05
1.393810000000000000e+05
1.393820000000000000e+05
1.393830000000000000e+05
1.393860000000000000e+05
1.395430000000000000e+05
1.395440000000000000e+05
1.395450000000000000e+05
1.395480000000000000e+05
1.395640000000000000e+05
1.396850000000000000e+05
1.396990000000000000e+05
1.397020000000000000e+05
1.397620000000000000e+05
1.397630000000000000e+05
1.400950000000000000e+05
1.401140000000000000e+05
1.401660000000000000e+05
1.402190000000000000e+05
1.402450000000000000e+05
1.402460000000000000e+05
1.403700000000000000e+05
1.403730000000000000e+05
1.404540000000000000e+05
1.404560000000000000e+05
1.404750000000000000e+05
1.405840000000000000e+05
1.407730000000000000e+05
1.408400000000000000e+05
1.408890000000000000e+05
1.409190000000000000e+05
1.409210000000000000e+05
1.411770000000000000e+05
1.411920000000000000e+05
1.413610000000000000e+05
1.413620000000000000e+05
1.414260000000000000e+05
1.415680000000000000e+05
1.417460000000000000e+05
1.417580000000000000e+05
1.419650000000000000e+05
1.419770000000000000e+05
1.423550000000000000e+05
1.424200000000000000e+05
1.424340000000000000e+05
1.424580000000000000e+05
1.426700000000000000e+05
1.428740000000000000e+05
1.429940000000000000e+05
1.430850000000000000e+05
1.432050000000000000e+05
1.432060000000000000e+05
1.432080000000000000e+05
1.432740000000000000e+05
1.435240000000000000e+05
1.439700000000000000e+05
1.439710000000000000e+05
1.439770000000000000e+05
1.444670000000000000e+05
1.450560000000000000e+05
1.450580000000000000e+05
1.450600000000000000e+05
1.450610000000000000e+05
1.450620000000000000e+05
1.451290000000000000e+05
1.451430000000000000e+05
1.451440000000000000e+05
1.456860000000000000e+05
1.456870000000000000e+05
1.456880000000000000e+05
1.456890000000000000e+05
1.456900000000000000e+05
1.456910000000000000e+05
1.456920000000000000e+05
1.457540000000000000e+05
1.458620000000000000e+05
1.458630000000000000e+05
1.458870000000000000e+05
1.459340000000000000e+05
1.459740000000000000e+05
1.459870000000000000e+05
1.460280000000000000e+05
1.460300000000000000e+05
1.462180000000000000e+05
1.462490000000000000e+05
1.464960000000000000e+05
1.464970000000000000e+05
1.465680000000000000e+05
1.470520000000000000e+05
1.470530000000000000e+05
1.471990000000000000e+05
1.473930000000000000e+05
1.473970000000000000e+05
1.478880000000000000e+05
1.480090000000000000e+05
1.482820000000000000e+05
1.483150000000000000e+05
1.483160000000000000e+05
1.483170000000000000e+05
1.483180000000000000e+05
1.483190000000000000e+05
1.483390000000000000e+05
1.484190000000000000e+05
1.484660000000000000e+05
1.488560000000000000e+05
1.489630000000000000e+05
1.492060000000000000e+05
1.492070000000000000e+05
1.492670000000000000e+05
1.494900000000000000e+05
1.494920000000000000e+05
1.494940000000000000e+05
1.496720000000000000e+05
1.497070000000000000e+05
1.499260000000000000e+05
1.499360000000000000e+05
1.501250000000000000e+05
1.501260000000000000e+05
1.502040000000000000e+05
1.502410000000000000e+05
1.505900000000000000e+05
1.506840000000000000e+05
1.506990000000000000e+05
1.507040000000000000e+05
1.508520000000000000e+05
1.509880000000000000e+05
1.510160000000000000e+05
1.512590000000000000e+05
1.512800000000000000e+05
1.513310000000000000e+05
1.513320000000000000e+05
1.515680000000000000e+05
1.516880000000000000e+05
1.519220000000000000e+05
1.521350000000000000e+05
1.521400000000000000e+05
1.521410000000000000e+05
1.521430000000000000e+05
1.521440000000000000e+05
1.521500000000000000e+05
1.523380000000000000e+05
1.524010000000000000e+05
1.526630000000000000e+05
1.532740000000000000e+05
1.534300000000000000e+05
1.534370000000000000e+05
1.535340000000000000e+05
1.535570000000000000e+05
1.535750000000000000e+05
1.535990000000000000e+05
1.536060000000000000e+05
1.536130000000000000e+05
1.536690000000000000e+05
1.536700000000000000e+05
1.536760000000000000e+05
1.536770000000000000e+05
1.538640000000000000e+05
1.538800000000000000e+05
1.538830000000000000e+05
1.538900000000000000e+05
1.539080000000000000e+05
1.542200000000000000e+05
1.542210000000000000e+05
1.542270000000000000e+05
1.542280000000000000e+05
1.542750000000000000e+05
1.544480000000000000e+05
1.546280000000000000e+05
1.546320000000000000e+05
1.546460000000000000e+05
1.551150000000000000e+05
1.559920000000000000e+05
1.559930000000000000e+05
1.560390000000000000e+05
1.560480000000000000e+05
1.561340000000000000e+05
1.561440000000000000e+05
1.562370000000000000e+05
1.563300000000000000e+05
1.563810000000000000e+05
1.565400000000000000e+05
1.565810000000000000e+05
1.565820000000000000e+05
1.567140000000000000e+05
1.567520000000000000e+05
1.567590000000000000e+05
1.567610000000000000e+05
1.567650000000000000e+05
1.568410000000000000e+05
1.569480000000000000e+05
1.569500000000000000e+05
1.573570000000000000e+05
1.573600000000000000e+05
1.573930000000000000e+05
1.574000000000000000e+05
1.574200000000000000e+05
1.574210000000000000e+05
1.574220000000000000e+05
1.574230000000000000e+05
1.576180000000000000e+05
1.576820000000000000e+05
1.576830000000000000e+05
1.576850000000000000e+05
1.576880000000000000e+05
1.578070000000000000e+05
1.578270000000000000e+05
1.578350000000000000e+05
1.578400000000000000e+05
1.578680000000000000e+05
1.579500000000000000e+05
1.579600000000000000e+05
1.579900000000000000e+05
1.580000000000000000e+05
1.580470000000000000e+05
1.580550000000000000e+05
1.581160000000000000e+05
1.581170000000000000e+05
1.581180000000000000e+05
1.581350000000000000e+05
1.584090000000000000e+05
1.585610000000000000e+05
1.586860000000000000e+05
1.587040000000000000e+05
1.587070000000000000e+05
1.588690000000000000e+05
1.589460000000000000e+05
1.590940000000000000e+05
1.591010000000000000e+05
1.593240000000000000e+05
1.593250000000000000e+05
1.595620000000000000e+05
1.596630000000000000e+05
1.596650000000000000e+05
1.596660000000000000e+05
1.596670000000000000e+05
1.598970000000000000e+05
1.598980000000000000e+05
1.598990000000000000e+05
1.599010000000000000e+05
1.599020000000000000e+05
1.599030000000000000e+05
1.599040000000000000e+05
1.599050000000000000e+05
1.599060000000000000e+05
1.599090000000000000e+05
1.599110000000000000e+05
1.599120000000000000e+05
1.599130000000000000e+05
1.599150000000000000e+05
1.599170000000000000e+05
1.599180000000000000e+05
1.599260000000000000e+05
1.599430000000000000e+05
1.600390000000000000e+05
1.600400000000000000e+05
1.600410000000000000e+05
1.602790000000000000e+05
1.605430000000000000e+05
1.605680000000000000e+05
1.606590000000000000e+05
1.606920000000000000e+05
1.606970000000000000e+05
1.608410000000000000e+05
1.611200000000000000e+05
1.612500000000000000e+05
1.612890000000000000e+05
1.614110000000000000e+05
1.614160000000000000e+05
1.614180000000000000e+05
1.615260000000000000e+05
1.615420000000000000e+05
1.615430000000000000e+05
1.615480000000000000e+05
1.615730000000000000e+05
1.619030000000000000e+05
1.621460000000000000e+05
1.621500000000000000e+05
1.621520000000000000e+05
1.622310000000000000e+05
1.622320000000000000e+05
1.622330000000000000e+05
1.624760000000000000e+05
1.627870000000000000e+05
1.627890000000000000e+05
1.627910000000000000e+05
1.631640000000000000e+05
1.632280000000000000e+05
1.633910000000000000e+05
1.634040000000000000e+05
1.634050000000000000e+05
1.635390000000000000e+05
1.638400000000000000e+05
1.639090000000000000e+05
1.641310000000000000e+05
1.641330000000000000e+05
1.642830000000000000e+05
1.642840000000000000e+05
1.644260000000000000e+05
1.644650000000000000e+05
1.644660000000000000e+05
1.645690000000000000e+05
1.645760000000000000e+05
1.646130000000000000e+05
1.646200000000000000e+05
1.646210000000000000e+05
1.646240000000000000e+05
1.646940000000000000e+05
1.647500000000000000e+05
1.647650000000000000e+05
1.647730000000000000e+05
1.648520000000000000e+05
1.648780000000000000e+05
1.648860000000000000e+05
1.650260000000000000e+05
1.650950000000000000e+05
1.651050000000000000e+05
1.651300000000000000e+05
1.652250000000000000e+05
1.653310000000000000e+05
1.656780000000000000e+05
1.657480000000000000e+05
1.658040000000000000e+05
1.658610000000000000e+05
1.661340000000000000e+05
1.661560000000000000e+05
1.663750000000000000e+05
1.664010000000000000e+05
1.665820000000000000e+05
1.666300000000000000e+05
1.666350000000000000e+05
1.666400000000000000e+05
1.667400000000000000e+05
1.670980000000000000e+05
1.673180000000000000e+05
1.674600000000000000e+05
1.675670000000000000e+05
1.675680000000000000e+05
1.675910000000000000e+05
1.678030000000000000e+05
1.682890000000000000e+05
1.683860000000000000e+05
1.685210000000000000e+05
1.685230000000000000e+05
1.686610000000000000e+05
1.686880000000000000e+05
1.687710000000000000e+05
1.689580000000000000e+05
1.694760000000000000e+05
1.696140000000000000e+05
1.697570000000000000e+05
1.697780000000000000e+05
1.703540000000000000e+05
1.703560000000000000e+05
1.703570000000000000e+05
1.703590000000000000e+05
1.703600000000000000e+05
1.703620000000000000e+05
1.703760000000000000e+05
1.703810000000000000e+05
1.703820000000000000e+05
1.703830000000000000e+05
1.704040000000000000e+05
1.704860000000000000e+05
1.704890000000000000e+05
1.704900000000000000e+05
1.704910000000000000e+05
1.706710000000000000e+05
1.707310000000000000e+05
1.707330000000000000e+05
1.707660000000000000e+05
1.710540000000000000e+05
1.710940000000000000e+05
1.710950000000000000e+05
1.710960000000000000e+05
1.715680000000000000e+05
1.716720000000000000e+05
1.717060000000000000e+05
1.718440000000000000e+05
1.718550000000000000e+05
1.720120000000000000e+05
1.720160000000000000e+05
1.720170000000000000e+05
1.720210000000000000e+05
1.720230000000000000e+05
1.720750000000000000e+05
1.725490000000000000e+05
1.725500000000000000e+05
1.727300000000000000e+05
1.727330000000000000e+05
1.728870000000000000e+05
