1.000000000000000000e+00
4.200000000000000000e+02
1.326000000000000000e+03
1.327000000000000000e+03
1.328000000000000000e+03
1.330000000000000000e+03
1.395000000000000000e+03
1.717000000000000000e+03
1.718000000000000000e+03
2.195000000000000000e+03
3.964000000000000000e+03
3.965000000000000000e+03
4.074000000000000000e+03
4.136000000000000000e+03
4.209000000000000000e+03
4.236000000000000000e+03
4.243000000000000000e+03
4.244000000000000000e+03
4.256000000000000000e+03
4.301000000000000000e+03
5.251000000000000000e+03
5.905000000000000000e+03
6.193000000000000000e+03
6.296000000000000000e+03
6.825000000000000000e+03
6.829000000000000000e+03
6.831000000000000000e+03
6.833000000000000000e+03
6.834000000000000000e+03
6.958000000000000000e+03
7.426000000000000000e+03
7.758000000000000000e+03
7.947000000000000000e+03
9.376000000000000000e+03
9.622000000000000000e+03
9.878000000000000000e+03
9.879000000000000000e+03
1.001000000000000000e+04
1.008900000000000000e+04
1.036300000000000000e+04
1.077600000000000000e+04
1.132100000000000000e+04
1.160700000000000000e+04
1.162600000000000000e+04
1.244300000000000000e+04
1.388000000000000000e+04
1.569600000000000000e+04
1.570000000000000000e+04
1.708500000000000000e+04
1.708600000000000000e+04
1.811200000000000000e+04
1.907500000000000000e+04
2.017400000000000000e+04
2.093500000000000000e+04
2.136100000000000000e+04
2.136400000000000000e+04
2.136500000000000000e+04
2.136600000000000000e+04
2.136700000000000000e+04
2.136800000000000000e+04
2.136900000000000000e+04
2.137000000000000000e+04
2.137100000000000000e+04
2.137200000000000000e+04
2.137300000000000000e+04
2.137400000000000000e+04
2.137500000000000000e+04
2.137600000000000000e+04
2.137700000000000000e+04
2.137800000000000000e+04
2.137900000000000000e+04
2.138000000000000000e+04
2.138100000000000000e+04
2.138200000000000000e+04
2.138600000000000000e+04
2.186300000000000000e+04
2.220600000000000000e+04
2.250200000000000000e+04
2.250300000000000000e+04
2.258600000000000000e+04
2.317800000000000000e+04
2.334500000000000000e+04
2.388500000000000000e+04
2.471500000000000000e+04
2.575100000000000000e+04
2.575400000000000000e+04
2.585100000000000000e+04
2.585200000000000000e+04
2.585300000000000000e+04
2.585400000000000000e+04
2.585500000000000000e+04
2.585700000000000000e+04
2.585800000000000000e+04
2.585900000000000000e+04
2.586000000000000000e+04
2.586100000000000000e+04
2.586200000000000000e+04
2.586300000000000000e+04
2.586500000000000000e+04
2.586600000000000000e+04
2.590000000000000000e+04
2.604300000000000000e+04
2.660300000000000000e+04
2.660400000000000000e+04
2.665200000000000000e+04
2.665300000000000000e+04
2.665400000000000000e+04
2.687600000000000000e+04
2.749200000000000000e+04
2.794500000000000000e+04
2.797500000000000000e+04
2.828500000000000000e+04
2.869600000000000000e+04
2.874900000000000000e+04
2.982600000000000000e+04
2.982700000000000000e+04
2.985300000000000000e+04
2.995700000000000000e+04
3.014300000000000000e+04
3.014400000000000000e+04
3.014500000000000000e+04
3.071900000000000000e+04
3.072000000000000000e+04
3.072100000000000000e+04
3.072200000000000000e+04
3.072300000000000000e+04
3.072400000000000000e+04
3.072500000000000000e+04
3.072600000000000000e+04
3.072700000000000000e+04
3.072800000000000000e+04
3.104500000000000000e+04
3.118600000000000000e+04
3.217800000000000000e+04
3.232100000000000000e+04
3.232200000000000000e+04
3.235600000000000000e+04
3.235700000000000000e+04
3.247300000000000000e+04
3.247400000000000000e+04
3.247500000000000000e+04
3.368400000000000000e+04
3.368500000000000000e+04
3.368600000000000000e+04
3.376100000000000000e+04
3.440200000000000000e+04
3.440600000000000000e+04
3.574300000000000000e+04
3.618400000000000000e+04
3.618700000000000000e+04
3.652500000000000000e+04
3.654200000000000000e+04
3.664800000000000000e+04
3.665000000000000000e+04
3.665700000000000000e+04
3.671700000000000000e+04
3.671800000000000000e+04
3.671900000000000000e+04
3.672300000000000000e+04
3.672600000000000000e+04
3.672700000000000000e+04
3.672800000000000000e+04
3.672900000000000000e+04
3.687700000000000000e+04
3.766800000000000000e+04
3.766900000000000000e+04
3.767600000000000000e+04
3.768000000000000000e+04
3.812100000000000000e+04
3.812200000000000000e+04
3.812300000000000000e+04
3.812500000000000000e+04
3.840200000000000000e+04
3.861200000000000000e+04
3.862900000000000000e+04
3.928900000000000000e+04
3.954500000000000000e+04
4.058700000000000000e+04
4.092900000000000000e+04
4.093000000000000000e+04
4.093700000000000000e+04
4.093900000000000000e+04
4.138000000000000000e+04
4.177800000000000000e+04
4.182400000000000000e+04
4.182700000000000000e+04
4.227800000000000000e+04
4.227900000000000000e+04
4.235500000000000000e+04
4.235600000000000000e+04
4.235700000000000000e+04
4.235800000000000000e+04
4.235900000000000000e+04
4.236000000000000000e+04
4.236100000000000000e+04
4.240400000000000000e+04
4.363300000000000000e+04
4.363400000000000000e+04
4.363500000000000000e+04
4.363700000000000000e+04
4.364000000000000000e+04
4.364100000000000000e+04
4.368600000000000000e+04
4.470400000000000000e+04
4.471300000000000000e+04
4.471400000000000000e+04
4.526300000000000000e+04
4.531400000000000000e+04
4.531500000000000000e+04
4.537100000000000000e+04
4.553200000000000000e+04
4.555100000000000000e+04
4.555200000000000000e+04
4.557500000000000000e+04
4.557600000000000000e+04
4.557700000000000000e+04
4.632800000000000000e+04
4.632900000000000000e+04
4.633200000000000000e+04
4.639900000000000000e+04
4.776800000000000000e+04
4.877300000000000000e+04
4.920800000000000000e+04
4.921000000000000000e+04
4.921100000000000000e+04
4.921200000000000000e+04
4.925900000000000000e+04
4.926000000000000000e+04
4.926100000000000000e+04
4.926200000000000000e+04
4.926300000000000000e+04
4.963000000000000000e+04
4.964000000000000000e+04
5.018300000000000000e+04
5.018400000000000000e+04
5.018700000000000000e+04
5.026800000000000000e+04
5.051100000000000000e+04
5.209300000000000000e+04
5.234500000000000000e+04
5.261900000000000000e+04
5.307900000000000000e+04
5.335000000000000000e+04
5.414400000000000000e+04
5.414700000000000000e+04
5.414800000000000000e+04
5.415000000000000000e+04
5.445500000000000000e+04
5.445600000000000000e+04
5.463100000000000000e+04
5.463200000000000000e+04
5.463300000000000000e+04
5.463400000000000000e+04
5.463500000000000000e+04
5.463600000000000000e+04
5.463700000000000000e+04
5.463800000000000000e+04
5.463900000000000000e+04
5.464000000000000000e+04
5.464100000000000000e+04
5.464200000000000000e+04
5.464300000000000000e+04
5.464400000000000000e+04
5.464500000000000000e+04
5.464600000000000000e+04
5.464800000000000000e+04
5.464900000000000000e+04
5.465000000000000000e+04
5.465100000000000000e+04
5.465300000000000000e+04
5.465400000000000000e+04
5.465500000000000000e+04
5.465600000000000000e+04
5.465700000000000000e+04
5.465800000000000000e+04
5.465900000000000000e+04
5.466000000000000000e+04
5.466200000000000000e+04
5.466300000000000000e+04
5.466500000000000000e+04
5.466600000000000000e+04
5.466700000000000000e+04
5.466800000000000000e+04
5.466900000000000000e+04
5.552400000000000000e+04
5.552600000000000000e+04
5.552800000000000000e+04
5.652600000000000000e+04
5.755200000000000000e+04
5.755300000000000000e+04
5.755500000000000000e+04
5.755600000000000000e+04
5.755700000000000000e+04
5.755800000000000000e+04
5.755900000000000000e+04
5.756000000000000000e+04
5.756100000000000000e+04
5.756200000000000000e+04
5.756300000000000000e+04
5.756400000000000000e+04
5.756500000000000000e+04
5.756600000000000000e+04
5.756700000000000000e+04
5.756800000000000000e+04
5.756900000000000000e+04
5.757000000000000000e+04
5.757100000000000000e+04
5.757200000000000000e+04
5.757300000000000000e+04
5.757500000000000000e+04
5.759600000000000000e+04
5.766400000000000000e+04
5.856100000000000000e+04
5.977700000000000000e+04
5.991800000000000000e+04
5.999800000000000000e+04
6.144700000000000000e+04
6.144800000000000000e+04
6.146200000000000000e+04
6.146600000000000000e+04
6.155400000000000000e+04
6.159700000000000000e+04
6.248400000000000000e+04
6.248500000000000000e+04
6.262000000000000000e+04
6.277000000000000000e+04
6.321400000000000000e+04
6.322400000000000000e+04
6.396900000000000000e+04
6.441200000000000000e+04
6.453700000000000000e+04
6.454200000000000000e+04
6.454300000000000000e+04
6.454500000000000000e+04
6.454600000000000000e+04
6.454700000000000000e+04
6.454800000000000000e+04
6.465000000000000000e+04
6.528300000000000000e+04
6.528400000000000000e+04
6.551400000000000000e+04
6.551600000000000000e+04
6.551700000000000000e+04
6.551900000000000000e+04
6.582900000000000000e+04
6.583000000000000000e+04
6.585700000000000000e+04
6.629700000000000000e+04
6.629800000000000000e+04
6.711400000000000000e+04
6.739500000000000000e+04
6.877100000000000000e+04
6.877200000000000000e+04
6.877300000000000000e+04
6.877400000000000000e+04
6.877500000000000000e+04
6.877600000000000000e+04
6.877800000000000000e+04
6.877900000000000000e+04
6.878000000000000000e+04
6.878100000000000000e+04
6.878200000000000000e+04
6.878300000000000000e+04
6.878400000000000000e+04
6.878700000000000000e+04
6.878900000000000000e+04
6.879000000000000000e+04
6.879100000000000000e+04
6.907600000000000000e+04
6.907700000000000000e+04
6.907800000000000000e+04
6.907900000000000000e+04
6.908000000000000000e+04
6.936700000000000000e+04
7.033600000000000000e+04
7.050400000000000000e+04
7.106200000000000000e+04
7.160500000000000000e+04
7.160600000000000000e+04
7.160700000000000000e+04
7.160900000000000000e+04
7.161000000000000000e+04
7.161200000000000000e+04
7.161300000000000000e+04
7.161400000000000000e+04
7.161500000000000000e+04
7.161600000000000000e+04
7.161700000000000000e+04
7.213700000000000000e+04
7.290800000000000000e+04
7.291100000000000000e+04
7.306100000000000000e+04
7.310400000000000000e+04
7.310500000000000000e+04
7.310600000000000000e+04
7.310700000000000000e+04
7.310800000000000000e+04
7.311100000000000000e+04
7.311200000000000000e+04
7.311300000000000000e+04
7.311400000000000000e+04
7.335800000000000000e+04
7.345100000000000000e+04
7.347000000000000000e+04
7.380300000000000000e+04
7.380500000000000000e+04
7.380600000000000000e+04
7.380700000000000000e+04
7.381500000000000000e+04
7.388400000000000000e+04
7.410900000000000000e+04
7.440500000000000000e+04
7.514100000000000000e+04
7.514800000000000000e+04
7.528400000000000000e+04
7.580500000000000000e+04
7.611200000000000000e+04
7.622500000000000000e+04
7.638500000000000000e+04
7.648000000000000000e+04
7.648100000000000000e+04
7.648200000000000000e+04
7.648300000000000000e+04
7.648400000000000000e+04
7.660000000000000000e+04
7.663700000000000000e+04
7.681300000000000000e+04
7.715400000000000000e+04
7.715500000000000000e+04
7.715600000000000000e+04
7.738200000000000000e+04
7.738700000000000000e+04
7.816600000000000000e+04
7.844200000000000000e+04
7.861300000000000000e+04
7.909000000000000000e+04
7.909100000000000000e+04
7.911800000000000000e+04
7.912700000000000000e+04
7.912900000000000000e+04
7.918900000000000000e+04
7.920300000000000000e+04
7.920400000000000000e+04
7.953800000000000000e+04
7.953900000000000000e+04
7.954000000000000000e+04
7.963500000000000000e+04
8.018100000000000000e+04
8.033000000000000000e+04
8.054900000000000000e+04
8.056800000000000000e+04
8.099900000000000000e+04
8.151400000000000000e+04
8.177500000000000000e+04
8.199000000000000000e+04
8.199500000000000000e+04
8.228600000000000000e+04
8.234800000000000000e+04
8.234900000000000000e+04
8.245300000000000000e+04
8.245700000000000000e+04
8.252000000000000000e+04
8.269000000000000000e+04
8.274100000000000000e+04
8.274200000000000000e+04
8.274300000000000000e+04
8.294000000000000000e+04
8.300500000000000000e+04
8.301000000000000000e+04
8.301400000000000000e+04
8.308700000000000000e+04
8.310300000000000000e+04
8.311900000000000000e+04
8.317400000000000000e+04
8.317500000000000000e+04
8.317600000000000000e+04
8.317700000000000000e+04
8.317800000000000000e+04
8.319400000000000000e+04
8.319500000000000000e+04
8.365200000000000000e+04
8.370000000000000000e+04
8.387000000000000000e+04
8.393300000000000000e+04
8.402300000000000000e+04
8.402400000000000000e+04
8.413100000000000000e+04
8.413200000000000000e+04
8.413300000000000000e+04
8.413400000000000000e+04
8.413500000000000000e+04
8.413600000000000000e+04
8.429400000000000000e+04
8.429800000000000000e+04
8.430000000000000000e+04
8.430200000000000000e+04
8.430300000000000000e+04
8.430600000000000000e+04
8.431300000000000000e+04
8.468300000000000000e+04
8.497700000000000000e+04
8.556100000000000000e+04
8.577800000000000000e+04
8.609300000000000000e+04
8.645400000000000000e+04
8.786300000000000000e+04
8.814700000000000000e+04
8.853800000000000000e+04
8.853900000000000000e+04
8.854100000000000000e+04
8.854200000000000000e+04
8.923200000000000000e+04
8.923300000000000000e+04
8.927900000000000000e+04
8.974700000000000000e+04
9.009100000000000000e+04
9.036300000000000000e+04
9.154300000000000000e+04
9.159700000000000000e+04
9.183600000000000000e+04
9.276700000000000000e+04
9.280200000000000000e+04
9.363700000000000000e+04
9.372100000000000000e+04
9.387000000000000000e+04
9.387100000000000000e+04
9.387200000000000000e+04
9.387300000000000000e+04
9.387400000000000000e+04
9.387500000000000000e+04
9.387700000000000000e+04
9.387800000000000000e+04
9.418400000000000000e+04
9.445100000000000000e+04
9.445200000000000000e+04
9.445300000000000000e+04
9.445400000000000000e+04
9.445500000000000000e+04
9.445600000000000000e+04
9.445700000000000000e+04
9.445800000000000000e+04
9.445900000000000000e+04
9.446000000000000000e+04
9.446100000000000000e+04
9.489300000000000000e+04
9.489400000000000000e+04
9.489600000000000000e+04
9.489700000000000000e+04
9.489800000000000000e+04
9.489900000000000000e+04
9.490000000000000000e+04
9.492300000000000000e+04
9.505500000000000000e+04
9.533800000000000000e+04
9.533900000000000000e+04
9.534000000000000000e+04
9.534100000000000000e+04
9.534300000000000000e+04
9.534400000000000000e+04
9.534500000000000000e+04
9.534700000000000000e+04
9.534800000000000000e+04
9.534900000000000000e+04
9.574200000000000000e+04
9.574300000000000000e+04
9.574400000000000000e+04
9.574500000000000000e+04
9.574600000000000000e+04
9.634100000000000000e+04
9.635100000000000000e+04
9.635300000000000000e+04
9.635600000000000000e+04
9.642400000000000000e+04
9.642600000000000000e+04
9.654200000000000000e+04
9.698600000000000000e+04
9.721900000000000000e+04
9.726600000000000000e+04
9.730000000000000000e+04
9.737300000000000000e+04
9.811600000000000000e+04
9.819000000000000000e+04
9.830400000000000000e+04
9.830500000000000000e+04
9.865200000000000000e+04
9.873100000000000000e+04
9.884400000000000000e+04
9.884500000000000000e+04
9.890700000000000000e+04
9.900700000000000000e+04
9.900800000000000000e+04
9.901000000000000000e+04
9.901200000000000000e+04
9.924100000000000000e+04
9.975800000000000000e+04
9.975900000000000000e+04
1.000350000000000000e+05
1.000940000000000000e+05
1.003950000000000000e+05
1.005650000000000000e+05
1.010450000000000000e+05
1.012500000000000000e+05
1.013230000000000000e+05
1.013250000000000000e+05
1.013950000000000000e+05
1.014210000000000000e+05
1.016610000000000000e+05
1.016630000000000000e+05
1.017340000000000000e+05
1.020170000000000000e+05
1.022200000000000000e+05
1.024990000000000000e+05
1.025000000000000000e+05
1.025020000000000000e+05
1.026030000000000000e+05
1.026610000000000000e+05
1.028030000000000000e+05
1.028040000000000000e+05
1.028050000000000000e+05
1.028060000000000000e+05
1.032190000000000000e+05
1.036390000000000000e+05
1.036400000000000000e+05
1.039520000000000000e+05
1.039530000000000000e+05
1.043420000000000000e+05
1.049640000000000000e+05
1.050940000000000000e+05
1.050950000000000000e+05
1.052350000000000000e+05
1.052620000000000000e+05
1.052820000000000000e+05
1.052830000000000000e+05
1.052840000000000000e+05
1.052850000000000000e+05
1.052860000000000000e+05
1.052870000000000000e+05
1.052880000000000000e+05
1.052890000000000000e+05
1.052900000000000000e+05
1.052920000000000000e+05
1.052930000000000000e+05
1.052940000000000000e+05
1.052950000000000000e+05
1.054030000000000000e+05
1.054040000000000000e+05
1.054050000000000000e+05
1.054060000000000000e+05
1.054070000000000000e+05
1.054080000000000000e+05
1.054090000000000000e+05
1.054100000000000000e+05
1.054800000000000000e+05
1.057600000000000000e+05
1.059130000000000000e+05
1.059140000000000000e+05
1.065400000000000000e+05
1.065650000000000000e+05
1.067220000000000000e+05
1.067440000000000000e+05
1.068680000000000000e+05
1.068990000000000000e+05
1.069010000000000000e+05
1.070270000000000000e+05
1.071680000000000000e+05
1.072870000000000000e+05
1.073990000000000000e+05
1.074030000000000000e+05
1.077610000000000000e+05
1.080390000000000000e+05
1.081120000000000000e+05
1.081220000000000000e+05
1.082470000000000000e+05
1.084530000000000000e+05
1.085010000000000000e+05
1.089380000000000000e+05
1.091790000000000000e+05
1.094260000000000000e+05
1.097550000000000000e+05
1.097570000000000000e+05
1.102010000000000000e+05
1.102050000000000000e+05
1.102080000000000000e+05
1.104940000000000000e+05
1.111520000000000000e+05
1.113030000000000000e+05
1.113320000000000000e+05
1.113340000000000000e+05
1.113380000000000000e+05
1.114640000000000000e+05
1.114650000000000000e+05
1.114660000000000000e+05
1.114680000000000000e+05
1.114690000000000000e+05
1.114700000000000000e+05
1.114710000000000000e+05
1.114730000000000000e+05
1.115270000000000000e+05
1.116970000000000000e+05
1.117980000000000000e+05
1.119190000000000000e+05
1.120590000000000000e+05
1.125140000000000000e+05
1.125530000000000000e+05
1.127910000000000000e+05
1.132200000000000000e+05
1.132570000000000000e+05
1.134180000000000000e+05
1.134640000000000000e+05
1.139490000000000000e+05
1.139500000000000000e+05
1.139520000000000000e+05
1.140980000000000000e+05
1.142230000000000000e+05
1.142750000000000000e+05
1.142760000000000000e+05
1.146650000000000000e+05
1.147710000000000000e+05
1.151740000000000000e+05
1.156460000000000000e+05
1.158950000000000000e+05
1.159610000000000000e+05
1.160370000000000000e+05
1.163660000000000000e+05
1.164450000000000000e+05
1.165560000000000000e+05
1.167870000000000000e+05
1.167890000000000000e+05
1.167900000000000000e+05
1.167910000000000000e+05
1.167920000000000000e+05
1.167930000000000000e+05
1.167940000000000000e+05
1.167950000000000000e+05
1.167970000000000000e+05
1.167980000000000000e+05
1.167990000000000000e+05
1.168000000000000000e+05
1.168020000000000000e+05
1.168030000000000000e+05
1.168040000000000000e+05
1.168050000000000000e+05
1.168060000000000000e+05
1.168070000000000000e+05
1.168090000000000000e+05
1.168940000000000000e+05
1.170150000000000000e+05
1.170630000000000000e+05
1.170810000000000000e+05
1.172830000000000000e+05
1.176550000000000000e+05
1.176620000000000000e+05
1.178140000000000000e+05
1.179840000000000000e+05
1.184900000000000000e+05
1.186640000000000000e+05
1.187660000000000000e+05
1.187680000000000000e+05
1.187730000000000000e+05
1.188760000000000000e+05
1.190830000000000000e+05
1.194590000000000000e+05
1.197780000000000000e+05
1.200030000000000000e+05
1.200180000000000000e+05
1.200190000000000000e+05
1.200200000000000000e+05
1.200210000000000000e+05
1.202780000000000000e+05
1.202800000000000000e+05
1.204310000000000000e+05
1.204390000000000000e+05
1.204530000000000000e+05
1.215090000000000000e+05
1.215100000000000000e+05
1.216410000000000000e+05
1.218170000000000000e+05
1.231080000000000000e+05
1.231090000000000000e+05
1.231100000000000000e+05
1.231110000000000000e+05
1.231120000000000000e+05
1.231130000000000000e+05
1.231140000000000000e+05
1.231150000000000000e+05
1.233290000000000000e+05
1.235600000000000000e+05
1.235610000000000000e+05
1.236790000000000000e+05
1.239610000000000000e+05
1.242590000000000000e+05
1.247250000000000000e+05
1.248700000000000000e+05
1.248710000000000000e+05
1.253140000000000000e+05
1.256380000000000000e+05
1.256390000000000000e+05
1.256410000000000000e+05
1.256440000000000000e+05
1.260590000000000000e+05
1.266980000000000000e+05
1.267120000000000000e+05
1.267180000000000000e+05
1.267760000000000000e+05
1.267770000000000000e+05
1.267780000000000000e+05
1.267790000000000000e+05
1.267810000000000000e+05
1.267820000000000000e+05
1.268380000000000000e+05
1.268470000000000000e+05
1.268500000000000000e+05
1.270560000000000000e+05
1.271890000000000000e+05
1.275300000000000000e+05
1.276100000000000000e+05
1.276140000000000000e+05
1.278230000000000000e+05
1.279180000000000000e+05
1.279200000000000000e+05
1.279610000000000000e+05
1.281630000000000000e+05
1.282950000000000000e+05
1.283330000000000000e+05
1.283510000000000000e+05
1.285470000000000000e+05
1.286690000000000000e+05
1.287030000000000000e+05
1.287060000000000000e+05
1.287070000000000000e+05
1.288240000000000000e+05
1.291010000000000000e+05
1.291020000000000000e+05
1.294930000000000000e+05
1.298430000000000000e+05
1.299320000000000000e+05
1.300050000000000000e+05
1.306190000000000000e+05
1.306740000000000000e+05
1.309740000000000000e+05
1.311070000000000000e+05
1.311200000000000000e+05
1.311350000000000000e+05
1.312470000000000000e+05
1.312480000000000000e+05
1.312930000000000000e+05
1.312940000000000000e+05
1.313010000000000000e+05
1.313030000000000000e+05
1.313520000000000000e+05
1.313880000000000000e+05
1.314120000000000000e+05
1.314630000000000000e+05
1.316390000000000000e+05
1.316670000000000000e+05
1.317270000000000000e+05
1.317390000000000000e+05
1.318740000000000000e+05
1.320740000000000000e+05
1.321200000000000000e+05
1.325890000000000000e+05
1.327470000000000000e+05
1.330810000000000000e+05
1.332720000000000000e+05
1.333610000000000000e+05
1.340750000000000000e+05
1.343860000000000000e+05
1.344400000000000000e+05
1.344920000000000000e+05
1.345150000000000000e+05
1.345160000000000000e+05
1.347520000000000000e+05
1.349940000000000000e+05
1.351780000000000000e+05
1.351800000000000000e+05
1.352290000000000000e+05
1.354140000000000000e+05
1.354150000000000000e+05
1.354170000000000000e+05
1.354180000000000000e+05
1.354190000000000000e+05
1.354200000000000000e+05
1.354280000000000000e+05
1.354290000000000000e+05
1.354300000000000000e+05
1.354310000000000000e+05
1.354320000000000000e+05
1.354330000000000000e+05
1.355220000000000000e+05
1.355350000000000000e+05
1.355360000000000000e+05
1.355370000000000000e+05
1.355380000000000000e+05
1.355390000000000000e+05
1.355470000000000000e+05
1.355870000000000000e+05
1.355950000000000000e+05
1.356950000000000000e+05
1.356960000000000000e+05
1.357000000000000000e+05
1.362530000000000000e+05
1.362540000000000000e+05
1.364590000000000000e+05
1.367300000000000000e+05
1.367640000000000000e+05
1.367650000000000000e+05
1.367670000000000000e+05
1.372030000000000000e+05
1.374040000000000000e+05
1.374980000000000000e+05
1.377590000000000000e+05
1.380420000000000000e+05
1.383620000000000000e+05
1.383850000000000000e+05
1.383870000000000000e+05
1.387140000000000000e+05
1.387820000000000000e+05
1.387830000000000000e+05
1.387840000000000000e+05
1.387850000000000000e+05
1.387860000000000000e+05
1.387870000000000000e+05
1.387880000000000000e+05
1.387890000000000000e+05
1.387900000000000000e+05
1.387920000000000000e+05
1.387930000000000000e+05
1.387940000000000000e+05
1.387950000000000000e+05
1.387960000000000000e+05
1.387970000000000000e+05
1.387980000000000000e+05
1.389430000000000000e+05
1.389490000000000000e+05
1.390240000000000000e+05
1.390720000000000000e+05
1.392230000000000000e+05
1.392240000000000000e+05
1.392250000000000000e+05
1.392310000000000000e+05
1.392320000000000000e+05
1.392330000000000000e+05
1.395580000000000000e+05
1.399000000000000000e+05
1.399230000000000000e+05
1.400310000000000000e+05
1.400350000000000000e+05
1.400360000000000000e+05
1.400370000000000000e+05
1.400380000000000000e+05
1.400390000000000000e+05
1.400410000000000000e+05
1.400460000000000000e+05
1.402280000000000000e+05
1.402300000000000000e+05
1.402310000000000000e+05
1.402330000000000000e+05
1.408070000000000000e+05
1.408080000000000000e+05
1.408090000000000000e+05
1.408110000000000000e+05
1.408180000000000000e+05
1.408560000000000000e+05
1.408570000000000000e+05
1.412980000000000000e+05
1.414130000000000000e+05
1.414240000000000000e+05
1.416310000000000000e+05
1.422170000000000000e+05
1.422840000000000000e+05
1.422920000000000000e+05
1.423490000000000000e+05
1.424610000000000000e+05
1.430780000000000000e+05
1.432590000000000000e+05
1.432630000000000000e+05
1.432660000000000000e+05
1.434870000000000000e+05
1.436000000000000000e+05
1.436240000000000000e+05
1.437970000000000000e+05
1.438470000000000000e+05
1.439310000000000000e+05
1.439440000000000000e+05
1.440180000000000000e+05
1.441280000000000000e+05
1.442880000000000000e+05
1.443540000000000000e+05
1.443550000000000000e+05
1.443560000000000000e+05
1.443570000000000000e+05
1.443580000000000000e+05
1.443590000000000000e+05
1.443600000000000000e+05
1.443610000000000000e+05
1.443620000000000000e+05
1.443630000000000000e+05
1.443640000000000000e+05
1.443660000000000000e+05
1.446240000000000000e+05
1.447730000000000000e+05
1.451840000000000000e+05
1.455060000000000000e+05
1.455120000000000000e+05
1.456580000000000000e+05
1.457040000000000000e+05
1.459420000000000000e+05
1.460810000000000000e+05
1.462110000000000000e+05
1.462690000000000000e+05
1.462950000000000000e+05
1.464360000000000000e+05
1.464890000000000000e+05
1.467180000000000000e+05
1.467370000000000000e+05
1.467390000000000000e+05
1.467560000000000000e+05
1.468100000000000000e+05
1.468140000000000000e+05
1.468150000000000000e+05
1.468550000000000000e+05
1.470050000000000000e+05
1.470570000000000000e+05
1.471290000000000000e+05
1.474130000000000000e+05
1.474690000000000000e+05
1.477330000000000000e+05
1.478330000000000000e+05
1.478350000000000000e+05
1.479870000000000000e+05
1.479880000000000000e+05
1.480840000000000000e+05
1.481310000000000000e+05
1.483460000000000000e+05
1.483880000000000000e+05
1.483900000000000000e+05
1.483950000000000000e+05
1.483970000000000000e+05
1.484940000000000000e+05
1.485530000000000000e+05
1.488030000000000000e+05
1.488180000000000000e+05
1.490070000000000000e+05
1.491270000000000000e+05
1.491450000000000000e+05
1.491480000000000000e+05
1.491780000000000000e+05
1.492980000000000000e+05
1.493000000000000000e+05
1.497270000000000000e+05
1.498200000000000000e+05
1.498410000000000000e+05
1.498420000000000000e+05
1.505690000000000000e+05
1.507050000000000000e+05
1.509920000000000000e+05
1.514040000000000000e+05
1.516140000000000000e+05
1.519640000000000000e+05
1.519650000000000000e+05
1.521610000000000000e+05
1.521690000000000000e+05
1.521910000000000000e+05
1.521950000000000000e+05
1.522010000000000000e+05
1.522740000000000000e+05
1.522750000000000000e+05
1.522760000000000000e+05
1.522770000000000000e+05
1.523210000000000000e+05
1.526410000000000000e+05
1.531050000000000000e+05
1.537150000000000000e+05
1.537450000000000000e+05
1.538350000000000000e+05
1.539660000000000000e+05
1.540320000000000000e+05
1.540600000000000000e+05
1.548280000000000000e+05
1.551410000000000000e+05
1.556790000000000000e+05
1.557160000000000000e+05
1.558880000000000000e+05
1.559720000000000000e+05
1.559830000000000000e+05
1.559970000000000000e+05
1.559980000000000000e+05
1.559990000000000000e+05
1.560020000000000000e+05
1.560030000000000000e+05
1.560090000000000000e+05
1.561070000000000000e+05
1.561080000000000000e+05
1.563590000000000000e+05
1.568060000000000000e+05
1.569630000000000000e+05
1.570240000000000000e+05
1.570390000000000000e+05
1.572490000000000000e+05
1.573260000000000000e+05
1.573280000000000000e+05
1.573340000000000000e+05
1.573910000000000000e+05
1.574030000000000000e+05
1.574040000000000000e+05
1.574270000000000000e+05
1.574620000000000000e+05
1.574750000000000000e+05
1.574760000000000000e+05
1.574770000000000000e+05
1.574780000000000000e+05
1.574790000000000000e+05
1.574850000000000000e+05
1.575270000000000000e+05
1.575280000000000000e+05
1.576200000000000000e+05
1.577710000000000000e+05
1.577740000000000000e+05
1.578620000000000000e+05
1.580590000000000000e+05
1.581260000000000000e+05
1.581580000000000000e+05
1.582100000000000000e+05
1.584270000000000000e+05
1.589120000000000000e+05
1.596140000000000000e+05
1.603980000000000000e+05
1.604040000000000000e+05
1.605040000000000000e+05
1.608010000000000000e+05
1.608020000000000000e+05
1.608030000000000000e+05
1.609540000000000000e+05
1.609690000000000000e+05
1.609740000000000000e+05
1.610080000000000000e+05
1.610110000000000000e+05
1.610150000000000000e+05
1.610170000000000000e+05
1.610240000000000000e+05
1.610680000000000000e+05
1.610690000000000000e+05
1.610700000000000000e+05
1.611560000000000000e+05
1.611980000000000000e+05
1.612280000000000000e+05
1.612370000000000000e+05
1.614970000000000000e+05
1.615540000000000000e+05
1.615930000000000000e+05
1.618160000000000000e+05
1.618170000000000000e+05
1.618250000000000000e+05
1.619260000000000000e+05
1.620100000000000000e+05
1.620110000000000000e+05
1.620120000000000000e+05
1.620130000000000000e+05
1.620140000000000000e+05
1.620150000000000000e+05
1.620160000000000000e+05
1.620170000000000000e+05
1.620180000000000000e+05
1.620190000000000000e+05
1.620200000000000000e+05
1.620210000000000000e+05
1.620220000000000000e+05
1.622580000000000000e+05
1.622590000000000000e+05
1.622610000000000000e+05
1.622620000000000000e+05
1.622640000000000000e+05
1.622650000000000000e+05
1.622660000000000000e+05
1.622680000000000000e+05
1.628550000000000000e+05
1.628830000000000000e+05
1.628840000000000000e+05
1.630070000000000000e+05
1.631250000000000000e+05
1.631500000000000000e+05
1.631570000000000000e+05
1.632180000000000000e+05
1.636370000000000000e+05
1.637270000000000000e+05
1.637280000000000000e+05
1.637600000000000000e+05
1.637650000000000000e+05
1.637660000000000000e+05
1.637670000000000000e+05
1.637680000000000000e+05
1.640280000000000000e+05
1.640830000000000000e+05
1.641320000000000000e+05
1.643320000000000000e+05
1.644350000000000000e+05
1.646350000000000000e+05
1.646380000000000000e+05
1.646450000000000000e+05
1.646860000000000000e+05
1.646870000000000000e+05
1.647150000000000000e+05
1.647330000000000000e+05
1.647580000000000000e+05
1.647950000000000000e+05
1.648010000000000000e+05
1.648930000000000000e+05
1.649620000000000000e+05
1.649630000000000000e+05
1.649890000000000000e+05
1.651630000000000000e+05
1.654620000000000000e+05
1.655630000000000000e+05
1.656560000000000000e+05
1.656570000000000000e+05
1.656700000000000000e+05
1.658630000000000000e+05
1.659790000000000000e+05
1.660970000000000000e+05
1.661760000000000000e+05
1.662220000000000000e+05
1.663430000000000000e+05
1.665670000000000000e+05
1.665680000000000000e+05
1.665690000000000000e+05
1.665700000000000000e+05
1.665710000000000000e+05
1.665720000000000000e+05
1.665730000000000000e+05
1.665740000000000000e+05
1.665750000000000000e+05
1.665760000000000000e+05
1.665780000000000000e+05
1.665790000000000000e+05
1.665800000000000000e+05
1.666510000000000000e+05
1.666580000000000000e+05
1.673890000000000000e+05
1.674790000000000000e+05
1.676470000000000000e+05
1.677160000000000000e+05
1.678820000000000000e+05
1.678930000000000000e+05
1.678940000000000000e+05
1.679150000000000000e+05
1.681170000000000000e+05
1.681560000000000000e+05
1.683380000000000000e+05
1.685540000000000000e+05
1.690170000000000000e+05
1.692610000000000000e+05
1.694670000000000000e+05
1.695910000000000000e+05
1.696060000000000000e+05
1.696830000000000000e+05
1.697670000000000000e+05
1.698250000000000000e+05
1.698480000000000000e+05
1.699870000000000000e+05
1.699890000000000000e+05
1.699900000000000000e+05
1.699910000000000000e+05
1.699920000000000000e+05
1.699930000000000000e+05
1.699940000000000000e+05
1.699950000000000000e+05
1.699960000000000000e+05
1.699970000000000000e+05
1.700430000000000000e+05
1.700440000000000000e+05
1.700590000000000000e+05
1.700980000000000000e+05
1.700990000000000000e+05
1.701070000000000000e+05
1.702710000000000000e+05
1.702720000000000000e+05
1.702730000000000000e+05
1.702770000000000000e+05
1.702780000000000000e+05
1.703150000000000000e+05
1.703230000000000000e+05
1.703950000000000000e+05
1.703970000000000000e+05
1.705350000000000000e+05
1.707070000000000000e+05
1.707290000000000000e+05
1.708920000000000000e+05
1.708940000000000000e+05
1.712180000000000000e+05
1.712190000000000000e+05
1.712300000000000000e+05
1.712340000000000000e+05
1.712380000000000000e+05
1.712600000000000000e+05
1.713260000000000000e+05
1.713460000000000000e+05
1.713490000000000000e+05
1.714890000000000000e+05
1.715190000000000000e+05
1.717310000000000000e+05
1.718260000000000000e+05
1.719850000000000000e+05
1.721230000000000000e+05
1.723740000000000000e+05
1.723750000000000000e+05
1.723760000000000000e+05
1.723770000000000000e+05
1.723780000000000000e+05
1.723790000000000000e+05
1.723800000000000000e+05
1.723810000000000000e+05
1.723820000000000000e+05
1.723830000000000000e+05
1.723840000000000000e+05
1.723850000000000000e+05
1.723870000000000000e+05
1.723880000000000000e+05
1.723900000000000000e+05
1.723910000000000000e+05
1.724750000000000000e+05
1.725700000000000000e+05
1.725750000000000000e+05
1.725770000000000000e+05
1.728850000000000000e+05
1.729420000000000000e+05
1.729600000000000000e+05
