2.100000000000000000e+01
2.400000000000000000e+01
6.200000000000000000e+01
9.600000000000000000e+01
1.250000000000000000e+02
1.780000000000000000e+02
1.790000000000000000e+02
1.960000000000000000e+02
2.130000000000000000e+02
3.120000000000000000e+02
3.150000000000000000e+02
3.520000000000000000e+02
3.570000000000000000e+02
3.580000000000000000e+02
3.900000000000000000e+02
3.930000000000000000e+02
3.940000000000000000e+02
4.100000000000000000e+02
5.850000000000000000e+02
5.860000000000000000e+02
5.870000000000000000e+02
6.340000000000000000e+02
6.490000000000000000e+02
1.028000000000000000e+03
1.029000000000000000e+03
1.354000000000000000e+03
1.355000000000000000e+03
1.400000000000000000e+03
1.427000000000000000e+03
1.440000000000000000e+03
1.631000000000000000e+03
1.632000000000000000e+03
1.869000000000000000e+03
1.871000000000000000e+03
1.888000000000000000e+03
1.889000000000000000e+03
1.890000000000000000e+03
1.891000000000000000e+03
1.892000000000000000e+03
1.893000000000000000e+03
1.894000000000000000e+03
1.895000000000000000e+03
1.897000000000000000e+03
1.968000000000000000e+03
1.970000000000000000e+03
1.971000000000000000e+03
1.987000000000000000e+03
2.150000000000000000e+03
2.202000000000000000e+03
2.386000000000000000e+03
2.464000000000000000e+03
2.514000000000000000e+03
2.986000000000000000e+03
3.239000000000000000e+03
3.453000000000000000e+03
3.988000000000000000e+03
3.989000000000000000e+03
4.303000000000000000e+03
4.307000000000000000e+03
4.308000000000000000e+03
4.430000000000000000e+03
4.432000000000000000e+03
4.740000000000000000e+03
4.826000000000000000e+03
5.165000000000000000e+03
5.888000000000000000e+03
5.983000000000000000e+03
6.034000000000000000e+03
6.045000000000000000e+03
6.046000000000000000e+03
6.079000000000000000e+03
6.084000000000000000e+03
6.313000000000000000e+03
6.376000000000000000e+03
6.378000000000000000e+03
6.379000000000000000e+03
6.437000000000000000e+03
6.761000000000000000e+03
6.800000000000000000e+03
6.827000000000000000e+03
6.835000000000000000e+03
6.957000000000000000e+03
7.241000000000000000e+03
7.273000000000000000e+03
7.571000000000000000e+03
7.597000000000000000e+03
7.612000000000000000e+03
7.614000000000000000e+03
7.619000000000000000e+03
7.642000000000000000e+03
7.663000000000000000e+03
7.697000000000000000e+03
7.738000000000000000e+03
7.757000000000000000e+03
7.783000000000000000e+03
7.801000000000000000e+03
7.845000000000000000e+03
7.855000000000000000e+03
7.856000000000000000e+03
7.898000000000000000e+03
8.116000000000000000e+03
8.118000000000000000e+03
8.119000000000000000e+03
8.121000000000000000e+03
8.122000000000000000e+03
8.196000000000000000e+03
8.349000000000000000e+03
8.559000000000000000e+03
8.607000000000000000e+03
9.479000000000000000e+03
9.480000000000000000e+03
9.481000000000000000e+03
9.598000000000000000e+03
9.631000000000000000e+03
9.632000000000000000e+03
9.633000000000000000e+03
9.634000000000000000e+03
9.636000000000000000e+03
9.637000000000000000e+03
9.638000000000000000e+03
9.639000000000000000e+03
9.640000000000000000e+03
9.803000000000000000e+03
9.888000000000000000e+03
1.007100000000000000e+04
1.011900000000000000e+04
1.028700000000000000e+04
1.034600000000000000e+04
1.039300000000000000e+04
1.083000000000000000e+04
1.086200000000000000e+04
1.112200000000000000e+04
1.114200000000000000e+04
1.116700000000000000e+04
1.117000000000000000e+04
1.178600000000000000e+04
1.201900000000000000e+04
1.274800000000000000e+04
1.301200000000000000e+04
1.327500000000000000e+04
1.327700000000000000e+04
1.327900000000000000e+04
1.329900000000000000e+04
1.330200000000000000e+04
1.366700000000000000e+04
1.366800000000000000e+04
1.367600000000000000e+04
1.368000000000000000e+04
1.368200000000000000e+04
1.368400000000000000e+04
1.368500000000000000e+04
1.368700000000000000e+04
1.369100000000000000e+04
1.369300000000000000e+04
1.369400000000000000e+04
1.369500000000000000e+04
1.369600000000000000e+04
1.369700000000000000e+04
1.369800000000000000e+04
1.369900000000000000e+04
1.370000000000000000e+04
1.370100000000000000e+04
1.370200000000000000e+04
1.370300000000000000e+04
1.370500000000000000e+04
1.370600000000000000e+04
1.370700000000000000e+04
1.370800000000000000e+04
1.370900000000000000e+04
1.371000000000000000e+04
1.371100000000000000e+04
1.371200000000000000e+04
1.371300000000000000e+04
1.371400000000000000e+04
1.371600000000000000e+04
1.371700000000000000e+04
1.371800000000000000e+04
1.371900000000000000e+04
1.372000000000000000e+04
1.372100000000000000e+04
1.372200000000000000e+04
1.372300000000000000e+04
1.372400000000000000e+04
1.372500000000000000e+04
1.372600000000000000e+04
1.372700000000000000e+04
1.372800000000000000e+04
1.372900000000000000e+04
1.373000000000000000e+04
1.373100000000000000e+04
1.373200000000000000e+04
1.373400000000000000e+04
1.373500000000000000e+04
1.373600000000000000e+04
1.373700000000000000e+04
1.375100000000000000e+04
1.378100000000000000e+04
1.378500000000000000e+04
1.387200000000000000e+04
1.404300000000000000e+04
1.404500000000000000e+04
1.419900000000000000e+04
1.435200000000000000e+04
1.568100000000000000e+04
1.606100000000000000e+04
1.606200000000000000e+04
1.615300000000000000e+04
1.676200000000000000e+04
1.679000000000000000e+04
1.686500000000000000e+04
1.686600000000000000e+04
1.686800000000000000e+04
1.689800000000000000e+04
1.698200000000000000e+04
1.700600000000000000e+04
1.705000000000000000e+04
1.705100000000000000e+04
1.705400000000000000e+04
1.732400000000000000e+04
1.732500000000000000e+04
1.732600000000000000e+04
1.732700000000000000e+04
1.732900000000000000e+04
1.733200000000000000e+04
1.733500000000000000e+04
1.733600000000000000e+04
1.733700000000000000e+04
1.733900000000000000e+04
1.734000000000000000e+04
1.734300000000000000e+04
1.734600000000000000e+04
1.757700000000000000e+04
1.758800000000000000e+04
1.758900000000000000e+04
1.789800000000000000e+04
1.816600000000000000e+04
1.820400000000000000e+04
1.820500000000000000e+04
1.820800000000000000e+04
1.823800000000000000e+04
1.823900000000000000e+04
1.824000000000000000e+04
1.824500000000000000e+04
1.858000000000000000e+04
1.865600000000000000e+04
1.871900000000000000e+04
1.877200000000000000e+04
1.877800000000000000e+04
1.878000000000000000e+04
1.880400000000000000e+04
1.880500000000000000e+04
1.880600000000000000e+04
1.882000000000000000e+04
1.882600000000000000e+04
1.887600000000000000e+04
1.889300000000000000e+04
1.889400000000000000e+04
1.919000000000000000e+04
1.926300000000000000e+04
1.927100000000000000e+04
1.931300000000000000e+04
1.975700000000000000e+04
1.983900000000000000e+04
1.985500000000000000e+04
1.985600000000000000e+04
1.987400000000000000e+04
2.032500000000000000e+04
2.105000000000000000e+04
2.108700000000000000e+04
2.109500000000000000e+04
2.113900000000000000e+04
2.114900000000000000e+04
2.116900000000000000e+04
2.117100000000000000e+04
2.117200000000000000e+04
2.117400000000000000e+04
2.117500000000000000e+04
2.117600000000000000e+04
2.121700000000000000e+04
2.121800000000000000e+04
2.130700000000000000e+04
2.190400000000000000e+04
2.190500000000000000e+04
2.190700000000000000e+04
2.216900000000000000e+04
2.226700000000000000e+04
2.234000000000000000e+04
2.239100000000000000e+04
2.247900000000000000e+04
2.260600000000000000e+04
2.266400000000000000e+04
2.276100000000000000e+04
2.276200000000000000e+04
2.279100000000000000e+04
2.282700000000000000e+04
2.283400000000000000e+04
2.285000000000000000e+04
2.285500000000000000e+04
2.290700000000000000e+04
2.290800000000000000e+04
2.309400000000000000e+04
2.315600000000000000e+04
2.316500000000000000e+04
2.317100000000000000e+04
2.334800000000000000e+04
2.388700000000000000e+04
2.396200000000000000e+04
2.396900000000000000e+04
2.436400000000000000e+04
2.444400000000000000e+04
2.475000000000000000e+04
2.497600000000000000e+04
2.525300000000000000e+04
2.525400000000000000e+04
2.525500000000000000e+04
2.525600000000000000e+04
2.528500000000000000e+04
2.533500000000000000e+04
2.564400000000000000e+04
2.577200000000000000e+04
2.578000000000000000e+04
2.608800000000000000e+04
2.612100000000000000e+04
2.612200000000000000e+04
2.612500000000000000e+04
2.629400000000000000e+04
2.629500000000000000e+04
2.629800000000000000e+04
2.630300000000000000e+04
2.637900000000000000e+04
2.638100000000000000e+04
2.642100000000000000e+04
2.642200000000000000e+04
2.642500000000000000e+04
2.644200000000000000e+04
2.644300000000000000e+04
2.644500000000000000e+04
2.644700000000000000e+04
2.645100000000000000e+04
2.649900000000000000e+04
2.650100000000000000e+04
2.662500000000000000e+04
2.673700000000000000e+04
2.677000000000000000e+04
2.677500000000000000e+04
2.678000000000000000e+04
2.706200000000000000e+04
2.707600000000000000e+04
2.710200000000000000e+04
2.723100000000000000e+04
2.723400000000000000e+04
2.748800000000000000e+04
2.748900000000000000e+04
2.753200000000000000e+04
2.755200000000000000e+04
2.758000000000000000e+04
2.787200000000000000e+04
2.787300000000000000e+04
2.829000000000000000e+04
2.859900000000000000e+04
2.864500000000000000e+04
2.865100000000000000e+04
2.869300000000000000e+04
2.874500000000000000e+04
2.876500000000000000e+04
2.876600000000000000e+04
2.955000000000000000e+04
2.980100000000000000e+04
3.017700000000000000e+04
3.017800000000000000e+04
3.024600000000000000e+04
3.033100000000000000e+04
3.049500000000000000e+04
3.056700000000000000e+04
3.071700000000000000e+04
3.075600000000000000e+04
3.075800000000000000e+04
3.075900000000000000e+04
3.078500000000000000e+04
3.079600000000000000e+04
3.087300000000000000e+04
3.090600000000000000e+04
3.090700000000000000e+04
3.090800000000000000e+04
3.091000000000000000e+04
3.107300000000000000e+04
3.107500000000000000e+04
3.108500000000000000e+04
3.108700000000000000e+04
3.108800000000000000e+04
3.108900000000000000e+04
3.109100000000000000e+04
3.114600000000000000e+04
3.121600000000000000e+04
3.123400000000000000e+04
3.123600000000000000e+04
3.123700000000000000e+04
3.128100000000000000e+04
3.128300000000000000e+04
3.129100000000000000e+04
3.129200000000000000e+04
3.129400000000000000e+04
3.136800000000000000e+04
3.142100000000000000e+04
3.142300000000000000e+04
3.142400000000000000e+04
3.142500000000000000e+04
3.142600000000000000e+04
3.142700000000000000e+04
3.143000000000000000e+04
3.144100000000000000e+04
3.144600000000000000e+04
3.154800000000000000e+04
3.156700000000000000e+04
3.156800000000000000e+04
3.156900000000000000e+04
3.157800000000000000e+04
3.159000000000000000e+04
3.165800000000000000e+04
3.166400000000000000e+04
3.175800000000000000e+04
3.185000000000000000e+04
3.192700000000000000e+04
3.192800000000000000e+04
3.192900000000000000e+04
3.199200000000000000e+04
3.203000000000000000e+04
3.204200000000000000e+04
3.213500000000000000e+04
3.226100000000000000e+04
3.231300000000000000e+04
3.231600000000000000e+04
3.231700000000000000e+04
3.231800000000000000e+04
3.235100000000000000e+04
3.255700000000000000e+04
3.255900000000000000e+04
3.256100000000000000e+04
3.257100000000000000e+04
3.257200000000000000e+04
3.257300000000000000e+04
3.260400000000000000e+04
3.260600000000000000e+04
3.260700000000000000e+04
3.262900000000000000e+04
3.270800000000000000e+04
3.274500000000000000e+04
3.274700000000000000e+04
3.284700000000000000e+04
3.360300000000000000e+04
3.360400000000000000e+04
3.360500000000000000e+04
3.360600000000000000e+04
3.360700000000000000e+04
3.360800000000000000e+04
3.360900000000000000e+04
3.361000000000000000e+04
3.361100000000000000e+04
3.364300000000000000e+04
3.372300000000000000e+04
3.439600000000000000e+04
3.449200000000000000e+04
3.454000000000000000e+04
3.454500000000000000e+04
3.540200000000000000e+04
3.542100000000000000e+04
3.543200000000000000e+04
3.567200000000000000e+04
3.575000000000000000e+04
3.597900000000000000e+04
3.598000000000000000e+04
3.608200000000000000e+04
3.608300000000000000e+04
3.608400000000000000e+04
3.619000000000000000e+04
3.626800000000000000e+04
3.628600000000000000e+04
3.634100000000000000e+04
3.634300000000000000e+04
3.657100000000000000e+04
3.660100000000000000e+04
3.660300000000000000e+04
3.661200000000000000e+04
3.662500000000000000e+04
3.671500000000000000e+04
3.705300000000000000e+04
3.758000000000000000e+04
3.790500000000000000e+04
3.797300000000000000e+04
3.835500000000000000e+04
3.847600000000000000e+04
3.847700000000000000e+04
3.847900000000000000e+04
3.848400000000000000e+04
3.848600000000000000e+04
3.848700000000000000e+04
3.871400000000000000e+04
3.871500000000000000e+04
3.872200000000000000e+04
3.886000000000000000e+04
3.904500000000000000e+04
3.906800000000000000e+04
3.906900000000000000e+04
3.907700000000000000e+04
3.930000000000000000e+04
3.967000000000000000e+04
3.967600000000000000e+04
3.974100000000000000e+04
3.978500000000000000e+04
3.978600000000000000e+04
3.978800000000000000e+04
3.978900000000000000e+04
3.985000000000000000e+04
3.995500000000000000e+04
4.002500000000000000e+04
4.029400000000000000e+04
4.032800000000000000e+04
4.069500000000000000e+04
4.071100000000000000e+04
4.086900000000000000e+04
4.087000000000000000e+04
4.089600000000000000e+04
4.089700000000000000e+04
4.099300000000000000e+04
4.108500000000000000e+04
4.116900000000000000e+04
4.119900000000000000e+04
4.121700000000000000e+04
4.125600000000000000e+04
4.125700000000000000e+04
4.133400000000000000e+04
4.173200000000000000e+04
4.177000000000000000e+04
4.185900000000000000e+04
4.206900000000000000e+04
4.223300000000000000e+04
4.252400000000000000e+04
4.264100000000000000e+04
4.264200000000000000e+04
4.264300000000000000e+04
4.264400000000000000e+04
4.265200000000000000e+04
4.277700000000000000e+04
4.277800000000000000e+04
4.277900000000000000e+04
4.283600000000000000e+04
4.283700000000000000e+04
4.283800000000000000e+04
4.283900000000000000e+04
4.284000000000000000e+04
4.284100000000000000e+04
4.284200000000000000e+04
4.284300000000000000e+04
4.284400000000000000e+04
4.284500000000000000e+04
4.284600000000000000e+04
4.284800000000000000e+04
4.286000000000000000e+04
4.293600000000000000e+04
4.306900000000000000e+04
4.319800000000000000e+04
4.319900000000000000e+04
4.330600000000000000e+04
4.339500000000000000e+04
4.339700000000000000e+04
4.350500000000000000e+04
4.375400000000000000e+04
4.376200000000000000e+04
4.376300000000000000e+04
4.376400000000000000e+04
4.376600000000000000e+04
4.378600000000000000e+04
4.380300000000000000e+04
4.381100000000000000e+04
4.388200000000000000e+04
4.388300000000000000e+04
4.388400000000000000e+04
4.388500000000000000e+04
4.388600000000000000e+04
4.388800000000000000e+04
4.388900000000000000e+04
4.397000000000000000e+04
4.400600000000000000e+04
4.400700000000000000e+04
4.400800000000000000e+04
4.400900000000000000e+04
4.401000000000000000e+04
4.401100000000000000e+04
4.404000000000000000e+04
4.407500000000000000e+04
4.407600000000000000e+04
4.410600000000000000e+04
4.422800000000000000e+04
4.422900000000000000e+04
4.424500000000000000e+04
4.424600000000000000e+04
4.433500000000000000e+04
4.457700000000000000e+04
4.470500000000000000e+04
4.481900000000000000e+04
4.482100000000000000e+04
4.485900000000000000e+04
4.487500000000000000e+04
4.501300000000000000e+04
4.502300000000000000e+04
4.512900000000000000e+04
4.513000000000000000e+04
4.513800000000000000e+04
4.529300000000000000e+04
4.532000000000000000e+04
4.532300000000000000e+04
4.532500000000000000e+04
4.532700000000000000e+04
4.547400000000000000e+04
4.602800000000000000e+04
4.603200000000000000e+04
4.603600000000000000e+04
4.603900000000000000e+04
4.609900000000000000e+04
4.628600000000000000e+04
4.628700000000000000e+04
4.647900000000000000e+04
4.654300000000000000e+04
4.660500000000000000e+04
4.663400000000000000e+04
4.690300000000000000e+04
4.690400000000000000e+04
4.721200000000000000e+04
4.755000000000000000e+04
4.769200000000000000e+04
4.779200000000000000e+04
4.779300000000000000e+04
4.779400000000000000e+04
4.779600000000000000e+04
4.779700000000000000e+04
4.779800000000000000e+04
4.779900000000000000e+04
4.780100000000000000e+04
4.780200000000000000e+04
4.780300000000000000e+04
4.780400000000000000e+04
4.780500000000000000e+04
4.780600000000000000e+04
4.780700000000000000e+04
4.780800000000000000e+04
4.780900000000000000e+04
4.781000000000000000e+04
4.781100000000000000e+04
4.781200000000000000e+04
4.781300000000000000e+04
4.781400000000000000e+04
4.781500000000000000e+04
4.781600000000000000e+04
4.781700000000000000e+04
4.781800000000000000e+04
4.782000000000000000e+04
4.782100000000000000e+04
4.782200000000000000e+04
4.782300000000000000e+04
4.782400000000000000e+04
4.782500000000000000e+04
4.782600000000000000e+04
4.785800000000000000e+04
4.788600000000000000e+04
4.794000000000000000e+04
4.794100000000000000e+04
4.794200000000000000e+04
4.794300000000000000e+04
4.794500000000000000e+04
4.794600000000000000e+04
4.794700000000000000e+04
4.794800000000000000e+04
4.795000000000000000e+04
4.795100000000000000e+04
4.795200000000000000e+04
4.795300000000000000e+04
4.795400000000000000e+04
4.795500000000000000e+04
4.795600000000000000e+04
4.795700000000000000e+04
4.795800000000000000e+04
4.796000000000000000e+04
4.796100000000000000e+04
4.796200000000000000e+04
4.796300000000000000e+04
4.801700000000000000e+04
4.811500000000000000e+04
4.848600000000000000e+04
4.850600000000000000e+04
4.850700000000000000e+04
4.850900000000000000e+04
4.859000000000000000e+04
4.868500000000000000e+04
4.879700000000000000e+04
4.883500000000000000e+04
4.916800000000000000e+04
4.918400000000000000e+04
4.918600000000000000e+04
4.934200000000000000e+04
4.966400000000000000e+04
4.966500000000000000e+04
4.966600000000000000e+04
4.966700000000000000e+04
4.966800000000000000e+04
4.967000000000000000e+04
4.967100000000000000e+04
4.967200000000000000e+04
4.967800000000000000e+04
4.983900000000000000e+04
5.018800000000000000e+04
5.031100000000000000e+04
5.045200000000000000e+04
5.046200000000000000e+04
5.064200000000000000e+04
5.064300000000000000e+04
5.064400000000000000e+04
5.064500000000000000e+04
5.065200000000000000e+04
5.065300000000000000e+04
5.065400000000000000e+04
5.065500000000000000e+04
5.069300000000000000e+04
5.070200000000000000e+04
5.070800000000000000e+04
5.071000000000000000e+04
5.081900000000000000e+04
5.082000000000000000e+04
5.085100000000000000e+04
5.105900000000000000e+04
5.110900000000000000e+04
5.126300000000000000e+04
5.130700000000000000e+04
5.140800000000000000e+04
5.147900000000000000e+04
5.148700000000000000e+04
5.151200000000000000e+04
5.159300000000000000e+04
5.159400000000000000e+04
5.159500000000000000e+04
5.159600000000000000e+04
5.159700000000000000e+04
5.159800000000000000e+04
5.160000000000000000e+04
5.160100000000000000e+04
5.160200000000000000e+04
5.160300000000000000e+04
5.160500000000000000e+04
5.160800000000000000e+04
5.160900000000000000e+04
5.161100000000000000e+04
5.161200000000000000e+04
5.161300000000000000e+04
5.161400000000000000e+04
5.161600000000000000e+04
5.161700000000000000e+04
5.161800000000000000e+04
5.161900000000000000e+04
5.162000000000000000e+04
5.162100000000000000e+04
5.162200000000000000e+04
5.162300000000000000e+04
5.162500000000000000e+04
5.162600000000000000e+04
5.162700000000000000e+04
5.162800000000000000e+04
5.162900000000000000e+04
5.163000000000000000e+04
5.163200000000000000e+04
5.163300000000000000e+04
5.163400000000000000e+04
5.163500000000000000e+04
5.163600000000000000e+04
5.163700000000000000e+04
5.163900000000000000e+04
5.164000000000000000e+04
5.164200000000000000e+04
5.164300000000000000e+04
5.164400000000000000e+04
5.164500000000000000e+04
5.164800000000000000e+04
5.164900000000000000e+04
5.165700000000000000e+04
5.168400000000000000e+04
5.179300000000000000e+04
5.195400000000000000e+04
5.195700000000000000e+04
5.202700000000000000e+04
5.209600000000000000e+04
5.210900000000000000e+04
5.211700000000000000e+04
5.211800000000000000e+04
5.212200000000000000e+04
5.214100000000000000e+04
5.249100000000000000e+04
5.256400000000000000e+04
5.257100000000000000e+04
5.257700000000000000e+04
5.258900000000000000e+04
5.261200000000000000e+04
5.267200000000000000e+04
5.274200000000000000e+04
5.278700000000000000e+04
5.291000000000000000e+04
5.326700000000000000e+04
5.344700000000000000e+04
5.345400000000000000e+04
5.345500000000000000e+04
5.345600000000000000e+04
5.346600000000000000e+04
5.346700000000000000e+04
5.348000000000000000e+04
5.348100000000000000e+04
5.348400000000000000e+04
5.348700000000000000e+04
5.348800000000000000e+04
5.348900000000000000e+04
5.349000000000000000e+04
5.349300000000000000e+04
5.349400000000000000e+04
5.352900000000000000e+04
5.353200000000000000e+04
5.355900000000000000e+04
5.392500000000000000e+04
5.392600000000000000e+04
5.392800000000000000e+04
5.392900000000000000e+04
5.393000000000000000e+04
5.393300000000000000e+04
5.393400000000000000e+04
5.402200000000000000e+04
5.402300000000000000e+04
5.402400000000000000e+04
5.402700000000000000e+04
5.403400000000000000e+04
5.409600000000000000e+04
5.420800000000000000e+04
5.429700000000000000e+04
5.429900000000000000e+04
5.430100000000000000e+04
5.430200000000000000e+04
5.430300000000000000e+04
5.430400000000000000e+04
5.430500000000000000e+04
5.430600000000000000e+04
5.430900000000000000e+04
5.431100000000000000e+04
5.431300000000000000e+04
5.431600000000000000e+04
5.431900000000000000e+04
5.432000000000000000e+04
5.432100000000000000e+04
5.432200000000000000e+04
5.432300000000000000e+04
5.432400000000000000e+04
5.432500000000000000e+04
5.432600000000000000e+04
5.432800000000000000e+04
5.432900000000000000e+04
5.433000000000000000e+04
5.433100000000000000e+04
5.433200000000000000e+04
5.433300000000000000e+04
5.433400000000000000e+04
5.433600000000000000e+04
5.433700000000000000e+04
5.433800000000000000e+04
5.433900000000000000e+04
5.434100000000000000e+04
5.434200000000000000e+04
5.434400000000000000e+04
5.434500000000000000e+04
5.434600000000000000e+04
5.434700000000000000e+04
5.434800000000000000e+04
5.434900000000000000e+04
5.435000000000000000e+04
5.435100000000000000e+04
5.435200000000000000e+04
5.435300000000000000e+04
5.435400000000000000e+04
5.435600000000000000e+04
5.435700000000000000e+04
5.435800000000000000e+04
5.435900000000000000e+04
5.436000000000000000e+04
5.436200000000000000e+04
5.436300000000000000e+04
5.436500000000000000e+04
5.436700000000000000e+04
5.436800000000000000e+04
5.436900000000000000e+04
5.437000000000000000e+04
5.437100000000000000e+04
5.437200000000000000e+04
5.437300000000000000e+04
5.437400000000000000e+04
5.437500000000000000e+04
5.437600000000000000e+04
5.437700000000000000e+04
5.437800000000000000e+04
5.437900000000000000e+04
5.438000000000000000e+04
5.438100000000000000e+04
5.438200000000000000e+04
5.438300000000000000e+04
5.438400000000000000e+04
5.438500000000000000e+04
5.438600000000000000e+04
5.438700000000000000e+04
5.438800000000000000e+04
5.438900000000000000e+04
5.439000000000000000e+04
5.439100000000000000e+04
5.439200000000000000e+04
5.439300000000000000e+04
5.439400000000000000e+04
5.439500000000000000e+04
5.439600000000000000e+04
5.439700000000000000e+04
5.439800000000000000e+04
5.439900000000000000e+04
5.440000000000000000e+04
5.440100000000000000e+04
5.440200000000000000e+04
5.440300000000000000e+04
5.440400000000000000e+04
5.440500000000000000e+04
5.440600000000000000e+04
5.440700000000000000e+04
5.440800000000000000e+04
5.440900000000000000e+04
5.441000000000000000e+04
5.441200000000000000e+04
5.441300000000000000e+04
5.441400000000000000e+04
5.441500000000000000e+04
5.441600000000000000e+04
5.441700000000000000e+04
5.441800000000000000e+04
5.441900000000000000e+04
5.442000000000000000e+04
5.442100000000000000e+04
5.442200000000000000e+04
5.442300000000000000e+04
5.442400000000000000e+04
5.442500000000000000e+04
5.442600000000000000e+04
5.442800000000000000e+04
5.442900000000000000e+04
5.443000000000000000e+04
5.443100000000000000e+04
5.443200000000000000e+04
5.443300000000000000e+04
5.443400000000000000e+04
5.443500000000000000e+04
5.443600000000000000e+04
5.443700000000000000e+04
5.443800000000000000e+04
5.443900000000000000e+04
5.444000000000000000e+04
5.444100000000000000e+04
5.444200000000000000e+04
5.444600000000000000e+04
5.461000000000000000e+04
5.473100000000000000e+04
5.477000000000000000e+04
5.496700000000000000e+04
5.498600000000000000e+04
5.502400000000000000e+04
5.502700000000000000e+04
5.502800000000000000e+04
5.503000000000000000e+04
5.503100000000000000e+04
5.503200000000000000e+04
5.503300000000000000e+04
5.503400000000000000e+04
5.503500000000000000e+04
5.503600000000000000e+04
5.503700000000000000e+04
5.503900000000000000e+04
5.504000000000000000e+04
5.504100000000000000e+04
5.504200000000000000e+04
5.504300000000000000e+04
5.504500000000000000e+04
5.504600000000000000e+04
5.504800000000000000e+04
5.504900000000000000e+04
5.505000000000000000e+04
5.505100000000000000e+04
5.505200000000000000e+04
5.505300000000000000e+04
5.505400000000000000e+04
5.505500000000000000e+04
5.505600000000000000e+04
5.505700000000000000e+04
5.505800000000000000e+04
5.505900000000000000e+04
5.506000000000000000e+04
5.506100000000000000e+04
5.506300000000000000e+04
5.506400000000000000e+04
5.506500000000000000e+04
5.506600000000000000e+04
5.506700000000000000e+04
5.506800000000000000e+04
5.506900000000000000e+04
5.507000000000000000e+04
5.517900000000000000e+04
5.520000000000000000e+04
5.520100000000000000e+04
5.520200000000000000e+04
5.535100000000000000e+04
5.535200000000000000e+04
5.535300000000000000e+04
5.535400000000000000e+04
5.535500000000000000e+04
5.554100000000000000e+04
5.571600000000000000e+04
5.586600000000000000e+04
5.589400000000000000e+04
5.590300000000000000e+04
5.597700000000000000e+04
5.597800000000000000e+04
5.605000000000000000e+04
5.605100000000000000e+04
5.605700000000000000e+04
5.610200000000000000e+04
5.613900000000000000e+04
5.614000000000000000e+04
5.619000000000000000e+04
5.621100000000000000e+04
5.621300000000000000e+04
5.633100000000000000e+04
5.644400000000000000e+04
5.659100000000000000e+04
5.659200000000000000e+04
5.659300000000000000e+04
5.659400000000000000e+04
5.659500000000000000e+04
5.659600000000000000e+04
5.659700000000000000e+04
5.659800000000000000e+04
5.659900000000000000e+04
5.660000000000000000e+04
5.660100000000000000e+04
5.660200000000000000e+04
5.660300000000000000e+04
5.660400000000000000e+04
5.660500000000000000e+04
5.660700000000000000e+04
5.660800000000000000e+04
5.661000000000000000e+04
5.661200000000000000e+04
5.661300000000000000e+04
5.665600000000000000e+04
5.665900000000000000e+04
5.666500000000000000e+04
5.671300000000000000e+04
5.679100000000000000e+04
5.682500000000000000e+04
5.696900000000000000e+04
5.698200000000000000e+04
5.698400000000000000e+04
5.703700000000000000e+04
5.704600000000000000e+04
5.707100000000000000e+04
5.707200000000000000e+04
5.728700000000000000e+04
5.741100000000000000e+04
5.741200000000000000e+04
5.744100000000000000e+04
5.744200000000000000e+04
5.744300000000000000e+04
5.744400000000000000e+04
5.744500000000000000e+04
5.766000000000000000e+04
5.771300000000000000e+04
5.772000000000000000e+04
5.772700000000000000e+04
5.778500000000000000e+04
5.779400000000000000e+04
5.791800000000000000e+04
5.791900000000000000e+04
5.792000000000000000e+04
5.792100000000000000e+04
5.794100000000000000e+04
5.809500000000000000e+04
5.809900000000000000e+04
5.810100000000000000e+04
5.810200000000000000e+04
5.810300000000000000e+04
5.816800000000000000e+04
5.825900000000000000e+04
5.833300000000000000e+04
5.841600000000000000e+04
5.842500000000000000e+04
5.859100000000000000e+04
5.878800000000000000e+04
5.883000000000000000e+04
5.918200000000000000e+04
5.945600000000000000e+04
5.965200000000000000e+04
5.968500000000000000e+04
5.968700000000000000e+04
5.979400000000000000e+04
5.984800000000000000e+04
5.997800000000000000e+04
6.000200000000000000e+04
6.002700000000000000e+04
6.010000000000000000e+04
6.010100000000000000e+04
6.014600000000000000e+04
6.031500000000000000e+04
6.031600000000000000e+04
6.031700000000000000e+04
6.057800000000000000e+04
6.090900000000000000e+04
6.091400000000000000e+04
6.094200000000000000e+04
6.094600000000000000e+04
6.094700000000000000e+04
6.095400000000000000e+04
6.095500000000000000e+04
6.095600000000000000e+04
6.109600000000000000e+04
6.110400000000000000e+04
6.110600000000000000e+04
6.110700000000000000e+04
6.110800000000000000e+04
6.111000000000000000e+04
6.111300000000000000e+04
6.111500000000000000e+04
6.111600000000000000e+04
6.111800000000000000e+04
6.111900000000000000e+04
6.112000000000000000e+04
6.112100000000000000e+04
6.112200000000000000e+04
6.112300000000000000e+04
6.112500000000000000e+04
6.112700000000000000e+04
6.112900000000000000e+04
6.113000000000000000e+04
6.113200000000000000e+04
6.113500000000000000e+04
6.113900000000000000e+04
6.114000000000000000e+04
6.122200000000000000e+04
6.132900000000000000e+04
6.133000000000000000e+04
6.133100000000000000e+04
6.150400000000000000e+04
6.150500000000000000e+04
6.155200000000000000e+04
6.164400000000000000e+04
6.168500000000000000e+04
6.175000000000000000e+04
6.187400000000000000e+04
6.190400000000000000e+04
6.202900000000000000e+04
6.220900000000000000e+04
6.221000000000000000e+04
6.221100000000000000e+04
6.221200000000000000e+04
6.221300000000000000e+04
6.221500000000000000e+04
6.221600000000000000e+04
6.221800000000000000e+04
6.221900000000000000e+04
6.222000000000000000e+04
6.222100000000000000e+04
6.222300000000000000e+04
6.242200000000000000e+04
6.244300000000000000e+04
6.246900000000000000e+04
6.247100000000000000e+04
6.247300000000000000e+04
6.255200000000000000e+04
6.255700000000000000e+04
6.280200000000000000e+04
6.280300000000000000e+04
6.280400000000000000e+04
6.280500000000000000e+04
6.280600000000000000e+04
6.280700000000000000e+04
6.280800000000000000e+04
6.280900000000000000e+04
6.281000000000000000e+04
6.281100000000000000e+04
6.281200000000000000e+04
6.281300000000000000e+04
6.281400000000000000e+04
6.281500000000000000e+04
6.286200000000000000e+04
6.294700000000000000e+04
6.298400000000000000e+04
6.298500000000000000e+04
6.312400000000000000e+04
6.313400000000000000e+04
6.361600000000000000e+04
6.363400000000000000e+04
6.363500000000000000e+04
6.367800000000000000e+04
6.367900000000000000e+04
6.368000000000000000e+04
6.368100000000000000e+04
6.368200000000000000e+04
6.379300000000000000e+04
6.406700000000000000e+04
6.409000000000000000e+04
6.409400000000000000e+04
6.409500000000000000e+04
6.418400000000000000e+04
6.428100000000000000e+04
6.432700000000000000e+04
6.433500000000000000e+04
6.436200000000000000e+04
6.437700000000000000e+04
6.439000000000000000e+04
6.445000000000000000e+04
6.445200000000000000e+04
6.445500000000000000e+04
6.455100000000000000e+04
6.456400000000000000e+04
6.468900000000000000e+04
6.469000000000000000e+04
6.469100000000000000e+04
6.469700000000000000e+04
6.469800000000000000e+04
6.472800000000000000e+04
6.474900000000000000e+04
6.478200000000000000e+04
6.478300000000000000e+04
6.483000000000000000e+04
6.483300000000000000e+04
6.492000000000000000e+04
6.493100000000000000e+04
6.504900000000000000e+04
6.505100000000000000e+04
6.505200000000000000e+04
6.505300000000000000e+04
6.505400000000000000e+04
6.505600000000000000e+04
6.505800000000000000e+04
6.505900000000000000e+04
6.506000000000000000e+04
6.506100000000000000e+04
6.506500000000000000e+04
6.506600000000000000e+04
6.506700000000000000e+04
6.507000000000000000e+04
6.507100000000000000e+04
6.507200000000000000e+04
6.507300000000000000e+04
6.507400000000000000e+04
6.507500000000000000e+04
6.507700000000000000e+04
6.507800000000000000e+04
6.507900000000000000e+04
6.508000000000000000e+04
6.508100000000000000e+04
6.508200000000000000e+04
6.508300000000000000e+04
6.508400000000000000e+04
6.508500000000000000e+04
6.508600000000000000e+04
6.508700000000000000e+04
6.508800000000000000e+04
6.508900000000000000e+04
6.517800000000000000e+04
6.520200000000000000e+04
6.524700000000000000e+04
6.525400000000000000e+04
6.534400000000000000e+04
6.534500000000000000e+04
6.534600000000000000e+04
6.534700000000000000e+04
6.535800000000000000e+04
6.540600000000000000e+04
6.544200000000000000e+04
6.544300000000000000e+04
6.544400000000000000e+04
6.544500000000000000e+04
6.544600000000000000e+04
6.544800000000000000e+04
6.550800000000000000e+04
6.550900000000000000e+04
6.556100000000000000e+04
6.556200000000000000e+04
6.556400000000000000e+04
6.572100000000000000e+04
6.582000000000000000e+04
6.582100000000000000e+04
6.582400000000000000e+04
6.591500000000000000e+04
6.601200000000000000e+04
6.610700000000000000e+04
6.611200000000000000e+04
6.613600000000000000e+04
6.613800000000000000e+04
6.617200000000000000e+04
6.617500000000000000e+04
6.626900000000000000e+04
6.627000000000000000e+04
6.627100000000000000e+04
6.627200000000000000e+04
6.627300000000000000e+04
6.627500000000000000e+04
6.630700000000000000e+04
6.631000000000000000e+04
6.631200000000000000e+04
6.632300000000000000e+04
6.645600000000000000e+04
6.648200000000000000e+04
6.662400000000000000e+04
6.662900000000000000e+04
6.666000000000000000e+04
6.672900000000000000e+04
6.675000000000000000e+04
6.679900000000000000e+04
6.680200000000000000e+04
6.681500000000000000e+04
6.681600000000000000e+04
6.684900000000000000e+04
6.688500000000000000e+04
6.697700000000000000e+04
6.698500000000000000e+04
6.698700000000000000e+04
6.711100000000000000e+04
6.711200000000000000e+04
6.721800000000000000e+04
6.721900000000000000e+04
6.722000000000000000e+04
6.722100000000000000e+04
6.723100000000000000e+04
6.724400000000000000e+04
6.724500000000000000e+04
6.725200000000000000e+04
6.731200000000000000e+04
6.733200000000000000e+04
6.734400000000000000e+04
6.745800000000000000e+04
6.746000000000000000e+04
6.746200000000000000e+04
6.746300000000000000e+04
6.747000000000000000e+04
6.753000000000000000e+04
6.753200000000000000e+04
6.781800000000000000e+04
6.781900000000000000e+04
6.782000000000000000e+04
6.782100000000000000e+04
6.783800000000000000e+04
6.800200000000000000e+04
6.800300000000000000e+04
6.800400000000000000e+04
6.800600000000000000e+04
6.803600000000000000e+04
6.807300000000000000e+04
6.819700000000000000e+04
6.825900000000000000e+04
6.826000000000000000e+04
6.829600000000000000e+04
6.842900000000000000e+04
6.845200000000000000e+04
6.845300000000000000e+04
6.845400000000000000e+04
6.845500000000000000e+04
6.845600000000000000e+04
6.849300000000000000e+04
6.855700000000000000e+04
6.857100000000000000e+04
6.857500000000000000e+04
6.897500000000000000e+04
6.897800000000000000e+04
6.902200000000000000e+04
6.904100000000000000e+04
6.905600000000000000e+04
6.926100000000000000e+04
6.926700000000000000e+04
6.926900000000000000e+04
6.930800000000000000e+04
6.937500000000000000e+04
7.033000000000000000e+04
7.040600000000000000e+04
7.044000000000000000e+04
7.044200000000000000e+04
7.044300000000000000e+04
7.044500000000000000e+04
7.045000000000000000e+04
7.047600000000000000e+04
7.049000000000000000e+04
7.063100000000000000e+04
7.063200000000000000e+04
7.071300000000000000e+04
7.071400000000000000e+04
7.071500000000000000e+04
7.071600000000000000e+04
7.071700000000000000e+04
7.072000000000000000e+04
7.072100000000000000e+04
7.072300000000000000e+04
7.072500000000000000e+04
7.072600000000000000e+04
7.072800000000000000e+04
7.078500000000000000e+04
7.088300000000000000e+04
7.088500000000000000e+04
7.101600000000000000e+04
7.101700000000000000e+04
7.101900000000000000e+04
7.111500000000000000e+04
7.126700000000000000e+04
7.135900000000000000e+04
7.155000000000000000e+04
7.178800000000000000e+04
7.179200000000000000e+04
7.186900000000000000e+04
7.208100000000000000e+04
7.208300000000000000e+04
7.208400000000000000e+04
7.208700000000000000e+04
7.208900000000000000e+04
7.209000000000000000e+04
7.209100000000000000e+04
7.214700000000000000e+04
7.232300000000000000e+04
7.232400000000000000e+04
7.253900000000000000e+04
7.255900000000000000e+04
7.261400000000000000e+04
7.261700000000000000e+04
7.269600000000000000e+04
7.274100000000000000e+04
7.276800000000000000e+04
7.277000000000000000e+04
7.277100000000000000e+04
7.277300000000000000e+04
7.277600000000000000e+04
7.277900000000000000e+04
7.278100000000000000e+04
7.278200000000000000e+04
7.280900000000000000e+04
7.281000000000000000e+04
7.281100000000000000e+04
7.281200000000000000e+04
7.287800000000000000e+04
7.290900000000000000e+04
7.291200000000000000e+04
7.291300000000000000e+04
7.291500000000000000e+04
7.291700000000000000e+04
7.291800000000000000e+04
7.293500000000000000e+04
7.293700000000000000e+04
7.294000000000000000e+04
7.306800000000000000e+04
7.306900000000000000e+04
7.308000000000000000e+04
7.308100000000000000e+04
7.308200000000000000e+04
7.308300000000000000e+04
7.308400000000000000e+04
7.313600000000000000e+04
7.314000000000000000e+04
7.314900000000000000e+04
7.330800000000000000e+04
7.330900000000000000e+04
7.331000000000000000e+04
7.331100000000000000e+04
7.333600000000000000e+04
7.345500000000000000e+04
7.348400000000000000e+04
7.348500000000000000e+04
7.361000000000000000e+04
7.361200000000000000e+04
7.362900000000000000e+04
7.363000000000000000e+04
7.363100000000000000e+04
7.363200000000000000e+04
7.363800000000000000e+04
7.364200000000000000e+04
7.364600000000000000e+04
7.372500000000000000e+04
7.396500000000000000e+04
7.396700000000000000e+04
7.396800000000000000e+04
7.404600000000000000e+04
7.404700000000000000e+04
7.404800000000000000e+04
7.404900000000000000e+04
7.405000000000000000e+04
7.405100000000000000e+04
7.416100000000000000e+04
7.416700000000000000e+04
7.418300000000000000e+04
7.419500000000000000e+04
7.421900000000000000e+04
7.430200000000000000e+04
7.431800000000000000e+04
7.442500000000000000e+04
7.442600000000000000e+04
7.442700000000000000e+04
7.455600000000000000e+04
7.465200000000000000e+04
7.471100000000000000e+04
7.471200000000000000e+04
7.492800000000000000e+04
7.492900000000000000e+04
7.507600000000000000e+04
7.507700000000000000e+04
7.507800000000000000e+04
7.507900000000000000e+04
7.508000000000000000e+04
7.508100000000000000e+04
7.508300000000000000e+04
7.508400000000000000e+04
7.508700000000000000e+04
7.509000000000000000e+04
7.509100000000000000e+04
7.510000000000000000e+04
7.510300000000000000e+04
7.510400000000000000e+04
7.513300000000000000e+04
7.518400000000000000e+04
7.521500000000000000e+04
7.523200000000000000e+04
7.550200000000000000e+04
7.550300000000000000e+04
7.551400000000000000e+04
7.553000000000000000e+04
7.559800000000000000e+04
7.595400000000000000e+04
7.598500000000000000e+04
7.606400000000000000e+04
7.606500000000000000e+04
7.606600000000000000e+04
7.622100000000000000e+04
7.624200000000000000e+04
7.629200000000000000e+04
7.651300000000000000e+04
7.651500000000000000e+04
7.651900000000000000e+04
7.652000000000000000e+04
7.652400000000000000e+04
7.653300000000000000e+04
7.662000000000000000e+04
7.668400000000000000e+04
7.670400000000000000e+04
7.680200000000000000e+04
7.689100000000000000e+04
7.705200000000000000e+04
7.707400000000000000e+04
7.707500000000000000e+04
7.709600000000000000e+04
7.709700000000000000e+04
7.728100000000000000e+04
7.731000000000000000e+04
7.739300000000000000e+04
7.775900000000000000e+04
7.776200000000000000e+04
7.782200000000000000e+04
7.782400000000000000e+04
7.782500000000000000e+04
7.802100000000000000e+04
7.807900000000000000e+04
7.809500000000000000e+04
7.818700000000000000e+04
7.819000000000000000e+04
7.829800000000000000e+04
7.829900000000000000e+04
7.832400000000000000e+04
7.833300000000000000e+04
7.834800000000000000e+04
7.835200000000000000e+04
7.836900000000000000e+04
7.837900000000000000e+04
7.838000000000000000e+04
7.838100000000000000e+04
7.840000000000000000e+04
7.855100000000000000e+04
7.867400000000000000e+04
7.867500000000000000e+04
7.869900000000000000e+04
7.870000000000000000e+04
7.870100000000000000e+04
7.870200000000000000e+04
7.870300000000000000e+04
7.870400000000000000e+04
7.872600000000000000e+04
7.880300000000000000e+04
7.886000000000000000e+04
7.888000000000000000e+04
7.888300000000000000e+04
7.888500000000000000e+04
7.888700000000000000e+04
7.889100000000000000e+04
7.891500000000000000e+04
7.896700000000000000e+04
7.904800000000000000e+04
7.923600000000000000e+04
7.923700000000000000e+04
7.931700000000000000e+04
7.939400000000000000e+04
7.939500000000000000e+04
7.961200000000000000e+04
7.961300000000000000e+04
7.961400000000000000e+04
7.965200000000000000e+04
7.965700000000000000e+04
7.966100000000000000e+04
7.966200000000000000e+04
7.978400000000000000e+04
7.982500000000000000e+04
7.982800000000000000e+04
7.983100000000000000e+04
7.983200000000000000e+04
7.983400000000000000e+04
7.983500000000000000e+04
7.983600000000000000e+04
8.002500000000000000e+04
8.002900000000000000e+04
8.003000000000000000e+04
8.003100000000000000e+04
8.003200000000000000e+04
8.003900000000000000e+04
8.018600000000000000e+04
8.019500000000000000e+04
8.026400000000000000e+04
8.026500000000000000e+04
8.026600000000000000e+04
8.026800000000000000e+04
8.042300000000000000e+04
8.050700000000000000e+04
8.065500000000000000e+04
8.065600000000000000e+04
8.069700000000000000e+04
8.069800000000000000e+04
8.076500000000000000e+04
8.076600000000000000e+04
8.086100000000000000e+04
8.102900000000000000e+04
8.105200000000000000e+04
8.118500000000000000e+04
8.121300000000000000e+04
8.121500000000000000e+04
8.131100000000000000e+04
8.131200000000000000e+04
8.140200000000000000e+04
8.148800000000000000e+04
8.157900000000000000e+04
8.159300000000000000e+04
8.159600000000000000e+04
8.164700000000000000e+04
8.164900000000000000e+04
8.165000000000000000e+04
8.173500000000000000e+04
8.188100000000000000e+04
8.191200000000000000e+04
8.194700000000000000e+04
8.198700000000000000e+04
8.201700000000000000e+04
8.216400000000000000e+04
8.219600000000000000e+04
8.224300000000000000e+04
8.224400000000000000e+04
8.224500000000000000e+04
8.224700000000000000e+04
8.224800000000000000e+04
8.224900000000000000e+04
8.225000000000000000e+04
8.225100000000000000e+04
8.225200000000000000e+04
8.225300000000000000e+04
8.225400000000000000e+04
8.225500000000000000e+04
8.225600000000000000e+04
8.225800000000000000e+04
8.226000000000000000e+04
8.230700000000000000e+04
8.243700000000000000e+04
8.244100000000000000e+04
8.244200000000000000e+04
8.244300000000000000e+04
8.260500000000000000e+04
8.266500000000000000e+04
8.266600000000000000e+04
8.274500000000000000e+04
8.274600000000000000e+04
8.274800000000000000e+04
8.277900000000000000e+04
8.278000000000000000e+04
8.278100000000000000e+04
8.281100000000000000e+04
8.287000000000000000e+04
8.293500000000000000e+04
8.296300000000000000e+04
8.303200000000000000e+04
8.303300000000000000e+04
8.303400000000000000e+04
8.303500000000000000e+04
8.303600000000000000e+04
8.303700000000000000e+04
8.303800000000000000e+04
8.303900000000000000e+04
8.304000000000000000e+04
8.304100000000000000e+04
8.304200000000000000e+04
8.304400000000000000e+04
8.304500000000000000e+04
8.311200000000000000e+04
8.314700000000000000e+04
8.316600000000000000e+04
8.330300000000000000e+04
8.333400000000000000e+04
8.342700000000000000e+04
8.343000000000000000e+04
8.366200000000000000e+04
8.366300000000000000e+04
8.389700000000000000e+04
8.408400000000000000e+04
8.408800000000000000e+04
8.409500000000000000e+04
8.409600000000000000e+04
8.409700000000000000e+04
8.409800000000000000e+04
8.410400000000000000e+04
8.465500000000000000e+04
8.473600000000000000e+04
8.475100000000000000e+04
8.478700000000000000e+04
8.479700000000000000e+04
8.487500000000000000e+04
8.492000000000000000e+04
8.513400000000000000e+04
8.517500000000000000e+04
8.517600000000000000e+04
8.535300000000000000e+04
8.535400000000000000e+04
8.535500000000000000e+04
8.535800000000000000e+04
8.537300000000000000e+04
8.539600000000000000e+04
8.542300000000000000e+04
8.565800000000000000e+04
8.565900000000000000e+04
8.566100000000000000e+04
8.566200000000000000e+04
8.571200000000000000e+04
8.577000000000000000e+04
8.577200000000000000e+04
8.581200000000000000e+04
8.583200000000000000e+04
8.583400000000000000e+04
8.583500000000000000e+04
8.583600000000000000e+04
8.583700000000000000e+04
8.609600000000000000e+04
8.615900000000000000e+04
8.618900000000000000e+04
8.619000000000000000e+04
8.624200000000000000e+04
8.624300000000000000e+04
8.625100000000000000e+04
8.628200000000000000e+04
8.628400000000000000e+04
8.628500000000000000e+04
8.628900000000000000e+04
8.632700000000000000e+04
8.635200000000000000e+04
8.635400000000000000e+04
8.642700000000000000e+04
8.644800000000000000e+04
8.653400000000000000e+04
8.654800000000000000e+04
8.663900000000000000e+04
8.665900000000000000e+04
8.666000000000000000e+04
8.666100000000000000e+04
8.675500000000000000e+04
8.703300000000000000e+04
8.705500000000000000e+04
8.706400000000000000e+04
8.709800000000000000e+04
8.709900000000000000e+04
8.710000000000000000e+04
8.713200000000000000e+04
8.713500000000000000e+04
8.721500000000000000e+04
8.721900000000000000e+04
8.726100000000000000e+04
8.741200000000000000e+04
8.743500000000000000e+04
8.751300000000000000e+04
8.751600000000000000e+04
8.751800000000000000e+04
8.792800000000000000e+04
8.799800000000000000e+04
8.814800000000000000e+04
8.824500000000000000e+04
8.825000000000000000e+04
8.825600000000000000e+04
8.825700000000000000e+04
8.842500000000000000e+04
8.842600000000000000e+04
8.842700000000000000e+04
8.852500000000000000e+04
8.856500000000000000e+04
8.867500000000000000e+04
8.869500000000000000e+04
8.869600000000000000e+04
8.870300000000000000e+04
8.874300000000000000e+04
8.874400000000000000e+04
8.874800000000000000e+04
8.875700000000000000e+04
8.876400000000000000e+04
8.876500000000000000e+04
8.876600000000000000e+04
8.877500000000000000e+04
8.882100000000000000e+04
8.885300000000000000e+04
8.888800000000000000e+04
8.911000000000000000e+04
8.913200000000000000e+04
8.913300000000000000e+04
8.914200000000000000e+04
8.923100000000000000e+04
8.923400000000000000e+04
8.924400000000000000e+04
8.931200000000000000e+04
8.931500000000000000e+04
8.931600000000000000e+04
8.936300000000000000e+04
8.938600000000000000e+04
8.940000000000000000e+04
8.945300000000000000e+04
8.945600000000000000e+04
8.950300000000000000e+04
8.950400000000000000e+04
8.950500000000000000e+04
8.950600000000000000e+04
8.952600000000000000e+04
8.970200000000000000e+04
8.970300000000000000e+04
8.970500000000000000e+04
8.970700000000000000e+04
8.977400000000000000e+04
8.979700000000000000e+04
8.979800000000000000e+04
8.982500000000000000e+04
8.982600000000000000e+04
8.991400000000000000e+04
8.991500000000000000e+04
8.991600000000000000e+04
8.991700000000000000e+04
8.991800000000000000e+04
8.992000000000000000e+04
8.992100000000000000e+04
8.992200000000000000e+04
8.992300000000000000e+04
8.992400000000000000e+04
8.992500000000000000e+04
8.992600000000000000e+04
8.992700000000000000e+04
8.992800000000000000e+04
8.992900000000000000e+04
8.993100000000000000e+04
8.993200000000000000e+04
8.993300000000000000e+04
8.993400000000000000e+04
8.993500000000000000e+04
8.993600000000000000e+04
8.993700000000000000e+04
8.993800000000000000e+04
8.993900000000000000e+04
8.994000000000000000e+04
8.994100000000000000e+04
8.994200000000000000e+04
8.994300000000000000e+04
8.994400000000000000e+04
8.994500000000000000e+04
8.994600000000000000e+04
8.994700000000000000e+04
8.994800000000000000e+04
8.994900000000000000e+04
8.995100000000000000e+04
8.995200000000000000e+04
8.995300000000000000e+04
8.995400000000000000e+04
8.995500000000000000e+04
8.995600000000000000e+04
8.995700000000000000e+04
8.995900000000000000e+04
8.996000000000000000e+04
8.996100000000000000e+04
8.996200000000000000e+04
8.996300000000000000e+04
8.996400000000000000e+04
8.996500000000000000e+04
8.996600000000000000e+04
9.002800000000000000e+04
9.003400000000000000e+04
9.003500000000000000e+04
9.004300000000000000e+04
9.022200000000000000e+04
9.034700000000000000e+04
9.035700000000000000e+04
9.037200000000000000e+04
9.037400000000000000e+04
9.054100000000000000e+04
9.057000000000000000e+04
9.057200000000000000e+04
9.057800000000000000e+04
9.062600000000000000e+04
9.096700000000000000e+04
9.099100000000000000e+04
9.102700000000000000e+04
9.108700000000000000e+04
9.113100000000000000e+04
9.115900000000000000e+04
9.122700000000000000e+04
9.130500000000000000e+04
9.138400000000000000e+04
9.141300000000000000e+04
9.142700000000000000e+04
9.147100000000000000e+04
9.154500000000000000e+04
9.168700000000000000e+04
9.168900000000000000e+04
9.184900000000000000e+04
9.185400000000000000e+04
9.200000000000000000e+04
9.201600000000000000e+04
9.212000000000000000e+04
9.212100000000000000e+04
9.212200000000000000e+04
9.214700000000000000e+04
9.221500000000000000e+04
9.222000000000000000e+04
9.224600000000000000e+04
9.225200000000000000e+04
9.228800000000000000e+04
9.229700000000000000e+04
9.229800000000000000e+04
9.260700000000000000e+04
9.289800000000000000e+04
9.295300000000000000e+04
9.299200000000000000e+04
9.310800000000000000e+04
9.310900000000000000e+04
9.311000000000000000e+04
9.311100000000000000e+04
9.319300000000000000e+04
9.319700000000000000e+04
9.341400000000000000e+04
9.341800000000000000e+04
9.341900000000000000e+04
9.342300000000000000e+04
9.355600000000000000e+04
9.368000000000000000e+04
9.385800000000000000e+04
9.385900000000000000e+04
9.386000000000000000e+04
9.395600000000000000e+04
9.402800000000000000e+04
9.407100000000000000e+04
9.411000000000000000e+04
9.413500000000000000e+04
9.413600000000000000e+04
9.429800000000000000e+04
9.430000000000000000e+04
9.430300000000000000e+04
9.433100000000000000e+04
9.434900000000000000e+04
9.455900000000000000e+04
9.478500000000000000e+04
9.482000000000000000e+04
9.485000000000000000e+04
9.487100000000000000e+04
9.496300000000000000e+04
9.513700000000000000e+04
9.513800000000000000e+04
9.524800000000000000e+04
9.525400000000000000e+04
9.539200000000000000e+04
9.543700000000000000e+04
9.546700000000000000e+04
9.558400000000000000e+04
9.558500000000000000e+04
9.558600000000000000e+04
9.558900000000000000e+04
9.563600000000000000e+04
9.563700000000000000e+04
9.569200000000000000e+04
9.583300000000000000e+04
9.601500000000000000e+04
9.601600000000000000e+04
9.605400000000000000e+04
9.608000000000000000e+04
9.621400000000000000e+04
9.621500000000000000e+04
9.645600000000000000e+04
9.648900000000000000e+04
9.658100000000000000e+04
9.662600000000000000e+04
9.666400000000000000e+04
9.690900000000000000e+04
9.722100000000000000e+04
9.722500000000000000e+04
9.722600000000000000e+04
9.722700000000000000e+04
9.722800000000000000e+04
9.727300000000000000e+04
9.737200000000000000e+04
9.750200000000000000e+04
9.755800000000000000e+04
9.757300000000000000e+04
9.764400000000000000e+04
9.766300000000000000e+04
9.771800000000000000e+04
9.777000000000000000e+04
9.795100000000000000e+04
9.795400000000000000e+04
9.801500000000000000e+04
9.801600000000000000e+04
9.801800000000000000e+04
9.802000000000000000e+04
9.809500000000000000e+04
9.809600000000000000e+04
9.809700000000000000e+04
9.833400000000000000e+04
9.833900000000000000e+04
9.834400000000000000e+04
9.843600000000000000e+04
9.848400000000000000e+04
9.848700000000000000e+04
9.855600000000000000e+04
9.855700000000000000e+04
9.855800000000000000e+04
9.855900000000000000e+04
9.856000000000000000e+04
9.856100000000000000e+04
9.856200000000000000e+04
9.856300000000000000e+04
9.856400000000000000e+04
9.856500000000000000e+04
9.856600000000000000e+04
9.856700000000000000e+04
9.856800000000000000e+04
9.856900000000000000e+04
9.857000000000000000e+04
9.857100000000000000e+04
9.857200000000000000e+04
9.857300000000000000e+04
9.857400000000000000e+04
9.857500000000000000e+04
9.857600000000000000e+04
9.857700000000000000e+04
9.857800000000000000e+04
9.857900000000000000e+04
9.858000000000000000e+04
9.858100000000000000e+04
9.858300000000000000e+04
9.871300000000000000e+04
9.871400000000000000e+04
9.871500000000000000e+04
9.871600000000000000e+04
9.883100000000000000e+04
9.883200000000000000e+04
9.886300000000000000e+04
9.896400000000000000e+04
9.896500000000000000e+04
9.896600000000000000e+04
9.896700000000000000e+04
9.896800000000000000e+04
9.904800000000000000e+04
9.914100000000000000e+04
9.921300000000000000e+04
9.921600000000000000e+04
9.922400000000000000e+04
9.926200000000000000e+04
9.932100000000000000e+04
9.945900000000000000e+04
9.946000000000000000e+04
9.946100000000000000e+04
9.960200000000000000e+04
9.968600000000000000e+04
9.971500000000000000e+04
9.984800000000000000e+04
9.986000000000000000e+04
9.987800000000000000e+04
9.988400000000000000e+04
1.001110000000000000e+05
1.001120000000000000e+05
1.001170000000000000e+05
1.001190000000000000e+05
1.001270000000000000e+05
1.001300000000000000e+05
1.004530000000000000e+05
1.004630000000000000e+05
1.005230000000000000e+05
1.005400000000000000e+05
1.005420000000000000e+05
1.005440000000000000e+05
1.005490000000000000e+05
1.006600000000000000e+05
1.006610000000000000e+05
1.010040000000000000e+05
1.010120000000000000e+05
1.011030000000000000e+05
1.014050000000000000e+05
1.014160000000000000e+05
1.014230000000000000e+05
1.014710000000000000e+05
1.014730000000000000e+05
1.017770000000000000e+05
1.017780000000000000e+05
1.017790000000000000e+05
1.017800000000000000e+05
1.017850000000000000e+05
1.018300000000000000e+05
1.018820000000000000e+05
1.018830000000000000e+05
1.019840000000000000e+05
1.019870000000000000e+05
1.020120000000000000e+05
1.021380000000000000e+05
1.021750000000000000e+05
1.022790000000000000e+05
1.022890000000000000e+05
1.023960000000000000e+05
1.023980000000000000e+05
1.023990000000000000e+05
1.024000000000000000e+05
1.024680000000000000e+05
1.024910000000000000e+05
1.025510000000000000e+05
1.027410000000000000e+05
1.028450000000000000e+05
1.029610000000000000e+05
1.029620000000000000e+05
1.031760000000000000e+05
1.031770000000000000e+05
1.033460000000000000e+05
1.033490000000000000e+05
1.033890000000000000e+05
1.033910000000000000e+05
1.033930000000000000e+05
1.033980000000000000e+05
1.034100000000000000e+05
1.035400000000000000e+05
1.036320000000000000e+05
1.036350000000000000e+05
1.037220000000000000e+05
1.037330000000000000e+05
1.037350000000000000e+05
1.037430000000000000e+05
1.037440000000000000e+05
1.038890000000000000e+05
1.038980000000000000e+05
1.038990000000000000e+05
1.039000000000000000e+05
1.039010000000000000e+05
1.039070000000000000e+05
1.039960000000000000e+05
1.039970000000000000e+05
1.039980000000000000e+05
1.039990000000000000e+05
1.040000000000000000e+05
1.040010000000000000e+05
1.040090000000000000e+05
1.040410000000000000e+05
1.040680000000000000e+05
1.040690000000000000e+05
1.040700000000000000e+05
1.040710000000000000e+05
1.040720000000000000e+05
1.040730000000000000e+05
1.040740000000000000e+05
1.040750000000000000e+05
1.040760000000000000e+05
1.040780000000000000e+05
1.041710000000000000e+05
1.041730000000000000e+05
1.041750000000000000e+05
1.041780000000000000e+05
1.042560000000000000e+05
1.043640000000000000e+05
1.044880000000000000e+05
1.045030000000000000e+05
1.045040000000000000e+05
1.045050000000000000e+05
1.045080000000000000e+05
1.045090000000000000e+05
1.045200000000000000e+05
1.045530000000000000e+05
1.046310000000000000e+05
1.046690000000000000e+05
1.046720000000000000e+05
1.046780000000000000e+05
1.049530000000000000e+05
1.049580000000000000e+05
1.050360000000000000e+05
1.050400000000000000e+05
1.050410000000000000e+05
1.051090000000000000e+05
1.051120000000000000e+05
1.051410000000000000e+05
1.052230000000000000e+05
1.052270000000000000e+05
1.052470000000000000e+05
1.052490000000000000e+05
1.052960000000000000e+05
1.052970000000000000e+05
1.052990000000000000e+05
1.053010000000000000e+05
1.053480000000000000e+05
1.053860000000000000e+05
1.054680000000000000e+05
1.055370000000000000e+05
1.055520000000000000e+05
1.055530000000000000e+05
1.055540000000000000e+05
1.055550000000000000e+05
1.055560000000000000e+05
1.055570000000000000e+05
1.055580000000000000e+05
1.055590000000000000e+05
1.055600000000000000e+05
1.055610000000000000e+05
1.055620000000000000e+05
1.055630000000000000e+05
1.055640000000000000e+05
1.055650000000000000e+05
1.055920000000000000e+05
1.056270000000000000e+05
1.056300000000000000e+05
1.056660000000000000e+05
1.056670000000000000e+05
1.056830000000000000e+05
1.057980000000000000e+05
1.058360000000000000e+05
1.059000000000000000e+05
1.065340000000000000e+05
1.065470000000000000e+05
1.065960000000000000e+05
1.067480000000000000e+05
1.069500000000000000e+05
1.069510000000000000e+05
1.069700000000000000e+05
1.069830000000000000e+05
1.069850000000000000e+05
1.069860000000000000e+05
1.069870000000000000e+05
1.069880000000000000e+05
1.069890000000000000e+05
1.069900000000000000e+05
1.069910000000000000e+05
1.069920000000000000e+05
1.069930000000000000e+05
1.069940000000000000e+05
1.069950000000000000e+05
1.069960000000000000e+05
1.069970000000000000e+05
1.070290000000000000e+05
1.070310000000000000e+05
1.070330000000000000e+05
1.070340000000000000e+05
1.070350000000000000e+05
1.070360000000000000e+05
1.070830000000000000e+05
1.070850000000000000e+05
1.070870000000000000e+05
1.070880000000000000e+05
1.070910000000000000e+05
1.070920000000000000e+05
1.070930000000000000e+05
1.070940000000000000e+05
1.070950000000000000e+05
1.070960000000000000e+05
1.070970000000000000e+05
1.070980000000000000e+05
1.070990000000000000e+05
1.071000000000000000e+05
1.071010000000000000e+05
1.071020000000000000e+05
1.071030000000000000e+05
1.071040000000000000e+05
1.071050000000000000e+05
1.071060000000000000e+05
1.071070000000000000e+05
1.071080000000000000e+05
1.071090000000000000e+05
1.071100000000000000e+05
1.071110000000000000e+05
1.071120000000000000e+05
1.071130000000000000e+05
1.071140000000000000e+05
1.071150000000000000e+05
1.071160000000000000e+05
1.071170000000000000e+05
1.071180000000000000e+05
1.071190000000000000e+05
1.071200000000000000e+05
1.071210000000000000e+05
1.071220000000000000e+05
1.071230000000000000e+05
1.071240000000000000e+05
1.071250000000000000e+05
1.071260000000000000e+05
1.071270000000000000e+05
1.071280000000000000e+05
1.071290000000000000e+05
1.071300000000000000e+05
1.071310000000000000e+05
1.071320000000000000e+05
1.073650000000000000e+05
1.074060000000000000e+05
1.075370000000000000e+05
1.076340000000000000e+05
1.076350000000000000e+05
1.076360000000000000e+05
1.076370000000000000e+05
1.078320000000000000e+05
1.078330000000000000e+05
1.079260000000000000e+05
1.079410000000000000e+05
1.080470000000000000e+05
1.080860000000000000e+05
1.081050000000000000e+05
1.081060000000000000e+05
1.081070000000000000e+05
1.081080000000000000e+05
1.081890000000000000e+05
1.081900000000000000e+05
1.082380000000000000e+05
1.083250000000000000e+05
1.084010000000000000e+05
1.085000000000000000e+05
1.088000000000000000e+05
1.088970000000000000e+05
1.089000000000000000e+05
1.090170000000000000e+05
1.090660000000000000e+05
1.091260000000000000e+05
1.093750000000000000e+05
1.094650000000000000e+05
1.096170000000000000e+05
1.096180000000000000e+05
1.096230000000000000e+05
1.096330000000000000e+05
1.096390000000000000e+05
1.096780000000000000e+05
1.096950000000000000e+05
1.097160000000000000e+05
1.097180000000000000e+05
1.099590000000000000e+05
1.099620000000000000e+05
1.099630000000000000e+05
1.100270000000000000e+05
1.101120000000000000e+05
1.101950000000000000e+05
1.102330000000000000e+05
1.102400000000000000e+05
1.102860000000000000e+05
1.108360000000000000e+05
1.108730000000000000e+05
1.108760000000000000e+05
1.110260000000000000e+05
1.112050000000000000e+05
1.113550000000000000e+05
1.114370000000000000e+05
1.114430000000000000e+05
1.115980000000000000e+05
1.115990000000000000e+05
1.116260000000000000e+05
1.116450000000000000e+05
1.116580000000000000e+05
1.121700000000000000e+05
1.122620000000000000e+05
1.124020000000000000e+05
1.124050000000000000e+05
1.124130000000000000e+05
1.124460000000000000e+05
1.124540000000000000e+05
1.125650000000000000e+05
1.125820000000000000e+05
1.125830000000000000e+05
1.125840000000000000e+05
1.126520000000000000e+05
1.126770000000000000e+05
1.127790000000000000e+05
1.127800000000000000e+05
1.127830000000000000e+05
1.129130000000000000e+05
1.129170000000000000e+05
1.129430000000000000e+05
1.129660000000000000e+05
1.129670000000000000e+05
1.129690000000000000e+05
1.131210000000000000e+05
1.131800000000000000e+05
1.132370000000000000e+05
1.133860000000000000e+05
1.134480000000000000e+05
1.134490000000000000e+05
1.134500000000000000e+05
1.134530000000000000e+05
1.134540000000000000e+05
1.134560000000000000e+05
1.134590000000000000e+05
1.134600000000000000e+05
1.134620000000000000e+05
1.134630000000000000e+05
1.135420000000000000e+05
1.135430000000000000e+05
1.135960000000000000e+05
1.135990000000000000e+05
1.136510000000000000e+05
1.136520000000000000e+05
1.136530000000000000e+05
1.136560000000000000e+05
1.136570000000000000e+05
1.136580000000000000e+05
1.136590000000000000e+05
1.136600000000000000e+05
1.136910000000000000e+05
1.137060000000000000e+05
1.137350000000000000e+05
1.137890000000000000e+05
1.139320000000000000e+05
1.139530000000000000e+05
1.139560000000000000e+05
1.139650000000000000e+05
1.140680000000000000e+05
1.142020000000000000e+05
1.142030000000000000e+05
1.142050000000000000e+05
1.142060000000000000e+05
1.142070000000000000e+05
1.144090000000000000e+05
1.146180000000000000e+05
1.146250000000000000e+05
1.149000000000000000e+05
1.149010000000000000e+05
1.149020000000000000e+05
1.149040000000000000e+05
1.149050000000000000e+05
1.149070000000000000e+05
1.149080000000000000e+05
1.149090000000000000e+05
1.149100000000000000e+05
1.149110000000000000e+05
1.149130000000000000e+05
1.149140000000000000e+05
1.149150000000000000e+05
1.149160000000000000e+05
1.149170000000000000e+05
1.149190000000000000e+05
1.149200000000000000e+05
1.149210000000000000e+05
1.149240000000000000e+05
1.149290000000000000e+05
1.149410000000000000e+05
1.151520000000000000e+05
1.152960000000000000e+05
1.154300000000000000e+05
1.155860000000000000e+05
1.156660000000000000e+05
1.156700000000000000e+05
1.156750000000000000e+05
1.158880000000000000e+05
1.158890000000000000e+05
1.159640000000000000e+05
1.159820000000000000e+05
1.160130000000000000e+05
1.160490000000000000e+05
1.160960000000000000e+05
1.161630000000000000e+05
1.161760000000000000e+05
1.163140000000000000e+05
1.163290000000000000e+05
1.163480000000000000e+05
1.163490000000000000e+05
1.163530000000000000e+05
1.163670000000000000e+05
1.165210000000000000e+05
1.165220000000000000e+05
1.165230000000000000e+05
1.165240000000000000e+05
1.165250000000000000e+05
1.165280000000000000e+05
1.165400000000000000e+05
1.165410000000000000e+05
1.165490000000000000e+05
1.167210000000000000e+05
1.167330000000000000e+05
1.167350000000000000e+05
1.167420000000000000e+05
1.167430000000000000e+05
1.167450000000000000e+05
1.167460000000000000e+05
1.167470000000000000e+05
1.167480000000000000e+05
1.167810000000000000e+05
1.168790000000000000e+05
1.168810000000000000e+05
1.168820000000000000e+05
1.169570000000000000e+05
1.170130000000000000e+05
1.170180000000000000e+05
1.170520000000000000e+05
1.171560000000000000e+05
1.171800000000000000e+05
1.171810000000000000e+05
1.172930000000000000e+05
1.173270000000000000e+05
1.173470000000000000e+05
1.173530000000000000e+05
1.174630000000000000e+05
1.174690000000000000e+05
1.174720000000000000e+05
1.174730000000000000e+05
1.174740000000000000e+05
1.174750000000000000e+05
1.174770000000000000e+05
1.174810000000000000e+05
1.174820000000000000e+05
1.175690000000000000e+05
1.175960000000000000e+05
1.177400000000000000e+05
1.177550000000000000e+05
1.177690000000000000e+05
1.177710000000000000e+05
1.177740000000000000e+05
1.177750000000000000e+05
1.177760000000000000e+05
1.177770000000000000e+05
1.177790000000000000e+05
1.177800000000000000e+05
1.177810000000000000e+05
1.177830000000000000e+05
1.179090000000000000e+05
1.179170000000000000e+05
1.179210000000000000e+05
1.179550000000000000e+05
1.181760000000000000e+05
1.181810000000000000e+05
1.181830000000000000e+05
1.181840000000000000e+05
1.181980000000000000e+05
1.182350000000000000e+05
1.182440000000000000e+05
1.183180000000000000e+05
1.184940000000000000e+05
1.185870000000000000e+05
1.189140000000000000e+05
1.191130000000000000e+05
1.192940000000000000e+05
1.193650000000000000e+05
1.195260000000000000e+05
1.195270000000000000e+05
1.195480000000000000e+05
1.195640000000000000e+05
1.196030000000000000e+05
1.196040000000000000e+05
1.196050000000000000e+05
1.196060000000000000e+05
1.197710000000000000e+05
1.197760000000000000e+05
1.198500000000000000e+05
1.198950000000000000e+05
1.198960000000000000e+05
1.198980000000000000e+05
1.199040000000000000e+05
1.199050000000000000e+05
1.200150000000000000e+05
1.202860000000000000e+05
1.202870000000000000e+05
1.202880000000000000e+05
1.202890000000000000e+05
1.204130000000000000e+05
1.204440000000000000e+05
1.204480000000000000e+05
1.204490000000000000e+05
1.204500000000000000e+05
1.204590000000000000e+05
1.204770000000000000e+05
1.204790000000000000e+05
1.204810000000000000e+05
1.204820000000000000e+05
1.208050000000000000e+05
1.208060000000000000e+05
1.209420000000000000e+05
1.211340000000000000e+05
1.211350000000000000e+05
1.211360000000000000e+05
1.211370000000000000e+05
1.211380000000000000e+05
1.211940000000000000e+05
1.212730000000000000e+05
1.212990000000000000e+05
1.214030000000000000e+05
1.214510000000000000e+05
1.214530000000000000e+05
1.214550000000000000e+05
1.214560000000000000e+05
1.214600000000000000e+05
1.214830000000000000e+05
1.215790000000000000e+05
1.216470000000000000e+05
1.216480000000000000e+05
1.219850000000000000e+05
1.219870000000000000e+05
1.221970000000000000e+05
1.222420000000000000e+05
1.223670000000000000e+05
1.224460000000000000e+05
1.225070000000000000e+05
1.225080000000000000e+05
1.225100000000000000e+05
1.225270000000000000e+05
1.225490000000000000e+05
1.225500000000000000e+05
1.225510000000000000e+05
1.225520000000000000e+05
1.225530000000000000e+05
1.225540000000000000e+05
1.225550000000000000e+05
1.225560000000000000e+05
1.225570000000000000e+05
1.225580000000000000e+05
1.225590000000000000e+05
1.225600000000000000e+05
1.225610000000000000e+05
1.225620000000000000e+05
1.225900000000000000e+05
1.225910000000000000e+05
1.227550000000000000e+05
1.227620000000000000e+05
1.228770000000000000e+05
1.231680000000000000e+05
1.233720000000000000e+05
1.233730000000000000e+05
1.238270000000000000e+05
1.239420000000000000e+05
1.241650000000000000e+05
1.244210000000000000e+05
1.244220000000000000e+05
1.246330000000000000e+05
1.246370000000000000e+05
1.246380000000000000e+05
1.246410000000000000e+05
1.246420000000000000e+05
1.246430000000000000e+05
1.246520000000000000e+05
1.246550000000000000e+05
1.247040000000000000e+05
1.248180000000000000e+05
1.249410000000000000e+05
1.249450000000000000e+05
1.250920000000000000e+05
1.250930000000000000e+05
1.251850000000000000e+05
1.253060000000000000e+05
1.253160000000000000e+05
1.253970000000000000e+05
1.253990000000000000e+05
1.254030000000000000e+05
1.254950000000000000e+05
1.254970000000000000e+05
1.254980000000000000e+05
1.255070000000000000e+05
1.255090000000000000e+05
1.256690000000000000e+05
1.256700000000000000e+05
1.257510000000000000e+05
1.257540000000000000e+05
1.257970000000000000e+05
1.258060000000000000e+05
1.258480000000000000e+05
1.258610000000000000e+05
1.258650000000000000e+05
1.258670000000000000e+05
1.258730000000000000e+05
1.258750000000000000e+05
1.258760000000000000e+05
1.262950000000000000e+05
1.264180000000000000e+05
1.265610000000000000e+05
1.266030000000000000e+05
1.266300000000000000e+05
1.266540000000000000e+05
1.266720000000000000e+05
1.266780000000000000e+05
1.267110000000000000e+05
1.267270000000000000e+05
1.268550000000000000e+05
1.268560000000000000e+05
1.268570000000000000e+05
1.268580000000000000e+05
1.269360000000000000e+05
1.269400000000000000e+05
1.269460000000000000e+05
1.270730000000000000e+05
1.271800000000000000e+05
1.271960000000000000e+05
1.277820000000000000e+05
1.278730000000000000e+05
1.278810000000000000e+05
1.278900000000000000e+05
1.279260000000000000e+05
1.279740000000000000e+05
1.280680000000000000e+05
1.280900000000000000e+05
1.281000000000000000e+05
1.281530000000000000e+05
1.281570000000000000e+05
1.281580000000000000e+05
1.282290000000000000e+05
1.282700000000000000e+05
1.282970000000000000e+05
1.283030000000000000e+05
1.283120000000000000e+05
1.283850000000000000e+05
1.283860000000000000e+05
1.283870000000000000e+05
1.284700000000000000e+05
1.284710000000000000e+05
1.284720000000000000e+05
1.284750000000000000e+05
1.284760000000000000e+05
1.284770000000000000e+05
1.284780000000000000e+05
1.284790000000000000e+05
1.284800000000000000e+05
1.284820000000000000e+05
1.284830000000000000e+05
1.284840000000000000e+05
1.284850000000000000e+05
1.284860000000000000e+05
1.284870000000000000e+05
1.284880000000000000e+05
1.284890000000000000e+05
1.284900000000000000e+05
1.284910000000000000e+05
1.284920000000000000e+05
1.286150000000000000e+05
1.286180000000000000e+05
1.286620000000000000e+05
1.286670000000000000e+05
1.286880000000000000e+05
1.287690000000000000e+05
1.288640000000000000e+05
1.288760000000000000e+05
1.289400000000000000e+05
1.290180000000000000e+05
1.290790000000000000e+05
1.290800000000000000e+05
1.290810000000000000e+05
1.295230000000000000e+05
1.295240000000000000e+05
1.295250000000000000e+05
1.295260000000000000e+05
1.295270000000000000e+05
1.295280000000000000e+05
1.295290000000000000e+05
1.295300000000000000e+05
1.295310000000000000e+05
1.295350000000000000e+05
1.296090000000000000e+05
1.296800000000000000e+05
1.296810000000000000e+05
1.296820000000000000e+05
1.296830000000000000e+05
1.297150000000000000e+05
1.297640000000000000e+05
1.297650000000000000e+05
1.297660000000000000e+05
1.297670000000000000e+05
1.297680000000000000e+05
1.297820000000000000e+05
1.297940000000000000e+05
1.298030000000000000e+05
1.298040000000000000e+05
1.298070000000000000e+05
1.298320000000000000e+05
1.298330000000000000e+05
1.298340000000000000e+05
1.299010000000000000e+05
1.299020000000000000e+05
1.299030000000000000e+05
1.299810000000000000e+05
1.299820000000000000e+05
1.301540000000000000e+05
1.301670000000000000e+05
1.302890000000000000e+05
1.303790000000000000e+05
1.303820000000000000e+05
1.303830000000000000e+05
1.303850000000000000e+05
1.304560000000000000e+05
1.305410000000000000e+05
1.305710000000000000e+05
1.306180000000000000e+05
1.306420000000000000e+05
1.306770000000000000e+05
1.307040000000000000e+05
1.307120000000000000e+05
1.308960000000000000e+05
1.309420000000000000e+05
1.309480000000000000e+05
1.311220000000000000e+05
1.311290000000000000e+05
1.311450000000000000e+05
1.311460000000000000e+05
1.312180000000000000e+05
1.312200000000000000e+05
1.313510000000000000e+05
1.313900000000000000e+05
1.314690000000000000e+05
1.314700000000000000e+05
1.314710000000000000e+05
1.314720000000000000e+05
1.314730000000000000e+05
1.314770000000000000e+05
1.314780000000000000e+05
1.315180000000000000e+05
1.315190000000000000e+05
1.315210000000000000e+05
1.315770000000000000e+05
1.316440000000000000e+05
1.316450000000000000e+05
1.316550000000000000e+05
1.316600000000000000e+05
1.316830000000000000e+05
1.316860000000000000e+05
1.318610000000000000e+05
1.319150000000000000e+05
1.320110000000000000e+05
1.321360000000000000e+05
1.321400000000000000e+05
1.321890000000000000e+05
1.321900000000000000e+05
1.322090000000000000e+05
1.325040000000000000e+05
1.325050000000000000e+05
1.327160000000000000e+05
1.327290000000000000e+05
1.327890000000000000e+05
1.327930000000000000e+05
1.328560000000000000e+05
1.328620000000000000e+05
1.328630000000000000e+05
1.329230000000000000e+05
1.330280000000000000e+05
1.330860000000000000e+05
1.331650000000000000e+05
1.332130000000000000e+05
1.332200000000000000e+05
1.332210000000000000e+05
1.332260000000000000e+05
1.332280000000000000e+05
1.332330000000000000e+05
1.332460000000000000e+05
1.332530000000000000e+05
1.334280000000000000e+05
1.335710000000000000e+05
1.336430000000000000e+05
1.340210000000000000e+05
1.340910000000000000e+05
1.341170000000000000e+05
1.341180000000000000e+05
1.341190000000000000e+05
1.341200000000000000e+05
1.341210000000000000e+05
1.342360000000000000e+05
1.342370000000000000e+05
1.343250000000000000e+05
1.343750000000000000e+05
1.344010000000000000e+05
1.344020000000000000e+05
1.344700000000000000e+05
1.348290000000000000e+05
1.348300000000000000e+05
1.348320000000000000e+05
1.348330000000000000e+05
1.348340000000000000e+05
1.348350000000000000e+05
1.348370000000000000e+05
1.348390000000000000e+05
1.348400000000000000e+05
1.348410000000000000e+05
1.348420000000000000e+05
1.348430000000000000e+05
1.348440000000000000e+05
1.348960000000000000e+05
1.350650000000000000e+05
1.351590000000000000e+05
1.351740000000000000e+05
1.352540000000000000e+05
1.352700000000000000e+05
1.354260000000000000e+05
1.354390000000000000e+05
1.354480000000000000e+05
1.354490000000000000e+05
1.354760000000000000e+05
1.355850000000000000e+05
1.357310000000000000e+05
1.357340000000000000e+05
1.357370000000000000e+05
1.357390000000000000e+05
1.357400000000000000e+05
1.357410000000000000e+05
1.357420000000000000e+05
1.357430000000000000e+05
1.357450000000000000e+05
1.357460000000000000e+05
1.357470000000000000e+05
1.357480000000000000e+05
1.357490000000000000e+05
1.357900000000000000e+05
1.357940000000000000e+05
1.357950000000000000e+05
1.357980000000000000e+05
1.358350000000000000e+05
1.358370000000000000e+05
1.358380000000000000e+05
1.358790000000000000e+05
1.358830000000000000e+05
1.358900000000000000e+05
1.359440000000000000e+05
1.359530000000000000e+05
1.359540000000000000e+05
1.359880000000000000e+05
1.359890000000000000e+05
1.361080000000000000e+05
1.361190000000000000e+05
1.362890000000000000e+05
1.364000000000000000e+05
1.364010000000000000e+05
1.364140000000000000e+05
1.364530000000000000e+05
1.369900000000000000e+05
1.369990000000000000e+05
1.371560000000000000e+05
1.372360000000000000e+05
1.373340000000000000e+05
1.373940000000000000e+05
1.374600000000000000e+05
1.377070000000000000e+05
1.377790000000000000e+05
1.378080000000000000e+05
1.380210000000000000e+05
1.382180000000000000e+05
1.382330000000000000e+05
1.383970000000000000e+05
1.388780000000000000e+05
1.389240000000000000e+05
1.389320000000000000e+05
1.389620000000000000e+05
1.389950000000000000e+05
1.390530000000000000e+05
1.390680000000000000e+05
1.393110000000000000e+05
1.393840000000000000e+05
1.393990000000000000e+05
1.394080000000000000e+05
1.394350000000000000e+05
1.394680000000000000e+05
1.394740000000000000e+05
1.395710000000000000e+05
1.396150000000000000e+05
1.396170000000000000e+05
1.396190000000000000e+05
1.396210000000000000e+05
1.397300000000000000e+05
1.397840000000000000e+05
1.397940000000000000e+05
1.398300000000000000e+05
1.398550000000000000e+05
1.398700000000000000e+05
1.400430000000000000e+05
1.400530000000000000e+05
1.400920000000000000e+05
1.401060000000000000e+05
1.401760000000000000e+05
1.402080000000000000e+05
1.403240000000000000e+05
1.404020000000000000e+05
1.404180000000000000e+05
1.404190000000000000e+05
1.404280000000000000e+05
1.405000000000000000e+05
1.405380000000000000e+05
1.406080000000000000e+05
1.406090000000000000e+05
1.406210000000000000e+05
1.406390000000000000e+05
1.406850000000000000e+05
1.407550000000000000e+05
1.407860000000000000e+05
1.408190000000000000e+05
1.408800000000000000e+05
1.409130000000000000e+05
1.409580000000000000e+05
1.409590000000000000e+05
1.410790000000000000e+05
1.410880000000000000e+05
1.411780000000000000e+05
1.411820000000000000e+05
1.411830000000000000e+05
1.411840000000000000e+05
1.412460000000000000e+05
1.413050000000000000e+05
1.413120000000000000e+05
1.413290000000000000e+05
1.413770000000000000e+05
1.414080000000000000e+05
1.414740000000000000e+05
1.417280000000000000e+05
1.417810000000000000e+05
1.418870000000000000e+05
1.418910000000000000e+05
1.419750000000000000e+05
1.423710000000000000e+05
1.423750000000000000e+05
1.424260000000000000e+05
1.424280000000000000e+05
1.426130000000000000e+05
1.426220000000000000e+05
1.426260000000000000e+05
1.426280000000000000e+05
1.426710000000000000e+05
1.426790000000000000e+05
1.427360000000000000e+05
1.428080000000000000e+05
1.430450000000000000e+05
1.431130000000000000e+05
1.431440000000000000e+05
1.431640000000000000e+05
1.432860000000000000e+05
1.435230000000000000e+05
1.435730000000000000e+05
1.435740000000000000e+05
1.437090000000000000e+05
1.437740000000000000e+05
1.437980000000000000e+05
1.438550000000000000e+05
1.438620000000000000e+05
1.438920000000000000e+05
1.440140000000000000e+05
1.440280000000000000e+05
1.442280000000000000e+05
1.443950000000000000e+05
1.443960000000000000e+05
1.445110000000000000e+05
1.445120000000000000e+05
1.445390000000000000e+05
1.445560000000000000e+05
1.445600000000000000e+05
1.446440000000000000e+05
1.446450000000000000e+05
1.446460000000000000e+05
1.447400000000000000e+05
1.448710000000000000e+05
1.449040000000000000e+05
1.453290000000000000e+05
1.453390000000000000e+05
1.455020000000000000e+05
1.456600000000000000e+05
1.457050000000000000e+05
1.457060000000000000e+05
1.457250000000000000e+05
1.457370000000000000e+05
1.457440000000000000e+05
1.458200000000000000e+05
1.458400000000000000e+05
1.459440000000000000e+05
1.460000000000000000e+05
1.460550000000000000e+05
1.460580000000000000e+05
1.460590000000000000e+05
1.461670000000000000e+05
1.461840000000000000e+05
1.462500000000000000e+05
1.462850000000000000e+05
1.462860000000000000e+05
1.462870000000000000e+05
1.462880000000000000e+05
1.462910000000000000e+05
1.466070000000000000e+05
1.466370000000000000e+05
1.466380000000000000e+05
1.467420000000000000e+05
1.468810000000000000e+05
1.468880000000000000e+05
1.469590000000000000e+05
1.472020000000000000e+05
1.472670000000000000e+05
1.472920000000000000e+05
1.473610000000000000e+05
1.474340000000000000e+05
1.474350000000000000e+05
1.474370000000000000e+05
1.474670000000000000e+05
1.474850000000000000e+05
1.475160000000000000e+05
1.475680000000000000e+05
1.475940000000000000e+05
1.476810000000000000e+05
1.476840000000000000e+05
1.477310000000000000e+05
1.478790000000000000e+05
1.479310000000000000e+05
1.482530000000000000e+05
1.482840000000000000e+05
1.483870000000000000e+05
1.483990000000000000e+05
1.484280000000000000e+05
1.484290000000000000e+05
1.488550000000000000e+05
1.491710000000000000e+05
1.492650000000000000e+05
1.493700000000000000e+05
1.494320000000000000e+05
1.495670000000000000e+05
1.495800000000000000e+05
1.495810000000000000e+05
1.496480000000000000e+05
1.499470000000000000e+05
1.499660000000000000e+05
1.501220000000000000e+05
1.502720000000000000e+05
1.503320000000000000e+05
1.504460000000000000e+05
1.504470000000000000e+05
1.504480000000000000e+05
1.504680000000000000e+05
1.504950000000000000e+05
1.506310000000000000e+05
1.507060000000000000e+05
1.507280000000000000e+05
1.508130000000000000e+05
1.512150000000000000e+05
1.512480000000000000e+05
1.512490000000000000e+05
1.512500000000000000e+05
1.512520000000000000e+05
1.512760000000000000e+05
1.513980000000000000e+05
1.516090000000000000e+05
1.518730000000000000e+05
1.519840000000000000e+05
1.521120000000000000e+05
1.522040000000000000e+05
1.522360000000000000e+05
1.522700000000000000e+05
1.522990000000000000e+05
1.523000000000000000e+05
1.523030000000000000e+05
1.523250000000000000e+05
1.523270000000000000e+05
1.524170000000000000e+05
1.525400000000000000e+05
1.525510000000000000e+05
1.528270000000000000e+05
1.528300000000000000e+05
1.528330000000000000e+05
1.528340000000000000e+05
1.528420000000000000e+05
1.528600000000000000e+05
1.529020000000000000e+05
1.529800000000000000e+05
1.530020000000000000e+05
1.530540000000000000e+05
1.531680000000000000e+05
1.531720000000000000e+05
1.534430000000000000e+05
1.534540000000000000e+05
1.534700000000000000e+05
1.536870000000000000e+05
1.537110000000000000e+05
1.537880000000000000e+05
1.537900000000000000e+05
1.542440000000000000e+05
1.542450000000000000e+05
1.542460000000000000e+05
1.543330000000000000e+05
1.544920000000000000e+05
1.546500000000000000e+05
1.547100000000000000e+05
1.547170000000000000e+05
1.547230000000000000e+05
1.547490000000000000e+05
1.548220000000000000e+05
1.550850000000000000e+05
1.551670000000000000e+05
1.551690000000000000e+05
1.551700000000000000e+05
1.554020000000000000e+05
1.554030000000000000e+05
1.554060000000000000e+05
1.554130000000000000e+05
1.555520000000000000e+05
1.556340000000000000e+05
1.556430000000000000e+05
1.556450000000000000e+05
1.557120000000000000e+05
1.557760000000000000e+05
1.558580000000000000e+05
1.558700000000000000e+05
1.558990000000000000e+05
1.559530000000000000e+05
1.560810000000000000e+05
1.560820000000000000e+05
1.560860000000000000e+05
1.565140000000000000e+05
1.565480000000000000e+05
1.566830000000000000e+05
1.566870000000000000e+05
1.567050000000000000e+05
1.569400000000000000e+05
1.569550000000000000e+05
1.572130000000000000e+05
1.573310000000000000e+05
1.573670000000000000e+05
1.573940000000000000e+05
1.573960000000000000e+05
1.574560000000000000e+05
1.576620000000000000e+05
1.578010000000000000e+05
1.578310000000000000e+05
1.582210000000000000e+05
1.582220000000000000e+05
1.582910000000000000e+05
1.583480000000000000e+05
1.583970000000000000e+05
1.584310000000000000e+05
1.585160000000000000e+05
1.585620000000000000e+05
1.586270000000000000e+05
1.586320000000000000e+05
1.586340000000000000e+05
1.586350000000000000e+05
1.587830000000000000e+05
1.587900000000000000e+05
1.589360000000000000e+05
1.590650000000000000e+05
1.590730000000000000e+05
1.590870000000000000e+05
1.591030000000000000e+05
1.592410000000000000e+05
1.592440000000000000e+05
1.592450000000000000e+05
1.592470000000000000e+05
1.592720000000000000e+05
1.593090000000000000e+05
1.593130000000000000e+05
1.593390000000000000e+05
1.593440000000000000e+05
1.593550000000000000e+05
1.593840000000000000e+05
1.593900000000000000e+05
1.594100000000000000e+05
1.594690000000000000e+05
1.595240000000000000e+05
1.595560000000000000e+05
1.595570000000000000e+05
1.596860000000000000e+05
1.597080000000000000e+05
1.597310000000000000e+05
1.597330000000000000e+05
1.598680000000000000e+05
1.598940000000000000e+05
1.599270000000000000e+05
1.601240000000000000e+05
1.601250000000000000e+05
1.601260000000000000e+05
1.601320000000000000e+05
1.601350000000000000e+05
1.601360000000000000e+05
1.602090000000000000e+05
1.602320000000000000e+05
1.602510000000000000e+05
1.604180000000000000e+05
1.604200000000000000e+05
1.604840000000000000e+05
1.604860000000000000e+05
1.605650000000000000e+05
1.608160000000000000e+05
1.608200000000000000e+05
1.609400000000000000e+05
1.609410000000000000e+05
1.610760000000000000e+05
1.611830000000000000e+05
1.612850000000000000e+05
1.613060000000000000e+05
1.614380000000000000e+05
1.616440000000000000e+05
1.618990000000000000e+05
1.619080000000000000e+05
1.619090000000000000e+05
1.619670000000000000e+05
1.622450000000000000e+05
1.623650000000000000e+05
1.626080000000000000e+05
1.626250000000000000e+05
1.626300000000000000e+05
1.627210000000000000e+05
1.627790000000000000e+05
1.628180000000000000e+05
1.629200000000000000e+05
1.629280000000000000e+05
1.629440000000000000e+05
1.629590000000000000e+05
1.630890000000000000e+05
1.630900000000000000e+05
1.631380000000000000e+05
1.632390000000000000e+05
1.632450000000000000e+05
1.632690000000000000e+05
1.633260000000000000e+05
1.633320000000000000e+05
1.633330000000000000e+05
1.633350000000000000e+05
1.633530000000000000e+05
1.633790000000000000e+05
1.634790000000000000e+05
1.635360000000000000e+05
1.635370000000000000e+05
1.635650000000000000e+05
1.637040000000000000e+05
1.637250000000000000e+05
1.637340000000000000e+05
1.640950000000000000e+05
1.641180000000000000e+05
1.641200000000000000e+05
1.641210000000000000e+05
1.642480000000000000e+05
1.645730000000000000e+05
1.647070000000000000e+05
1.647140000000000000e+05
1.647370000000000000e+05
1.648550000000000000e+05
1.649560000000000000e+05
1.650000000000000000e+05
1.650120000000000000e+05
1.651520000000000000e+05
1.655070000000000000e+05
1.658490000000000000e+05
1.659100000000000000e+05
1.661510000000000000e+05
1.662020000000000000e+05
1.662240000000000000e+05
1.662250000000000000e+05
1.662260000000000000e+05
1.662270000000000000e+05
1.662280000000000000e+05
1.662330000000000000e+05
1.662340000000000000e+05
1.663460000000000000e+05
1.666770000000000000e+05
1.668030000000000000e+05
1.668770000000000000e+05
1.672800000000000000e+05
1.674010000000000000e+05
1.677610000000000000e+05
1.677620000000000000e+05
1.678000000000000000e+05
1.678010000000000000e+05
1.678780000000000000e+05
1.681340000000000000e+05
1.682000000000000000e+05
1.682350000000000000e+05
1.685430000000000000e+05
1.687540000000000000e+05
1.687560000000000000e+05
1.687570000000000000e+05
1.687580000000000000e+05
1.688450000000000000e+05
1.688570000000000000e+05
1.688590000000000000e+05
1.689300000000000000e+05
1.691110000000000000e+05
1.693080000000000000e+05
1.693200000000000000e+05
1.693210000000000000e+05
1.693220000000000000e+05
1.693230000000000000e+05
1.693330000000000000e+05
1.693340000000000000e+05
1.693370000000000000e+05
1.693390000000000000e+05
1.693450000000000000e+05
1.693460000000000000e+05
1.694000000000000000e+05
1.694800000000000000e+05
1.695750000000000000e+05
1.696150000000000000e+05
1.696800000000000000e+05
1.696860000000000000e+05
1.696880000000000000e+05
1.697810000000000000e+05
1.699180000000000000e+05
1.700330000000000000e+05
1.700560000000000000e+05
1.700680000000000000e+05
1.701880000000000000e+05
1.702100000000000000e+05
1.702540000000000000e+05
1.703200000000000000e+05
1.703220000000000000e+05
1.704280000000000000e+05
1.704950000000000000e+05
1.705240000000000000e+05
1.706360000000000000e+05
1.706820000000000000e+05
1.706850000000000000e+05
1.706870000000000000e+05
1.708270000000000000e+05
1.708570000000000000e+05
1.710820000000000000e+05
1.711490000000000000e+05
1.712390000000000000e+05
1.713440000000000000e+05
1.714400000000000000e+05
1.715420000000000000e+05
1.716080000000000000e+05
1.717450000000000000e+05
1.717480000000000000e+05
1.717540000000000000e+05
1.719040000000000000e+05
1.719350000000000000e+05
1.720310000000000000e+05
1.720350000000000000e+05
1.721970000000000000e+05
1.722190000000000000e+05
1.722210000000000000e+05
1.722720000000000000e+05
1.723570000000000000e+05
1.724230000000000000e+05
1.725610000000000000e+05
1.725620000000000000e+05
1.729050000000000000e+05
1.729650000000000000e+05
1.730430000000000000e+05
