9.300000000000000000e+01
9.400000000000000000e+01
1.390000000000000000e+02
3.970000000000000000e+02
4.020000000000000000e+02
4.030000000000000000e+02
4.040000000000000000e+02
4.050000000000000000e+02
4.060000000000000000e+02
4.160000000000000000e+02
4.170000000000000000e+02
9.180000000000000000e+02
1.024000000000000000e+03
1.288000000000000000e+03
1.297000000000000000e+03
1.298000000000000000e+03
1.305000000000000000e+03
1.852000000000000000e+03
2.274000000000000000e+03
2.412000000000000000e+03
2.416000000000000000e+03
3.381000000000000000e+03
3.382000000000000000e+03
3.424000000000000000e+03
3.541000000000000000e+03
3.550000000000000000e+03
3.551000000000000000e+03
3.556000000000000000e+03
3.559000000000000000e+03
3.593000000000000000e+03
3.595000000000000000e+03
3.621000000000000000e+03
3.624000000000000000e+03
3.626000000000000000e+03
3.628000000000000000e+03
3.629000000000000000e+03
3.630000000000000000e+03
3.631000000000000000e+03
3.632000000000000000e+03
3.633000000000000000e+03
3.636000000000000000e+03
3.847000000000000000e+03
4.049000000000000000e+03
4.140000000000000000e+03
4.220000000000000000e+03
4.235000000000000000e+03
4.269000000000000000e+03
4.270000000000000000e+03
4.271000000000000000e+03
4.356000000000000000e+03
4.383000000000000000e+03
4.638000000000000000e+03
4.642000000000000000e+03
4.785000000000000000e+03
4.786000000000000000e+03
4.850000000000000000e+03
4.854000000000000000e+03
4.890000000000000000e+03
4.932000000000000000e+03
5.008000000000000000e+03
5.010000000000000000e+03
5.012000000000000000e+03
5.013000000000000000e+03
5.075000000000000000e+03
5.076000000000000000e+03
5.078000000000000000e+03
5.084000000000000000e+03
5.087000000000000000e+03
5.088000000000000000e+03
5.089000000000000000e+03
5.090000000000000000e+03
5.100000000000000000e+03
5.132000000000000000e+03
5.150000000000000000e+03
5.435000000000000000e+03
5.881000000000000000e+03
5.890000000000000000e+03
6.142000000000000000e+03
6.143000000000000000e+03
6.144000000000000000e+03
6.145000000000000000e+03
6.146000000000000000e+03
6.147000000000000000e+03
6.148000000000000000e+03
6.149000000000000000e+03
6.150000000000000000e+03
6.151000000000000000e+03
6.152000000000000000e+03
6.153000000000000000e+03
6.154000000000000000e+03
6.155000000000000000e+03
6.156000000000000000e+03
6.158000000000000000e+03
6.159000000000000000e+03
6.160000000000000000e+03
6.281000000000000000e+03
6.642000000000000000e+03
6.677000000000000000e+03
6.769000000000000000e+03
6.771000000000000000e+03
6.772000000000000000e+03
6.774000000000000000e+03
6.775000000000000000e+03
6.776000000000000000e+03
6.783000000000000000e+03
6.785000000000000000e+03
6.786000000000000000e+03
6.787000000000000000e+03
6.789000000000000000e+03
6.790000000000000000e+03
6.791000000000000000e+03
6.792000000000000000e+03
6.794000000000000000e+03
6.795000000000000000e+03
6.796000000000000000e+03
7.223000000000000000e+03
7.254000000000000000e+03
7.724000000000000000e+03
8.023000000000000000e+03
8.325000000000000000e+03
9.206000000000000000e+03
9.489000000000000000e+03
9.490000000000000000e+03
9.494000000000000000e+03
9.560000000000000000e+03
9.589000000000000000e+03
9.702000000000000000e+03
9.840000000000000000e+03
9.845000000000000000e+03
9.847000000000000000e+03
9.855000000000000000e+03
9.953000000000000000e+03
9.978000000000000000e+03
9.979000000000000000e+03
1.001400000000000000e+04
1.073900000000000000e+04
1.078700000000000000e+04
1.080200000000000000e+04
1.085600000000000000e+04
1.101700000000000000e+04
1.102700000000000000e+04
1.102800000000000000e+04
1.107500000000000000e+04
1.119900000000000000e+04
1.132000000000000000e+04
1.150000000000000000e+04
1.156200000000000000e+04
1.188800000000000000e+04
1.192300000000000000e+04
1.194500000000000000e+04
1.209900000000000000e+04
1.250500000000000000e+04
1.265800000000000000e+04
1.280700000000000000e+04
1.316800000000000000e+04
1.334300000000000000e+04
1.365300000000000000e+04
1.402800000000000000e+04
1.402900000000000000e+04
1.403000000000000000e+04
1.404000000000000000e+04
1.407700000000000000e+04
1.489100000000000000e+04
1.490500000000000000e+04
1.497200000000000000e+04
1.500100000000000000e+04
1.507000000000000000e+04
1.508800000000000000e+04
1.511800000000000000e+04
1.515000000000000000e+04
1.518900000000000000e+04
1.528400000000000000e+04
1.543900000000000000e+04
1.569300000000000000e+04
1.593600000000000000e+04
1.613500000000000000e+04
1.678200000000000000e+04
1.691100000000000000e+04
1.705900000000000000e+04
1.809500000000000000e+04
1.851500000000000000e+04
1.855300000000000000e+04
1.855400000000000000e+04
1.861100000000000000e+04
1.907000000000000000e+04
1.913200000000000000e+04
1.913500000000000000e+04
1.925800000000000000e+04
1.933000000000000000e+04
1.969800000000000000e+04
1.989700000000000000e+04
1.989800000000000000e+04
2.023000000000000000e+04
2.038000000000000000e+04
2.053000000000000000e+04
2.099300000000000000e+04
2.107200000000000000e+04
2.107400000000000000e+04
2.107500000000000000e+04
2.157300000000000000e+04
2.197000000000000000e+04
2.217900000000000000e+04
2.219600000000000000e+04
2.225500000000000000e+04
2.227600000000000000e+04
2.248000000000000000e+04
2.248500000000000000e+04
2.267600000000000000e+04
2.302700000000000000e+04
2.329700000000000000e+04
2.387900000000000000e+04
2.388100000000000000e+04
2.388300000000000000e+04
2.388400000000000000e+04
2.390300000000000000e+04
2.400400000000000000e+04
2.400500000000000000e+04
2.402000000000000000e+04
2.403800000000000000e+04
2.414700000000000000e+04
2.420400000000000000e+04
2.420700000000000000e+04
2.422100000000000000e+04
2.422200000000000000e+04
2.422400000000000000e+04
2.422800000000000000e+04
2.423000000000000000e+04
2.423100000000000000e+04
2.438800000000000000e+04
2.466900000000000000e+04
2.497400000000000000e+04
2.504700000000000000e+04
2.603800000000000000e+04
2.628100000000000000e+04
2.630000000000000000e+04
2.664800000000000000e+04
2.683400000000000000e+04
2.683900000000000000e+04
2.715900000000000000e+04
2.752900000000000000e+04
2.771800000000000000e+04
2.771900000000000000e+04
2.791900000000000000e+04
2.794700000000000000e+04
2.871600000000000000e+04
2.879900000000000000e+04
2.894100000000000000e+04
2.982200000000000000e+04
3.014600000000000000e+04
3.079500000000000000e+04
3.155500000000000000e+04
3.164900000000000000e+04
3.191100000000000000e+04
3.243900000000000000e+04
3.257000000000000000e+04
3.264400000000000000e+04
3.276700000000000000e+04
3.329400000000000000e+04
3.331500000000000000e+04
3.338600000000000000e+04
3.426100000000000000e+04
3.436400000000000000e+04
3.519300000000000000e+04
3.599800000000000000e+04
3.620600000000000000e+04
3.678800000000000000e+04
3.679600000000000000e+04
3.701400000000000000e+04
3.709100000000000000e+04
3.724800000000000000e+04
3.728000000000000000e+04
3.790300000000000000e+04
3.796800000000000000e+04
3.796900000000000000e+04
3.807400000000000000e+04
3.818000000000000000e+04
3.833800000000000000e+04
3.887200000000000000e+04
3.891500000000000000e+04
3.914900000000000000e+04
3.929300000000000000e+04
3.968900000000000000e+04
3.969000000000000000e+04
3.969600000000000000e+04
3.969800000000000000e+04
3.987100000000000000e+04
3.991500000000000000e+04
4.017900000000000000e+04
4.026500000000000000e+04
4.036500000000000000e+04
4.056500000000000000e+04
4.057000000000000000e+04
4.061500000000000000e+04
4.082100000000000000e+04
4.101900000000000000e+04
4.110800000000000000e+04
4.117100000000000000e+04
4.117700000000000000e+04
4.133300000000000000e+04
4.136400000000000000e+04
4.143300000000000000e+04
4.143400000000000000e+04
4.143500000000000000e+04
4.173300000000000000e+04
4.175400000000000000e+04
4.178500000000000000e+04
4.182200000000000000e+04
4.187100000000000000e+04
4.188600000000000000e+04
4.189500000000000000e+04
4.190900000000000000e+04
4.192700000000000000e+04
4.205700000000000000e+04
4.207200000000000000e+04
4.207300000000000000e+04
4.219800000000000000e+04
4.228800000000000000e+04
4.231100000000000000e+04
4.276600000000000000e+04
4.287800000000000000e+04
4.320500000000000000e+04
4.345800000000000000e+04
4.349300000000000000e+04
4.361100000000000000e+04
4.361300000000000000e+04
4.375300000000000000e+04
4.384600000000000000e+04
4.421700000000000000e+04
4.446700000000000000e+04
4.460700000000000000e+04
4.464600000000000000e+04
4.465300000000000000e+04
4.485400000000000000e+04
4.510600000000000000e+04
4.522100000000000000e+04
4.522200000000000000e+04
4.525000000000000000e+04
4.552500000000000000e+04
4.559300000000000000e+04
4.575400000000000000e+04
4.589800000000000000e+04
4.603400000000000000e+04
4.627900000000000000e+04
4.628000000000000000e+04
4.628100000000000000e+04
4.643700000000000000e+04
4.643800000000000000e+04
4.657800000000000000e+04
4.681700000000000000e+04
4.681800000000000000e+04
4.682900000000000000e+04
4.707300000000000000e+04
4.739400000000000000e+04
4.756500000000000000e+04
4.774300000000000000e+04
4.799000000000000000e+04
4.820700000000000000e+04
4.871100000000000000e+04
4.897200000000000000e+04
4.919600000000000000e+04
4.927400000000000000e+04
4.927600000000000000e+04
5.010500000000000000e+04
5.038000000000000000e+04
5.051200000000000000e+04
5.054000000000000000e+04
5.060000000000000000e+04
5.060400000000000000e+04
5.102200000000000000e+04
5.102800000000000000e+04
5.137900000000000000e+04
5.144100000000000000e+04
5.177200000000000000e+04
5.177400000000000000e+04
5.182200000000000000e+04
5.209200000000000000e+04
5.211400000000000000e+04
5.214200000000000000e+04
5.227900000000000000e+04
5.261400000000000000e+04
5.282700000000000000e+04
5.285900000000000000e+04
5.287000000000000000e+04
5.287200000000000000e+04
5.287300000000000000e+04
5.287400000000000000e+04
5.332900000000000000e+04
5.342700000000000000e+04
5.358700000000000000e+04
5.358800000000000000e+04
5.360100000000000000e+04
5.392000000000000000e+04
5.405600000000000000e+04
5.405800000000000000e+04
5.407000000000000000e+04
5.410100000000000000e+04
5.410200000000000000e+04
5.491400000000000000e+04
5.500400000000000000e+04
5.511900000000000000e+04
5.558500000000000000e+04
5.579900000000000000e+04
5.591200000000000000e+04
5.605500000000000000e+04
5.630900000000000000e+04
5.631000000000000000e+04
5.632300000000000000e+04
5.661800000000000000e+04
5.664200000000000000e+04
5.671200000000000000e+04
5.676200000000000000e+04
5.693000000000000000e+04
5.693300000000000000e+04
5.694000000000000000e+04
5.694200000000000000e+04
5.725100000000000000e+04
5.762400000000000000e+04
5.771000000000000000e+04
5.795800000000000000e+04
5.815000000000000000e+04
5.815800000000000000e+04
5.816000000000000000e+04
5.816400000000000000e+04
5.816600000000000000e+04
5.820600000000000000e+04
5.820700000000000000e+04
5.820900000000000000e+04
5.826700000000000000e+04
5.827200000000000000e+04
5.851100000000000000e+04
5.861000000000000000e+04
5.864200000000000000e+04
5.871100000000000000e+04
5.873300000000000000e+04
5.881300000000000000e+04
5.881800000000000000e+04
5.881900000000000000e+04
5.891900000000000000e+04
5.909400000000000000e+04
5.922300000000000000e+04
5.925600000000000000e+04
5.929300000000000000e+04
5.931100000000000000e+04
5.938100000000000000e+04
5.939800000000000000e+04
5.940700000000000000e+04
5.940800000000000000e+04
5.941000000000000000e+04
5.948400000000000000e+04
5.954800000000000000e+04
5.961400000000000000e+04
5.971100000000000000e+04
5.978700000000000000e+04
6.008100000000000000e+04
6.011400000000000000e+04
6.011600000000000000e+04
6.011700000000000000e+04
6.016900000000000000e+04
6.038300000000000000e+04
6.068300000000000000e+04
6.070600000000000000e+04
6.073300000000000000e+04
6.083700000000000000e+04
6.084600000000000000e+04
6.088200000000000000e+04
6.102600000000000000e+04
6.133800000000000000e+04
6.155600000000000000e+04
6.168200000000000000e+04
6.223000000000000000e+04
6.223500000000000000e+04
6.224400000000000000e+04
6.240500000000000000e+04
6.240900000000000000e+04
6.250200000000000000e+04
6.251200000000000000e+04
6.265300000000000000e+04
6.277400000000000000e+04
6.279100000000000000e+04
6.285100000000000000e+04
6.290200000000000000e+04
6.301400000000000000e+04
6.308300000000000000e+04
6.310300000000000000e+04
6.310400000000000000e+04
6.320100000000000000e+04
6.376200000000000000e+04
6.384800000000000000e+04
6.447600000000000000e+04
6.447700000000000000e+04
6.477000000000000000e+04
6.490000000000000000e+04
6.491800000000000000e+04
6.537700000000000000e+04
6.571800000000000000e+04
6.572300000000000000e+04
6.572400000000000000e+04
6.619900000000000000e+04
6.620300000000000000e+04
6.620400000000000000e+04
6.620500000000000000e+04
6.620600000000000000e+04
6.620700000000000000e+04
6.636000000000000000e+04
6.652200000000000000e+04
6.680600000000000000e+04
6.689800000000000000e+04
6.692900000000000000e+04
6.706300000000000000e+04
6.729300000000000000e+04
6.761700000000000000e+04
6.778700000000000000e+04
6.794000000000000000e+04
6.794500000000000000e+04
6.799100000000000000e+04
6.800000000000000000e+04
6.888600000000000000e+04
6.906800000000000000e+04
6.921300000000000000e+04
6.921600000000000000e+04
6.925700000000000000e+04
6.936400000000000000e+04
6.946600000000000000e+04
6.946700000000000000e+04
6.946800000000000000e+04
6.946900000000000000e+04
6.947200000000000000e+04
6.947400000000000000e+04
6.947500000000000000e+04
6.955000000000000000e+04
7.015400000000000000e+04
7.039800000000000000e+04
7.047000000000000000e+04
7.048400000000000000e+04
7.048700000000000000e+04
7.067600000000000000e+04
7.067700000000000000e+04
7.068300000000000000e+04
7.073200000000000000e+04
7.081600000000000000e+04
7.108400000000000000e+04
7.111000000000000000e+04
7.113400000000000000e+04
7.117100000000000000e+04
7.117300000000000000e+04
7.117600000000000000e+04
7.141400000000000000e+04
7.147000000000000000e+04
7.148200000000000000e+04
7.158200000000000000e+04
7.184500000000000000e+04
7.188600000000000000e+04
7.281800000000000000e+04
7.286700000000000000e+04
7.293800000000000000e+04
7.306600000000000000e+04
7.337500000000000000e+04
7.389100000000000000e+04
7.409500000000000000e+04
7.410300000000000000e+04
7.410400000000000000e+04
7.410500000000000000e+04
7.425700000000000000e+04
7.426100000000000000e+04
7.426200000000000000e+04
7.428600000000000000e+04
7.428800000000000000e+04
7.473800000000000000e+04
7.491400000000000000e+04
7.491500000000000000e+04
7.492300000000000000e+04
7.502900000000000000e+04
7.516900000000000000e+04
7.525000000000000000e+04
7.546800000000000000e+04
7.560500000000000000e+04
7.588200000000000000e+04
7.607600000000000000e+04
7.621300000000000000e+04
7.621400000000000000e+04
7.627700000000000000e+04
7.663800000000000000e+04
7.672200000000000000e+04
7.681200000000000000e+04
7.690500000000000000e+04
7.692300000000000000e+04
7.697300000000000000e+04
7.697800000000000000e+04
7.697900000000000000e+04
7.708300000000000000e+04
7.713600000000000000e+04
7.727500000000000000e+04
7.727900000000000000e+04
7.728300000000000000e+04
7.734100000000000000e+04
7.734600000000000000e+04
7.735000000000000000e+04
7.735100000000000000e+04
7.746300000000000000e+04
7.762200000000000000e+04
7.773500000000000000e+04
7.780200000000000000e+04
7.780300000000000000e+04
7.780500000000000000e+04
7.822400000000000000e+04
7.822500000000000000e+04
7.827100000000000000e+04
7.829700000000000000e+04
7.841500000000000000e+04
7.858700000000000000e+04
7.858800000000000000e+04
7.859100000000000000e+04
7.859700000000000000e+04
7.859800000000000000e+04
7.867700000000000000e+04
7.907100000000000000e+04
7.953400000000000000e+04
7.965500000000000000e+04
7.997500000000000000e+04
8.009800000000000000e+04
8.018700000000000000e+04
8.019000000000000000e+04
8.020100000000000000e+04
8.023200000000000000e+04
8.023700000000000000e+04
8.038100000000000000e+04
8.040100000000000000e+04
8.042100000000000000e+04
8.054300000000000000e+04
8.060800000000000000e+04
8.064300000000000000e+04
8.133500000000000000e+04
8.162000000000000000e+04
8.202300000000000000e+04
8.207100000000000000e+04
8.208500000000000000e+04
8.208600000000000000e+04
8.208700000000000000e+04
8.208800000000000000e+04
8.208900000000000000e+04
8.209000000000000000e+04
8.209100000000000000e+04
8.213100000000000000e+04
8.222500000000000000e+04
8.227700000000000000e+04
8.243500000000000000e+04
8.262100000000000000e+04
8.262900000000000000e+04
8.270400000000000000e+04
8.282600000000000000e+04
8.287400000000000000e+04
8.307800000000000000e+04
8.314800000000000000e+04
8.322800000000000000e+04
8.344700000000000000e+04
8.397600000000000000e+04
8.412200000000000000e+04
8.445400000000000000e+04
8.463700000000000000e+04
8.467200000000000000e+04
8.467300000000000000e+04
8.467400000000000000e+04
8.467500000000000000e+04
8.468700000000000000e+04
8.497800000000000000e+04
8.507900000000000000e+04
8.508900000000000000e+04
8.513800000000000000e+04
8.528800000000000000e+04
8.534900000000000000e+04
8.543100000000000000e+04
8.543200000000000000e+04
8.543300000000000000e+04
8.543400000000000000e+04
8.543700000000000000e+04
8.545900000000000000e+04
8.548700000000000000e+04
8.548900000000000000e+04
8.557400000000000000e+04
8.578100000000000000e+04
8.600800000000000000e+04
8.612700000000000000e+04
8.644900000000000000e+04
8.651600000000000000e+04
8.653600000000000000e+04
8.656700000000000000e+04
8.672800000000000000e+04
8.689600000000000000e+04
8.693500000000000000e+04
8.693600000000000000e+04
8.722500000000000000e+04
8.743300000000000000e+04
8.764100000000000000e+04
8.783700000000000000e+04
8.804700000000000000e+04
8.815900000000000000e+04
8.828500000000000000e+04
8.870200000000000000e+04
8.870700000000000000e+04
8.871900000000000000e+04
8.882900000000000000e+04
8.910200000000000000e+04
8.917400000000000000e+04
8.917800000000000000e+04
8.927300000000000000e+04
8.927500000000000000e+04
8.927600000000000000e+04
8.927800000000000000e+04
8.932400000000000000e+04
8.942000000000000000e+04
8.942100000000000000e+04
8.950700000000000000e+04
8.964000000000000000e+04
8.981100000000000000e+04
8.981200000000000000e+04
8.981300000000000000e+04
8.984100000000000000e+04
8.987100000000000000e+04
9.036400000000000000e+04
9.037800000000000000e+04
9.062900000000000000e+04
9.075500000000000000e+04
9.098400000000000000e+04
9.104100000000000000e+04
9.144400000000000000e+04
9.148400000000000000e+04
9.155200000000000000e+04
9.160900000000000000e+04
9.173100000000000000e+04
9.184600000000000000e+04
9.184800000000000000e+04
9.192800000000000000e+04
9.193400000000000000e+04
9.242400000000000000e+04
9.256400000000000000e+04
9.258300000000000000e+04
9.266500000000000000e+04
9.267800000000000000e+04
9.272000000000000000e+04
9.291500000000000000e+04
9.308300000000000000e+04
9.313200000000000000e+04
9.313400000000000000e+04
9.313500000000000000e+04
9.314500000000000000e+04
9.337900000000000000e+04
9.340600000000000000e+04
9.351800000000000000e+04
9.361000000000000000e+04
9.365000000000000000e+04
9.371500000000000000e+04
9.400800000000000000e+04
9.404000000000000000e+04
9.404300000000000000e+04
9.420200000000000000e+04
9.424400000000000000e+04
9.435500000000000000e+04
9.442500000000000000e+04
9.443700000000000000e+04
9.447800000000000000e+04
9.455000000000000000e+04
9.465400000000000000e+04
9.465500000000000000e+04
9.503100000000000000e+04
9.505400000000000000e+04
9.532500000000000000e+04
9.576800000000000000e+04
9.581500000000000000e+04
9.582000000000000000e+04
9.582100000000000000e+04
9.582900000000000000e+04
9.619700000000000000e+04
9.637900000000000000e+04
9.646300000000000000e+04
9.646400000000000000e+04
9.650800000000000000e+04
9.657300000000000000e+04
9.657500000000000000e+04
9.670900000000000000e+04
9.671000000000000000e+04
9.672000000000000000e+04
9.672300000000000000e+04
9.672400000000000000e+04
9.672900000000000000e+04
9.673000000000000000e+04
9.680700000000000000e+04
9.681000000000000000e+04
9.681200000000000000e+04
9.686100000000000000e+04
9.686200000000000000e+04
9.705500000000000000e+04
9.707600000000000000e+04
9.707700000000000000e+04
9.707800000000000000e+04
9.729000000000000000e+04
9.752000000000000000e+04
9.752200000000000000e+04
9.752300000000000000e+04
9.765600000000000000e+04
9.766000000000000000e+04
9.772000000000000000e+04
9.776000000000000000e+04
9.778700000000000000e+04
9.779000000000000000e+04
9.779100000000000000e+04
9.782200000000000000e+04
9.797300000000000000e+04
9.808600000000000000e+04
9.825700000000000000e+04
9.835600000000000000e+04
9.835700000000000000e+04
9.836200000000000000e+04
9.837800000000000000e+04
9.838500000000000000e+04
9.841800000000000000e+04
9.841900000000000000e+04
9.845900000000000000e+04
9.846000000000000000e+04
9.848900000000000000e+04
9.852700000000000000e+04
9.852800000000000000e+04
9.853900000000000000e+04
9.854500000000000000e+04
9.863700000000000000e+04
9.875500000000000000e+04
9.879400000000000000e+04
9.879700000000000000e+04
9.882200000000000000e+04
9.884900000000000000e+04
9.896300000000000000e+04
9.898800000000000000e+04
9.907700000000000000e+04
9.908100000000000000e+04
9.919000000000000000e+04
9.919100000000000000e+04
9.919300000000000000e+04
9.919500000000000000e+04
9.926700000000000000e+04
9.927000000000000000e+04
9.957700000000000000e+04
9.969000000000000000e+04
9.981800000000000000e+04
9.982800000000000000e+04
9.982900000000000000e+04
9.997400000000000000e+04
1.002260000000000000e+05
1.002270000000000000e+05
1.002280000000000000e+05
1.002290000000000000e+05
1.002810000000000000e+05
1.003150000000000000e+05
1.004490000000000000e+05
1.005200000000000000e+05
1.006040000000000000e+05
1.006050000000000000e+05
1.006060000000000000e+05
1.006080000000000000e+05
1.006560000000000000e+05
1.010860000000000000e+05
1.010880000000000000e+05
1.010890000000000000e+05
1.012250000000000000e+05
1.013770000000000000e+05
1.013790000000000000e+05
1.014630000000000000e+05
1.017810000000000000e+05
1.019930000000000000e+05
1.019940000000000000e+05
1.020510000000000000e+05
1.021650000000000000e+05
1.024490000000000000e+05
1.025300000000000000e+05
1.025330000000000000e+05
1.029800000000000000e+05
1.031130000000000000e+05
1.031380000000000000e+05
1.044940000000000000e+05
1.045420000000000000e+05
1.046460000000000000e+05
1.048200000000000000e+05
1.048280000000000000e+05
1.048360000000000000e+05
1.051770000000000000e+05
1.051810000000000000e+05
1.056050000000000000e+05
1.057490000000000000e+05
1.057510000000000000e+05
1.057990000000000000e+05
1.058990000000000000e+05
1.059580000000000000e+05
1.059620000000000000e+05
1.060230000000000000e+05
1.062410000000000000e+05
1.062810000000000000e+05
1.063710000000000000e+05
1.064370000000000000e+05
1.064960000000000000e+05
1.069410000000000000e+05
1.070130000000000000e+05
1.072410000000000000e+05
1.073140000000000000e+05
1.074510000000000000e+05
1.074660000000000000e+05
1.076170000000000000e+05
1.077780000000000000e+05
1.082960000000000000e+05
1.082970000000000000e+05
1.083240000000000000e+05
1.083400000000000000e+05
1.083860000000000000e+05
1.085960000000000000e+05
1.085980000000000000e+05
1.085990000000000000e+05
1.086010000000000000e+05
1.086020000000000000e+05
1.086030000000000000e+05
1.086050000000000000e+05
1.086060000000000000e+05
1.086070000000000000e+05
1.086080000000000000e+05
1.086100000000000000e+05
1.086110000000000000e+05
1.086120000000000000e+05
1.086130000000000000e+05
1.086150000000000000e+05
1.086240000000000000e+05
1.086250000000000000e+05
1.086270000000000000e+05
1.086300000000000000e+05
1.086350000000000000e+05
1.086360000000000000e+05
1.086410000000000000e+05
1.086420000000000000e+05
1.086430000000000000e+05
1.086450000000000000e+05
1.086480000000000000e+05
1.086520000000000000e+05
1.086530000000000000e+05
1.086540000000000000e+05
1.087360000000000000e+05
1.087490000000000000e+05
1.088270000000000000e+05
1.090740000000000000e+05
1.090750000000000000e+05
1.093840000000000000e+05
1.093850000000000000e+05
1.094170000000000000e+05
1.094490000000000000e+05
1.095660000000000000e+05
1.098550000000000000e+05
1.098810000000000000e+05
1.098820000000000000e+05
1.100010000000000000e+05
1.100020000000000000e+05
1.103580000000000000e+05
1.106370000000000000e+05
1.106380000000000000e+05
1.106390000000000000e+05
1.106480000000000000e+05
1.109620000000000000e+05
1.114880000000000000e+05
1.114890000000000000e+05
1.114930000000000000e+05
1.115970000000000000e+05
1.116000000000000000e+05
1.116320000000000000e+05
1.117690000000000000e+05
1.121110000000000000e+05
1.123810000000000000e+05
1.125240000000000000e+05
1.126020000000000000e+05
1.128790000000000000e+05
1.129400000000000000e+05
1.131130000000000000e+05
1.132610000000000000e+05
1.137330000000000000e+05
1.140100000000000000e+05
1.142520000000000000e+05
1.143030000000000000e+05
1.143510000000000000e+05
1.144510000000000000e+05
1.145090000000000000e+05
1.145310000000000000e+05
1.146290000000000000e+05
1.146330000000000000e+05
1.146470000000000000e+05
1.148000000000000000e+05
1.151780000000000000e+05
1.153520000000000000e+05
1.154140000000000000e+05
1.154500000000000000e+05
1.154580000000000000e+05
1.156600000000000000e+05
1.159410000000000000e+05
1.164120000000000000e+05
1.165040000000000000e+05
1.167520000000000000e+05
1.167530000000000000e+05
1.170950000000000000e+05
1.172290000000000000e+05
1.173630000000000000e+05
1.173950000000000000e+05
1.175290000000000000e+05
1.175330000000000000e+05
1.176220000000000000e+05
1.176230000000000000e+05
1.176240000000000000e+05
1.176250000000000000e+05
1.176260000000000000e+05
1.179130000000000000e+05
1.179140000000000000e+05
1.183920000000000000e+05
1.186600000000000000e+05
1.189210000000000000e+05
1.197880000000000000e+05
1.198970000000000000e+05
1.199980000000000000e+05
1.199990000000000000e+05
1.201290000000000000e+05
1.204120000000000000e+05
1.210030000000000000e+05
1.215610000000000000e+05
1.215890000000000000e+05
1.216190000000000000e+05
1.216200000000000000e+05
1.216210000000000000e+05
1.216220000000000000e+05
1.216230000000000000e+05
1.216330000000000000e+05
1.217220000000000000e+05
1.218240000000000000e+05
1.218930000000000000e+05
1.219860000000000000e+05
1.220150000000000000e+05
1.223520000000000000e+05
1.224810000000000000e+05
1.227010000000000000e+05
1.227070000000000000e+05
1.227100000000000000e+05
1.227130000000000000e+05
1.227210000000000000e+05
1.227330000000000000e+05
1.227530000000000000e+05
1.229720000000000000e+05
1.231490000000000000e+05
1.232970000000000000e+05
1.232980000000000000e+05
1.232990000000000000e+05
1.233000000000000000e+05
1.233010000000000000e+05
1.233020000000000000e+05
1.233040000000000000e+05
1.233060000000000000e+05
1.233070000000000000e+05
1.233080000000000000e+05
1.233090000000000000e+05
1.233100000000000000e+05
1.233110000000000000e+05
1.233270000000000000e+05
1.234250000000000000e+05
1.234780000000000000e+05
1.234790000000000000e+05
1.234800000000000000e+05
1.234960000000000000e+05
1.235170000000000000e+05
1.239600000000000000e+05
1.240950000000000000e+05
1.241720000000000000e+05
1.242090000000000000e+05
1.246580000000000000e+05
1.246590000000000000e+05
1.246620000000000000e+05
1.246640000000000000e+05
1.246650000000000000e+05
1.246660000000000000e+05
1.246670000000000000e+05
1.246680000000000000e+05
1.246690000000000000e+05
1.246720000000000000e+05
1.246730000000000000e+05
1.246740000000000000e+05
1.246750000000000000e+05
1.246770000000000000e+05
1.246780000000000000e+05
1.246790000000000000e+05
1.246800000000000000e+05
1.246820000000000000e+05
1.246850000000000000e+05
1.246860000000000000e+05
1.253640000000000000e+05
1.253650000000000000e+05
1.254040000000000000e+05
1.257010000000000000e+05
1.257020000000000000e+05
1.257030000000000000e+05
1.257040000000000000e+05
1.257050000000000000e+05
1.257060000000000000e+05
1.257070000000000000e+05
1.257720000000000000e+05
1.258930000000000000e+05
1.262650000000000000e+05
1.263530000000000000e+05
1.265760000000000000e+05
1.268280000000000000e+05
1.268490000000000000e+05
1.268700000000000000e+05
1.270020000000000000e+05
1.271180000000000000e+05
1.272360000000000000e+05
1.272380000000000000e+05
1.272390000000000000e+05
1.272400000000000000e+05
1.272410000000000000e+05
1.272440000000000000e+05
1.272450000000000000e+05
1.272500000000000000e+05
1.273090000000000000e+05
1.275440000000000000e+05
1.280700000000000000e+05
1.280930000000000000e+05
1.281150000000000000e+05
1.283230000000000000e+05
1.283720000000000000e+05
1.283930000000000000e+05
1.284020000000000000e+05
1.286140000000000000e+05
1.287480000000000000e+05
1.287800000000000000e+05
1.288910000000000000e+05
1.288960000000000000e+05
1.294410000000000000e+05
1.295330000000000000e+05
1.295340000000000000e+05
1.299570000000000000e+05
1.302360000000000000e+05
1.302700000000000000e+05
1.302970000000000000e+05
1.303010000000000000e+05
1.304450000000000000e+05
1.307010000000000000e+05
1.307020000000000000e+05
1.307840000000000000e+05
1.308820000000000000e+05
1.308830000000000000e+05
1.308930000000000000e+05
1.308950000000000000e+05
1.308970000000000000e+05
1.309080000000000000e+05
1.310040000000000000e+05
1.310270000000000000e+05
1.312720000000000000e+05
1.313000000000000000e+05
1.316240000000000000e+05
1.318190000000000000e+05
1.318730000000000000e+05
1.318880000000000000e+05
1.319750000000000000e+05
1.320210000000000000e+05
1.320230000000000000e+05
1.326590000000000000e+05
1.327910000000000000e+05
1.328180000000000000e+05
1.328350000000000000e+05
1.328500000000000000e+05
1.329320000000000000e+05
1.330680000000000000e+05
1.331220000000000000e+05
1.333150000000000000e+05
1.333180000000000000e+05
1.333210000000000000e+05
1.333430000000000000e+05
1.333590000000000000e+05
1.333710000000000000e+05
1.333730000000000000e+05
1.333750000000000000e+05
1.333770000000000000e+05
1.333810000000000000e+05
1.333820000000000000e+05
1.336500000000000000e+05
1.337320000000000000e+05
1.338040000000000000e+05
1.338490000000000000e+05
1.339220000000000000e+05
1.339610000000000000e+05
1.339630000000000000e+05
1.339640000000000000e+05
1.339650000000000000e+05
1.339930000000000000e+05
1.340060000000000000e+05
1.340090000000000000e+05
1.340100000000000000e+05
1.340110000000000000e+05
1.340120000000000000e+05
1.340130000000000000e+05
1.340140000000000000e+05
1.340150000000000000e+05
1.340160000000000000e+05
1.340170000000000000e+05
1.340180000000000000e+05
1.340200000000000000e+05
1.341120000000000000e+05
1.341550000000000000e+05
1.341850000000000000e+05
1.342120000000000000e+05
1.346880000000000000e+05
1.348930000000000000e+05
1.350000000000000000e+05
1.350010000000000000e+05
1.350020000000000000e+05
1.356630000000000000e+05
1.359470000000000000e+05
1.368720000000000000e+05
1.369000000000000000e+05
1.369010000000000000e+05
1.369020000000000000e+05
1.371130000000000000e+05
1.372820000000000000e+05
1.376330000000000000e+05
1.376590000000000000e+05
1.376630000000000000e+05
1.376730000000000000e+05
1.377170000000000000e+05
1.378150000000000000e+05
1.383220000000000000e+05
1.386220000000000000e+05
1.388110000000000000e+05
1.388120000000000000e+05
1.390280000000000000e+05
1.391780000000000000e+05
1.391800000000000000e+05
1.394200000000000000e+05
1.399130000000000000e+05
1.399770000000000000e+05
1.399870000000000000e+05
1.400820000000000000e+05
1.401040000000000000e+05
1.401050000000000000e+05
1.401460000000000000e+05
1.401540000000000000e+05
1.402740000000000000e+05
1.402800000000000000e+05
1.403120000000000000e+05
1.403380000000000000e+05
1.403650000000000000e+05
1.403670000000000000e+05
1.403680000000000000e+05
1.403690000000000000e+05
1.403890000000000000e+05
1.403930000000000000e+05
1.404650000000000000e+05
1.405050000000000000e+05
1.405110000000000000e+05
1.405130000000000000e+05
1.405210000000000000e+05
1.406890000000000000e+05
1.407610000000000000e+05
1.408410000000000000e+05
1.409880000000000000e+05
1.410430000000000000e+05
1.411800000000000000e+05
1.412470000000000000e+05
1.413300000000000000e+05
1.413310000000000000e+05
1.413320000000000000e+05
1.413330000000000000e+05
1.414210000000000000e+05
1.415600000000000000e+05
1.416020000000000000e+05
1.416120000000000000e+05
1.416160000000000000e+05
1.416180000000000000e+05
1.419340000000000000e+05
1.420260000000000000e+05
1.420340000000000000e+05
1.420520000000000000e+05
1.421590000000000000e+05
1.421960000000000000e+05
1.422600000000000000e+05
1.424140000000000000e+05
1.424590000000000000e+05
1.427180000000000000e+05
1.428730000000000000e+05
1.429550000000000000e+05
1.430840000000000000e+05
1.438510000000000000e+05
1.439840000000000000e+05
1.440030000000000000e+05
1.440330000000000000e+05
1.440520000000000000e+05
1.444700000000000000e+05
1.445530000000000000e+05
1.447850000000000000e+05
1.447880000000000000e+05
1.448390000000000000e+05
1.449510000000000000e+05
1.452690000000000000e+05
1.452700000000000000e+05
1.453700000000000000e+05
1.456060000000000000e+05
1.456080000000000000e+05
1.456090000000000000e+05
1.458580000000000000e+05
1.459020000000000000e+05
1.459030000000000000e+05
1.459360000000000000e+05
1.462980000000000000e+05
1.463360000000000000e+05
1.464200000000000000e+05
1.464330000000000000e+05
1.465790000000000000e+05
1.467320000000000000e+05
1.467330000000000000e+05
1.468930000000000000e+05
1.476650000000000000e+05
1.483760000000000000e+05
1.483860000000000000e+05
1.485900000000000000e+05
1.488820000000000000e+05
1.489240000000000000e+05
1.489250000000000000e+05
1.489260000000000000e+05
1.489270000000000000e+05
1.489780000000000000e+05
1.490880000000000000e+05
1.491620000000000000e+05
1.491660000000000000e+05
1.493810000000000000e+05
1.494420000000000000e+05
1.494880000000000000e+05
1.496180000000000000e+05
1.497410000000000000e+05
1.497440000000000000e+05
1.499910000000000000e+05
1.501320000000000000e+05
1.501840000000000000e+05
1.502140000000000000e+05
1.502800000000000000e+05
1.503440000000000000e+05
1.503540000000000000e+05
1.503630000000000000e+05
1.503720000000000000e+05
1.504010000000000000e+05
1.505020000000000000e+05
1.509560000000000000e+05
1.512790000000000000e+05
1.515230000000000000e+05
1.515450000000000000e+05
1.517150000000000000e+05
1.517400000000000000e+05
1.519110000000000000e+05
1.519770000000000000e+05
1.523350000000000000e+05
1.527380000000000000e+05
1.530080000000000000e+05
1.530090000000000000e+05
1.530100000000000000e+05
1.530110000000000000e+05
1.530120000000000000e+05
1.530130000000000000e+05
1.530140000000000000e+05
1.530150000000000000e+05
1.530160000000000000e+05
1.530170000000000000e+05
1.530180000000000000e+05
1.530190000000000000e+05
1.530200000000000000e+05
1.537750000000000000e+05
1.539790000000000000e+05
1.540110000000000000e+05
1.546820000000000000e+05
1.547680000000000000e+05
1.548790000000000000e+05
1.551840000000000000e+05
1.551920000000000000e+05
1.552700000000000000e+05
1.556370000000000000e+05
1.556620000000000000e+05
1.558560000000000000e+05
1.558840000000000000e+05
1.559030000000000000e+05
1.560150000000000000e+05
1.560160000000000000e+05
1.560180000000000000e+05
1.560210000000000000e+05
1.560220000000000000e+05
1.561030000000000000e+05
1.562530000000000000e+05
1.562550000000000000e+05
1.562560000000000000e+05
1.563460000000000000e+05
1.565280000000000000e+05
1.569890000000000000e+05
1.570110000000000000e+05
1.570120000000000000e+05
1.570130000000000000e+05
1.570140000000000000e+05
1.570150000000000000e+05
1.570160000000000000e+05
1.570180000000000000e+05
1.570190000000000000e+05
1.570200000000000000e+05
1.570210000000000000e+05
1.571100000000000000e+05
1.571740000000000000e+05
1.572310000000000000e+05
1.572330000000000000e+05
1.572660000000000000e+05
1.572920000000000000e+05
1.574130000000000000e+05
1.574490000000000000e+05
1.575620000000000000e+05
1.577720000000000000e+05
1.580530000000000000e+05
1.581490000000000000e+05
1.582370000000000000e+05
1.584560000000000000e+05
1.586420000000000000e+05
1.592360000000000000e+05
1.592570000000000000e+05
1.593190000000000000e+05
1.593210000000000000e+05
1.593230000000000000e+05
1.594080000000000000e+05
1.594530000000000000e+05
1.595230000000000000e+05
1.596740000000000000e+05
1.596750000000000000e+05
1.596760000000000000e+05
1.598450000000000000e+05
1.600330000000000000e+05
1.603490000000000000e+05
1.610670000000000000e+05
1.612260000000000000e+05
1.612520000000000000e+05
1.616230000000000000e+05
1.617390000000000000e+05
1.619740000000000000e+05
1.621510000000000000e+05
1.621960000000000000e+05
1.622070000000000000e+05
1.623050000000000000e+05
1.625050000000000000e+05
1.625460000000000000e+05
1.625480000000000000e+05
1.626610000000000000e+05
1.626620000000000000e+05
1.626630000000000000e+05
1.626650000000000000e+05
1.627050000000000000e+05
1.629230000000000000e+05
1.629250000000000000e+05
1.629260000000000000e+05
1.629300000000000000e+05
1.629570000000000000e+05
1.630430000000000000e+05
1.630510000000000000e+05
1.631110000000000000e+05
1.632320000000000000e+05
1.634370000000000000e+05
1.634570000000000000e+05
1.636160000000000000e+05
1.636730000000000000e+05
1.638730000000000000e+05
1.641960000000000000e+05
1.642150000000000000e+05
1.643520000000000000e+05
1.643530000000000000e+05
1.643550000000000000e+05
1.644300000000000000e+05
1.644480000000000000e+05
1.645440000000000000e+05
1.647620000000000000e+05
1.648150000000000000e+05
1.648790000000000000e+05
1.650760000000000000e+05
1.651730000000000000e+05
1.651740000000000000e+05
1.651750000000000000e+05
1.651760000000000000e+05
1.651770000000000000e+05
1.651780000000000000e+05
1.651790000000000000e+05
1.651800000000000000e+05
1.651810000000000000e+05
1.651820000000000000e+05
1.651830000000000000e+05
1.651840000000000000e+05
1.651850000000000000e+05
1.651860000000000000e+05
1.651880000000000000e+05
1.651890000000000000e+05
1.651910000000000000e+05
1.655650000000000000e+05
1.657830000000000000e+05
1.658590000000000000e+05
1.658600000000000000e+05
1.661900000000000000e+05
1.663020000000000000e+05
1.664910000000000000e+05
1.664920000000000000e+05
1.665020000000000000e+05
1.666490000000000000e+05
1.666850000000000000e+05
1.667230000000000000e+05
1.667270000000000000e+05
1.667300000000000000e+05
1.667310000000000000e+05
1.667320000000000000e+05
1.667340000000000000e+05
1.667360000000000000e+05
1.667710000000000000e+05
1.668970000000000000e+05
1.669050000000000000e+05
1.669940000000000000e+05
1.669950000000000000e+05
1.672980000000000000e+05
1.673140000000000000e+05
1.674200000000000000e+05
1.676370000000000000e+05
1.677790000000000000e+05
1.678070000000000000e+05
1.679510000000000000e+05
1.680520000000000000e+05
1.681260000000000000e+05
1.681830000000000000e+05
1.682200000000000000e+05
1.682360000000000000e+05
1.684450000000000000e+05
1.685870000000000000e+05
1.686130000000000000e+05
1.686380000000000000e+05
1.686390000000000000e+05
1.687170000000000000e+05
1.690100000000000000e+05
1.690160000000000000e+05
1.690500000000000000e+05
1.691300000000000000e+05
1.693540000000000000e+05
1.693570000000000000e+05
1.694150000000000000e+05
1.694190000000000000e+05
1.694660000000000000e+05
1.695400000000000000e+05
1.696070000000000000e+05
1.697630000000000000e+05
1.700460000000000000e+05
1.700470000000000000e+05
1.701820000000000000e+05
1.703300000000000000e+05
1.703440000000000000e+05
1.704710000000000000e+05
1.706790000000000000e+05
1.706840000000000000e+05
1.706890000000000000e+05
1.707150000000000000e+05
1.708110000000000000e+05
1.708160000000000000e+05
1.708190000000000000e+05
1.708650000000000000e+05
1.712320000000000000e+05
1.716350000000000000e+05
1.716420000000000000e+05
1.717230000000000000e+05
1.717240000000000000e+05
1.717770000000000000e+05
1.719810000000000000e+05
1.719820000000000000e+05
1.726390000000000000e+05
