6.660000000000000000e+02
1.046000000000000000e+03
1.960000000000000000e+03
3.716000000000000000e+03
8.193000000000000000e+03
1.135300000000000000e+04
1.238300000000000000e+04
1.245900000000000000e+04
1.249600000000000000e+04
1.270100000000000000e+04
1.270200000000000000e+04
1.331700000000000000e+04
1.471200000000000000e+04
1.735000000000000000e+04
1.860800000000000000e+04
2.006300000000000000e+04
2.007200000000000000e+04
2.100700000000000000e+04
2.311400000000000000e+04
2.371900000000000000e+04
2.430600000000000000e+04
2.430700000000000000e+04
2.430800000000000000e+04
2.430900000000000000e+04
2.432700000000000000e+04
2.681500000000000000e+04
2.696000000000000000e+04
2.816900000000000000e+04
2.817000000000000000e+04
2.817100000000000000e+04
2.817200000000000000e+04
2.869900000000000000e+04
2.991200000000000000e+04
3.039400000000000000e+04
3.040000000000000000e+04
3.079000000000000000e+04
3.079200000000000000e+04
3.097100000000000000e+04
3.120600000000000000e+04
3.121400000000000000e+04
3.549600000000000000e+04
3.601800000000000000e+04
3.755300000000000000e+04
3.788400000000000000e+04
3.793400000000000000e+04
3.867800000000000000e+04
3.910000000000000000e+04
3.976800000000000000e+04
4.020500000000000000e+04
4.050200000000000000e+04
4.108900000000000000e+04
4.285800000000000000e+04
4.308500000000000000e+04
4.308800000000000000e+04
4.308900000000000000e+04
4.309000000000000000e+04
4.309100000000000000e+04
4.309200000000000000e+04
4.309300000000000000e+04
4.309400000000000000e+04
4.309500000000000000e+04
4.309600000000000000e+04
4.309800000000000000e+04
4.309900000000000000e+04
4.310000000000000000e+04
4.310200000000000000e+04
4.313100000000000000e+04
4.313500000000000000e+04
4.313600000000000000e+04
4.313700000000000000e+04
4.313800000000000000e+04
4.313900000000000000e+04
4.314000000000000000e+04
4.377800000000000000e+04
4.385900000000000000e+04
4.386000000000000000e+04
4.386200000000000000e+04
4.409500000000000000e+04
4.485300000000000000e+04
4.486300000000000000e+04
4.486400000000000000e+04
4.486500000000000000e+04
4.486600000000000000e+04
4.486800000000000000e+04
4.562000000000000000e+04
4.562100000000000000e+04
4.562200000000000000e+04
4.562300000000000000e+04
4.591100000000000000e+04
4.608100000000000000e+04
4.653900000000000000e+04
4.657700000000000000e+04
4.729900000000000000e+04
4.730200000000000000e+04
4.730500000000000000e+04
4.730900000000000000e+04
4.731000000000000000e+04
4.784900000000000000e+04
4.790300000000000000e+04
4.792100000000000000e+04
4.808600000000000000e+04
4.809000000000000000e+04
4.809100000000000000e+04
4.813800000000000000e+04
4.815500000000000000e+04
4.819000000000000000e+04
4.819100000000000000e+04
4.822100000000000000e+04
4.822200000000000000e+04
4.828000000000000000e+04
4.841200000000000000e+04
4.891400000000000000e+04
4.891700000000000000e+04
4.892000000000000000e+04
4.932600000000000000e+04
4.934100000000000000e+04
4.936700000000000000e+04
4.937000000000000000e+04
4.962500000000000000e+04
4.962700000000000000e+04
4.968500000000000000e+04
4.971400000000000000e+04
4.976600000000000000e+04
4.976700000000000000e+04
5.006700000000000000e+04
5.019700000000000000e+04
5.019800000000000000e+04
5.035400000000000000e+04
5.036600000000000000e+04
5.037000000000000000e+04
5.043600000000000000e+04
5.043900000000000000e+04
5.044000000000000000e+04
5.044200000000000000e+04
5.045000000000000000e+04
5.045700000000000000e+04
5.062600000000000000e+04
5.063300000000000000e+04
5.066700000000000000e+04
5.069000000000000000e+04
5.072300000000000000e+04
5.109900000000000000e+04
5.110300000000000000e+04
5.112200000000000000e+04
5.112300000000000000e+04
5.118700000000000000e+04
5.119100000000000000e+04
5.119200000000000000e+04
5.126800000000000000e+04
5.128300000000000000e+04
5.135800000000000000e+04
5.166800000000000000e+04
5.167300000000000000e+04
5.167400000000000000e+04
5.184700000000000000e+04
5.185700000000000000e+04
5.185800000000000000e+04
5.185900000000000000e+04
5.186000000000000000e+04
5.186100000000000000e+04
5.186200000000000000e+04
5.186300000000000000e+04
5.186400000000000000e+04
5.186500000000000000e+04
5.186600000000000000e+04
5.186700000000000000e+04
5.186800000000000000e+04
5.186900000000000000e+04
5.187000000000000000e+04
5.187100000000000000e+04
5.187200000000000000e+04
5.187300000000000000e+04
5.187400000000000000e+04
5.187500000000000000e+04
5.187600000000000000e+04
5.187700000000000000e+04
5.187800000000000000e+04
5.187900000000000000e+04
5.188000000000000000e+04
5.189300000000000000e+04
5.189400000000000000e+04
5.189500000000000000e+04
5.189600000000000000e+04
5.189700000000000000e+04
5.189800000000000000e+04
5.189900000000000000e+04
5.190000000000000000e+04
5.190100000000000000e+04
5.190200000000000000e+04
5.190300000000000000e+04
5.190400000000000000e+04
5.190500000000000000e+04
5.190600000000000000e+04
5.190700000000000000e+04
5.190900000000000000e+04
5.191000000000000000e+04
5.191100000000000000e+04
5.191200000000000000e+04
5.191300000000000000e+04
5.191400000000000000e+04
5.191500000000000000e+04
5.191600000000000000e+04
5.191700000000000000e+04
5.191800000000000000e+04
5.191900000000000000e+04
5.192000000000000000e+04
5.192100000000000000e+04
5.192300000000000000e+04
5.192400000000000000e+04
5.192500000000000000e+04
5.192600000000000000e+04
5.192800000000000000e+04
5.192900000000000000e+04
5.193400000000000000e+04
5.193900000000000000e+04
5.194000000000000000e+04
5.202200000000000000e+04
5.236400000000000000e+04
5.239200000000000000e+04
5.278100000000000000e+04
5.278300000000000000e+04
5.278900000000000000e+04
5.395700000000000000e+04
5.395800000000000000e+04
5.395900000000000000e+04
5.396000000000000000e+04
5.396100000000000000e+04
5.396200000000000000e+04
5.396300000000000000e+04
5.396400000000000000e+04
5.396500000000000000e+04
5.396600000000000000e+04
5.396700000000000000e+04
5.396800000000000000e+04
5.396900000000000000e+04
5.397000000000000000e+04
5.397100000000000000e+04
5.397200000000000000e+04
5.397300000000000000e+04
5.397500000000000000e+04
5.397600000000000000e+04
5.397700000000000000e+04
5.397900000000000000e+04
5.398000000000000000e+04
5.398100000000000000e+04
5.398200000000000000e+04
5.398300000000000000e+04
5.398400000000000000e+04
5.398500000000000000e+04
5.398700000000000000e+04
5.398800000000000000e+04
5.398900000000000000e+04
5.399000000000000000e+04
5.399100000000000000e+04
5.399200000000000000e+04
5.399300000000000000e+04
5.399400000000000000e+04
5.399500000000000000e+04
5.399600000000000000e+04
5.399700000000000000e+04
5.399800000000000000e+04
5.400300000000000000e+04
5.400400000000000000e+04
5.400500000000000000e+04
5.400600000000000000e+04
5.400700000000000000e+04
5.400800000000000000e+04
5.401000000000000000e+04
5.401200000000000000e+04
5.401300000000000000e+04
5.401500000000000000e+04
5.419400000000000000e+04
5.419900000000000000e+04
5.420100000000000000e+04
5.420700000000000000e+04
5.422400000000000000e+04
5.423600000000000000e+04
5.423800000000000000e+04
5.423900000000000000e+04
5.424000000000000000e+04
5.424100000000000000e+04
5.424300000000000000e+04
5.424600000000000000e+04
5.424700000000000000e+04
5.424900000000000000e+04
5.426900000000000000e+04
5.427100000000000000e+04
5.447800000000000000e+04
5.458900000000000000e+04
5.475200000000000000e+04
5.542300000000000000e+04
5.542400000000000000e+04
5.542500000000000000e+04
5.542600000000000000e+04
5.542700000000000000e+04
5.542800000000000000e+04
5.542900000000000000e+04
5.543000000000000000e+04
5.543100000000000000e+04
5.543200000000000000e+04
5.543300000000000000e+04
5.543400000000000000e+04
5.543500000000000000e+04
5.543600000000000000e+04
5.543700000000000000e+04
5.543800000000000000e+04
5.543900000000000000e+04
5.544000000000000000e+04
5.544100000000000000e+04
5.544200000000000000e+04
5.544300000000000000e+04
5.544400000000000000e+04
5.544500000000000000e+04
5.544600000000000000e+04
5.544700000000000000e+04
5.544800000000000000e+04
5.544900000000000000e+04
5.545000000000000000e+04
5.545100000000000000e+04
5.545200000000000000e+04
5.545300000000000000e+04
5.545400000000000000e+04
5.545500000000000000e+04
5.545600000000000000e+04
5.545700000000000000e+04
5.545800000000000000e+04
5.545900000000000000e+04
5.546000000000000000e+04
5.546100000000000000e+04
5.546200000000000000e+04
5.546300000000000000e+04
5.546400000000000000e+04
5.546500000000000000e+04
5.546600000000000000e+04
5.546700000000000000e+04
5.546800000000000000e+04
5.546900000000000000e+04
5.547000000000000000e+04
5.547100000000000000e+04
5.547200000000000000e+04
5.547300000000000000e+04
5.547400000000000000e+04
5.547500000000000000e+04
5.547600000000000000e+04
5.547700000000000000e+04
5.547800000000000000e+04
5.547900000000000000e+04
5.548000000000000000e+04
5.548100000000000000e+04
5.548200000000000000e+04
5.548300000000000000e+04
5.548400000000000000e+04
5.548500000000000000e+04
5.548600000000000000e+04
5.548700000000000000e+04
5.548800000000000000e+04
5.548900000000000000e+04
5.549000000000000000e+04
5.549100000000000000e+04
5.549300000000000000e+04
5.549400000000000000e+04
5.549500000000000000e+04
5.549600000000000000e+04
5.549700000000000000e+04
5.549800000000000000e+04
5.549900000000000000e+04
5.550000000000000000e+04
5.550100000000000000e+04
5.550200000000000000e+04
5.550300000000000000e+04
5.550800000000000000e+04
5.555000000000000000e+04
5.579500000000000000e+04
5.579700000000000000e+04
5.584000000000000000e+04
5.584100000000000000e+04
5.584200000000000000e+04
5.584300000000000000e+04
5.584800000000000000e+04
5.584900000000000000e+04
5.585000000000000000e+04
5.585100000000000000e+04
5.585200000000000000e+04
5.585300000000000000e+04
5.585400000000000000e+04
5.585500000000000000e+04
5.585600000000000000e+04
5.589700000000000000e+04
5.629800000000000000e+04
5.629900000000000000e+04
5.630000000000000000e+04
5.630100000000000000e+04
5.630200000000000000e+04
5.630300000000000000e+04
5.630400000000000000e+04
5.662000000000000000e+04
5.662100000000000000e+04
5.662200000000000000e+04
5.662300000000000000e+04
5.662400000000000000e+04
5.662500000000000000e+04
5.662600000000000000e+04
5.662700000000000000e+04
5.662800000000000000e+04
5.662900000000000000e+04
5.663000000000000000e+04
5.669100000000000000e+04
5.669300000000000000e+04
5.669400000000000000e+04
5.669500000000000000e+04
5.669600000000000000e+04
5.669700000000000000e+04
5.669800000000000000e+04
5.670000000000000000e+04
5.670100000000000000e+04
5.670200000000000000e+04
5.670300000000000000e+04
5.670400000000000000e+04
5.670500000000000000e+04
5.674500000000000000e+04
5.674600000000000000e+04
5.674700000000000000e+04
5.674800000000000000e+04
5.674900000000000000e+04
5.675000000000000000e+04
5.675100000000000000e+04
5.675200000000000000e+04
5.675400000000000000e+04
5.681000000000000000e+04
5.681100000000000000e+04
5.681200000000000000e+04
5.681300000000000000e+04
5.698000000000000000e+04
5.701600000000000000e+04
5.701700000000000000e+04
5.701800000000000000e+04
5.701900000000000000e+04
5.716700000000000000e+04
5.721200000000000000e+04
5.721300000000000000e+04
5.721400000000000000e+04
5.721500000000000000e+04
5.721600000000000000e+04
5.721700000000000000e+04
5.722000000000000000e+04
5.722100000000000000e+04
5.729700000000000000e+04
5.729900000000000000e+04
5.730000000000000000e+04
5.730100000000000000e+04
5.730700000000000000e+04
5.730800000000000000e+04
5.730900000000000000e+04
5.731000000000000000e+04
5.731200000000000000e+04
5.731400000000000000e+04
5.742400000000000000e+04
5.746500000000000000e+04
5.759100000000000000e+04
5.759200000000000000e+04
5.769500000000000000e+04
5.769600000000000000e+04
5.769700000000000000e+04
5.770000000000000000e+04
5.770200000000000000e+04
5.770300000000000000e+04
5.770400000000000000e+04
5.770500000000000000e+04
5.770700000000000000e+04
5.770800000000000000e+04
5.809200000000000000e+04
5.809300000000000000e+04
5.809400000000000000e+04
5.835700000000000000e+04
5.835800000000000000e+04
5.835900000000000000e+04
5.836000000000000000e+04
5.836100000000000000e+04
5.836200000000000000e+04
5.836300000000000000e+04
5.836400000000000000e+04
5.836500000000000000e+04
5.836600000000000000e+04
5.836700000000000000e+04
5.836800000000000000e+04
5.836900000000000000e+04
5.837000000000000000e+04
5.837100000000000000e+04
5.837200000000000000e+04
5.837300000000000000e+04
5.863500000000000000e+04
5.875900000000000000e+04
5.880900000000000000e+04
5.900900000000000000e+04
5.908700000000000000e+04
5.908800000000000000e+04
5.918600000000000000e+04
5.959500000000000000e+04
5.959600000000000000e+04
5.959700000000000000e+04
5.959900000000000000e+04
5.960000000000000000e+04
5.960200000000000000e+04
5.960300000000000000e+04
5.960400000000000000e+04
5.960500000000000000e+04
5.960600000000000000e+04
5.998000000000000000e+04
6.003900000000000000e+04
6.004000000000000000e+04
6.004200000000000000e+04
6.004300000000000000e+04
6.007800000000000000e+04
6.008000000000000000e+04
6.022200000000000000e+04
6.047100000000000000e+04
6.047300000000000000e+04
6.047400000000000000e+04
6.047500000000000000e+04
6.099400000000000000e+04
6.101100000000000000e+04
6.141300000000000000e+04
6.141400000000000000e+04
6.144600000000000000e+04
6.190200000000000000e+04
6.190300000000000000e+04
6.191900000000000000e+04
6.202300000000000000e+04
6.202400000000000000e+04
6.202500000000000000e+04
6.247200000000000000e+04
6.261700000000000000e+04
6.261900000000000000e+04
6.265500000000000000e+04
6.278200000000000000e+04
6.278300000000000000e+04
6.278400000000000000e+04
6.278500000000000000e+04
6.278700000000000000e+04
6.278800000000000000e+04
6.278900000000000000e+04
6.279200000000000000e+04
6.279500000000000000e+04
6.288100000000000000e+04
6.310000000000000000e+04
6.321500000000000000e+04
6.321700000000000000e+04
6.322300000000000000e+04
6.340200000000000000e+04
6.370400000000000000e+04
6.380200000000000000e+04
6.380600000000000000e+04
6.421900000000000000e+04
6.422900000000000000e+04
6.545000000000000000e+04
6.545100000000000000e+04
6.545200000000000000e+04
6.545300000000000000e+04
6.545400000000000000e+04
6.545500000000000000e+04
6.587400000000000000e+04
6.609700000000000000e+04
6.656400000000000000e+04
6.716000000000000000e+04
6.725400000000000000e+04
6.726800000000000000e+04
6.726900000000000000e+04
6.727000000000000000e+04
6.727200000000000000e+04
6.761500000000000000e+04
6.764700000000000000e+04
6.764800000000000000e+04
6.764900000000000000e+04
6.765200000000000000e+04
6.765300000000000000e+04
6.778100000000000000e+04
6.778600000000000000e+04
6.817900000000000000e+04
6.851800000000000000e+04
6.875100000000000000e+04
6.924300000000000000e+04
6.935900000000000000e+04
6.936000000000000000e+04
7.021700000000000000e+04
7.042200000000000000e+04
7.052600000000000000e+04
7.084300000000000000e+04
7.115700000000000000e+04
7.115800000000000000e+04
7.116000000000000000e+04
7.119700000000000000e+04
7.119900000000000000e+04
7.125800000000000000e+04
7.125900000000000000e+04
7.126000000000000000e+04
7.138500000000000000e+04
7.154500000000000000e+04
7.154700000000000000e+04
7.165300000000000000e+04
7.165400000000000000e+04
7.165500000000000000e+04
7.197400000000000000e+04
7.198700000000000000e+04
7.199100000000000000e+04
7.286300000000000000e+04
7.290000000000000000e+04
7.315100000000000000e+04
7.315300000000000000e+04
7.315500000000000000e+04
7.348600000000000000e+04
7.420600000000000000e+04
7.427600000000000000e+04
7.439300000000000000e+04
7.448500000000000000e+04
7.461100000000000000e+04
7.461300000000000000e+04
7.461400000000000000e+04
7.484700000000000000e+04
7.484800000000000000e+04
7.484900000000000000e+04
7.485000000000000000e+04
7.485100000000000000e+04
7.485200000000000000e+04
7.485400000000000000e+04
7.485500000000000000e+04
7.485600000000000000e+04
7.485700000000000000e+04
7.529900000000000000e+04
7.543100000000000000e+04
7.558900000000000000e+04
7.559000000000000000e+04
7.577800000000000000e+04
7.584400000000000000e+04
7.592100000000000000e+04
7.592200000000000000e+04
7.592500000000000000e+04
7.606800000000000000e+04
7.613600000000000000e+04
7.617800000000000000e+04
7.630700000000000000e+04
7.633100000000000000e+04
7.633700000000000000e+04
7.633800000000000000e+04
7.633900000000000000e+04
7.636600000000000000e+04
7.637500000000000000e+04
7.704800000000000000e+04
7.712500000000000000e+04
7.716300000000000000e+04
7.716400000000000000e+04
7.745200000000000000e+04
7.747600000000000000e+04
7.761300000000000000e+04
7.809600000000000000e+04
7.873700000000000000e+04
7.957000000000000000e+04
7.957100000000000000e+04
7.990200000000000000e+04
7.990600000000000000e+04
7.991100000000000000e+04
7.994000000000000000e+04
7.994700000000000000e+04
7.996500000000000000e+04
8.020400000000000000e+04
8.025100000000000000e+04
8.081700000000000000e+04
8.139300000000000000e+04
8.161100000000000000e+04
8.161200000000000000e+04
8.161300000000000000e+04
8.168700000000000000e+04
8.174300000000000000e+04
8.201200000000000000e+04
8.215200000000000000e+04
8.269400000000000000e+04
8.280700000000000000e+04
8.287600000000000000e+04
8.287700000000000000e+04
8.287800000000000000e+04
8.287900000000000000e+04
8.288000000000000000e+04
8.293600000000000000e+04
8.402100000000000000e+04
8.571400000000000000e+04
8.571800000000000000e+04
8.584400000000000000e+04
8.605800000000000000e+04
8.617600000000000000e+04
8.633500000000000000e+04
8.670700000000000000e+04
8.720900000000000000e+04
8.751000000000000000e+04
8.755800000000000000e+04
8.805600000000000000e+04
8.810100000000000000e+04
8.810200000000000000e+04
8.814900000000000000e+04
8.821500000000000000e+04
8.837100000000000000e+04
8.837200000000000000e+04
8.837300000000000000e+04
8.837400000000000000e+04
8.837500000000000000e+04
8.837700000000000000e+04
8.837900000000000000e+04
8.838100000000000000e+04
8.841000000000000000e+04
8.867000000000000000e+04
8.867100000000000000e+04
8.903800000000000000e+04
8.903900000000000000e+04
8.959400000000000000e+04
8.959500000000000000e+04
8.961700000000000000e+04
8.961800000000000000e+04
8.961900000000000000e+04
8.962000000000000000e+04
8.962100000000000000e+04
8.962200000000000000e+04
8.972500000000000000e+04
8.972600000000000000e+04
8.972700000000000000e+04
8.972800000000000000e+04
8.975600000000000000e+04
8.975700000000000000e+04
8.975800000000000000e+04
8.976000000000000000e+04
9.010000000000000000e+04
9.012000000000000000e+04
9.015400000000000000e+04
9.029900000000000000e+04
9.030200000000000000e+04
9.030900000000000000e+04
9.035800000000000000e+04
9.048700000000000000e+04
9.049500000000000000e+04
9.090600000000000000e+04
9.090700000000000000e+04
9.102300000000000000e+04
9.102500000000000000e+04
9.219100000000000000e+04
9.278100000000000000e+04
9.306500000000000000e+04
9.317600000000000000e+04
9.351600000000000000e+04
9.379500000000000000e+04
9.379800000000000000e+04
9.430200000000000000e+04
9.460400000000000000e+04
9.461300000000000000e+04
9.462000000000000000e+04
9.466600000000000000e+04
9.466700000000000000e+04
9.467600000000000000e+04
9.491800000000000000e+04
9.519200000000000000e+04
9.537800000000000000e+04
9.551100000000000000e+04
9.551200000000000000e+04
9.605300000000000000e+04
9.605600000000000000e+04
9.606600000000000000e+04
9.606700000000000000e+04
9.641200000000000000e+04
9.646500000000000000e+04
9.650600000000000000e+04
9.681600000000000000e+04
9.681800000000000000e+04
9.682200000000000000e+04
9.685900000000000000e+04
9.725100000000000000e+04
9.748700000000000000e+04
9.748800000000000000e+04
9.748900000000000000e+04
9.825300000000000000e+04
9.830600000000000000e+04
9.831100000000000000e+04
9.831400000000000000e+04
9.831500000000000000e+04
9.831700000000000000e+04
9.831800000000000000e+04
9.831900000000000000e+04
9.832200000000000000e+04
9.832300000000000000e+04
9.838000000000000000e+04
9.838100000000000000e+04
9.838200000000000000e+04
9.838900000000000000e+04
9.839000000000000000e+04
9.846100000000000000e+04
9.854700000000000000e+04
9.884800000000000000e+04
9.885300000000000000e+04
9.886000000000000000e+04
9.913000000000000000e+04
9.957000000000000000e+04
9.968700000000000000e+04
9.976300000000000000e+04
9.984000000000000000e+04
1.001650000000000000e+05
1.002010000000000000e+05
1.002140000000000000e+05
1.002880000000000000e+05
1.003880000000000000e+05
1.007750000000000000e+05
1.007770000000000000e+05
1.011480000000000000e+05
1.011910000000000000e+05
1.011950000000000000e+05
1.012000000000000000e+05
1.012010000000000000e+05
1.012740000000000000e+05
1.013000000000000000e+05
1.014170000000000000e+05
1.015310000000000000e+05
1.015860000000000000e+05
1.015870000000000000e+05
1.015880000000000000e+05
1.015940000000000000e+05
1.016500000000000000e+05
1.016510000000000000e+05
1.016580000000000000e+05
1.017890000000000000e+05
1.017920000000000000e+05
1.018420000000000000e+05
1.019230000000000000e+05
1.019440000000000000e+05
1.019450000000000000e+05
1.019480000000000000e+05
1.019490000000000000e+05
1.019610000000000000e+05
1.021180000000000000e+05
1.023420000000000000e+05
1.024690000000000000e+05
1.024700000000000000e+05
1.024730000000000000e+05
1.024740000000000000e+05
1.024750000000000000e+05
1.024760000000000000e+05
1.024770000000000000e+05
1.024780000000000000e+05
1.033420000000000000e+05
1.033430000000000000e+05
1.034860000000000000e+05
1.037110000000000000e+05
1.040130000000000000e+05
1.040140000000000000e+05
1.040150000000000000e+05
1.040180000000000000e+05
1.040200000000000000e+05
1.040210000000000000e+05
1.040220000000000000e+05
1.040240000000000000e+05
1.040260000000000000e+05
1.042060000000000000e+05
1.042070000000000000e+05
1.042080000000000000e+05
1.042090000000000000e+05
1.042340000000000000e+05
1.042910000000000000e+05
1.043960000000000000e+05
1.044280000000000000e+05
1.044290000000000000e+05
1.044300000000000000e+05
1.044310000000000000e+05
1.044320000000000000e+05
1.048680000000000000e+05
1.048690000000000000e+05
1.048700000000000000e+05
1.048710000000000000e+05
1.048720000000000000e+05
1.048730000000000000e+05
1.048740000000000000e+05
1.048750000000000000e+05
1.048760000000000000e+05
1.048770000000000000e+05
1.048780000000000000e+05
1.049680000000000000e+05
1.050190000000000000e+05
1.050220000000000000e+05
1.053400000000000000e+05
1.053410000000000000e+05
1.053420000000000000e+05
1.053430000000000000e+05
1.053440000000000000e+05
1.053840000000000000e+05
1.055050000000000000e+05
1.056510000000000000e+05
1.057240000000000000e+05
1.057250000000000000e+05
1.057260000000000000e+05
1.057270000000000000e+05
1.057280000000000000e+05
1.057290000000000000e+05
1.057300000000000000e+05
1.057310000000000000e+05
1.057320000000000000e+05
1.057330000000000000e+05
1.057340000000000000e+05
1.057350000000000000e+05
1.057360000000000000e+05
1.057380000000000000e+05
1.057390000000000000e+05
1.057410000000000000e+05
1.057430000000000000e+05
1.058380000000000000e+05
1.058390000000000000e+05
1.058400000000000000e+05
1.058410000000000000e+05
1.058440000000000000e+05
1.059460000000000000e+05
1.059470000000000000e+05
1.059490000000000000e+05
1.060400000000000000e+05
1.060410000000000000e+05
1.060420000000000000e+05
1.063880000000000000e+05
1.064620000000000000e+05
1.064900000000000000e+05
1.064910000000000000e+05
1.064920000000000000e+05
1.064930000000000000e+05
1.064940000000000000e+05
1.065900000000000000e+05
1.065910000000000000e+05
1.066140000000000000e+05
1.066690000000000000e+05
1.066700000000000000e+05
1.066710000000000000e+05
1.066720000000000000e+05
1.066730000000000000e+05
1.069280000000000000e+05
1.069290000000000000e+05
1.069300000000000000e+05
1.069310000000000000e+05
1.069330000000000000e+05
1.070170000000000000e+05
1.070180000000000000e+05
1.070190000000000000e+05
1.070210000000000000e+05
1.070230000000000000e+05
1.070840000000000000e+05
1.072240000000000000e+05
1.072250000000000000e+05
1.072260000000000000e+05
1.073050000000000000e+05
1.073060000000000000e+05
1.073070000000000000e+05
1.073080000000000000e+05
1.073090000000000000e+05
1.073100000000000000e+05
1.073110000000000000e+05
1.074560000000000000e+05
1.074580000000000000e+05
1.075110000000000000e+05
1.075120000000000000e+05
1.077730000000000000e+05
1.077740000000000000e+05
1.077750000000000000e+05
1.077760000000000000e+05
1.077770000000000000e+05
1.078180000000000000e+05
1.078190000000000000e+05
1.078200000000000000e+05
1.078210000000000000e+05
1.078230000000000000e+05
1.078550000000000000e+05
1.078560000000000000e+05
1.078570000000000000e+05
1.078580000000000000e+05
1.083070000000000000e+05
1.085550000000000000e+05
1.087080000000000000e+05
1.091770000000000000e+05
1.093500000000000000e+05
1.093510000000000000e+05
1.099220000000000000e+05
1.099240000000000000e+05
1.099260000000000000e+05
1.103040000000000000e+05
1.105190000000000000e+05
1.105210000000000000e+05
1.111070000000000000e+05
1.111090000000000000e+05
1.111100000000000000e+05
1.111110000000000000e+05
1.112130000000000000e+05
1.112140000000000000e+05
1.112150000000000000e+05
1.112160000000000000e+05
1.112170000000000000e+05
1.116940000000000000e+05
1.118190000000000000e+05
1.119220000000000000e+05
1.119270000000000000e+05
1.123190000000000000e+05
1.123200000000000000e+05
1.123210000000000000e+05
1.124530000000000000e+05
1.125220000000000000e+05
1.132090000000000000e+05
1.132800000000000000e+05
1.132820000000000000e+05
1.132830000000000000e+05
1.132840000000000000e+05
1.132850000000000000e+05
1.132900000000000000e+05
1.132910000000000000e+05
1.132920000000000000e+05
1.136330000000000000e+05
1.136800000000000000e+05
1.138770000000000000e+05
1.138780000000000000e+05
1.138810000000000000e+05
1.138820000000000000e+05
1.138830000000000000e+05
1.138840000000000000e+05
1.138850000000000000e+05
1.139600000000000000e+05
1.140250000000000000e+05
1.142410000000000000e+05
1.145520000000000000e+05
1.146920000000000000e+05
1.146930000000000000e+05
1.146940000000000000e+05
1.146950000000000000e+05
1.149970000000000000e+05
1.152040000000000000e+05
1.154230000000000000e+05
1.154240000000000000e+05
1.154250000000000000e+05
1.154750000000000000e+05
1.157110000000000000e+05
1.157550000000000000e+05
1.157730000000000000e+05
1.157750000000000000e+05
1.158130000000000000e+05
1.158190000000000000e+05
1.159930000000000000e+05
1.167410000000000000e+05
1.168610000000000000e+05
1.168620000000000000e+05
1.168630000000000000e+05
1.168640000000000000e+05
1.168650000000000000e+05
1.168660000000000000e+05
1.168670000000000000e+05
1.168690000000000000e+05
1.168700000000000000e+05
1.168710000000000000e+05
1.168720000000000000e+05
1.169280000000000000e+05
1.170750000000000000e+05
1.172660000000000000e+05
1.172670000000000000e+05
1.175840000000000000e+05
1.180540000000000000e+05
1.180560000000000000e+05
1.180580000000000000e+05
1.183620000000000000e+05
1.183650000000000000e+05
1.186110000000000000e+05
1.186140000000000000e+05
1.186170000000000000e+05
1.186310000000000000e+05
1.187170000000000000e+05
1.187180000000000000e+05
1.187810000000000000e+05
1.190410000000000000e+05
1.190420000000000000e+05
1.190430000000000000e+05
1.190510000000000000e+05
1.192140000000000000e+05
1.196140000000000000e+05
1.196150000000000000e+05
1.196690000000000000e+05
1.196770000000000000e+05
1.196790000000000000e+05
1.196830000000000000e+05
1.197290000000000000e+05
1.198300000000000000e+05
1.201320000000000000e+05
1.201420000000000000e+05
1.201630000000000000e+05
1.212340000000000000e+05
1.212350000000000000e+05
1.212360000000000000e+05
1.212370000000000000e+05
1.212380000000000000e+05
1.212390000000000000e+05
1.212400000000000000e+05
1.212410000000000000e+05
1.212420000000000000e+05
1.212440000000000000e+05
1.212460000000000000e+05
1.218780000000000000e+05
1.218810000000000000e+05
1.218830000000000000e+05
1.218850000000000000e+05
1.221790000000000000e+05
1.222480000000000000e+05
1.222490000000000000e+05
1.222600000000000000e+05
1.222650000000000000e+05
1.222660000000000000e+05
1.222910000000000000e+05
1.222990000000000000e+05
1.224260000000000000e+05
1.224330000000000000e+05
1.226070000000000000e+05
1.229710000000000000e+05
1.229740000000000000e+05
1.229750000000000000e+05
1.229760000000000000e+05
1.229770000000000000e+05
1.229780000000000000e+05
1.229790000000000000e+05
1.229800000000000000e+05
1.230350000000000000e+05
1.230370000000000000e+05
1.232340000000000000e+05
1.234000000000000000e+05
1.239110000000000000e+05
1.241410000000000000e+05
1.241430000000000000e+05
1.241440000000000000e+05
1.244140000000000000e+05
1.246260000000000000e+05
1.249680000000000000e+05
1.251640000000000000e+05
1.251650000000000000e+05
1.251870000000000000e+05
1.251880000000000000e+05
1.251890000000000000e+05
1.251900000000000000e+05
1.251910000000000000e+05
1.251920000000000000e+05
1.251930000000000000e+05
1.251940000000000000e+05
1.251950000000000000e+05
1.251960000000000000e+05
1.251970000000000000e+05
1.251980000000000000e+05
1.251990000000000000e+05
1.252000000000000000e+05
1.252010000000000000e+05
1.252020000000000000e+05
1.252030000000000000e+05
1.252040000000000000e+05
1.252050000000000000e+05
1.252060000000000000e+05
1.252070000000000000e+05
1.252080000000000000e+05
1.252090000000000000e+05
1.252100000000000000e+05
1.252110000000000000e+05
1.252120000000000000e+05
1.252130000000000000e+05
1.252140000000000000e+05
1.252150000000000000e+05
1.252160000000000000e+05
1.252170000000000000e+05
1.252180000000000000e+05
1.252190000000000000e+05
1.252200000000000000e+05
1.252210000000000000e+05
1.252220000000000000e+05
1.252230000000000000e+05
1.252240000000000000e+05
1.252250000000000000e+05
1.252270000000000000e+05
1.252280000000000000e+05
1.252290000000000000e+05
1.255010000000000000e+05
1.255020000000000000e+05
1.255040000000000000e+05
1.255050000000000000e+05
1.257260000000000000e+05
1.257270000000000000e+05
1.257280000000000000e+05
1.257300000000000000e+05
1.257310000000000000e+05
1.257320000000000000e+05
1.257330000000000000e+05
1.257340000000000000e+05
1.257350000000000000e+05
1.257360000000000000e+05
1.257370000000000000e+05
1.257380000000000000e+05
1.257390000000000000e+05
1.257400000000000000e+05
1.257410000000000000e+05
1.257420000000000000e+05
1.257430000000000000e+05
1.257440000000000000e+05
1.257450000000000000e+05
1.257460000000000000e+05
1.257470000000000000e+05
1.258620000000000000e+05
1.261530000000000000e+05
1.264650000000000000e+05
1.264660000000000000e+05
1.264670000000000000e+05
1.264690000000000000e+05
1.265780000000000000e+05
1.266400000000000000e+05
1.266430000000000000e+05
1.267340000000000000e+05
1.267350000000000000e+05
1.267360000000000000e+05
1.267370000000000000e+05
1.267380000000000000e+05
1.271700000000000000e+05
1.271710000000000000e+05
1.271720000000000000e+05
1.274330000000000000e+05
1.274340000000000000e+05
1.274350000000000000e+05
1.274360000000000000e+05
1.274370000000000000e+05
1.274380000000000000e+05
1.274390000000000000e+05
1.274400000000000000e+05
1.274410000000000000e+05
1.274420000000000000e+05
1.274430000000000000e+05
1.274440000000000000e+05
1.274450000000000000e+05
1.274460000000000000e+05
1.274470000000000000e+05
1.274480000000000000e+05
1.274490000000000000e+05
1.274500000000000000e+05
1.274510000000000000e+05
1.274520000000000000e+05
1.274530000000000000e+05
1.274540000000000000e+05
1.274550000000000000e+05
1.274560000000000000e+05
1.274570000000000000e+05
1.274580000000000000e+05
1.274590000000000000e+05
1.274600000000000000e+05
1.274610000000000000e+05
1.274620000000000000e+05
1.274630000000000000e+05
1.274640000000000000e+05
1.274650000000000000e+05
1.274660000000000000e+05
1.274670000000000000e+05
1.274680000000000000e+05
1.274690000000000000e+05
1.274700000000000000e+05
1.274710000000000000e+05
1.274720000000000000e+05
1.274730000000000000e+05
1.274740000000000000e+05
1.274750000000000000e+05
1.274760000000000000e+05
1.274770000000000000e+05
1.274780000000000000e+05
1.274790000000000000e+05
1.274800000000000000e+05
1.274810000000000000e+05
1.274820000000000000e+05
1.274830000000000000e+05
1.274840000000000000e+05
1.274850000000000000e+05
1.274860000000000000e+05
1.274870000000000000e+05
1.274880000000000000e+05
1.274890000000000000e+05
1.274900000000000000e+05
1.274910000000000000e+05
1.274920000000000000e+05
1.274930000000000000e+05
1.274940000000000000e+05
1.274950000000000000e+05
1.274970000000000000e+05
1.274980000000000000e+05
1.274990000000000000e+05
1.275000000000000000e+05
1.275010000000000000e+05
1.275020000000000000e+05
1.275030000000000000e+05
1.275040000000000000e+05
1.275050000000000000e+05
1.275060000000000000e+05
1.275080000000000000e+05
1.275090000000000000e+05
1.275100000000000000e+05
1.275120000000000000e+05
1.275150000000000000e+05
1.276270000000000000e+05
1.276290000000000000e+05
1.276310000000000000e+05
1.276670000000000000e+05
1.276680000000000000e+05
1.276700000000000000e+05
1.276710000000000000e+05
1.276720000000000000e+05
1.276730000000000000e+05
1.276740000000000000e+05
1.276750000000000000e+05
1.276770000000000000e+05
1.276780000000000000e+05
1.276790000000000000e+05
1.276800000000000000e+05
1.276810000000000000e+05
1.276820000000000000e+05
1.276830000000000000e+05
1.276840000000000000e+05
1.276850000000000000e+05
1.276860000000000000e+05
1.276870000000000000e+05
1.276880000000000000e+05
1.276890000000000000e+05
1.276900000000000000e+05
1.276910000000000000e+05
1.276920000000000000e+05
1.276930000000000000e+05
1.276940000000000000e+05
1.276950000000000000e+05
1.276960000000000000e+05
1.276970000000000000e+05
1.276980000000000000e+05
1.276990000000000000e+05
1.277000000000000000e+05
1.277010000000000000e+05
1.277020000000000000e+05
1.277030000000000000e+05
1.277040000000000000e+05
1.277050000000000000e+05
1.277060000000000000e+05
1.277080000000000000e+05
1.277090000000000000e+05
1.277100000000000000e+05
1.277110000000000000e+05
1.277120000000000000e+05
1.277130000000000000e+05
1.277140000000000000e+05
1.277170000000000000e+05
1.277180000000000000e+05
1.277190000000000000e+05
1.277200000000000000e+05
1.277210000000000000e+05
1.277230000000000000e+05
1.277240000000000000e+05
1.277260000000000000e+05
1.277280000000000000e+05
1.277290000000000000e+05
1.277300000000000000e+05
1.277310000000000000e+05
1.277340000000000000e+05
1.277350000000000000e+05
1.277360000000000000e+05
1.277370000000000000e+05
1.277380000000000000e+05
1.277400000000000000e+05
1.277410000000000000e+05
1.277430000000000000e+05
1.277440000000000000e+05
1.277490000000000000e+05
1.277580000000000000e+05
1.277590000000000000e+05
1.277640000000000000e+05
1.277670000000000000e+05
1.277690000000000000e+05
1.277700000000000000e+05
1.277790000000000000e+05
1.277960000000000000e+05
1.277970000000000000e+05
1.277980000000000000e+05
1.277990000000000000e+05
1.278000000000000000e+05
1.278010000000000000e+05
1.278020000000000000e+05
1.278030000000000000e+05
1.278040000000000000e+05
1.278050000000000000e+05
1.278060000000000000e+05
1.278070000000000000e+05
1.278080000000000000e+05
1.278090000000000000e+05
1.278100000000000000e+05
1.278110000000000000e+05
1.278120000000000000e+05
1.278130000000000000e+05
1.278140000000000000e+05
1.278150000000000000e+05
1.278160000000000000e+05
1.278360000000000000e+05
1.278370000000000000e+05
1.278410000000000000e+05
1.281420000000000000e+05
1.284980000000000000e+05
1.284990000000000000e+05
1.285020000000000000e+05
1.285060000000000000e+05
1.285900000000000000e+05
1.287420000000000000e+05
1.288530000000000000e+05
1.288550000000000000e+05
1.288560000000000000e+05
1.290860000000000000e+05
1.291150000000000000e+05
1.292370000000000000e+05
1.292410000000000000e+05
1.292650000000000000e+05
1.293980000000000000e+05
1.294350000000000000e+05
1.294550000000000000e+05
1.294590000000000000e+05
1.294650000000000000e+05
1.294690000000000000e+05
1.294710000000000000e+05
1.294890000000000000e+05
1.294900000000000000e+05
1.294920000000000000e+05
1.295100000000000000e+05
1.295110000000000000e+05
1.295440000000000000e+05
1.295450000000000000e+05
1.295460000000000000e+05
1.295500000000000000e+05
1.295530000000000000e+05
1.295540000000000000e+05
1.295550000000000000e+05
1.300910000000000000e+05
1.300920000000000000e+05
1.300930000000000000e+05
1.300940000000000000e+05
1.300950000000000000e+05
1.302300000000000000e+05
1.302620000000000000e+05
1.302630000000000000e+05
1.304110000000000000e+05
1.304130000000000000e+05
1.304180000000000000e+05
1.304210000000000000e+05
1.304220000000000000e+05
1.304260000000000000e+05
1.311480000000000000e+05
1.314200000000000000e+05
1.314210000000000000e+05
1.316470000000000000e+05
1.316610000000000000e+05
1.318240000000000000e+05
1.319880000000000000e+05
1.320680000000000000e+05
1.321580000000000000e+05
1.322790000000000000e+05
1.326920000000000000e+05
1.327830000000000000e+05
1.329890000000000000e+05
1.334240000000000000e+05
1.345350000000000000e+05
1.346580000000000000e+05
1.346600000000000000e+05
1.348670000000000000e+05
1.350180000000000000e+05
1.350190000000000000e+05
1.350200000000000000e+05
1.350210000000000000e+05
1.350820000000000000e+05
1.350830000000000000e+05
1.350940000000000000e+05
1.354710000000000000e+05
1.354870000000000000e+05
1.356820000000000000e+05
1.356850000000000000e+05
1.356860000000000000e+05
1.357610000000000000e+05
1.361220000000000000e+05
1.361230000000000000e+05
1.361240000000000000e+05
1.361250000000000000e+05
1.361260000000000000e+05
1.361280000000000000e+05
1.361290000000000000e+05
1.361300000000000000e+05
1.361310000000000000e+05
1.361320000000000000e+05
1.361330000000000000e+05
1.361340000000000000e+05
1.361350000000000000e+05
1.361360000000000000e+05
1.361370000000000000e+05
1.361380000000000000e+05
1.361390000000000000e+05
1.361400000000000000e+05
1.361410000000000000e+05
1.361420000000000000e+05
1.361430000000000000e+05
1.361440000000000000e+05
1.361450000000000000e+05
1.361460000000000000e+05
1.361470000000000000e+05
1.361480000000000000e+05
1.361490000000000000e+05
1.361500000000000000e+05
1.361510000000000000e+05
1.361520000000000000e+05
1.361530000000000000e+05
1.361540000000000000e+05
1.361550000000000000e+05
1.361560000000000000e+05
1.361570000000000000e+05
1.361580000000000000e+05
1.361590000000000000e+05
1.361600000000000000e+05
1.361610000000000000e+05
1.361620000000000000e+05
1.361630000000000000e+05
1.361640000000000000e+05
1.361650000000000000e+05
1.361660000000000000e+05
1.361670000000000000e+05
1.361680000000000000e+05
1.361690000000000000e+05
1.361700000000000000e+05
1.361710000000000000e+05
1.361720000000000000e+05
1.361730000000000000e+05
1.361740000000000000e+05
1.361750000000000000e+05
1.361760000000000000e+05
1.361770000000000000e+05
1.361790000000000000e+05
1.361800000000000000e+05
1.361810000000000000e+05
1.361820000000000000e+05
1.361830000000000000e+05
1.361840000000000000e+05
1.361850000000000000e+05
1.361860000000000000e+05
1.361870000000000000e+05
1.361880000000000000e+05
1.361890000000000000e+05
1.361900000000000000e+05
1.361910000000000000e+05
1.361920000000000000e+05
1.361930000000000000e+05
1.361940000000000000e+05
1.361950000000000000e+05
1.361960000000000000e+05
1.361970000000000000e+05
1.361980000000000000e+05
1.361990000000000000e+05
1.362010000000000000e+05
1.362020000000000000e+05
1.362030000000000000e+05
1.362040000000000000e+05
1.362060000000000000e+05
1.362070000000000000e+05
1.362080000000000000e+05
1.362090000000000000e+05
1.362100000000000000e+05
1.362120000000000000e+05
1.362140000000000000e+05
1.362150000000000000e+05
1.362160000000000000e+05
1.362170000000000000e+05
1.362180000000000000e+05
1.362190000000000000e+05
1.362200000000000000e+05
1.362210000000000000e+05
1.362220000000000000e+05
1.362230000000000000e+05
1.362240000000000000e+05
1.362250000000000000e+05
1.362260000000000000e+05
1.362280000000000000e+05
1.362290000000000000e+05
1.362300000000000000e+05
1.362310000000000000e+05
1.362320000000000000e+05
1.362330000000000000e+05
1.362340000000000000e+05
1.362350000000000000e+05
1.365910000000000000e+05
1.365920000000000000e+05
1.368010000000000000e+05
1.372460000000000000e+05
1.373230000000000000e+05
1.373240000000000000e+05
1.380470000000000000e+05
1.382820000000000000e+05
1.382840000000000000e+05
1.391240000000000000e+05
1.393120000000000000e+05
1.395540000000000000e+05
1.396050000000000000e+05
1.400170000000000000e+05
1.403600000000000000e+05
1.405370000000000000e+05
1.405630000000000000e+05
1.405940000000000000e+05
1.408820000000000000e+05
1.409300000000000000e+05
1.409900000000000000e+05
1.412000000000000000e+05
1.414680000000000000e+05
1.416300000000000000e+05
1.422420000000000000e+05
1.422430000000000000e+05
1.422470000000000000e+05
1.425260000000000000e+05
1.426760000000000000e+05
1.426800000000000000e+05
1.430390000000000000e+05
1.430400000000000000e+05
1.433560000000000000e+05
1.433660000000000000e+05
1.433700000000000000e+05
1.435550000000000000e+05
1.439460000000000000e+05
1.439480000000000000e+05
1.440810000000000000e+05
1.441770000000000000e+05
1.446640000000000000e+05
1.448100000000000000e+05
1.448110000000000000e+05
1.448120000000000000e+05
1.448130000000000000e+05
1.448150000000000000e+05
1.452170000000000000e+05
1.455880000000000000e+05
1.457850000000000000e+05
1.457860000000000000e+05
1.458830000000000000e+05
1.458840000000000000e+05
1.458850000000000000e+05
1.459850000000000000e+05
1.459900000000000000e+05
1.460020000000000000e+05
1.460180000000000000e+05
1.460190000000000000e+05
1.460860000000000000e+05
1.460930000000000000e+05
1.461180000000000000e+05
1.462570000000000000e+05
1.464140000000000000e+05
1.464150000000000000e+05
1.464160000000000000e+05
1.464170000000000000e+05
1.464180000000000000e+05
1.464450000000000000e+05
1.464470000000000000e+05
1.464510000000000000e+05
1.466720000000000000e+05
1.466730000000000000e+05
1.467800000000000000e+05
1.467930000000000000e+05
1.468000000000000000e+05
1.468840000000000000e+05
1.469000000000000000e+05
1.469020000000000000e+05
1.469040000000000000e+05
1.474480000000000000e+05
1.475920000000000000e+05
1.475930000000000000e+05
1.478020000000000000e+05
1.481120000000000000e+05
1.482340000000000000e+05
1.483060000000000000e+05
1.483940000000000000e+05
1.484850000000000000e+05
1.484860000000000000e+05
1.488490000000000000e+05
1.488500000000000000e+05
1.488520000000000000e+05
1.489740000000000000e+05
1.490600000000000000e+05
1.492250000000000000e+05
1.494510000000000000e+05
1.496610000000000000e+05
1.496620000000000000e+05
1.496630000000000000e+05
1.498630000000000000e+05
1.498640000000000000e+05
1.498650000000000000e+05
1.498660000000000000e+05
1.502660000000000000e+05
1.502670000000000000e+05
1.502680000000000000e+05
1.502700000000000000e+05
1.510940000000000000e+05
1.515640000000000000e+05
1.520050000000000000e+05
1.523170000000000000e+05
1.527310000000000000e+05
1.527350000000000000e+05
1.527860000000000000e+05
1.529350000000000000e+05
1.529360000000000000e+05
1.533470000000000000e+05
1.533840000000000000e+05
1.534960000000000000e+05
1.539760000000000000e+05
1.546080000000000000e+05
1.546860000000000000e+05
1.546900000000000000e+05
1.550670000000000000e+05
1.550760000000000000e+05
1.550770000000000000e+05
1.550780000000000000e+05
1.550800000000000000e+05
1.550820000000000000e+05
1.550890000000000000e+05
1.550930000000000000e+05
1.550940000000000000e+05
1.550960000000000000e+05
1.550970000000000000e+05
1.551260000000000000e+05
1.553230000000000000e+05
1.553780000000000000e+05
1.554200000000000000e+05
1.555800000000000000e+05
1.556600000000000000e+05
1.556630000000000000e+05
1.557730000000000000e+05
1.561060000000000000e+05
1.562760000000000000e+05
1.562770000000000000e+05
1.564270000000000000e+05
1.564290000000000000e+05
1.564310000000000000e+05
1.569540000000000000e+05
1.569930000000000000e+05
1.569950000000000000e+05
1.570860000000000000e+05
1.577490000000000000e+05
1.580600000000000000e+05
1.581730000000000000e+05
1.581740000000000000e+05
1.582820000000000000e+05
1.583740000000000000e+05
1.583760000000000000e+05
1.586070000000000000e+05
1.586980000000000000e+05
1.587290000000000000e+05
1.587530000000000000e+05
1.587550000000000000e+05
1.587570000000000000e+05
1.590420000000000000e+05
1.590740000000000000e+05
1.591330000000000000e+05
1.592680000000000000e+05
1.595540000000000000e+05
1.608920000000000000e+05
1.608930000000000000e+05
1.608940000000000000e+05
1.609000000000000000e+05
1.610880000000000000e+05
1.614320000000000000e+05
1.616980000000000000e+05
1.616990000000000000e+05
1.617000000000000000e+05
1.617010000000000000e+05
1.617020000000000000e+05
1.617030000000000000e+05
1.617040000000000000e+05
1.617050000000000000e+05
1.618810000000000000e+05
1.618910000000000000e+05
1.627060000000000000e+05
1.627120000000000000e+05
1.628300000000000000e+05
1.633780000000000000e+05
1.633810000000000000e+05
1.633820000000000000e+05
1.634010000000000000e+05
1.634080000000000000e+05
1.635230000000000000e+05
1.635400000000000000e+05
1.636740000000000000e+05
1.636750000000000000e+05
1.636760000000000000e+05
1.641420000000000000e+05
1.641430000000000000e+05
1.641440000000000000e+05
1.641450000000000000e+05
1.641460000000000000e+05
1.641470000000000000e+05
1.641490000000000000e+05
1.646340000000000000e+05
1.647100000000000000e+05
1.647230000000000000e+05
1.650820000000000000e+05
1.650900000000000000e+05
1.651120000000000000e+05
1.652750000000000000e+05
1.654480000000000000e+05
1.657180000000000000e+05
1.657190000000000000e+05
1.658000000000000000e+05
1.659060000000000000e+05
1.665520000000000000e+05
1.666260000000000000e+05
1.667090000000000000e+05
1.667150000000000000e+05
1.667380000000000000e+05
1.667580000000000000e+05
1.670590000000000000e+05
1.670600000000000000e+05
1.674250000000000000e+05
1.674270000000000000e+05
1.679470000000000000e+05
1.694710000000000000e+05
1.696890000000000000e+05
1.700690000000000000e+05
1.702140000000000000e+05
1.709240000000000000e+05
1.709250000000000000e+05
1.709270000000000000e+05
1.709290000000000000e+05
1.709300000000000000e+05
1.709350000000000000e+05
1.711790000000000000e+05
1.712020000000000000e+05
1.712040000000000000e+05
1.712060000000000000e+05
1.717050000000000000e+05
1.724960000000000000e+05
1.725820000000000000e+05
1.729070000000000000e+05
1.729080000000000000e+05
