3.240000000000000000e+02
3.270000000000000000e+02
5.270000000000000000e+02
5.290000000000000000e+02
5.330000000000000000e+02
5.470000000000000000e+02
6.390000000000000000e+02
8.650000000000000000e+02
9.980000000000000000e+02
9.990000000000000000e+02
1.001000000000000000e+03
1.188000000000000000e+03
1.237000000000000000e+03
2.136000000000000000e+03
4.613000000000000000e+03
5.119000000000000000e+03
5.287000000000000000e+03
5.289000000000000000e+03
5.292000000000000000e+03
5.294000000000000000e+03
5.295000000000000000e+03
5.297000000000000000e+03
5.298000000000000000e+03
5.299000000000000000e+03
5.300000000000000000e+03
5.301000000000000000e+03
5.302000000000000000e+03
5.303000000000000000e+03
5.304000000000000000e+03
5.305000000000000000e+03
5.306000000000000000e+03
5.307000000000000000e+03
5.308000000000000000e+03
5.309000000000000000e+03
5.310000000000000000e+03
5.311000000000000000e+03
5.312000000000000000e+03
5.313000000000000000e+03
5.314000000000000000e+03
5.316000000000000000e+03
5.317000000000000000e+03
5.323000000000000000e+03
5.325000000000000000e+03
5.330000000000000000e+03
5.331000000000000000e+03
5.332000000000000000e+03
5.333000000000000000e+03
5.336000000000000000e+03
5.337000000000000000e+03
5.338000000000000000e+03
5.339000000000000000e+03
5.340000000000000000e+03
5.341000000000000000e+03
5.343000000000000000e+03
5.344000000000000000e+03
5.345000000000000000e+03
5.346000000000000000e+03
5.347000000000000000e+03
5.349000000000000000e+03
5.350000000000000000e+03
5.351000000000000000e+03
5.352000000000000000e+03
5.356000000000000000e+03
5.367000000000000000e+03
5.369000000000000000e+03
5.371000000000000000e+03
5.372000000000000000e+03
5.373000000000000000e+03
5.374000000000000000e+03
5.376000000000000000e+03
5.378000000000000000e+03
5.379000000000000000e+03
5.381000000000000000e+03
5.382000000000000000e+03
5.383000000000000000e+03
5.384000000000000000e+03
5.386000000000000000e+03
5.387000000000000000e+03
5.390000000000000000e+03
5.394000000000000000e+03
5.395000000000000000e+03
5.396000000000000000e+03
5.397000000000000000e+03
5.398000000000000000e+03
5.400000000000000000e+03
5.401000000000000000e+03
5.402000000000000000e+03
5.404000000000000000e+03
5.409000000000000000e+03
5.410000000000000000e+03
5.413000000000000000e+03
5.414000000000000000e+03
5.415000000000000000e+03
5.416000000000000000e+03
5.417000000000000000e+03
5.418000000000000000e+03
5.419000000000000000e+03
5.420000000000000000e+03
5.421000000000000000e+03
5.422000000000000000e+03
5.423000000000000000e+03
5.425000000000000000e+03
5.428000000000000000e+03
5.463000000000000000e+03
6.506000000000000000e+03
6.560000000000000000e+03
6.850000000000000000e+03
6.863000000000000000e+03
6.876000000000000000e+03
6.878000000000000000e+03
6.885000000000000000e+03
6.886000000000000000e+03
6.887000000000000000e+03
6.893000000000000000e+03
6.896000000000000000e+03
6.915000000000000000e+03
6.916000000000000000e+03
6.918000000000000000e+03
6.923000000000000000e+03
6.936000000000000000e+03
7.009000000000000000e+03
7.015000000000000000e+03
7.022000000000000000e+03
7.025000000000000000e+03
7.033000000000000000e+03
7.035000000000000000e+03
7.063000000000000000e+03
7.064000000000000000e+03
7.081000000000000000e+03
7.084000000000000000e+03
7.085000000000000000e+03
7.088000000000000000e+03
7.103000000000000000e+03
7.108000000000000000e+03
7.115000000000000000e+03
7.130000000000000000e+03
7.131000000000000000e+03
7.154000000000000000e+03
7.174000000000000000e+03
7.182000000000000000e+03
7.185000000000000000e+03
7.186000000000000000e+03
7.188000000000000000e+03
7.198000000000000000e+03
7.320000000000000000e+03
7.321000000000000000e+03
7.323000000000000000e+03
7.324000000000000000e+03
7.331000000000000000e+03
7.335000000000000000e+03
7.337000000000000000e+03
7.339000000000000000e+03
7.345000000000000000e+03
7.348000000000000000e+03
7.370000000000000000e+03
7.371000000000000000e+03
7.375000000000000000e+03
7.376000000000000000e+03
7.382000000000000000e+03
7.386000000000000000e+03
7.400000000000000000e+03
7.556000000000000000e+03
7.814000000000000000e+03
8.197000000000000000e+03
8.198000000000000000e+03
8.282000000000000000e+03
8.283000000000000000e+03
8.284000000000000000e+03
8.285000000000000000e+03
8.286000000000000000e+03
8.287000000000000000e+03
8.288000000000000000e+03
8.290000000000000000e+03
8.627000000000000000e+03
8.628000000000000000e+03
8.629000000000000000e+03
8.631000000000000000e+03
8.632000000000000000e+03
8.634000000000000000e+03
8.636000000000000000e+03
8.638000000000000000e+03
8.639000000000000000e+03
8.641000000000000000e+03
8.642000000000000000e+03
8.643000000000000000e+03
8.644000000000000000e+03
8.645000000000000000e+03
8.649000000000000000e+03
8.650000000000000000e+03
8.651000000000000000e+03
8.655000000000000000e+03
8.656000000000000000e+03
8.658000000000000000e+03
8.659000000000000000e+03
8.660000000000000000e+03
8.661000000000000000e+03
8.662000000000000000e+03
8.663000000000000000e+03
8.664000000000000000e+03
8.665000000000000000e+03
8.668000000000000000e+03
8.669000000000000000e+03
8.670000000000000000e+03
8.671000000000000000e+03
8.673000000000000000e+03
8.675000000000000000e+03
8.677000000000000000e+03
8.678000000000000000e+03
8.679000000000000000e+03
8.680000000000000000e+03
8.681000000000000000e+03
8.682000000000000000e+03
8.683000000000000000e+03
8.684000000000000000e+03
8.685000000000000000e+03
8.688000000000000000e+03
8.689000000000000000e+03
8.690000000000000000e+03
8.691000000000000000e+03
8.694000000000000000e+03
8.695000000000000000e+03
8.697000000000000000e+03
8.702000000000000000e+03
8.703000000000000000e+03
8.705000000000000000e+03
8.706000000000000000e+03
8.707000000000000000e+03
8.708000000000000000e+03
8.711000000000000000e+03
8.712000000000000000e+03
8.714000000000000000e+03
8.715000000000000000e+03
8.717000000000000000e+03
8.718000000000000000e+03
8.719000000000000000e+03
8.720000000000000000e+03
8.722000000000000000e+03
8.723000000000000000e+03
8.724000000000000000e+03
8.725000000000000000e+03
8.727000000000000000e+03
8.728000000000000000e+03
8.729000000000000000e+03
8.730000000000000000e+03
8.731000000000000000e+03
8.732000000000000000e+03
8.734000000000000000e+03
8.735000000000000000e+03
8.738000000000000000e+03
8.740000000000000000e+03
8.742000000000000000e+03
8.743000000000000000e+03
8.744000000000000000e+03
8.748000000000000000e+03
8.749000000000000000e+03
8.750000000000000000e+03
8.751000000000000000e+03
8.752000000000000000e+03
8.753000000000000000e+03
8.756000000000000000e+03
8.757000000000000000e+03
8.758000000000000000e+03
8.759000000000000000e+03
8.760000000000000000e+03
8.761000000000000000e+03
8.762000000000000000e+03
8.764000000000000000e+03
8.765000000000000000e+03
8.766000000000000000e+03
8.767000000000000000e+03
8.768000000000000000e+03
8.769000000000000000e+03
8.770000000000000000e+03
8.771000000000000000e+03
8.772000000000000000e+03
8.773000000000000000e+03
8.774000000000000000e+03
8.775000000000000000e+03
8.776000000000000000e+03
8.778000000000000000e+03
8.779000000000000000e+03
8.780000000000000000e+03
8.782000000000000000e+03
8.786000000000000000e+03
8.787000000000000000e+03
8.788000000000000000e+03
8.789000000000000000e+03
8.790000000000000000e+03
8.792000000000000000e+03
8.793000000000000000e+03
8.795000000000000000e+03
8.797000000000000000e+03
8.798000000000000000e+03
8.800000000000000000e+03
8.801000000000000000e+03
8.805000000000000000e+03
8.806000000000000000e+03
8.808000000000000000e+03
8.812000000000000000e+03
8.813000000000000000e+03
8.814000000000000000e+03
8.815000000000000000e+03
8.816000000000000000e+03
8.817000000000000000e+03
8.818000000000000000e+03
8.819000000000000000e+03
8.820000000000000000e+03
8.821000000000000000e+03
8.822000000000000000e+03
8.823000000000000000e+03
8.824000000000000000e+03
8.826000000000000000e+03
8.827000000000000000e+03
8.828000000000000000e+03
8.829000000000000000e+03
8.831000000000000000e+03
8.832000000000000000e+03
8.833000000000000000e+03
8.836000000000000000e+03
8.837000000000000000e+03
8.838000000000000000e+03
8.840000000000000000e+03
8.842000000000000000e+03
8.844000000000000000e+03
8.845000000000000000e+03
8.846000000000000000e+03
8.847000000000000000e+03
8.849000000000000000e+03
8.850000000000000000e+03
8.851000000000000000e+03
8.854000000000000000e+03
8.855000000000000000e+03
8.857000000000000000e+03
8.858000000000000000e+03
8.859000000000000000e+03
8.860000000000000000e+03
8.861000000000000000e+03
8.862000000000000000e+03
8.863000000000000000e+03
8.864000000000000000e+03
8.865000000000000000e+03
8.868000000000000000e+03
8.869000000000000000e+03
8.870000000000000000e+03
8.871000000000000000e+03
8.872000000000000000e+03
8.873000000000000000e+03
8.875000000000000000e+03
8.876000000000000000e+03
8.879000000000000000e+03
8.880000000000000000e+03
8.882000000000000000e+03
8.883000000000000000e+03
8.884000000000000000e+03
8.885000000000000000e+03
8.887000000000000000e+03
8.888000000000000000e+03
8.889000000000000000e+03
8.890000000000000000e+03
8.892000000000000000e+03
8.893000000000000000e+03
8.894000000000000000e+03
8.895000000000000000e+03
8.896000000000000000e+03
8.897000000000000000e+03
8.899000000000000000e+03
8.900000000000000000e+03
8.901000000000000000e+03
8.902000000000000000e+03
8.903000000000000000e+03
8.904000000000000000e+03
8.906000000000000000e+03
8.908000000000000000e+03
8.909000000000000000e+03
8.910000000000000000e+03
8.911000000000000000e+03
8.912000000000000000e+03
8.914000000000000000e+03
8.915000000000000000e+03
8.916000000000000000e+03
8.917000000000000000e+03
8.918000000000000000e+03
8.919000000000000000e+03
8.920000000000000000e+03
8.921000000000000000e+03
8.922000000000000000e+03
8.923000000000000000e+03
8.925000000000000000e+03
8.928000000000000000e+03
8.929000000000000000e+03
8.930000000000000000e+03
8.933000000000000000e+03
8.936000000000000000e+03
8.937000000000000000e+03
8.938000000000000000e+03
8.939000000000000000e+03
8.940000000000000000e+03
8.941000000000000000e+03
8.943000000000000000e+03
8.944000000000000000e+03
8.945000000000000000e+03
8.946000000000000000e+03
8.947000000000000000e+03
8.948000000000000000e+03
8.949000000000000000e+03
8.952000000000000000e+03
8.954000000000000000e+03
8.956000000000000000e+03
8.959000000000000000e+03
8.960000000000000000e+03
9.343000000000000000e+03
9.418000000000000000e+03
9.419000000000000000e+03
9.420000000000000000e+03
9.421000000000000000e+03
9.422000000000000000e+03
9.423000000000000000e+03
9.424000000000000000e+03
9.425000000000000000e+03
9.431000000000000000e+03
9.432000000000000000e+03
9.433000000000000000e+03
9.434000000000000000e+03
9.435000000000000000e+03
9.436000000000000000e+03
9.437000000000000000e+03
9.438000000000000000e+03
9.439000000000000000e+03
9.440000000000000000e+03
9.441000000000000000e+03
9.442000000000000000e+03
9.444000000000000000e+03
9.445000000000000000e+03
9.446000000000000000e+03
9.447000000000000000e+03
9.449000000000000000e+03
9.450000000000000000e+03
9.453000000000000000e+03
9.454000000000000000e+03
9.458000000000000000e+03
9.459000000000000000e+03
9.461000000000000000e+03
9.462000000000000000e+03
9.464000000000000000e+03
9.465000000000000000e+03
9.466000000000000000e+03
9.467000000000000000e+03
9.469000000000000000e+03
9.470000000000000000e+03
9.471000000000000000e+03
9.472000000000000000e+03
9.473000000000000000e+03
9.504000000000000000e+03
9.505000000000000000e+03
9.506000000000000000e+03
9.507000000000000000e+03
9.508000000000000000e+03
9.509000000000000000e+03
9.510000000000000000e+03
9.511000000000000000e+03
9.519000000000000000e+03
9.520000000000000000e+03
9.521000000000000000e+03
9.522000000000000000e+03
9.523000000000000000e+03
9.524000000000000000e+03
9.525000000000000000e+03
9.526000000000000000e+03
9.528000000000000000e+03
9.529000000000000000e+03
9.530000000000000000e+03
9.531000000000000000e+03
9.532000000000000000e+03
9.533000000000000000e+03
9.535000000000000000e+03
9.536000000000000000e+03
9.537000000000000000e+03
9.538000000000000000e+03
9.539000000000000000e+03
9.540000000000000000e+03
9.541000000000000000e+03
9.542000000000000000e+03
9.543000000000000000e+03
9.544000000000000000e+03
9.545000000000000000e+03
9.546000000000000000e+03
9.547000000000000000e+03
9.548000000000000000e+03
9.549000000000000000e+03
9.550000000000000000e+03
9.551000000000000000e+03
9.661000000000000000e+03
9.708000000000000000e+03
9.710000000000000000e+03
9.711000000000000000e+03
9.712000000000000000e+03
9.714000000000000000e+03
9.718000000000000000e+03
9.719000000000000000e+03
9.721000000000000000e+03
9.722000000000000000e+03
9.723000000000000000e+03
9.725000000000000000e+03
1.009900000000000000e+04
1.013500000000000000e+04
1.013600000000000000e+04
1.013700000000000000e+04
1.013800000000000000e+04
1.013900000000000000e+04
1.014000000000000000e+04
1.014100000000000000e+04
1.014200000000000000e+04
1.014300000000000000e+04
1.014400000000000000e+04
1.014500000000000000e+04
1.014600000000000000e+04
1.014700000000000000e+04
1.014800000000000000e+04
1.014900000000000000e+04
1.015000000000000000e+04
1.015100000000000000e+04
1.015200000000000000e+04
1.015300000000000000e+04
1.015400000000000000e+04
1.015500000000000000e+04
1.015600000000000000e+04
1.015800000000000000e+04
1.015900000000000000e+04
1.016000000000000000e+04
1.016100000000000000e+04
1.016200000000000000e+04
1.016300000000000000e+04
1.016400000000000000e+04
1.016500000000000000e+04
1.016600000000000000e+04
1.016700000000000000e+04
1.016800000000000000e+04
1.016900000000000000e+04
1.017000000000000000e+04
1.017100000000000000e+04
1.017200000000000000e+04
1.017300000000000000e+04
1.017400000000000000e+04
1.017500000000000000e+04
1.017600000000000000e+04
1.017700000000000000e+04
1.017800000000000000e+04
1.017900000000000000e+04
1.018000000000000000e+04
1.018100000000000000e+04
1.018200000000000000e+04
1.018300000000000000e+04
1.018400000000000000e+04
1.018500000000000000e+04
1.018600000000000000e+04
1.018700000000000000e+04
1.018800000000000000e+04
1.018900000000000000e+04
1.019000000000000000e+04
1.019100000000000000e+04
1.019200000000000000e+04
1.019300000000000000e+04
1.019500000000000000e+04
1.019600000000000000e+04
1.019800000000000000e+04
1.019900000000000000e+04
1.020000000000000000e+04
1.020100000000000000e+04
1.020200000000000000e+04
1.020400000000000000e+04
1.020500000000000000e+04
1.020600000000000000e+04
1.020700000000000000e+04
1.020800000000000000e+04
1.020900000000000000e+04
1.021000000000000000e+04
1.021100000000000000e+04
1.021200000000000000e+04
1.021300000000000000e+04
1.021400000000000000e+04
1.021500000000000000e+04
1.021600000000000000e+04
1.021700000000000000e+04
1.021900000000000000e+04
1.022000000000000000e+04
1.022100000000000000e+04
1.022200000000000000e+04
1.022300000000000000e+04
1.022400000000000000e+04
1.022500000000000000e+04
1.022600000000000000e+04
1.022700000000000000e+04
1.022800000000000000e+04
1.022900000000000000e+04
1.023100000000000000e+04
1.023200000000000000e+04
1.023300000000000000e+04
1.023400000000000000e+04
1.023500000000000000e+04
1.023600000000000000e+04
1.023700000000000000e+04
1.023800000000000000e+04
1.023900000000000000e+04
1.024000000000000000e+04
1.024100000000000000e+04
1.024200000000000000e+04
1.024300000000000000e+04
1.024400000000000000e+04
1.024600000000000000e+04
1.024700000000000000e+04
1.024800000000000000e+04
1.024900000000000000e+04
1.025000000000000000e+04
1.025100000000000000e+04
1.025200000000000000e+04
1.025300000000000000e+04
1.025400000000000000e+04
1.025500000000000000e+04
1.025600000000000000e+04
1.025700000000000000e+04
1.025800000000000000e+04
1.025900000000000000e+04
1.026000000000000000e+04
1.026100000000000000e+04
1.026200000000000000e+04
1.026300000000000000e+04
1.026400000000000000e+04
1.026500000000000000e+04
1.026600000000000000e+04
1.026700000000000000e+04
1.026800000000000000e+04
1.026900000000000000e+04
1.027100000000000000e+04
1.027500000000000000e+04
1.030200000000000000e+04
1.032500000000000000e+04
1.033600000000000000e+04
1.046200000000000000e+04
1.046400000000000000e+04
1.046900000000000000e+04
1.048600000000000000e+04
1.048800000000000000e+04
1.049900000000000000e+04
1.050000000000000000e+04
1.050400000000000000e+04
1.050700000000000000e+04
1.051600000000000000e+04
1.052100000000000000e+04
1.052400000000000000e+04
1.053100000000000000e+04
1.053500000000000000e+04
1.056000000000000000e+04
1.057900000000000000e+04
1.059700000000000000e+04
1.061600000000000000e+04
1.061700000000000000e+04
1.061800000000000000e+04
1.063200000000000000e+04
1.063400000000000000e+04
1.063500000000000000e+04
1.063800000000000000e+04
1.069000000000000000e+04
1.112600000000000000e+04
1.113300000000000000e+04
1.113500000000000000e+04
1.120000000000000000e+04
1.120300000000000000e+04
1.155900000000000000e+04
1.156300000000000000e+04
1.159000000000000000e+04
1.161300000000000000e+04
1.183200000000000000e+04
1.184500000000000000e+04
1.203600000000000000e+04
1.210100000000000000e+04
1.210200000000000000e+04
1.210500000000000000e+04
1.233700000000000000e+04
1.251200000000000000e+04
1.251600000000000000e+04
1.354800000000000000e+04
1.357600000000000000e+04
1.358800000000000000e+04
1.365600000000000000e+04
1.366000000000000000e+04
1.410900000000000000e+04
1.411100000000000000e+04
1.411300000000000000e+04
1.411500000000000000e+04
1.422300000000000000e+04
1.422400000000000000e+04
1.422600000000000000e+04
1.422700000000000000e+04
1.428000000000000000e+04
1.428600000000000000e+04
1.428700000000000000e+04
1.428800000000000000e+04
1.428900000000000000e+04
1.429100000000000000e+04
1.429200000000000000e+04
1.429400000000000000e+04
1.429500000000000000e+04
1.429600000000000000e+04
1.429700000000000000e+04
1.429800000000000000e+04
1.429900000000000000e+04
1.430000000000000000e+04
1.430100000000000000e+04
1.430200000000000000e+04
1.430300000000000000e+04
1.430400000000000000e+04
1.430500000000000000e+04
1.430600000000000000e+04
1.430700000000000000e+04
1.430800000000000000e+04
1.430900000000000000e+04
1.431100000000000000e+04
1.431200000000000000e+04
1.431300000000000000e+04
1.431400000000000000e+04
1.431500000000000000e+04
1.431600000000000000e+04
1.431700000000000000e+04
1.431800000000000000e+04
1.434600000000000000e+04
1.434700000000000000e+04
1.435100000000000000e+04
1.456000000000000000e+04
1.457500000000000000e+04
1.458900000000000000e+04
1.459500000000000000e+04
1.459900000000000000e+04
1.460200000000000000e+04
1.462800000000000000e+04
1.463300000000000000e+04
1.464300000000000000e+04
1.465500000000000000e+04
1.466400000000000000e+04
1.467500000000000000e+04
1.472500000000000000e+04
1.472600000000000000e+04
1.473000000000000000e+04
1.473700000000000000e+04
1.473900000000000000e+04
1.474100000000000000e+04
1.474500000000000000e+04
1.475100000000000000e+04
1.475600000000000000e+04
1.478400000000000000e+04
1.555300000000000000e+04
1.555900000000000000e+04
1.556100000000000000e+04
1.556300000000000000e+04
1.556400000000000000e+04
1.556500000000000000e+04
1.556600000000000000e+04
1.556700000000000000e+04
1.556800000000000000e+04
1.563000000000000000e+04
1.563200000000000000e+04
1.615800000000000000e+04
1.616200000000000000e+04
1.617400000000000000e+04
1.617900000000000000e+04
1.618500000000000000e+04
1.618900000000000000e+04
1.619300000000000000e+04
1.619500000000000000e+04
1.619700000000000000e+04
1.619800000000000000e+04
1.620300000000000000e+04
1.620400000000000000e+04
1.621000000000000000e+04
1.621300000000000000e+04
1.621600000000000000e+04
1.622100000000000000e+04
1.622400000000000000e+04
1.622700000000000000e+04
1.622800000000000000e+04
1.622900000000000000e+04
1.624000000000000000e+04
1.624100000000000000e+04
1.624600000000000000e+04
1.625700000000000000e+04
1.626100000000000000e+04
1.626800000000000000e+04
1.626900000000000000e+04
1.627100000000000000e+04
1.627500000000000000e+04
1.628900000000000000e+04
1.629100000000000000e+04
1.629600000000000000e+04
1.631300000000000000e+04
1.632300000000000000e+04
1.632400000000000000e+04
1.632600000000000000e+04
1.632700000000000000e+04
1.633300000000000000e+04
1.633900000000000000e+04
1.634100000000000000e+04
1.634200000000000000e+04
1.634400000000000000e+04
1.634500000000000000e+04
1.634800000000000000e+04
1.635300000000000000e+04
1.635600000000000000e+04
1.635700000000000000e+04
1.635800000000000000e+04
1.636000000000000000e+04
1.636100000000000000e+04
1.636200000000000000e+04
1.636300000000000000e+04
1.636400000000000000e+04
1.636600000000000000e+04
1.636700000000000000e+04
1.637000000000000000e+04
1.637300000000000000e+04
1.637400000000000000e+04
1.637700000000000000e+04
1.637800000000000000e+04
1.637900000000000000e+04
1.638000000000000000e+04
1.638300000000000000e+04
1.638500000000000000e+04
1.639100000000000000e+04
1.639500000000000000e+04
1.639800000000000000e+04
1.640500000000000000e+04
1.640700000000000000e+04
1.641100000000000000e+04
1.641200000000000000e+04
1.642500000000000000e+04
1.642600000000000000e+04
1.642700000000000000e+04
1.643000000000000000e+04
1.643100000000000000e+04
1.643200000000000000e+04
1.643300000000000000e+04
1.643400000000000000e+04
1.643600000000000000e+04
1.643700000000000000e+04
1.643800000000000000e+04
1.644000000000000000e+04
1.644300000000000000e+04
1.644400000000000000e+04
1.644500000000000000e+04
1.644700000000000000e+04
1.644800000000000000e+04
1.644900000000000000e+04
1.645000000000000000e+04
1.645100000000000000e+04
1.645200000000000000e+04
1.645400000000000000e+04
1.645500000000000000e+04
1.645600000000000000e+04
1.645700000000000000e+04
1.646100000000000000e+04
1.646200000000000000e+04
1.646300000000000000e+04
1.646500000000000000e+04
1.646900000000000000e+04
1.647000000000000000e+04
1.647100000000000000e+04
1.647300000000000000e+04
1.647500000000000000e+04
1.647600000000000000e+04
1.648200000000000000e+04
1.648700000000000000e+04
1.649100000000000000e+04
1.649200000000000000e+04
1.649400000000000000e+04
1.649900000000000000e+04
1.650000000000000000e+04
1.650100000000000000e+04
1.650300000000000000e+04
1.650400000000000000e+04
1.650500000000000000e+04
1.650800000000000000e+04
1.651000000000000000e+04
1.651600000000000000e+04
1.651900000000000000e+04
1.652000000000000000e+04
1.652600000000000000e+04
1.652800000000000000e+04
1.653200000000000000e+04
1.653400000000000000e+04
1.653500000000000000e+04
1.653700000000000000e+04
1.653800000000000000e+04
1.654000000000000000e+04
1.654200000000000000e+04
1.654300000000000000e+04
1.654500000000000000e+04
1.654600000000000000e+04
1.654700000000000000e+04
1.654800000000000000e+04
1.655000000000000000e+04
1.655200000000000000e+04
1.655300000000000000e+04
1.655500000000000000e+04
1.655900000000000000e+04
1.656000000000000000e+04
1.656100000000000000e+04
1.656200000000000000e+04
1.656300000000000000e+04
1.656400000000000000e+04
1.656500000000000000e+04
1.656800000000000000e+04
1.657100000000000000e+04
1.657300000000000000e+04
1.657700000000000000e+04
1.658000000000000000e+04
1.658100000000000000e+04
1.658200000000000000e+04
1.658300000000000000e+04
1.658600000000000000e+04
1.658800000000000000e+04
1.659000000000000000e+04
1.659100000000000000e+04
1.659200000000000000e+04
1.659600000000000000e+04
1.659700000000000000e+04
1.659800000000000000e+04
1.659900000000000000e+04
1.660000000000000000e+04
1.660100000000000000e+04
1.660500000000000000e+04
1.660800000000000000e+04
1.661000000000000000e+04
1.661100000000000000e+04
1.661300000000000000e+04
1.661600000000000000e+04
1.661700000000000000e+04
1.661900000000000000e+04
1.662300000000000000e+04
1.662500000000000000e+04
1.662600000000000000e+04
1.662700000000000000e+04
1.662800000000000000e+04
1.662900000000000000e+04
1.663000000000000000e+04
1.663100000000000000e+04
1.663200000000000000e+04
1.663300000000000000e+04
1.663600000000000000e+04
1.663700000000000000e+04
1.663900000000000000e+04
1.664100000000000000e+04
1.664200000000000000e+04
1.664400000000000000e+04
1.664500000000000000e+04
1.664600000000000000e+04
1.664700000000000000e+04
1.664800000000000000e+04
1.664900000000000000e+04
1.665000000000000000e+04
1.665100000000000000e+04
1.665300000000000000e+04
1.665400000000000000e+04
1.665500000000000000e+04
1.665600000000000000e+04
1.665700000000000000e+04
1.665800000000000000e+04
1.665900000000000000e+04
1.666000000000000000e+04
1.666100000000000000e+04
1.666300000000000000e+04
1.666400000000000000e+04
1.666500000000000000e+04
1.666600000000000000e+04
1.666700000000000000e+04
1.666800000000000000e+04
1.666900000000000000e+04
1.667000000000000000e+04
1.667100000000000000e+04
1.667200000000000000e+04
1.667400000000000000e+04
1.667500000000000000e+04
1.667600000000000000e+04
1.668000000000000000e+04
1.668100000000000000e+04
1.668200000000000000e+04
1.668400000000000000e+04
1.668500000000000000e+04
1.668700000000000000e+04
1.668900000000000000e+04
1.669000000000000000e+04
1.669100000000000000e+04
1.669200000000000000e+04
1.669300000000000000e+04
1.669400000000000000e+04
1.669500000000000000e+04
1.669600000000000000e+04
1.669700000000000000e+04
1.669800000000000000e+04
1.670000000000000000e+04
1.670200000000000000e+04
1.670300000000000000e+04
1.670400000000000000e+04
1.670500000000000000e+04
1.670600000000000000e+04
1.670800000000000000e+04
1.671000000000000000e+04
1.671200000000000000e+04
1.671400000000000000e+04
1.671500000000000000e+04
1.671600000000000000e+04
1.671800000000000000e+04
1.672000000000000000e+04
1.672100000000000000e+04
1.672200000000000000e+04
1.672300000000000000e+04
1.741500000000000000e+04
1.741800000000000000e+04
1.742200000000000000e+04
1.743600000000000000e+04
1.743700000000000000e+04
1.814900000000000000e+04
1.850600000000000000e+04
1.864200000000000000e+04
1.892400000000000000e+04
1.892700000000000000e+04
1.895100000000000000e+04
1.909400000000000000e+04
1.924200000000000000e+04
1.924400000000000000e+04
1.975500000000000000e+04
1.984300000000000000e+04
2.033300000000000000e+04
2.033400000000000000e+04
2.039500000000000000e+04
2.039700000000000000e+04
2.040300000000000000e+04
2.063600000000000000e+04
2.064300000000000000e+04
2.070500000000000000e+04
2.075600000000000000e+04
2.080400000000000000e+04
2.081400000000000000e+04
2.082300000000000000e+04
2.083700000000000000e+04
2.083900000000000000e+04
2.085700000000000000e+04
2.142000000000000000e+04
2.142100000000000000e+04
2.142200000000000000e+04
2.142400000000000000e+04
2.158700000000000000e+04
2.158900000000000000e+04
2.159000000000000000e+04
2.159400000000000000e+04
2.159900000000000000e+04
2.160300000000000000e+04
2.160700000000000000e+04
2.160900000000000000e+04
2.161200000000000000e+04
2.161400000000000000e+04
2.161600000000000000e+04
2.161900000000000000e+04
2.162000000000000000e+04
2.162300000000000000e+04
2.162800000000000000e+04
2.163700000000000000e+04
2.163900000000000000e+04
2.164000000000000000e+04
2.164300000000000000e+04
2.164400000000000000e+04
2.164500000000000000e+04
2.165100000000000000e+04
2.165900000000000000e+04
2.166100000000000000e+04
2.166200000000000000e+04
2.166600000000000000e+04
2.166800000000000000e+04
2.166900000000000000e+04
2.167100000000000000e+04
2.167300000000000000e+04
2.167400000000000000e+04
2.167700000000000000e+04
2.167800000000000000e+04
2.167900000000000000e+04
2.168000000000000000e+04
2.168600000000000000e+04
2.168800000000000000e+04
2.169000000000000000e+04
2.169400000000000000e+04
2.169700000000000000e+04
2.169900000000000000e+04
2.170000000000000000e+04
2.170100000000000000e+04
2.170500000000000000e+04
2.170700000000000000e+04
2.171200000000000000e+04
2.171300000000000000e+04
2.171500000000000000e+04
2.171800000000000000e+04
2.172000000000000000e+04
2.172500000000000000e+04
2.172600000000000000e+04
2.173000000000000000e+04
2.173200000000000000e+04
2.173600000000000000e+04
2.174000000000000000e+04
2.174400000000000000e+04
2.174500000000000000e+04
2.174600000000000000e+04
2.174700000000000000e+04
2.174800000000000000e+04
2.175600000000000000e+04
2.175800000000000000e+04
2.176000000000000000e+04
2.176100000000000000e+04
2.211600000000000000e+04
2.255600000000000000e+04
2.256100000000000000e+04
2.256400000000000000e+04
2.265300000000000000e+04
2.265400000000000000e+04
2.265500000000000000e+04
2.265600000000000000e+04
2.266200000000000000e+04
2.268800000000000000e+04
2.309200000000000000e+04
2.310800000000000000e+04
2.310900000000000000e+04
2.311000000000000000e+04
2.311100000000000000e+04
2.325700000000000000e+04
2.326100000000000000e+04
2.332500000000000000e+04
2.332600000000000000e+04
2.332700000000000000e+04
2.368700000000000000e+04
2.371800000000000000e+04
2.373300000000000000e+04
2.373400000000000000e+04
2.400700000000000000e+04
2.400900000000000000e+04
2.401000000000000000e+04
2.401100000000000000e+04
2.401300000000000000e+04
2.401400000000000000e+04
2.401500000000000000e+04
2.401900000000000000e+04
2.402100000000000000e+04
2.402500000000000000e+04
2.402600000000000000e+04
2.402800000000000000e+04
2.403300000000000000e+04
2.403500000000000000e+04
2.403700000000000000e+04
2.404000000000000000e+04
2.404400000000000000e+04
2.404600000000000000e+04
2.404700000000000000e+04
2.405000000000000000e+04
2.405200000000000000e+04
2.405500000000000000e+04
2.406500000000000000e+04
2.406900000000000000e+04
2.407000000000000000e+04
2.407600000000000000e+04
2.408000000000000000e+04
2.408200000000000000e+04
2.409000000000000000e+04
2.409500000000000000e+04
2.409600000000000000e+04
2.409800000000000000e+04
2.410000000000000000e+04
2.410100000000000000e+04
2.410200000000000000e+04
2.410300000000000000e+04
2.410400000000000000e+04
2.410700000000000000e+04
2.411000000000000000e+04
2.412000000000000000e+04
2.412200000000000000e+04
2.412400000000000000e+04
2.413000000000000000e+04
2.430200000000000000e+04
2.439800000000000000e+04
2.440400000000000000e+04
2.450700000000000000e+04
2.451600000000000000e+04
2.451800000000000000e+04
2.452400000000000000e+04
2.452700000000000000e+04
2.452900000000000000e+04
2.453000000000000000e+04
2.453500000000000000e+04
2.453700000000000000e+04
2.454000000000000000e+04
2.458100000000000000e+04
2.463900000000000000e+04
2.464600000000000000e+04
2.473500000000000000e+04
2.473600000000000000e+04
2.475600000000000000e+04
2.483800000000000000e+04
2.487000000000000000e+04
2.493900000000000000e+04
2.494300000000000000e+04
2.494400000000000000e+04
2.495200000000000000e+04
2.495300000000000000e+04
2.495700000000000000e+04
2.518500000000000000e+04
2.560100000000000000e+04
2.560200000000000000e+04
2.566500000000000000e+04
2.566900000000000000e+04
2.576300000000000000e+04
2.576500000000000000e+04
2.576600000000000000e+04
2.576700000000000000e+04
2.576800000000000000e+04
2.576900000000000000e+04
2.577000000000000000e+04
2.577100000000000000e+04
2.577300000000000000e+04
2.577400000000000000e+04
2.610900000000000000e+04
2.611100000000000000e+04
2.612400000000000000e+04
2.645700000000000000e+04
2.733800000000000000e+04
2.739100000000000000e+04
2.740500000000000000e+04
2.744000000000000000e+04
2.748000000000000000e+04
2.759700000000000000e+04
2.772000000000000000e+04
2.775100000000000000e+04
2.803100000000000000e+04
2.834900000000000000e+04
2.842100000000000000e+04
2.999900000000000000e+04
3.001900000000000000e+04
3.002400000000000000e+04
3.052100000000000000e+04
3.063300000000000000e+04
3.066000000000000000e+04
3.067400000000000000e+04
3.067700000000000000e+04
3.068000000000000000e+04
3.076700000000000000e+04
3.076900000000000000e+04
3.085200000000000000e+04
3.085300000000000000e+04
3.085400000000000000e+04
3.085500000000000000e+04
3.099800000000000000e+04
3.193700000000000000e+04
3.204600000000000000e+04
3.204700000000000000e+04
3.204800000000000000e+04
3.205000000000000000e+04
3.205200000000000000e+04
3.208400000000000000e+04
3.215700000000000000e+04
3.216100000000000000e+04
3.236400000000000000e+04
3.236500000000000000e+04
3.237000000000000000e+04
3.238100000000000000e+04
3.238200000000000000e+04
3.238300000000000000e+04
3.238400000000000000e+04
3.245000000000000000e+04
3.259700000000000000e+04
3.279300000000000000e+04
3.279400000000000000e+04
3.279500000000000000e+04
3.279600000000000000e+04
3.279800000000000000e+04
3.294000000000000000e+04
3.294200000000000000e+04
3.332800000000000000e+04
3.333000000000000000e+04
3.357900000000000000e+04
3.358200000000000000e+04
3.358600000000000000e+04
3.374800000000000000e+04
3.377400000000000000e+04
3.380500000000000000e+04
3.384500000000000000e+04
3.392300000000000000e+04
3.392700000000000000e+04
3.392900000000000000e+04
3.393400000000000000e+04
3.398700000000000000e+04
3.399100000000000000e+04
3.400300000000000000e+04
3.401800000000000000e+04
3.408500000000000000e+04
3.411300000000000000e+04
3.411400000000000000e+04
3.411500000000000000e+04
3.411700000000000000e+04
3.411800000000000000e+04
3.411900000000000000e+04
3.421300000000000000e+04
3.422300000000000000e+04
3.430000000000000000e+04
3.430300000000000000e+04
3.430500000000000000e+04
3.430600000000000000e+04
3.492300000000000000e+04
3.494300000000000000e+04
3.494400000000000000e+04
3.494500000000000000e+04
3.494900000000000000e+04
3.545200000000000000e+04
3.562100000000000000e+04
3.621300000000000000e+04
3.627400000000000000e+04
3.758400000000000000e+04
3.773800000000000000e+04
3.773900000000000000e+04
3.820500000000000000e+04
3.821000000000000000e+04
3.854300000000000000e+04
3.865700000000000000e+04
3.866000000000000000e+04
3.911100000000000000e+04
3.932400000000000000e+04
4.005800000000000000e+04
4.027000000000000000e+04
4.027100000000000000e+04
4.027200000000000000e+04
4.027300000000000000e+04
4.027400000000000000e+04
4.027600000000000000e+04
4.027700000000000000e+04
4.027800000000000000e+04
4.038600000000000000e+04
4.053300000000000000e+04
4.053400000000000000e+04
4.065200000000000000e+04
4.083200000000000000e+04
4.083400000000000000e+04
4.083600000000000000e+04
4.120500000000000000e+04
4.144800000000000000e+04
4.213300000000000000e+04
4.226900000000000000e+04
4.239800000000000000e+04
4.251300000000000000e+04
4.251500000000000000e+04
4.251600000000000000e+04
4.251700000000000000e+04
4.256000000000000000e+04
4.279600000000000000e+04
4.286100000000000000e+04
4.294900000000000000e+04
4.325800000000000000e+04
4.384400000000000000e+04
4.409800000000000000e+04
4.417900000000000000e+04
4.423400000000000000e+04
4.426700000000000000e+04
4.426800000000000000e+04
4.426900000000000000e+04
4.427000000000000000e+04
4.427200000000000000e+04
4.427300000000000000e+04
4.427700000000000000e+04
4.427800000000000000e+04
4.428000000000000000e+04
4.428100000000000000e+04
4.428500000000000000e+04
4.428800000000000000e+04
4.435700000000000000e+04
4.435900000000000000e+04
4.436000000000000000e+04
4.436100000000000000e+04
4.436200000000000000e+04
4.436400000000000000e+04
4.436500000000000000e+04
4.436700000000000000e+04
4.437000000000000000e+04
4.437100000000000000e+04
4.437500000000000000e+04
4.438000000000000000e+04
4.438100000000000000e+04
4.438400000000000000e+04
4.438500000000000000e+04
4.438700000000000000e+04
4.438900000000000000e+04
4.439000000000000000e+04
4.439300000000000000e+04
4.439500000000000000e+04
4.439800000000000000e+04
4.441800000000000000e+04
4.507900000000000000e+04
4.508700000000000000e+04
4.509800000000000000e+04
4.509900000000000000e+04
4.550200000000000000e+04
4.552900000000000000e+04
4.554200000000000000e+04
4.554300000000000000e+04
4.554600000000000000e+04
4.587400000000000000e+04
4.620100000000000000e+04
4.622500000000000000e+04
4.638600000000000000e+04
4.706900000000000000e+04
4.714800000000000000e+04
4.741600000000000000e+04
4.893500000000000000e+04
4.893600000000000000e+04
4.893700000000000000e+04
4.893800000000000000e+04
4.893900000000000000e+04
4.894100000000000000e+04
4.894200000000000000e+04
4.894300000000000000e+04
4.894400000000000000e+04
4.894700000000000000e+04
4.894800000000000000e+04
4.894900000000000000e+04
4.895000000000000000e+04
4.895100000000000000e+04
4.895600000000000000e+04
4.895700000000000000e+04
4.895800000000000000e+04
4.895900000000000000e+04
4.896200000000000000e+04
4.896500000000000000e+04
4.896600000000000000e+04
4.896700000000000000e+04
4.896900000000000000e+04
4.897100000000000000e+04
4.898500000000000000e+04
4.898600000000000000e+04
4.899000000000000000e+04
4.899200000000000000e+04
4.899500000000000000e+04
4.899600000000000000e+04
4.899700000000000000e+04
4.899800000000000000e+04
4.900000000000000000e+04
4.900300000000000000e+04
4.900500000000000000e+04
4.900600000000000000e+04
4.900700000000000000e+04
4.901000000000000000e+04
4.901100000000000000e+04
4.901200000000000000e+04
4.901400000000000000e+04
4.901500000000000000e+04
4.901600000000000000e+04
4.901700000000000000e+04
4.901800000000000000e+04
4.902100000000000000e+04
4.902200000000000000e+04
4.902300000000000000e+04
4.902700000000000000e+04
4.902900000000000000e+04
4.903000000000000000e+04
4.903100000000000000e+04
4.903200000000000000e+04
4.903300000000000000e+04
4.903400000000000000e+04
4.903600000000000000e+04
4.903800000000000000e+04
4.903900000000000000e+04
4.904200000000000000e+04
4.904300000000000000e+04
4.904600000000000000e+04
4.904700000000000000e+04
4.904900000000000000e+04
4.905000000000000000e+04
4.905100000000000000e+04
4.905400000000000000e+04
4.906500000000000000e+04
4.906800000000000000e+04
4.906900000000000000e+04
4.907000000000000000e+04
4.907100000000000000e+04
4.907300000000000000e+04
4.907400000000000000e+04
4.907500000000000000e+04
4.907700000000000000e+04
4.908000000000000000e+04
4.908100000000000000e+04
4.908200000000000000e+04
4.908300000000000000e+04
4.908500000000000000e+04
4.908600000000000000e+04
4.908700000000000000e+04
4.908800000000000000e+04
4.909000000000000000e+04
4.909100000000000000e+04
4.909200000000000000e+04
4.909400000000000000e+04
4.909500000000000000e+04
4.910000000000000000e+04
4.910300000000000000e+04
4.910400000000000000e+04
4.910500000000000000e+04
4.910900000000000000e+04
4.911100000000000000e+04
4.911200000000000000e+04
4.921800000000000000e+04
4.986900000000000000e+04
4.987100000000000000e+04
4.987700000000000000e+04
4.987900000000000000e+04
4.988300000000000000e+04
4.988500000000000000e+04
4.988700000000000000e+04
4.989000000000000000e+04
4.989300000000000000e+04
4.989500000000000000e+04
4.989600000000000000e+04
4.989700000000000000e+04
4.989800000000000000e+04
4.989900000000000000e+04
4.990000000000000000e+04
4.990100000000000000e+04
4.990400000000000000e+04
4.990600000000000000e+04
4.990800000000000000e+04
4.991200000000000000e+04
4.991400000000000000e+04
4.991500000000000000e+04
4.991800000000000000e+04
4.991900000000000000e+04
4.992000000000000000e+04
4.992200000000000000e+04
4.992300000000000000e+04
4.992400000000000000e+04
4.992500000000000000e+04
4.992600000000000000e+04
4.992700000000000000e+04
4.992800000000000000e+04
4.992900000000000000e+04
4.993000000000000000e+04
4.993100000000000000e+04
4.993200000000000000e+04
4.993400000000000000e+04
4.993700000000000000e+04
4.994200000000000000e+04
4.994300000000000000e+04
4.994500000000000000e+04
4.994700000000000000e+04
4.994900000000000000e+04
4.995000000000000000e+04
4.996000000000000000e+04
4.996100000000000000e+04
4.996300000000000000e+04
4.996400000000000000e+04
4.996500000000000000e+04
4.996600000000000000e+04
4.996700000000000000e+04
4.997100000000000000e+04
4.997200000000000000e+04
4.997300000000000000e+04
4.997500000000000000e+04
4.998000000000000000e+04
4.998100000000000000e+04
4.998500000000000000e+04
4.998700000000000000e+04
4.999000000000000000e+04
4.999100000000000000e+04
4.999300000000000000e+04
4.999400000000000000e+04
4.999500000000000000e+04
4.999600000000000000e+04
4.999700000000000000e+04
4.999800000000000000e+04
4.999900000000000000e+04
5.000600000000000000e+04
5.000900000000000000e+04
5.001100000000000000e+04
5.001200000000000000e+04
5.001300000000000000e+04
5.001700000000000000e+04
5.001900000000000000e+04
5.002000000000000000e+04
5.002300000000000000e+04
5.002500000000000000e+04
5.002600000000000000e+04
5.003000000000000000e+04
5.003100000000000000e+04
5.003200000000000000e+04
5.003300000000000000e+04
5.017200000000000000e+04
5.017300000000000000e+04
5.017400000000000000e+04
5.017600000000000000e+04
5.029800000000000000e+04
5.084100000000000000e+04
5.107800000000000000e+04
5.110000000000000000e+04
5.118300000000000000e+04
5.150600000000000000e+04
5.156700000000000000e+04
5.157000000000000000e+04
5.190800000000000000e+04
5.205000000000000000e+04
5.216700000000000000e+04
5.219200000000000000e+04
5.229200000000000000e+04
5.267000000000000000e+04
5.291200000000000000e+04
5.291300000000000000e+04
5.291400000000000000e+04
5.291600000000000000e+04
5.291900000000000000e+04
5.293500000000000000e+04
5.293600000000000000e+04
5.293700000000000000e+04
5.293900000000000000e+04
5.294200000000000000e+04
5.294300000000000000e+04
5.294600000000000000e+04
5.294800000000000000e+04
5.295100000000000000e+04
5.295200000000000000e+04
5.295300000000000000e+04
5.295500000000000000e+04
5.295600000000000000e+04
5.295700000000000000e+04
5.295900000000000000e+04
5.296200000000000000e+04
5.296300000000000000e+04
5.296400000000000000e+04
5.296500000000000000e+04
5.296600000000000000e+04
5.296700000000000000e+04
5.296800000000000000e+04
5.297000000000000000e+04
5.297100000000000000e+04
5.297200000000000000e+04
5.297400000000000000e+04
5.297500000000000000e+04
5.297600000000000000e+04
5.297700000000000000e+04
5.297800000000000000e+04
5.298000000000000000e+04
5.298100000000000000e+04
5.298200000000000000e+04
5.298500000000000000e+04
5.298600000000000000e+04
5.298700000000000000e+04
5.298800000000000000e+04
5.299000000000000000e+04
5.299200000000000000e+04
5.299300000000000000e+04
5.299400000000000000e+04
5.299500000000000000e+04
5.299600000000000000e+04
5.299700000000000000e+04
5.299800000000000000e+04
5.299900000000000000e+04
5.300000000000000000e+04
5.300100000000000000e+04
5.300200000000000000e+04
5.300300000000000000e+04
5.300600000000000000e+04
5.300700000000000000e+04
5.301200000000000000e+04
5.301300000000000000e+04
5.301400000000000000e+04
5.301500000000000000e+04
5.301600000000000000e+04
5.301800000000000000e+04
5.301900000000000000e+04
5.302100000000000000e+04
5.302300000000000000e+04
5.302400000000000000e+04
5.302700000000000000e+04
5.303000000000000000e+04
5.303500000000000000e+04
5.304300000000000000e+04
5.310200000000000000e+04
5.310300000000000000e+04
5.310400000000000000e+04
5.362800000000000000e+04
5.519500000000000000e+04
5.538000000000000000e+04
5.538100000000000000e+04
5.538200000000000000e+04
5.538300000000000000e+04
5.538400000000000000e+04
5.538500000000000000e+04
5.538600000000000000e+04
5.538700000000000000e+04
5.538800000000000000e+04
5.538900000000000000e+04
5.539000000000000000e+04
5.570300000000000000e+04
5.570400000000000000e+04
5.570500000000000000e+04
5.570600000000000000e+04
5.570700000000000000e+04
5.570800000000000000e+04
5.571000000000000000e+04
5.571100000000000000e+04
5.586700000000000000e+04
5.586800000000000000e+04
5.586900000000000000e+04
5.593200000000000000e+04
5.641900000000000000e+04
5.642000000000000000e+04
5.642500000000000000e+04
5.643200000000000000e+04
5.643300000000000000e+04
5.663500000000000000e+04
5.663600000000000000e+04
5.664400000000000000e+04
5.665500000000000000e+04
5.706500000000000000e+04
5.713200000000000000e+04
5.735700000000000000e+04
5.744000000000000000e+04
5.826100000000000000e+04
5.888900000000000000e+04
5.899500000000000000e+04
5.900000000000000000e+04
5.905500000000000000e+04
5.964400000000000000e+04
5.968000000000000000e+04
5.971800000000000000e+04
5.996000000000000000e+04
6.014900000000000000e+04
6.015100000000000000e+04
6.021000000000000000e+04
6.021100000000000000e+04
6.021200000000000000e+04
6.021400000000000000e+04
6.022300000000000000e+04
6.053700000000000000e+04
6.083400000000000000e+04
6.087700000000000000e+04
6.088800000000000000e+04
6.137900000000000000e+04
6.138100000000000000e+04
6.138300000000000000e+04
6.138500000000000000e+04
6.138600000000000000e+04
6.138700000000000000e+04
6.138800000000000000e+04
6.138900000000000000e+04
6.139000000000000000e+04
6.139100000000000000e+04
6.139200000000000000e+04
6.139300000000000000e+04
6.188500000000000000e+04
6.188600000000000000e+04
6.188700000000000000e+04
6.188800000000000000e+04
6.188900000000000000e+04
6.189000000000000000e+04
6.189100000000000000e+04
6.189200000000000000e+04
6.189300000000000000e+04
6.189400000000000000e+04
6.189500000000000000e+04
6.189600000000000000e+04
6.189700000000000000e+04
6.189800000000000000e+04
6.189900000000000000e+04
6.196300000000000000e+04
6.199400000000000000e+04
6.202200000000000000e+04
6.211200000000000000e+04
6.214100000000000000e+04
6.231600000000000000e+04
6.231700000000000000e+04
6.231800000000000000e+04
6.231900000000000000e+04
6.232600000000000000e+04
6.233300000000000000e+04
6.252700000000000000e+04
6.253000000000000000e+04
6.256900000000000000e+04
6.266700000000000000e+04
6.266800000000000000e+04
6.267200000000000000e+04
6.267400000000000000e+04
6.267500000000000000e+04
6.291900000000000000e+04
6.292000000000000000e+04
6.292100000000000000e+04
6.292200000000000000e+04
6.292300000000000000e+04
6.292500000000000000e+04
6.292600000000000000e+04
6.292700000000000000e+04
6.292800000000000000e+04
6.293000000000000000e+04
6.293100000000000000e+04
6.293200000000000000e+04
6.293300000000000000e+04
6.293400000000000000e+04
6.293500000000000000e+04
6.293600000000000000e+04
6.293700000000000000e+04
6.300000000000000000e+04
6.347300000000000000e+04
6.347400000000000000e+04
6.392900000000000000e+04
6.412700000000000000e+04
6.563900000000000000e+04
6.587600000000000000e+04
6.612100000000000000e+04
6.612200000000000000e+04
6.663600000000000000e+04
6.663700000000000000e+04
6.663800000000000000e+04
6.714400000000000000e+04
6.762000000000000000e+04
6.796000000000000000e+04
6.825700000000000000e+04
6.835500000000000000e+04
6.858100000000000000e+04
6.875000000000000000e+04
6.914400000000000000e+04
6.925500000000000000e+04
6.956400000000000000e+04
6.956800000000000000e+04
6.957700000000000000e+04
6.959000000000000000e+04
6.990900000000000000e+04
6.991400000000000000e+04
6.991500000000000000e+04
6.991600000000000000e+04
6.992100000000000000e+04
6.992500000000000000e+04
6.992800000000000000e+04
6.992900000000000000e+04
6.993000000000000000e+04
6.993400000000000000e+04
6.993600000000000000e+04
6.993700000000000000e+04
6.993800000000000000e+04
6.994000000000000000e+04
6.994100000000000000e+04
6.994200000000000000e+04
6.994400000000000000e+04
6.994600000000000000e+04
6.994800000000000000e+04
6.995000000000000000e+04
6.995100000000000000e+04
6.995200000000000000e+04
6.995300000000000000e+04
6.995400000000000000e+04
6.995500000000000000e+04
6.995900000000000000e+04
6.996100000000000000e+04
6.996200000000000000e+04
6.996600000000000000e+04
6.996800000000000000e+04
6.997300000000000000e+04
6.998300000000000000e+04
6.998800000000000000e+04
7.005500000000000000e+04
7.007100000000000000e+04
7.029400000000000000e+04
7.074700000000000000e+04
7.074800000000000000e+04
7.075600000000000000e+04
7.075900000000000000e+04
7.089700000000000000e+04
7.121300000000000000e+04
7.121400000000000000e+04
7.121500000000000000e+04
7.121600000000000000e+04
7.121700000000000000e+04
7.121800000000000000e+04
7.121900000000000000e+04
7.122000000000000000e+04
7.122100000000000000e+04
7.139400000000000000e+04
7.211000000000000000e+04
7.236200000000000000e+04
7.257300000000000000e+04
7.277400000000000000e+04
7.280600000000000000e+04
7.397200000000000000e+04
7.400100000000000000e+04
7.491900000000000000e+04
7.506000000000000000e+04
7.527100000000000000e+04
7.527200000000000000e+04
7.527300000000000000e+04
7.563800000000000000e+04
7.563900000000000000e+04
7.564000000000000000e+04
7.569200000000000000e+04
7.593700000000000000e+04
7.619000000000000000e+04
7.619200000000000000e+04
7.755300000000000000e+04
7.763900000000000000e+04
7.787700000000000000e+04
7.804500000000000000e+04
7.812300000000000000e+04
7.925000000000000000e+04
7.949500000000000000e+04
7.951800000000000000e+04
8.010800000000000000e+04
8.011000000000000000e+04
8.011400000000000000e+04
8.011500000000000000e+04
8.011600000000000000e+04
8.011700000000000000e+04
8.011900000000000000e+04
8.012200000000000000e+04
8.012300000000000000e+04
8.012400000000000000e+04
8.012500000000000000e+04
8.028000000000000000e+04
8.046200000000000000e+04
8.046400000000000000e+04
8.054100000000000000e+04
8.114200000000000000e+04
8.122300000000000000e+04
8.128900000000000000e+04
8.293200000000000000e+04
8.293300000000000000e+04
8.330700000000000000e+04
8.330900000000000000e+04
8.366700000000000000e+04
8.366800000000000000e+04
8.366900000000000000e+04
8.367000000000000000e+04
8.367100000000000000e+04
8.367200000000000000e+04
8.367300000000000000e+04
8.367400000000000000e+04
8.428800000000000000e+04
8.428900000000000000e+04
8.438500000000000000e+04
8.453100000000000000e+04
8.507600000000000000e+04
8.533800000000000000e+04
8.534100000000000000e+04
8.534200000000000000e+04
8.556700000000000000e+04
8.557100000000000000e+04
8.645200000000000000e+04
8.749900000000000000e+04
8.750000000000000000e+04
8.804000000000000000e+04
8.818900000000000000e+04
8.835800000000000000e+04
8.844100000000000000e+04
8.844200000000000000e+04
8.857800000000000000e+04
8.887300000000000000e+04
8.887400000000000000e+04
8.962400000000000000e+04
9.035400000000000000e+04
9.132700000000000000e+04
9.133600000000000000e+04
9.134000000000000000e+04
9.134400000000000000e+04
9.167300000000000000e+04
9.186900000000000000e+04
9.237700000000000000e+04
9.243900000000000000e+04
9.262200000000000000e+04
9.273000000000000000e+04
9.273100000000000000e+04
9.273200000000000000e+04
9.273300000000000000e+04
9.273400000000000000e+04
9.273500000000000000e+04
9.273600000000000000e+04
9.273700000000000000e+04
9.273900000000000000e+04
9.274000000000000000e+04
9.274100000000000000e+04
9.274300000000000000e+04
9.274400000000000000e+04
9.304200000000000000e+04
9.309300000000000000e+04
9.309500000000000000e+04
9.310200000000000000e+04
9.310300000000000000e+04
9.337000000000000000e+04
9.352000000000000000e+04
9.354800000000000000e+04
9.356100000000000000e+04
9.374300000000000000e+04
9.375000000000000000e+04
9.380700000000000000e+04
9.380800000000000000e+04
9.381200000000000000e+04
9.389600000000000000e+04
9.389700000000000000e+04
9.390000000000000000e+04
9.390400000000000000e+04
9.390500000000000000e+04
9.390800000000000000e+04
9.409600000000000000e+04
9.412100000000000000e+04
9.423900000000000000e+04
9.446200000000000000e+04
9.446300000000000000e+04
9.446400000000000000e+04
9.446500000000000000e+04
9.446600000000000000e+04
9.446700000000000000e+04
9.446800000000000000e+04
9.467900000000000000e+04
9.539500000000000000e+04
9.539600000000000000e+04
9.539800000000000000e+04
9.540100000000000000e+04
9.540200000000000000e+04
9.540400000000000000e+04
9.540600000000000000e+04
9.540700000000000000e+04
9.540800000000000000e+04
9.541200000000000000e+04
9.542200000000000000e+04
9.542400000000000000e+04
9.543800000000000000e+04
9.545200000000000000e+04
9.666800000000000000e+04
9.733000000000000000e+04
9.736500000000000000e+04
9.803200000000000000e+04
9.803300000000000000e+04
9.890500000000000000e+04
9.893600000000000000e+04
9.960100000000000000e+04
9.971900000000000000e+04
1.003710000000000000e+05
1.007620000000000000e+05
1.009090000000000000e+05
1.009110000000000000e+05
1.009140000000000000e+05
1.009190000000000000e+05
1.013730000000000000e+05
1.013750000000000000e+05
1.014820000000000000e+05
1.021230000000000000e+05
1.022370000000000000e+05
1.026730000000000000e+05
1.031280000000000000e+05
1.033380000000000000e+05
1.038630000000000000e+05
1.040820000000000000e+05
1.040830000000000000e+05
1.053990000000000000e+05
1.054420000000000000e+05
1.054430000000000000e+05
1.058420000000000000e+05
1.058900000000000000e+05
1.058910000000000000e+05
1.058920000000000000e+05
1.084480000000000000e+05
1.088490000000000000e+05
1.088650000000000000e+05
1.088930000000000000e+05
1.090670000000000000e+05
1.090790000000000000e+05
1.092040000000000000e+05
1.092060000000000000e+05
1.092530000000000000e+05
1.092600000000000000e+05
1.093050000000000000e+05
1.093060000000000000e+05
1.093070000000000000e+05
1.093080000000000000e+05
1.093130000000000000e+05
1.093140000000000000e+05
1.093150000000000000e+05
1.093160000000000000e+05
1.093170000000000000e+05
1.093190000000000000e+05
1.093210000000000000e+05
1.093230000000000000e+05
1.094610000000000000e+05
1.096080000000000000e+05
1.105670000000000000e+05
1.108390000000000000e+05
1.109220000000000000e+05
1.109270000000000000e+05
1.115810000000000000e+05
1.116810000000000000e+05
1.117680000000000000e+05
1.118700000000000000e+05
1.118980000000000000e+05
1.121010000000000000e+05
1.121030000000000000e+05
1.122820000000000000e+05
1.128510000000000000e+05
1.128780000000000000e+05
1.129640000000000000e+05
1.129710000000000000e+05
1.131140000000000000e+05
1.131610000000000000e+05
1.131910000000000000e+05
1.131920000000000000e+05
1.131930000000000000e+05
1.131950000000000000e+05
1.132300000000000000e+05
1.139510000000000000e+05
1.139550000000000000e+05
1.145990000000000000e+05
1.158260000000000000e+05
1.162340000000000000e+05
1.166560000000000000e+05
1.168360000000000000e+05
1.170940000000000000e+05
1.170990000000000000e+05
1.172410000000000000e+05
1.176360000000000000e+05
1.176420000000000000e+05
1.176440000000000000e+05
1.176450000000000000e+05
1.178600000000000000e+05
1.178610000000000000e+05
1.178620000000000000e+05
1.178630000000000000e+05
1.178640000000000000e+05
1.178650000000000000e+05
1.178660000000000000e+05
1.178670000000000000e+05
1.178680000000000000e+05
1.178690000000000000e+05
1.178700000000000000e+05
1.178710000000000000e+05
1.178720000000000000e+05
1.178730000000000000e+05
1.178740000000000000e+05
1.178750000000000000e+05
1.178760000000000000e+05
1.178770000000000000e+05
1.178780000000000000e+05
1.178790000000000000e+05
1.178800000000000000e+05
1.178810000000000000e+05
1.178820000000000000e+05
1.178830000000000000e+05
1.178840000000000000e+05
1.178850000000000000e+05
1.178860000000000000e+05
1.178880000000000000e+05
1.178890000000000000e+05
1.178900000000000000e+05
1.178920000000000000e+05
1.178930000000000000e+05
1.178940000000000000e+05
1.178950000000000000e+05
1.178960000000000000e+05
1.178980000000000000e+05
1.179070000000000000e+05
1.179400000000000000e+05
1.181410000000000000e+05
1.181460000000000000e+05
1.182610000000000000e+05
1.183610000000000000e+05
1.189750000000000000e+05
1.190000000000000000e+05
1.200300000000000000e+05
1.204610000000000000e+05
1.204630000000000000e+05
1.206560000000000000e+05
1.206610000000000000e+05
1.206690000000000000e+05
1.207160000000000000e+05
1.207170000000000000e+05
1.207190000000000000e+05
1.207260000000000000e+05
1.210240000000000000e+05
1.210300000000000000e+05
1.210310000000000000e+05
1.210830000000000000e+05
1.210850000000000000e+05
1.210870000000000000e+05
1.210880000000000000e+05
1.210900000000000000e+05
1.210910000000000000e+05
1.214120000000000000e+05
1.214200000000000000e+05
1.214210000000000000e+05
1.214330000000000000e+05
1.215210000000000000e+05
1.218250000000000000e+05
1.219220000000000000e+05
1.226970000000000000e+05
1.227000000000000000e+05
1.229810000000000000e+05
1.230080000000000000e+05
1.230170000000000000e+05
1.231710000000000000e+05
1.231790000000000000e+05
1.232470000000000000e+05
1.232490000000000000e+05
1.232510000000000000e+05
1.232540000000000000e+05
1.232580000000000000e+05
1.232680000000000000e+05
1.232800000000000000e+05
1.233240000000000000e+05
1.234180000000000000e+05
1.235740000000000000e+05
1.235750000000000000e+05
1.235760000000000000e+05
1.236060000000000000e+05
1.236430000000000000e+05
1.236820000000000000e+05
1.239690000000000000e+05
1.239820000000000000e+05
1.240650000000000000e+05
1.240680000000000000e+05
1.247880000000000000e+05
1.248760000000000000e+05
1.248790000000000000e+05
1.251720000000000000e+05
1.252350000000000000e+05
1.260110000000000000e+05
1.260120000000000000e+05
1.260950000000000000e+05
1.263620000000000000e+05
1.263630000000000000e+05
1.263640000000000000e+05
1.264360000000000000e+05
1.266930000000000000e+05
1.268030000000000000e+05
1.268310000000000000e+05
1.268340000000000000e+05
1.268540000000000000e+05
1.268910000000000000e+05
1.270280000000000000e+05
1.271010000000000000e+05
1.271030000000000000e+05
1.271040000000000000e+05
1.271070000000000000e+05
1.271150000000000000e+05
1.273120000000000000e+05
1.273170000000000000e+05
1.273220000000000000e+05
1.273250000000000000e+05
1.273300000000000000e+05
1.273330000000000000e+05
1.273350000000000000e+05
1.273360000000000000e+05
1.273380000000000000e+05
1.273400000000000000e+05
1.273680000000000000e+05
1.273690000000000000e+05
1.273700000000000000e+05
1.274110000000000000e+05
1.274200000000000000e+05
1.276300000000000000e+05
1.278400000000000000e+05
1.278840000000000000e+05
1.280580000000000000e+05
1.280600000000000000e+05
1.281170000000000000e+05
1.281180000000000000e+05
1.281190000000000000e+05
1.287500000000000000e+05
1.287510000000000000e+05
1.288080000000000000e+05
1.292860000000000000e+05
1.293880000000000000e+05
1.294140000000000000e+05
1.300960000000000000e+05
1.301820000000000000e+05
1.307050000000000000e+05
1.309720000000000000e+05
1.311560000000000000e+05
1.312290000000000000e+05
1.312700000000000000e+05
1.315280000000000000e+05
1.324000000000000000e+05
1.334030000000000000e+05
1.334040000000000000e+05
1.343160000000000000e+05
1.358690000000000000e+05
1.363100000000000000e+05
1.366060000000000000e+05
1.366070000000000000e+05
1.367700000000000000e+05
1.369910000000000000e+05
1.371420000000000000e+05
1.378930000000000000e+05
1.381510000000000000e+05
1.385070000000000000e+05
1.385100000000000000e+05
1.385110000000000000e+05
1.385120000000000000e+05
1.393510000000000000e+05
1.394610000000000000e+05
1.394620000000000000e+05
1.394630000000000000e+05
1.405660000000000000e+05
1.405710000000000000e+05
1.408720000000000000e+05
1.409020000000000000e+05
1.409440000000000000e+05
1.409630000000000000e+05
1.409650000000000000e+05
1.409680000000000000e+05
1.410630000000000000e+05
1.428160000000000000e+05
1.438660000000000000e+05
1.439570000000000000e+05
1.440400000000000000e+05
1.449630000000000000e+05
1.453780000000000000e+05
1.453820000000000000e+05
1.453890000000000000e+05
1.453900000000000000e+05
1.453930000000000000e+05
1.453960000000000000e+05
1.453980000000000000e+05
1.455240000000000000e+05
1.455250000000000000e+05
1.455260000000000000e+05
1.455270000000000000e+05
1.461740000000000000e+05
1.468420000000000000e+05
1.469480000000000000e+05
1.474750000000000000e+05
1.479330000000000000e+05
1.479350000000000000e+05
1.479390000000000000e+05
1.488590000000000000e+05
1.493800000000000000e+05
1.493820000000000000e+05
1.493840000000000000e+05
1.493850000000000000e+05
1.511900000000000000e+05
1.512580000000000000e+05
1.515760000000000000e+05
1.515790000000000000e+05
1.518580000000000000e+05
1.519990000000000000e+05
1.520020000000000000e+05
1.528640000000000000e+05
1.528730000000000000e+05
1.528750000000000000e+05
1.534530000000000000e+05
1.534870000000000000e+05
1.541430000000000000e+05
1.547840000000000000e+05
1.557800000000000000e+05
1.559890000000000000e+05
1.560000000000000000e+05
1.560900000000000000e+05
1.561650000000000000e+05
1.574440000000000000e+05
1.575100000000000000e+05
1.575110000000000000e+05
1.575170000000000000e+05
1.575180000000000000e+05
1.583790000000000000e+05
1.590440000000000000e+05
1.593830000000000000e+05
1.593860000000000000e+05
1.601310000000000000e+05
1.604900000000000000e+05
1.606750000000000000e+05
1.608720000000000000e+05
1.610770000000000000e+05
1.610780000000000000e+05
1.610820000000000000e+05
1.618380000000000000e+05
1.621970000000000000e+05
1.622110000000000000e+05
1.622120000000000000e+05
1.622130000000000000e+05
1.622770000000000000e+05
1.630270000000000000e+05
1.635670000000000000e+05
1.640160000000000000e+05
1.640170000000000000e+05
1.640180000000000000e+05
1.642220000000000000e+05
1.646730000000000000e+05
1.654060000000000000e+05
1.654920000000000000e+05
1.659650000000000000e+05
1.664550000000000000e+05
1.667490000000000000e+05
1.667520000000000000e+05
1.672740000000000000e+05
1.675990000000000000e+05
1.680890000000000000e+05
1.685610000000000000e+05
1.698360000000000000e+05
1.698380000000000000e+05
1.703050000000000000e+05
1.717300000000000000e+05
1.721790000000000000e+05
1.724020000000000000e+05
