1.400000000000000000e+01
1.600000000000000000e+01
1.700000000000000000e+01
3.100000000000000000e+01
3.600000000000000000e+01
3.900000000000000000e+01
4.000000000000000000e+01
5.100000000000000000e+01
5.200000000000000000e+01
5.300000000000000000e+01
5.400000000000000000e+01
5.500000000000000000e+01
6.000000000000000000e+01
6.200000000000000000e+01
6.300000000000000000e+01
6.800000000000000000e+01
7.100000000000000000e+01
7.300000000000000000e+01
7.700000000000000000e+01
7.800000000000000000e+01
8.500000000000000000e+01
8.700000000000000000e+01
9.000000000000000000e+01
9.400000000000000000e+01
9.600000000000000000e+01
1.000000000000000000e+02
1.370000000000000000e+02
1.380000000000000000e+02
1.400000000000000000e+02
1.410000000000000000e+02
1.430000000000000000e+02
1.440000000000000000e+02
1.460000000000000000e+02
1.470000000000000000e+02
1.480000000000000000e+02
1.670000000000000000e+02
1.890000000000000000e+02
2.020000000000000000e+02
2.090000000000000000e+02
2.100000000000000000e+02
2.110000000000000000e+02
2.370000000000000000e+02
2.390000000000000000e+02
2.420000000000000000e+02
2.470000000000000000e+02
2.530000000000000000e+02
2.560000000000000000e+02
2.610000000000000000e+02
2.670000000000000000e+02
3.030000000000000000e+02
3.070000000000000000e+02
3.360000000000000000e+02
3.390000000000000000e+02
3.550000000000000000e+02
3.770000000000000000e+02
3.830000000000000000e+02
3.950000000000000000e+02
3.960000000000000000e+02
4.120000000000000000e+02
4.140000000000000000e+02
4.230000000000000000e+02
4.240000000000000000e+02
4.370000000000000000e+02
4.380000000000000000e+02
4.410000000000000000e+02
4.470000000000000000e+02
4.500000000000000000e+02
4.600000000000000000e+02
4.610000000000000000e+02
4.760000000000000000e+02
4.910000000000000000e+02
5.090000000000000000e+02
5.310000000000000000e+02
5.340000000000000000e+02
5.380000000000000000e+02
5.400000000000000000e+02
5.510000000000000000e+02
5.520000000000000000e+02
5.540000000000000000e+02
5.640000000000000000e+02
5.660000000000000000e+02
5.670000000000000000e+02
5.680000000000000000e+02
5.720000000000000000e+02
5.730000000000000000e+02
5.780000000000000000e+02
5.870000000000000000e+02
5.940000000000000000e+02
5.950000000000000000e+02
5.990000000000000000e+02
6.000000000000000000e+02
6.010000000000000000e+02
6.030000000000000000e+02
6.110000000000000000e+02
6.130000000000000000e+02
6.160000000000000000e+02
6.320000000000000000e+02
6.420000000000000000e+02
6.430000000000000000e+02
6.470000000000000000e+02
6.530000000000000000e+02
6.560000000000000000e+02
6.740000000000000000e+02
6.830000000000000000e+02
6.930000000000000000e+02
7.180000000000000000e+02
7.230000000000000000e+02
7.270000000000000000e+02
7.340000000000000000e+02
7.390000000000000000e+02
7.420000000000000000e+02
7.430000000000000000e+02
7.550000000000000000e+02
7.610000000000000000e+02
7.740000000000000000e+02
7.770000000000000000e+02
7.950000000000000000e+02
8.060000000000000000e+02
8.090000000000000000e+02
8.120000000000000000e+02
8.230000000000000000e+02
8.720000000000000000e+02
8.760000000000000000e+02
8.870000000000000000e+02
9.050000000000000000e+02
9.130000000000000000e+02
9.240000000000000000e+02
9.470000000000000000e+02
9.520000000000000000e+02
9.540000000000000000e+02
9.720000000000000000e+02
9.740000000000000000e+02
9.770000000000000000e+02
9.820000000000000000e+02
9.840000000000000000e+02
9.880000000000000000e+02
9.960000000000000000e+02
9.980000000000000000e+02
1.000000000000000000e+03
1.011000000000000000e+03
1.012000000000000000e+03
1.015000000000000000e+03
1.016000000000000000e+03
1.020000000000000000e+03
1.022000000000000000e+03
1.024000000000000000e+03
1.026000000000000000e+03
1.027000000000000000e+03
1.030000000000000000e+03
1.031000000000000000e+03
1.038000000000000000e+03
1.049000000000000000e+03
1.052000000000000000e+03
1.053000000000000000e+03
1.056000000000000000e+03
1.063000000000000000e+03
1.064000000000000000e+03
1.067000000000000000e+03
1.078000000000000000e+03
1.079000000000000000e+03
1.081000000000000000e+03
1.083000000000000000e+03
1.085000000000000000e+03
1.088000000000000000e+03
1.089000000000000000e+03
1.091000000000000000e+03
1.098000000000000000e+03
1.105000000000000000e+03
1.106000000000000000e+03
1.107000000000000000e+03
1.109000000000000000e+03
1.110000000000000000e+03
1.111000000000000000e+03
1.119000000000000000e+03
1.122000000000000000e+03
1.128000000000000000e+03
1.135000000000000000e+03
1.137000000000000000e+03
1.141000000000000000e+03
1.143000000000000000e+03
1.145000000000000000e+03
1.146000000000000000e+03
1.150000000000000000e+03
1.152000000000000000e+03
1.153000000000000000e+03
1.156000000000000000e+03
1.158000000000000000e+03
1.159000000000000000e+03
1.161000000000000000e+03
1.163000000000000000e+03
1.164000000000000000e+03
1.166000000000000000e+03
1.171000000000000000e+03
1.173000000000000000e+03
1.175000000000000000e+03
1.176000000000000000e+03
1.177000000000000000e+03
1.178000000000000000e+03
1.179000000000000000e+03
1.182000000000000000e+03
1.185000000000000000e+03
1.186000000000000000e+03
1.189000000000000000e+03
1.196000000000000000e+03
1.201000000000000000e+03
1.209000000000000000e+03
1.211000000000000000e+03
1.213000000000000000e+03
1.217000000000000000e+03
1.219000000000000000e+03
1.221000000000000000e+03
1.225000000000000000e+03
1.233000000000000000e+03
1.236000000000000000e+03
1.243000000000000000e+03
1.248000000000000000e+03
1.253000000000000000e+03
1.258000000000000000e+03
1.259000000000000000e+03
1.260000000000000000e+03
1.265000000000000000e+03
1.268000000000000000e+03
1.273000000000000000e+03
1.274000000000000000e+03
1.275000000000000000e+03
1.290000000000000000e+03
1.293000000000000000e+03
1.302000000000000000e+03
1.303000000000000000e+03
1.306000000000000000e+03
1.309000000000000000e+03
1.310000000000000000e+03
1.311000000000000000e+03
1.313000000000000000e+03
1.314000000000000000e+03
1.317000000000000000e+03
1.318000000000000000e+03
1.322000000000000000e+03
1.326000000000000000e+03
1.327000000000000000e+03
1.328000000000000000e+03
1.330000000000000000e+03
1.331000000000000000e+03
1.332000000000000000e+03
1.334000000000000000e+03
1.335000000000000000e+03
1.336000000000000000e+03
1.337000000000000000e+03
1.338000000000000000e+03
1.339000000000000000e+03
1.341000000000000000e+03
1.342000000000000000e+03
1.343000000000000000e+03
1.347000000000000000e+03
1.349000000000000000e+03
1.350000000000000000e+03
1.351000000000000000e+03
1.353000000000000000e+03
1.354000000000000000e+03
1.355000000000000000e+03
1.356000000000000000e+03
1.357000000000000000e+03
1.360000000000000000e+03
1.361000000000000000e+03
1.364000000000000000e+03
1.365000000000000000e+03
1.368000000000000000e+03
1.369000000000000000e+03
1.372000000000000000e+03
1.374000000000000000e+03
1.380000000000000000e+03
1.381000000000000000e+03
1.382000000000000000e+03
1.384000000000000000e+03
1.385000000000000000e+03
1.386000000000000000e+03
1.388000000000000000e+03
1.395000000000000000e+03
1.399000000000000000e+03
1.400000000000000000e+03
1.401000000000000000e+03
1.406000000000000000e+03
1.412000000000000000e+03
1.413000000000000000e+03
1.417000000000000000e+03
1.420000000000000000e+03
1.441000000000000000e+03
1.442000000000000000e+03
1.444000000000000000e+03
1.462000000000000000e+03
1.465000000000000000e+03
1.469000000000000000e+03
1.479000000000000000e+03
1.483000000000000000e+03
1.498000000000000000e+03
1.504000000000000000e+03
1.513000000000000000e+03
1.514000000000000000e+03
1.516000000000000000e+03
1.521000000000000000e+03
1.522000000000000000e+03
1.527000000000000000e+03
1.534000000000000000e+03
1.554000000000000000e+03
1.555000000000000000e+03
1.557000000000000000e+03
1.565000000000000000e+03
1.569000000000000000e+03
1.580000000000000000e+03
1.581000000000000000e+03
1.583000000000000000e+03
1.586000000000000000e+03
1.594000000000000000e+03
1.598000000000000000e+03
1.604000000000000000e+03
1.606000000000000000e+03
1.608000000000000000e+03
1.610000000000000000e+03
1.615000000000000000e+03
1.621000000000000000e+03
1.623000000000000000e+03
1.635000000000000000e+03
1.640000000000000000e+03
1.642000000000000000e+03
1.645000000000000000e+03
1.649000000000000000e+03
1.660000000000000000e+03
1.690000000000000000e+03
1.695000000000000000e+03
1.716000000000000000e+03
1.725000000000000000e+03
1.727000000000000000e+03
1.744000000000000000e+03
1.764000000000000000e+03
1.766000000000000000e+03
1.767000000000000000e+03
1.773000000000000000e+03
1.782000000000000000e+03
1.795000000000000000e+03
1.798000000000000000e+03
1.802000000000000000e+03
1.805000000000000000e+03
1.809000000000000000e+03
1.814000000000000000e+03
1.817000000000000000e+03
1.821000000000000000e+03
1.822000000000000000e+03
1.825000000000000000e+03
1.827000000000000000e+03
1.828000000000000000e+03
1.829000000000000000e+03
1.830000000000000000e+03
1.831000000000000000e+03
1.834000000000000000e+03
1.835000000000000000e+03
1.839000000000000000e+03
1.840000000000000000e+03
1.844000000000000000e+03
1.846000000000000000e+03
1.847000000000000000e+03
1.848000000000000000e+03
1.852000000000000000e+03
1.853000000000000000e+03
1.857000000000000000e+03
1.859000000000000000e+03
1.860000000000000000e+03
1.861000000000000000e+03
1.862000000000000000e+03
1.863000000000000000e+03
1.864000000000000000e+03
1.865000000000000000e+03
1.866000000000000000e+03
1.867000000000000000e+03
1.868000000000000000e+03
1.871000000000000000e+03
1.872000000000000000e+03
1.873000000000000000e+03
1.874000000000000000e+03
1.876000000000000000e+03
1.878000000000000000e+03
1.882000000000000000e+03
1.884000000000000000e+03
1.885000000000000000e+03
1.886000000000000000e+03
1.887000000000000000e+03
1.888000000000000000e+03
1.889000000000000000e+03
1.890000000000000000e+03
1.892000000000000000e+03
1.894000000000000000e+03
1.895000000000000000e+03
1.897000000000000000e+03
1.911000000000000000e+03
1.928000000000000000e+03
1.946000000000000000e+03
1.956000000000000000e+03
1.958000000000000000e+03
1.967000000000000000e+03
1.989000000000000000e+03
2.007000000000000000e+03
2.009000000000000000e+03
2.016000000000000000e+03
2.019000000000000000e+03
2.024000000000000000e+03
2.029000000000000000e+03
2.032000000000000000e+03
2.034000000000000000e+03
2.052000000000000000e+03
2.062000000000000000e+03
2.075000000000000000e+03
2.083000000000000000e+03
2.091000000000000000e+03
2.101000000000000000e+03
2.105000000000000000e+03
2.106000000000000000e+03
2.109000000000000000e+03
2.110000000000000000e+03
2.154000000000000000e+03
2.158000000000000000e+03
2.163000000000000000e+03
2.164000000000000000e+03
2.179000000000000000e+03
2.182000000000000000e+03
2.187000000000000000e+03
2.188000000000000000e+03
2.191000000000000000e+03
2.199000000000000000e+03
2.202000000000000000e+03
2.217000000000000000e+03
2.227000000000000000e+03
2.241000000000000000e+03
2.249000000000000000e+03
2.261000000000000000e+03
2.269000000000000000e+03
2.270000000000000000e+03
2.274000000000000000e+03
2.290000000000000000e+03
2.299000000000000000e+03
2.300000000000000000e+03
2.301000000000000000e+03
2.305000000000000000e+03
2.339000000000000000e+03
2.342000000000000000e+03
2.345000000000000000e+03
2.354000000000000000e+03
2.364000000000000000e+03
2.367000000000000000e+03
2.375000000000000000e+03
2.378000000000000000e+03
2.386000000000000000e+03
2.390000000000000000e+03
2.406000000000000000e+03
2.424000000000000000e+03
2.438000000000000000e+03
2.450000000000000000e+03
2.455000000000000000e+03
2.457000000000000000e+03
2.461000000000000000e+03
2.470000000000000000e+03
2.478000000000000000e+03
2.479000000000000000e+03
2.480000000000000000e+03
2.481000000000000000e+03
2.482000000000000000e+03
2.484000000000000000e+03
2.485000000000000000e+03
2.486000000000000000e+03
2.488000000000000000e+03
2.489000000000000000e+03
2.491000000000000000e+03
2.492000000000000000e+03
2.494000000000000000e+03
2.495000000000000000e+03
2.499000000000000000e+03
2.502000000000000000e+03
2.503000000000000000e+03
2.504000000000000000e+03
2.505000000000000000e+03
2.506000000000000000e+03
2.508000000000000000e+03
2.520000000000000000e+03
2.521000000000000000e+03
2.522000000000000000e+03
2.525000000000000000e+03
2.538000000000000000e+03
2.542000000000000000e+03
2.550000000000000000e+03
2.558000000000000000e+03
2.567000000000000000e+03
2.570000000000000000e+03
2.572000000000000000e+03
2.598000000000000000e+03
2.601000000000000000e+03
2.604000000000000000e+03
2.606000000000000000e+03
2.608000000000000000e+03
2.610000000000000000e+03
2.615000000000000000e+03
2.619000000000000000e+03
2.635000000000000000e+03
2.645000000000000000e+03
2.651000000000000000e+03
2.655000000000000000e+03
2.656000000000000000e+03
2.657000000000000000e+03
2.660000000000000000e+03
2.664000000000000000e+03
2.669000000000000000e+03
2.671000000000000000e+03
2.683000000000000000e+03
2.684000000000000000e+03
2.685000000000000000e+03
2.690000000000000000e+03
2.692000000000000000e+03
2.697000000000000000e+03
2.701000000000000000e+03
2.703000000000000000e+03
2.704000000000000000e+03
2.712000000000000000e+03
2.713000000000000000e+03
2.718000000000000000e+03
2.719000000000000000e+03
2.743000000000000000e+03
2.749000000000000000e+03
2.756000000000000000e+03
2.773000000000000000e+03
2.786000000000000000e+03
2.787000000000000000e+03
2.792000000000000000e+03
2.801000000000000000e+03
2.808000000000000000e+03
2.809000000000000000e+03
2.811000000000000000e+03
2.824000000000000000e+03
2.839000000000000000e+03
2.851000000000000000e+03
2.854000000000000000e+03
2.857000000000000000e+03
2.861000000000000000e+03
2.885000000000000000e+03
2.886000000000000000e+03
2.887000000000000000e+03
2.888000000000000000e+03
2.891000000000000000e+03
2.895000000000000000e+03
2.897000000000000000e+03
2.901000000000000000e+03
2.903000000000000000e+03
2.904000000000000000e+03
2.905000000000000000e+03
2.908000000000000000e+03
2.909000000000000000e+03
2.910000000000000000e+03
2.911000000000000000e+03
2.920000000000000000e+03
2.923000000000000000e+03
2.925000000000000000e+03
2.926000000000000000e+03
2.927000000000000000e+03
2.928000000000000000e+03
2.932000000000000000e+03
2.938000000000000000e+03
2.939000000000000000e+03
2.947000000000000000e+03
2.951000000000000000e+03
2.953000000000000000e+03
2.963000000000000000e+03
2.967000000000000000e+03
2.968000000000000000e+03
2.970000000000000000e+03
2.973000000000000000e+03
2.979000000000000000e+03
2.998000000000000000e+03
3.006000000000000000e+03
3.015000000000000000e+03
3.020000000000000000e+03
3.051000000000000000e+03
3.055000000000000000e+03
3.062000000000000000e+03
3.063000000000000000e+03
3.065000000000000000e+03
3.066000000000000000e+03
3.068000000000000000e+03
3.069000000000000000e+03
3.086000000000000000e+03
3.102000000000000000e+03
3.109000000000000000e+03
3.110000000000000000e+03
3.112000000000000000e+03
3.122000000000000000e+03
3.139000000000000000e+03
3.144000000000000000e+03
3.152000000000000000e+03
3.160000000000000000e+03
3.161000000000000000e+03
3.162000000000000000e+03
3.164000000000000000e+03
3.165000000000000000e+03
3.196000000000000000e+03
3.197000000000000000e+03
3.201000000000000000e+03
3.202000000000000000e+03
3.203000000000000000e+03
3.204000000000000000e+03
3.208000000000000000e+03
3.210000000000000000e+03
3.212000000000000000e+03
3.224000000000000000e+03
3.225000000000000000e+03
3.235000000000000000e+03
3.236000000000000000e+03
3.244000000000000000e+03
3.250000000000000000e+03
3.254000000000000000e+03
3.260000000000000000e+03
3.266000000000000000e+03
3.268000000000000000e+03
3.269000000000000000e+03
3.270000000000000000e+03
3.273000000000000000e+03
3.286000000000000000e+03
3.296000000000000000e+03
3.307000000000000000e+03
3.313000000000000000e+03
3.315000000000000000e+03
3.319000000000000000e+03
3.326000000000000000e+03
3.330000000000000000e+03
3.332000000000000000e+03
3.333000000000000000e+03
3.336000000000000000e+03
3.337000000000000000e+03
3.338000000000000000e+03
3.348000000000000000e+03
3.352000000000000000e+03
3.355000000000000000e+03
3.365000000000000000e+03
3.366000000000000000e+03
3.372000000000000000e+03
3.375000000000000000e+03
3.380000000000000000e+03
3.383000000000000000e+03
3.394000000000000000e+03
3.396000000000000000e+03
3.397000000000000000e+03
3.398000000000000000e+03
3.402000000000000000e+03
3.438000000000000000e+03
3.554000000000000000e+03
3.573000000000000000e+03
3.615000000000000000e+03
3.617000000000000000e+03
3.652000000000000000e+03
3.662000000000000000e+03
3.665000000000000000e+03
3.670000000000000000e+03
3.671000000000000000e+03
3.690000000000000000e+03
3.694000000000000000e+03
3.703000000000000000e+03
3.710000000000000000e+03
3.760000000000000000e+03
3.823000000000000000e+03
3.829000000000000000e+03
3.837000000000000000e+03
3.843000000000000000e+03
3.854000000000000000e+03
3.856000000000000000e+03
3.859000000000000000e+03
3.863000000000000000e+03
3.868000000000000000e+03
3.871000000000000000e+03
3.884000000000000000e+03
3.889000000000000000e+03
3.894000000000000000e+03
3.895000000000000000e+03
3.903000000000000000e+03
3.915000000000000000e+03
3.954000000000000000e+03
3.977000000000000000e+03
4.017000000000000000e+03
4.019000000000000000e+03
4.039000000000000000e+03
4.072000000000000000e+03
4.094000000000000000e+03
4.106000000000000000e+03
4.129000000000000000e+03
4.159000000000000000e+03
4.174000000000000000e+03
4.227000000000000000e+03
4.243000000000000000e+03
4.310000000000000000e+03
4.324000000000000000e+03
4.337000000000000000e+03
4.338000000000000000e+03
4.340000000000000000e+03
4.342000000000000000e+03
4.343000000000000000e+03
4.345000000000000000e+03
4.346000000000000000e+03
4.349000000000000000e+03
4.354000000000000000e+03
4.356000000000000000e+03
4.357000000000000000e+03
4.360000000000000000e+03
4.361000000000000000e+03
4.364000000000000000e+03
4.367000000000000000e+03
4.370000000000000000e+03
4.374000000000000000e+03
4.377000000000000000e+03
4.379000000000000000e+03
4.381000000000000000e+03
4.404000000000000000e+03
4.409000000000000000e+03
4.418000000000000000e+03
4.422000000000000000e+03
4.439000000000000000e+03
4.447000000000000000e+03
4.459000000000000000e+03
4.466000000000000000e+03
4.468000000000000000e+03
4.470000000000000000e+03
4.471000000000000000e+03
4.480000000000000000e+03
4.496000000000000000e+03
4.498000000000000000e+03
4.502000000000000000e+03
4.515000000000000000e+03
4.516000000000000000e+03
4.520000000000000000e+03
4.521000000000000000e+03
4.528000000000000000e+03
4.533000000000000000e+03
4.541000000000000000e+03
4.554000000000000000e+03
4.575000000000000000e+03
4.580000000000000000e+03
4.599000000000000000e+03
4.604000000000000000e+03
4.606000000000000000e+03
4.613000000000000000e+03
4.617000000000000000e+03
4.620000000000000000e+03
4.623000000000000000e+03
4.625000000000000000e+03
4.628000000000000000e+03
4.629000000000000000e+03
4.636000000000000000e+03
4.654000000000000000e+03
4.655000000000000000e+03
4.677000000000000000e+03
4.679000000000000000e+03
4.680000000000000000e+03
4.682000000000000000e+03
4.685000000000000000e+03
4.688000000000000000e+03
4.701000000000000000e+03
4.703000000000000000e+03
4.705000000000000000e+03
4.707000000000000000e+03
4.711000000000000000e+03
4.719000000000000000e+03
4.735000000000000000e+03
4.739000000000000000e+03
4.748000000000000000e+03
4.751000000000000000e+03
4.759000000000000000e+03
4.763000000000000000e+03
4.764000000000000000e+03
4.768000000000000000e+03
4.783000000000000000e+03
4.784000000000000000e+03
4.813000000000000000e+03
4.829000000000000000e+03
4.891000000000000000e+03
4.921000000000000000e+03
4.925000000000000000e+03
4.956000000000000000e+03
4.974000000000000000e+03
4.977000000000000000e+03
4.978000000000000000e+03
4.981000000000000000e+03
4.986000000000000000e+03
4.987000000000000000e+03
4.988000000000000000e+03
4.995000000000000000e+03
4.996000000000000000e+03
5.006000000000000000e+03
5.008000000000000000e+03
5.012000000000000000e+03
5.013000000000000000e+03
5.020000000000000000e+03
5.021000000000000000e+03
5.032000000000000000e+03
5.039000000000000000e+03
5.044000000000000000e+03
5.062000000000000000e+03
5.066000000000000000e+03
5.084000000000000000e+03
5.085000000000000000e+03
5.087000000000000000e+03
5.093000000000000000e+03
5.134000000000000000e+03
5.140000000000000000e+03
5.143000000000000000e+03
5.207000000000000000e+03
5.233000000000000000e+03
5.245000000000000000e+03
5.249000000000000000e+03
5.251000000000000000e+03
5.258000000000000000e+03
5.262000000000000000e+03
5.268000000000000000e+03
5.270000000000000000e+03
5.279000000000000000e+03
5.314000000000000000e+03
5.318000000000000000e+03
5.323000000000000000e+03
5.335000000000000000e+03
5.336000000000000000e+03
5.341000000000000000e+03
5.344000000000000000e+03
5.363000000000000000e+03
5.373000000000000000e+03
5.375000000000000000e+03
5.398000000000000000e+03
5.409000000000000000e+03
5.411000000000000000e+03
5.412000000000000000e+03
5.432000000000000000e+03
5.435000000000000000e+03
5.443000000000000000e+03
5.466000000000000000e+03
5.480000000000000000e+03
5.484000000000000000e+03
5.485000000000000000e+03
5.503000000000000000e+03
5.504000000000000000e+03
5.521000000000000000e+03
5.529000000000000000e+03
5.530000000000000000e+03
5.542000000000000000e+03
5.545000000000000000e+03
5.547000000000000000e+03
5.553000000000000000e+03
5.560000000000000000e+03
5.568000000000000000e+03
5.569000000000000000e+03
5.571000000000000000e+03
5.572000000000000000e+03
5.573000000000000000e+03
5.576000000000000000e+03
5.579000000000000000e+03
5.581000000000000000e+03
5.593000000000000000e+03
5.594000000000000000e+03
5.603000000000000000e+03
5.613000000000000000e+03
5.616000000000000000e+03
5.620000000000000000e+03
5.627000000000000000e+03
5.634000000000000000e+03
5.635000000000000000e+03
5.647000000000000000e+03
5.649000000000000000e+03
5.654000000000000000e+03
5.687000000000000000e+03
5.691000000000000000e+03
5.700000000000000000e+03
5.705000000000000000e+03
5.719000000000000000e+03
5.729000000000000000e+03
5.741000000000000000e+03
5.753000000000000000e+03
5.754000000000000000e+03
5.760000000000000000e+03
5.779000000000000000e+03
5.784000000000000000e+03
5.788000000000000000e+03
5.790000000000000000e+03
5.791000000000000000e+03
5.794000000000000000e+03
5.798000000000000000e+03
5.799000000000000000e+03
5.806000000000000000e+03
5.809000000000000000e+03
5.810000000000000000e+03
5.811000000000000000e+03
5.814000000000000000e+03
5.817000000000000000e+03
5.818000000000000000e+03
5.819000000000000000e+03
5.820000000000000000e+03
5.866000000000000000e+03
5.896000000000000000e+03
5.898000000000000000e+03
5.946000000000000000e+03
5.955000000000000000e+03
5.956000000000000000e+03
5.958000000000000000e+03
5.959000000000000000e+03
5.960000000000000000e+03
5.961000000000000000e+03
5.962000000000000000e+03
5.964000000000000000e+03
5.968000000000000000e+03
5.969000000000000000e+03
5.972000000000000000e+03
5.974000000000000000e+03
5.978000000000000000e+03
5.997000000000000000e+03
5.998000000000000000e+03
6.001000000000000000e+03
6.007000000000000000e+03
6.014000000000000000e+03
6.016000000000000000e+03
6.018000000000000000e+03
6.025000000000000000e+03
6.028000000000000000e+03
6.030000000000000000e+03
6.036000000000000000e+03
6.056000000000000000e+03
6.069000000000000000e+03
6.082000000000000000e+03
6.092000000000000000e+03
6.100000000000000000e+03
6.116000000000000000e+03
6.119000000000000000e+03
6.127000000000000000e+03
6.129000000000000000e+03
6.131000000000000000e+03
6.133000000000000000e+03
6.138000000000000000e+03
6.166000000000000000e+03
6.210000000000000000e+03
6.220000000000000000e+03
6.229000000000000000e+03
6.240000000000000000e+03
6.241000000000000000e+03
6.251000000000000000e+03
6.274000000000000000e+03
6.276000000000000000e+03
6.304000000000000000e+03
6.327000000000000000e+03
6.335000000000000000e+03
6.341000000000000000e+03
6.344000000000000000e+03
6.348000000000000000e+03
6.351000000000000000e+03
6.354000000000000000e+03
6.360000000000000000e+03
6.361000000000000000e+03
6.362000000000000000e+03
6.377000000000000000e+03
6.379000000000000000e+03
6.381000000000000000e+03
6.386000000000000000e+03
6.391000000000000000e+03
6.399000000000000000e+03
6.400000000000000000e+03
6.408000000000000000e+03
6.410000000000000000e+03
6.421000000000000000e+03
6.424000000000000000e+03
6.426000000000000000e+03
6.450000000000000000e+03
6.464000000000000000e+03
6.471000000000000000e+03
6.472000000000000000e+03
6.474000000000000000e+03
6.475000000000000000e+03
6.476000000000000000e+03
6.478000000000000000e+03
6.481000000000000000e+03
6.483000000000000000e+03
6.484000000000000000e+03
6.485000000000000000e+03
6.492000000000000000e+03
6.513000000000000000e+03
6.543000000000000000e+03
6.547000000000000000e+03
6.552000000000000000e+03
6.573000000000000000e+03
6.576000000000000000e+03
6.586000000000000000e+03
6.587000000000000000e+03
6.592000000000000000e+03
6.597000000000000000e+03
6.620000000000000000e+03
6.621000000000000000e+03
6.624000000000000000e+03
6.625000000000000000e+03
6.637000000000000000e+03
6.638000000000000000e+03
6.659000000000000000e+03
6.669000000000000000e+03
6.681000000000000000e+03
6.684000000000000000e+03
6.692000000000000000e+03
6.694000000000000000e+03
6.700000000000000000e+03
6.708000000000000000e+03
6.731000000000000000e+03
6.732000000000000000e+03
6.737000000000000000e+03
6.740000000000000000e+03
6.746000000000000000e+03
6.765000000000000000e+03
6.766000000000000000e+03
6.784000000000000000e+03
6.790000000000000000e+03
6.791000000000000000e+03
6.795000000000000000e+03
6.797000000000000000e+03
6.801000000000000000e+03
6.806000000000000000e+03
6.811000000000000000e+03
6.824000000000000000e+03
6.826000000000000000e+03
6.830000000000000000e+03
6.836000000000000000e+03
6.853000000000000000e+03
6.855000000000000000e+03
6.870000000000000000e+03
6.873000000000000000e+03
6.875000000000000000e+03
6.885000000000000000e+03
6.888000000000000000e+03
6.891000000000000000e+03
6.893000000000000000e+03
6.898000000000000000e+03
6.913000000000000000e+03
6.923000000000000000e+03
6.934000000000000000e+03
6.971000000000000000e+03
6.972000000000000000e+03
6.998000000000000000e+03
7.030000000000000000e+03
7.054000000000000000e+03
7.060000000000000000e+03
7.074000000000000000e+03
7.075000000000000000e+03
7.076000000000000000e+03
7.077000000000000000e+03
7.079000000000000000e+03
7.081000000000000000e+03
7.087000000000000000e+03
7.092000000000000000e+03
7.094000000000000000e+03
7.095000000000000000e+03
7.098000000000000000e+03
7.104000000000000000e+03
7.107000000000000000e+03
7.113000000000000000e+03
7.116000000000000000e+03
7.118000000000000000e+03
7.124000000000000000e+03
7.130000000000000000e+03
7.131000000000000000e+03
7.133000000000000000e+03
7.138000000000000000e+03
7.140000000000000000e+03
7.147000000000000000e+03
7.154000000000000000e+03
7.159000000000000000e+03
7.160000000000000000e+03
7.161000000000000000e+03
7.168000000000000000e+03
7.185000000000000000e+03
7.192000000000000000e+03
7.195000000000000000e+03
7.200000000000000000e+03
7.314000000000000000e+03
7.356000000000000000e+03
7.375000000000000000e+03
7.380000000000000000e+03
7.452000000000000000e+03
7.457000000000000000e+03
7.464000000000000000e+03
7.469000000000000000e+03
7.475000000000000000e+03
7.477000000000000000e+03
7.497000000000000000e+03
7.498000000000000000e+03
7.499000000000000000e+03
7.522000000000000000e+03
7.541000000000000000e+03
7.553000000000000000e+03
7.561000000000000000e+03
7.566000000000000000e+03
7.598000000000000000e+03
7.627000000000000000e+03
7.634000000000000000e+03
7.636000000000000000e+03
7.637000000000000000e+03
7.640000000000000000e+03
7.642000000000000000e+03
7.644000000000000000e+03
7.661000000000000000e+03
7.669000000000000000e+03
7.679000000000000000e+03
7.683000000000000000e+03
7.688000000000000000e+03
7.689000000000000000e+03
7.706000000000000000e+03
7.744000000000000000e+03
7.748000000000000000e+03
7.759000000000000000e+03
7.774000000000000000e+03
7.784000000000000000e+03
7.795000000000000000e+03
7.806000000000000000e+03
7.809000000000000000e+03
7.820000000000000000e+03
7.828000000000000000e+03
7.830000000000000000e+03
7.833000000000000000e+03
7.836000000000000000e+03
7.842000000000000000e+03
7.845000000000000000e+03
7.847000000000000000e+03
7.849000000000000000e+03
7.856000000000000000e+03
7.857000000000000000e+03
7.864000000000000000e+03
7.868000000000000000e+03
7.870000000000000000e+03
7.872000000000000000e+03
7.881000000000000000e+03
7.882000000000000000e+03
7.885000000000000000e+03
7.894000000000000000e+03
7.897000000000000000e+03
7.898000000000000000e+03
7.899000000000000000e+03
7.901000000000000000e+03
7.904000000000000000e+03
7.905000000000000000e+03
7.907000000000000000e+03
7.910000000000000000e+03
7.911000000000000000e+03
7.916000000000000000e+03
7.917000000000000000e+03
7.919000000000000000e+03
7.921000000000000000e+03
7.923000000000000000e+03
7.925000000000000000e+03
7.929000000000000000e+03
7.931000000000000000e+03
7.932000000000000000e+03
7.937000000000000000e+03
7.941000000000000000e+03
7.942000000000000000e+03
7.946000000000000000e+03
7.967000000000000000e+03
7.971000000000000000e+03
7.995000000000000000e+03
8.026000000000000000e+03
8.027000000000000000e+03
8.029000000000000000e+03
8.033000000000000000e+03
8.039000000000000000e+03
8.054000000000000000e+03
8.067000000000000000e+03
8.081000000000000000e+03
8.091000000000000000e+03
8.092000000000000000e+03
8.097000000000000000e+03
8.098000000000000000e+03
8.102000000000000000e+03
8.110000000000000000e+03
8.120000000000000000e+03
8.152000000000000000e+03
8.155000000000000000e+03
8.177000000000000000e+03
8.206000000000000000e+03
8.221000000000000000e+03
8.231000000000000000e+03
8.241000000000000000e+03
8.251000000000000000e+03
8.269000000000000000e+03
8.275000000000000000e+03
8.278000000000000000e+03
8.292000000000000000e+03
8.301000000000000000e+03
8.304000000000000000e+03
8.310000000000000000e+03
8.315000000000000000e+03
8.316000000000000000e+03
8.323000000000000000e+03
8.324000000000000000e+03
8.326000000000000000e+03
8.327000000000000000e+03
8.329000000000000000e+03
8.332000000000000000e+03
8.338000000000000000e+03
8.349000000000000000e+03
8.350000000000000000e+03
8.352000000000000000e+03
8.353000000000000000e+03
8.359000000000000000e+03
8.366000000000000000e+03
8.368000000000000000e+03
8.372000000000000000e+03
8.373000000000000000e+03
8.375000000000000000e+03
8.376000000000000000e+03
8.378000000000000000e+03
8.385000000000000000e+03
8.387000000000000000e+03
8.388000000000000000e+03
8.389000000000000000e+03
8.390000000000000000e+03
8.391000000000000000e+03
8.394000000000000000e+03
8.395000000000000000e+03
8.396000000000000000e+03
8.397000000000000000e+03
8.400000000000000000e+03
8.401000000000000000e+03
8.404000000000000000e+03
8.408000000000000000e+03
8.409000000000000000e+03
8.415000000000000000e+03
8.416000000000000000e+03
8.418000000000000000e+03
8.423000000000000000e+03
8.425000000000000000e+03
8.430000000000000000e+03
8.432000000000000000e+03
8.434000000000000000e+03
8.435000000000000000e+03
8.438000000000000000e+03
8.442000000000000000e+03
8.446000000000000000e+03
8.452000000000000000e+03
8.454000000000000000e+03
8.456000000000000000e+03
8.458000000000000000e+03
8.460000000000000000e+03
8.465000000000000000e+03
8.468000000000000000e+03
8.472000000000000000e+03
8.473000000000000000e+03
8.475000000000000000e+03
8.481000000000000000e+03
8.482000000000000000e+03
8.483000000000000000e+03
8.486000000000000000e+03
8.489000000000000000e+03
8.490000000000000000e+03
8.491000000000000000e+03
8.493000000000000000e+03
8.494000000000000000e+03
8.495000000000000000e+03
8.496000000000000000e+03
8.500000000000000000e+03
8.501000000000000000e+03
8.503000000000000000e+03
8.505000000000000000e+03
8.506000000000000000e+03
8.508000000000000000e+03
8.514000000000000000e+03
8.522000000000000000e+03
8.523000000000000000e+03
8.524000000000000000e+03
8.525000000000000000e+03
8.529000000000000000e+03
8.533000000000000000e+03
8.536000000000000000e+03
8.540000000000000000e+03
8.544000000000000000e+03
8.545000000000000000e+03
8.547000000000000000e+03
8.548000000000000000e+03
8.552000000000000000e+03
8.553000000000000000e+03
8.558000000000000000e+03
8.563000000000000000e+03
8.565000000000000000e+03
8.567000000000000000e+03
8.570000000000000000e+03
8.574000000000000000e+03
8.577000000000000000e+03
8.583000000000000000e+03
8.584000000000000000e+03
8.592000000000000000e+03
8.594000000000000000e+03
8.597000000000000000e+03
8.599000000000000000e+03
8.605000000000000000e+03
8.613000000000000000e+03
8.616000000000000000e+03
8.618000000000000000e+03
8.619000000000000000e+03
8.621000000000000000e+03
8.633000000000000000e+03
8.635000000000000000e+03
8.640000000000000000e+03
8.642000000000000000e+03
8.645000000000000000e+03
8.655000000000000000e+03
8.663000000000000000e+03
8.664000000000000000e+03
8.670000000000000000e+03
8.674000000000000000e+03
8.702000000000000000e+03
8.725000000000000000e+03
8.728000000000000000e+03
8.741000000000000000e+03
8.748000000000000000e+03
8.784000000000000000e+03
8.789000000000000000e+03
8.790000000000000000e+03
8.791000000000000000e+03
8.793000000000000000e+03
8.794000000000000000e+03
8.819000000000000000e+03
8.821000000000000000e+03
8.823000000000000000e+03
8.824000000000000000e+03
8.847000000000000000e+03
8.851000000000000000e+03
8.852000000000000000e+03
8.854000000000000000e+03
8.858000000000000000e+03
8.859000000000000000e+03
8.860000000000000000e+03
8.861000000000000000e+03
8.863000000000000000e+03
8.865000000000000000e+03
8.866000000000000000e+03
8.871000000000000000e+03
8.873000000000000000e+03
8.881000000000000000e+03
8.885000000000000000e+03
8.888000000000000000e+03
8.890000000000000000e+03
8.892000000000000000e+03
8.894000000000000000e+03
8.898000000000000000e+03
8.899000000000000000e+03
8.900000000000000000e+03
8.902000000000000000e+03
8.904000000000000000e+03
8.906000000000000000e+03
8.907000000000000000e+03
8.909000000000000000e+03
8.910000000000000000e+03
8.912000000000000000e+03
8.913000000000000000e+03
8.914000000000000000e+03
8.949000000000000000e+03
8.955000000000000000e+03
8.961000000000000000e+03
8.973000000000000000e+03
8.978000000000000000e+03
8.990000000000000000e+03
9.077000000000000000e+03
9.083000000000000000e+03
9.088000000000000000e+03
9.095000000000000000e+03
9.097000000000000000e+03
9.098000000000000000e+03
9.103000000000000000e+03
9.104000000000000000e+03
9.108000000000000000e+03
9.109000000000000000e+03
9.110000000000000000e+03
9.118000000000000000e+03
9.119000000000000000e+03
9.121000000000000000e+03
9.122000000000000000e+03
9.125000000000000000e+03
9.126000000000000000e+03
9.128000000000000000e+03
9.129000000000000000e+03
9.130000000000000000e+03
9.131000000000000000e+03
9.132000000000000000e+03
9.137000000000000000e+03
9.138000000000000000e+03
9.139000000000000000e+03
9.140000000000000000e+03
9.142000000000000000e+03
9.143000000000000000e+03
9.148000000000000000e+03
9.153000000000000000e+03
9.154000000000000000e+03
9.155000000000000000e+03
9.156000000000000000e+03
9.158000000000000000e+03
9.159000000000000000e+03
9.165000000000000000e+03
9.168000000000000000e+03
9.169000000000000000e+03
9.174000000000000000e+03
9.179000000000000000e+03
9.215000000000000000e+03
9.267000000000000000e+03
9.296000000000000000e+03
9.299000000000000000e+03
9.302000000000000000e+03
9.303000000000000000e+03
9.316000000000000000e+03
9.321000000000000000e+03
9.326000000000000000e+03
9.333000000000000000e+03
9.350000000000000000e+03
9.351000000000000000e+03
9.361000000000000000e+03
9.362000000000000000e+03
9.365000000000000000e+03
9.368000000000000000e+03
9.398000000000000000e+03
9.412000000000000000e+03
9.450000000000000000e+03
9.480000000000000000e+03
9.488000000000000000e+03
9.495000000000000000e+03
9.509000000000000000e+03
9.517000000000000000e+03
9.519000000000000000e+03
9.529000000000000000e+03
9.535000000000000000e+03
9.549000000000000000e+03
9.554000000000000000e+03
9.565000000000000000e+03
9.573000000000000000e+03
9.596000000000000000e+03
9.611000000000000000e+03
9.616000000000000000e+03
9.619000000000000000e+03
9.623000000000000000e+03
9.628000000000000000e+03
9.629000000000000000e+03
9.633000000000000000e+03
9.635000000000000000e+03
9.641000000000000000e+03
9.649000000000000000e+03
9.655000000000000000e+03
9.656000000000000000e+03
9.659000000000000000e+03
9.660000000000000000e+03
9.670000000000000000e+03
9.673000000000000000e+03
9.676000000000000000e+03
9.684000000000000000e+03
9.685000000000000000e+03
9.688000000000000000e+03
9.690000000000000000e+03
9.693000000000000000e+03
9.695000000000000000e+03
9.697000000000000000e+03
9.704000000000000000e+03
9.708000000000000000e+03
9.709000000000000000e+03
9.712000000000000000e+03
9.715000000000000000e+03
9.725000000000000000e+03
9.739000000000000000e+03
9.743000000000000000e+03
9.744000000000000000e+03
9.758000000000000000e+03
9.764000000000000000e+03
9.775000000000000000e+03
9.777000000000000000e+03
9.782000000000000000e+03
9.785000000000000000e+03
9.786000000000000000e+03
9.790000000000000000e+03
9.794000000000000000e+03
9.795000000000000000e+03
9.796000000000000000e+03
9.800000000000000000e+03
9.804000000000000000e+03
9.807000000000000000e+03
9.810000000000000000e+03
9.812000000000000000e+03
9.832000000000000000e+03
9.836000000000000000e+03
9.840000000000000000e+03
9.842000000000000000e+03
9.845000000000000000e+03
9.851000000000000000e+03
9.867000000000000000e+03
9.880000000000000000e+03
9.888000000000000000e+03
9.889000000000000000e+03
9.890000000000000000e+03
9.893000000000000000e+03
9.925000000000000000e+03
9.926000000000000000e+03
9.927000000000000000e+03
9.942000000000000000e+03
9.964000000000000000e+03
9.967000000000000000e+03
9.973000000000000000e+03
9.978000000000000000e+03
9.982000000000000000e+03
9.989000000000000000e+03
1.001000000000000000e+04
1.001500000000000000e+04
1.002400000000000000e+04
1.003100000000000000e+04
1.003400000000000000e+04
1.004000000000000000e+04
1.005600000000000000e+04
1.005700000000000000e+04
1.006300000000000000e+04
1.006500000000000000e+04
1.009900000000000000e+04
1.011200000000000000e+04
1.011600000000000000e+04
1.011900000000000000e+04
1.012100000000000000e+04
1.013900000000000000e+04
1.021300000000000000e+04
1.021500000000000000e+04
1.022000000000000000e+04
1.023500000000000000e+04
1.024900000000000000e+04
1.026800000000000000e+04
1.027000000000000000e+04
1.027300000000000000e+04
1.029000000000000000e+04
1.029200000000000000e+04
1.029500000000000000e+04
1.030100000000000000e+04
1.031500000000000000e+04
1.031600000000000000e+04
1.032600000000000000e+04
1.033500000000000000e+04
1.033600000000000000e+04
1.034600000000000000e+04
1.035100000000000000e+04
1.035800000000000000e+04
1.036600000000000000e+04
1.036900000000000000e+04
1.037600000000000000e+04
1.038400000000000000e+04
1.040600000000000000e+04
1.041500000000000000e+04
1.041900000000000000e+04
1.042900000000000000e+04
1.043000000000000000e+04
1.043500000000000000e+04
1.043600000000000000e+04
1.043800000000000000e+04
1.043900000000000000e+04
1.044700000000000000e+04
1.045000000000000000e+04
1.045200000000000000e+04
1.045400000000000000e+04
1.046000000000000000e+04
1.046100000000000000e+04
1.046600000000000000e+04
1.047200000000000000e+04
1.047400000000000000e+04
1.048100000000000000e+04
1.048200000000000000e+04
1.048400000000000000e+04
1.048500000000000000e+04
1.049000000000000000e+04
1.049900000000000000e+04
1.050000000000000000e+04
1.050200000000000000e+04
1.050500000000000000e+04
1.051100000000000000e+04
1.051300000000000000e+04
1.051900000000000000e+04
1.052300000000000000e+04
1.052800000000000000e+04
1.053300000000000000e+04
1.053800000000000000e+04
1.054000000000000000e+04
1.054300000000000000e+04
1.054700000000000000e+04
1.054900000000000000e+04
1.055000000000000000e+04
1.055100000000000000e+04
1.055200000000000000e+04
1.055300000000000000e+04
1.055400000000000000e+04
1.056100000000000000e+04
1.056200000000000000e+04
1.056400000000000000e+04
1.057400000000000000e+04
1.057600000000000000e+04
1.058200000000000000e+04
1.062300000000000000e+04
1.065300000000000000e+04
1.066000000000000000e+04
1.070100000000000000e+04
1.072500000000000000e+04
1.074600000000000000e+04
1.079900000000000000e+04
1.100800000000000000e+04
1.100900000000000000e+04
1.101100000000000000e+04
1.102700000000000000e+04
1.102900000000000000e+04
1.103300000000000000e+04
1.103400000000000000e+04
1.103500000000000000e+04
1.103600000000000000e+04
1.104500000000000000e+04
1.104800000000000000e+04
1.105000000000000000e+04
1.106500000000000000e+04
1.106600000000000000e+04
1.106900000000000000e+04
1.107000000000000000e+04
1.107100000000000000e+04
1.107300000000000000e+04
1.107400000000000000e+04
1.108800000000000000e+04
1.109200000000000000e+04
1.109400000000000000e+04
1.109600000000000000e+04
1.110000000000000000e+04
1.110200000000000000e+04
1.110300000000000000e+04
1.110400000000000000e+04
1.111600000000000000e+04
1.111700000000000000e+04
1.112000000000000000e+04
1.112100000000000000e+04
1.112200000000000000e+04
1.112300000000000000e+04
1.112500000000000000e+04
1.112600000000000000e+04
1.113000000000000000e+04
1.113100000000000000e+04
1.113200000000000000e+04
1.113400000000000000e+04
1.113500000000000000e+04
1.113800000000000000e+04
1.114100000000000000e+04
1.114400000000000000e+04
1.115400000000000000e+04
1.116200000000000000e+04
1.116900000000000000e+04
1.131700000000000000e+04
1.199600000000000000e+04
1.283300000000000000e+04
1.364200000000000000e+04
1.364300000000000000e+04
1.364400000000000000e+04
1.364500000000000000e+04
1.364700000000000000e+04
1.366400000000000000e+04
1.368100000000000000e+04
1.369000000000000000e+04
1.370400000000000000e+04
1.370600000000000000e+04
1.370900000000000000e+04
1.371000000000000000e+04
1.373500000000000000e+04
1.374300000000000000e+04
1.376100000000000000e+04
1.378000000000000000e+04
1.378500000000000000e+04
1.379700000000000000e+04
1.381700000000000000e+04
1.383000000000000000e+04
1.383900000000000000e+04
1.385100000000000000e+04
1.387400000000000000e+04
1.388600000000000000e+04
1.393200000000000000e+04
1.393600000000000000e+04
1.393900000000000000e+04
1.395100000000000000e+04
1.395300000000000000e+04
1.395700000000000000e+04
1.396000000000000000e+04
1.396300000000000000e+04
1.396500000000000000e+04
1.397000000000000000e+04
1.397300000000000000e+04
1.397700000000000000e+04
1.397900000000000000e+04
1.398000000000000000e+04
1.398100000000000000e+04
1.398200000000000000e+04
1.398300000000000000e+04
1.398800000000000000e+04
1.399400000000000000e+04
1.400000000000000000e+04
1.400100000000000000e+04
1.400200000000000000e+04
1.400300000000000000e+04
1.400400000000000000e+04
1.400500000000000000e+04
1.400600000000000000e+04
1.400700000000000000e+04
1.400900000000000000e+04
1.401200000000000000e+04
1.401300000000000000e+04
1.401500000000000000e+04
1.401600000000000000e+04
1.401700000000000000e+04
1.401800000000000000e+04
1.402400000000000000e+04
1.402500000000000000e+04
1.403000000000000000e+04
1.403100000000000000e+04
1.403400000000000000e+04
1.403800000000000000e+04
1.404200000000000000e+04
1.406100000000000000e+04
1.406300000000000000e+04
1.406600000000000000e+04
1.409000000000000000e+04
1.409500000000000000e+04
1.409600000000000000e+04
1.409700000000000000e+04
1.409900000000000000e+04
1.410000000000000000e+04
1.410100000000000000e+04
1.410200000000000000e+04
1.410300000000000000e+04
1.410400000000000000e+04
1.412000000000000000e+04
1.412300000000000000e+04
1.413100000000000000e+04
1.413300000000000000e+04
1.415000000000000000e+04
1.415500000000000000e+04
1.415700000000000000e+04
1.415800000000000000e+04
1.416300000000000000e+04
1.416400000000000000e+04
1.416500000000000000e+04
1.417100000000000000e+04
1.417900000000000000e+04
1.418100000000000000e+04
1.418400000000000000e+04
1.418500000000000000e+04
1.418600000000000000e+04
1.418700000000000000e+04
1.418800000000000000e+04
1.418900000000000000e+04
1.419100000000000000e+04
1.419200000000000000e+04
1.419400000000000000e+04
1.421500000000000000e+04
1.436700000000000000e+04
1.437800000000000000e+04
1.438000000000000000e+04
1.438200000000000000e+04
1.438500000000000000e+04
1.439000000000000000e+04
1.440500000000000000e+04
1.440700000000000000e+04
1.440900000000000000e+04
1.441200000000000000e+04
1.441300000000000000e+04
1.441600000000000000e+04
1.441700000000000000e+04
1.442100000000000000e+04
1.442200000000000000e+04
1.444200000000000000e+04
1.444500000000000000e+04
1.454800000000000000e+04
1.454900000000000000e+04
1.455000000000000000e+04
1.455100000000000000e+04
1.455300000000000000e+04
1.481700000000000000e+04
1.481800000000000000e+04
1.482000000000000000e+04
1.482100000000000000e+04
1.483400000000000000e+04
1.485800000000000000e+04
1.486400000000000000e+04
1.486600000000000000e+04
1.486900000000000000e+04
1.488300000000000000e+04
1.489000000000000000e+04
1.489300000000000000e+04
1.489500000000000000e+04
1.489900000000000000e+04
1.490300000000000000e+04
1.490500000000000000e+04
1.491400000000000000e+04
1.494200000000000000e+04
1.494300000000000000e+04
1.494400000000000000e+04
1.496100000000000000e+04
1.496400000000000000e+04
1.496900000000000000e+04
1.498100000000000000e+04
1.498500000000000000e+04
1.500700000000000000e+04
1.501000000000000000e+04
1.501100000000000000e+04
1.501400000000000000e+04
1.501500000000000000e+04
1.502000000000000000e+04
1.504000000000000000e+04
1.506700000000000000e+04
1.507300000000000000e+04
1.515300000000000000e+04
1.517700000000000000e+04
1.527200000000000000e+04
1.527300000000000000e+04
1.527800000000000000e+04
1.528200000000000000e+04
1.528300000000000000e+04
1.529700000000000000e+04
1.530900000000000000e+04
1.531100000000000000e+04
1.533200000000000000e+04
1.534000000000000000e+04
1.534100000000000000e+04
1.534200000000000000e+04
1.534400000000000000e+04
1.534600000000000000e+04
1.535000000000000000e+04
1.535100000000000000e+04
1.535300000000000000e+04
1.535900000000000000e+04
1.536700000000000000e+04
1.537000000000000000e+04
1.537500000000000000e+04
1.537800000000000000e+04
1.537900000000000000e+04
1.538500000000000000e+04
1.539500000000000000e+04
1.540600000000000000e+04
1.541300000000000000e+04
1.542100000000000000e+04
1.542900000000000000e+04
1.543500000000000000e+04
1.544300000000000000e+04
1.545300000000000000e+04
1.545900000000000000e+04
1.546600000000000000e+04
1.547600000000000000e+04
1.549400000000000000e+04
1.550000000000000000e+04
1.551300000000000000e+04
1.551500000000000000e+04
1.551900000000000000e+04
1.552400000000000000e+04
1.554200000000000000e+04
1.554400000000000000e+04
1.554600000000000000e+04
1.561100000000000000e+04
1.561400000000000000e+04
1.562100000000000000e+04
1.568400000000000000e+04
1.570000000000000000e+04
1.570100000000000000e+04
1.570700000000000000e+04
1.571600000000000000e+04
1.572100000000000000e+04
1.573000000000000000e+04
1.576300000000000000e+04
1.576400000000000000e+04
1.576800000000000000e+04
1.577400000000000000e+04
1.578200000000000000e+04
1.578400000000000000e+04
1.580200000000000000e+04
1.580300000000000000e+04
1.580400000000000000e+04
1.580700000000000000e+04
1.580800000000000000e+04
1.583600000000000000e+04
1.585400000000000000e+04
1.587800000000000000e+04
1.587900000000000000e+04
1.588100000000000000e+04
1.590800000000000000e+04
1.591400000000000000e+04
1.592500000000000000e+04
1.592800000000000000e+04
1.599000000000000000e+04
1.600300000000000000e+04
1.600600000000000000e+04
1.601200000000000000e+04
1.603000000000000000e+04
1.603200000000000000e+04
1.604600000000000000e+04
1.604700000000000000e+04
1.607500000000000000e+04
1.607600000000000000e+04
1.607700000000000000e+04
1.607800000000000000e+04
1.607900000000000000e+04
1.608900000000000000e+04
1.611700000000000000e+04
1.612000000000000000e+04
1.612500000000000000e+04
1.613500000000000000e+04
1.613700000000000000e+04
1.615500000000000000e+04
1.615600000000000000e+04
1.616100000000000000e+04
1.617100000000000000e+04
1.618000000000000000e+04
1.618600000000000000e+04
1.620000000000000000e+04
1.621400000000000000e+04
1.624400000000000000e+04
1.625400000000000000e+04
1.625800000000000000e+04
1.627000000000000000e+04
1.627300000000000000e+04
1.630500000000000000e+04
1.642700000000000000e+04
1.646400000000000000e+04
1.652300000000000000e+04
1.660200000000000000e+04
1.660500000000000000e+04
1.661300000000000000e+04
1.663800000000000000e+04
1.663900000000000000e+04
1.664300000000000000e+04
1.665200000000000000e+04
1.667700000000000000e+04
1.669300000000000000e+04
1.670400000000000000e+04
1.674000000000000000e+04
1.674900000000000000e+04
1.677700000000000000e+04
1.678400000000000000e+04
1.679000000000000000e+04
1.679400000000000000e+04
1.683700000000000000e+04
1.683800000000000000e+04
1.686500000000000000e+04
1.701500000000000000e+04
1.703700000000000000e+04
1.717300000000000000e+04
1.720600000000000000e+04
1.722000000000000000e+04
1.722100000000000000e+04
1.722600000000000000e+04
1.723600000000000000e+04
1.727500000000000000e+04
1.731300000000000000e+04
1.746200000000000000e+04
1.747300000000000000e+04
1.760600000000000000e+04
1.760800000000000000e+04
1.761100000000000000e+04
1.782100000000000000e+04
1.785100000000000000e+04
1.789100000000000000e+04
1.811400000000000000e+04
1.813300000000000000e+04
1.817700000000000000e+04
1.821800000000000000e+04
1.821900000000000000e+04
1.822300000000000000e+04
1.824400000000000000e+04
1.824700000000000000e+04
1.828000000000000000e+04
1.831700000000000000e+04
1.832000000000000000e+04
1.835500000000000000e+04
1.842500000000000000e+04
1.845000000000000000e+04
1.845100000000000000e+04
1.845300000000000000e+04
1.845400000000000000e+04
1.847400000000000000e+04
1.847900000000000000e+04
1.848000000000000000e+04
1.855400000000000000e+04
1.859600000000000000e+04
1.860900000000000000e+04
1.885500000000000000e+04
1.885600000000000000e+04
1.885700000000000000e+04
1.885800000000000000e+04
1.885900000000000000e+04
1.886100000000000000e+04
1.886400000000000000e+04
1.886700000000000000e+04
1.887000000000000000e+04
1.887500000000000000e+04
1.887700000000000000e+04
1.888100000000000000e+04
1.888200000000000000e+04
1.888400000000000000e+04
1.888600000000000000e+04
1.888800000000000000e+04
1.888900000000000000e+04
1.889400000000000000e+04
1.889800000000000000e+04
1.890600000000000000e+04
1.890700000000000000e+04
1.890800000000000000e+04
1.891700000000000000e+04
1.892000000000000000e+04
1.892300000000000000e+04
1.893300000000000000e+04
1.893500000000000000e+04
1.893600000000000000e+04
1.894000000000000000e+04
1.894600000000000000e+04
1.896800000000000000e+04
1.897200000000000000e+04
1.897300000000000000e+04
1.897500000000000000e+04
1.898300000000000000e+04
1.900400000000000000e+04
1.900900000000000000e+04
1.901000000000000000e+04
1.901300000000000000e+04
1.901500000000000000e+04
1.901700000000000000e+04
1.902000000000000000e+04
1.904300000000000000e+04
1.904700000000000000e+04
1.904900000000000000e+04
1.905200000000000000e+04
1.905300000000000000e+04
1.905700000000000000e+04
1.905800000000000000e+04
1.907000000000000000e+04
1.907300000000000000e+04
1.907700000000000000e+04
1.908000000000000000e+04
1.909000000000000000e+04
1.909100000000000000e+04
1.909700000000000000e+04
1.911100000000000000e+04
1.920400000000000000e+04
1.940100000000000000e+04
1.941200000000000000e+04
1.941300000000000000e+04
1.941400000000000000e+04
1.942000000000000000e+04
1.943900000000000000e+04
1.944400000000000000e+04
1.944700000000000000e+04
1.945400000000000000e+04
1.948900000000000000e+04
1.957400000000000000e+04
1.958800000000000000e+04
1.961800000000000000e+04
1.964600000000000000e+04
1.967300000000000000e+04
1.976400000000000000e+04
1.980300000000000000e+04
1.980800000000000000e+04
1.983000000000000000e+04
1.984600000000000000e+04
1.985100000000000000e+04
1.987900000000000000e+04
1.990200000000000000e+04
1.993400000000000000e+04
1.995400000000000000e+04
1.996600000000000000e+04
1.999000000000000000e+04
1.999600000000000000e+04
2.000300000000000000e+04
2.000400000000000000e+04
2.000600000000000000e+04
2.002500000000000000e+04
2.003200000000000000e+04
2.003600000000000000e+04
2.003800000000000000e+04
2.004000000000000000e+04
2.005100000000000000e+04
2.005300000000000000e+04
2.005400000000000000e+04
2.005500000000000000e+04
2.015800000000000000e+04
2.017200000000000000e+04
2.034400000000000000e+04
2.055000000000000000e+04
2.055200000000000000e+04
2.056600000000000000e+04
2.064000000000000000e+04
2.064200000000000000e+04
2.071000000000000000e+04
2.077500000000000000e+04
2.081100000000000000e+04
2.093000000000000000e+04
2.095500000000000000e+04
2.097200000000000000e+04
2.104600000000000000e+04
2.110300000000000000e+04
2.115100000000000000e+04
2.125900000000000000e+04
2.126500000000000000e+04
2.127000000000000000e+04
2.130400000000000000e+04
2.148600000000000000e+04
2.150400000000000000e+04
2.150500000000000000e+04
2.150800000000000000e+04
2.152700000000000000e+04
2.153100000000000000e+04
2.153400000000000000e+04
2.157600000000000000e+04
2.159000000000000000e+04
2.159500000000000000e+04
2.160100000000000000e+04
2.160600000000000000e+04
2.162500000000000000e+04
2.189300000000000000e+04
2.189800000000000000e+04
2.190200000000000000e+04
2.190800000000000000e+04
2.190900000000000000e+04
2.191100000000000000e+04
2.191200000000000000e+04
2.191400000000000000e+04
2.191700000000000000e+04
2.192000000000000000e+04
2.193900000000000000e+04
2.194200000000000000e+04
2.194300000000000000e+04
2.194400000000000000e+04
2.194500000000000000e+04
2.194600000000000000e+04
2.194800000000000000e+04
2.194900000000000000e+04
2.196500000000000000e+04
2.196800000000000000e+04
2.199200000000000000e+04
2.199500000000000000e+04
2.199800000000000000e+04
2.200800000000000000e+04
2.201400000000000000e+04
2.201900000000000000e+04
2.204600000000000000e+04
2.204700000000000000e+04
2.205000000000000000e+04
2.205100000000000000e+04
2.205200000000000000e+04
2.205500000000000000e+04
2.205700000000000000e+04
2.206000000000000000e+04
2.206200000000000000e+04
2.208000000000000000e+04
2.208500000000000000e+04
2.208800000000000000e+04
2.209700000000000000e+04
2.212400000000000000e+04
2.212600000000000000e+04
2.215600000000000000e+04
2.215700000000000000e+04
2.216800000000000000e+04
2.224900000000000000e+04
2.253700000000000000e+04
2.258200000000000000e+04
2.258600000000000000e+04
2.259600000000000000e+04
2.259900000000000000e+04
2.260400000000000000e+04
2.260600000000000000e+04
2.263400000000000000e+04
2.263500000000000000e+04
2.263600000000000000e+04
2.263800000000000000e+04
2.264500000000000000e+04
2.264700000000000000e+04
2.266900000000000000e+04
2.276200000000000000e+04
2.276600000000000000e+04
2.284700000000000000e+04
2.294100000000000000e+04
2.294600000000000000e+04
2.301300000000000000e+04
2.302100000000000000e+04
2.302200000000000000e+04
2.302300000000000000e+04
2.324500000000000000e+04
2.324600000000000000e+04
2.325100000000000000e+04
2.325200000000000000e+04
2.325900000000000000e+04
2.326100000000000000e+04
2.330100000000000000e+04
2.331300000000000000e+04
2.331400000000000000e+04
2.331500000000000000e+04
2.331600000000000000e+04
2.331700000000000000e+04
2.332500000000000000e+04
2.332800000000000000e+04
2.333000000000000000e+04
2.333200000000000000e+04
2.333400000000000000e+04
2.333700000000000000e+04
2.334400000000000000e+04
2.342100000000000000e+04
2.344800000000000000e+04
2.353100000000000000e+04
2.353200000000000000e+04
2.353300000000000000e+04
2.357100000000000000e+04
2.363900000000000000e+04
2.364100000000000000e+04
2.372500000000000000e+04
2.384200000000000000e+04
2.386500000000000000e+04
2.386800000000000000e+04
2.386900000000000000e+04
2.387000000000000000e+04
2.389300000000000000e+04
2.389400000000000000e+04
2.390400000000000000e+04
2.394500000000000000e+04
2.394900000000000000e+04
2.398300000000000000e+04
2.398400000000000000e+04
2.403700000000000000e+04
2.407900000000000000e+04
2.408100000000000000e+04
2.408700000000000000e+04
2.424400000000000000e+04
2.427000000000000000e+04
2.427400000000000000e+04
2.427500000000000000e+04
2.427600000000000000e+04
2.428500000000000000e+04
2.438000000000000000e+04
2.442700000000000000e+04
2.443300000000000000e+04
2.445600000000000000e+04
2.446500000000000000e+04
2.453000000000000000e+04
2.456000000000000000e+04
2.456200000000000000e+04
2.456300000000000000e+04
2.456400000000000000e+04
2.456500000000000000e+04
2.458600000000000000e+04
2.461400000000000000e+04
2.471800000000000000e+04
2.473600000000000000e+04
2.476200000000000000e+04
2.476300000000000000e+04
2.476500000000000000e+04
2.493100000000000000e+04
2.496700000000000000e+04
2.498700000000000000e+04
2.501400000000000000e+04
2.508200000000000000e+04
2.508300000000000000e+04
2.509100000000000000e+04
2.509500000000000000e+04
2.510400000000000000e+04
2.511000000000000000e+04
2.513600000000000000e+04
2.525300000000000000e+04
2.527600000000000000e+04
2.536300000000000000e+04
2.542900000000000000e+04
2.543400000000000000e+04
2.544400000000000000e+04
2.549200000000000000e+04
2.550400000000000000e+04
2.551100000000000000e+04
2.558700000000000000e+04
2.559400000000000000e+04
2.559500000000000000e+04
2.562400000000000000e+04
2.563800000000000000e+04
2.566400000000000000e+04
2.568700000000000000e+04
2.570500000000000000e+04
2.571000000000000000e+04
2.571700000000000000e+04
2.577000000000000000e+04
2.579800000000000000e+04
2.582900000000000000e+04
2.583000000000000000e+04
2.584000000000000000e+04
2.587400000000000000e+04
2.592300000000000000e+04
2.594800000000000000e+04
2.600600000000000000e+04
2.602100000000000000e+04
2.602400000000000000e+04
2.606700000000000000e+04
2.607600000000000000e+04
2.614200000000000000e+04
2.614300000000000000e+04
2.614600000000000000e+04
2.615300000000000000e+04
2.617600000000000000e+04
2.617800000000000000e+04
2.618800000000000000e+04
2.619800000000000000e+04
2.620500000000000000e+04
2.628400000000000000e+04
2.631200000000000000e+04
2.631800000000000000e+04
2.632700000000000000e+04
2.632900000000000000e+04
2.633500000000000000e+04
2.633800000000000000e+04
2.634100000000000000e+04
2.635000000000000000e+04
2.636100000000000000e+04
2.636200000000000000e+04
2.636300000000000000e+04
2.637500000000000000e+04
2.638100000000000000e+04
2.638800000000000000e+04
2.639300000000000000e+04
2.639500000000000000e+04
2.639700000000000000e+04
2.640200000000000000e+04
2.641500000000000000e+04
2.641800000000000000e+04
2.642100000000000000e+04
2.642500000000000000e+04
2.643300000000000000e+04
2.643500000000000000e+04
2.644500000000000000e+04
2.644700000000000000e+04
2.645500000000000000e+04
2.647100000000000000e+04
2.647300000000000000e+04
2.647600000000000000e+04
2.647800000000000000e+04
2.648300000000000000e+04
2.648500000000000000e+04
2.648600000000000000e+04
2.649600000000000000e+04
2.649800000000000000e+04
2.649900000000000000e+04
2.650200000000000000e+04
2.650400000000000000e+04
2.650600000000000000e+04
2.651000000000000000e+04
2.651100000000000000e+04
2.651600000000000000e+04
2.652100000000000000e+04
2.652200000000000000e+04
2.652300000000000000e+04
2.652400000000000000e+04
2.653400000000000000e+04
2.654000000000000000e+04
2.654600000000000000e+04
2.655300000000000000e+04
2.655400000000000000e+04
2.655900000000000000e+04
2.657200000000000000e+04
2.657400000000000000e+04
2.657500000000000000e+04
2.657700000000000000e+04
2.659500000000000000e+04
2.660000000000000000e+04
2.660100000000000000e+04
2.661800000000000000e+04
2.661900000000000000e+04
2.665100000000000000e+04
2.665500000000000000e+04
2.666200000000000000e+04
2.666500000000000000e+04
2.666900000000000000e+04
2.667100000000000000e+04
2.667400000000000000e+04
2.668800000000000000e+04
2.668900000000000000e+04
2.669000000000000000e+04
2.669100000000000000e+04
2.669300000000000000e+04
2.669500000000000000e+04
2.669600000000000000e+04
2.670300000000000000e+04
2.670500000000000000e+04
2.670700000000000000e+04
2.670800000000000000e+04
2.670900000000000000e+04
2.671800000000000000e+04
2.671900000000000000e+04
2.672100000000000000e+04
2.672400000000000000e+04
2.673200000000000000e+04
2.673300000000000000e+04
2.673600000000000000e+04
2.674000000000000000e+04
2.674200000000000000e+04
2.674900000000000000e+04
2.675400000000000000e+04
2.675600000000000000e+04
2.676100000000000000e+04
2.676400000000000000e+04
2.676800000000000000e+04
2.676900000000000000e+04
2.677000000000000000e+04
2.677600000000000000e+04
2.679100000000000000e+04
2.679300000000000000e+04
2.679700000000000000e+04
2.680500000000000000e+04
2.682900000000000000e+04
2.685300000000000000e+04
2.688200000000000000e+04
2.690500000000000000e+04
2.691700000000000000e+04
2.692200000000000000e+04
2.692300000000000000e+04
2.693000000000000000e+04
2.694200000000000000e+04
2.694300000000000000e+04
2.694400000000000000e+04
2.695100000000000000e+04
2.696200000000000000e+04
2.696600000000000000e+04
2.697100000000000000e+04
2.697400000000000000e+04
2.697500000000000000e+04
2.699800000000000000e+04
2.701900000000000000e+04
2.702100000000000000e+04
2.704600000000000000e+04
2.708300000000000000e+04
2.709600000000000000e+04
2.709800000000000000e+04
2.710700000000000000e+04
2.713200000000000000e+04
2.713800000000000000e+04
2.720000000000000000e+04
2.720100000000000000e+04
2.720200000000000000e+04
2.720700000000000000e+04
2.721000000000000000e+04
2.721400000000000000e+04
2.721700000000000000e+04
2.722200000000000000e+04
2.722700000000000000e+04
2.723200000000000000e+04
2.723500000000000000e+04
2.723900000000000000e+04
2.724000000000000000e+04
2.724700000000000000e+04
2.726300000000000000e+04
2.727500000000000000e+04
2.727600000000000000e+04
2.727900000000000000e+04
2.731000000000000000e+04
2.731300000000000000e+04
2.731400000000000000e+04
2.731800000000000000e+04
2.732100000000000000e+04
2.732400000000000000e+04
2.732500000000000000e+04
2.734900000000000000e+04
2.735400000000000000e+04
2.737900000000000000e+04
2.739200000000000000e+04
2.741600000000000000e+04
2.743300000000000000e+04
2.743700000000000000e+04
2.744200000000000000e+04
2.744500000000000000e+04
2.745000000000000000e+04
2.745900000000000000e+04
2.747400000000000000e+04
2.748700000000000000e+04
2.749200000000000000e+04
2.749700000000000000e+04
2.750000000000000000e+04
2.752900000000000000e+04
2.754300000000000000e+04
2.755300000000000000e+04
2.755400000000000000e+04
2.755500000000000000e+04
2.755900000000000000e+04
2.756000000000000000e+04
2.756100000000000000e+04
2.756300000000000000e+04
2.758000000000000000e+04
2.759400000000000000e+04
2.759700000000000000e+04
2.760000000000000000e+04
2.760200000000000000e+04
2.760900000000000000e+04
2.761200000000000000e+04
2.761500000000000000e+04
2.761700000000000000e+04
2.761900000000000000e+04
2.762000000000000000e+04
2.762400000000000000e+04
2.762600000000000000e+04
2.768500000000000000e+04
2.771700000000000000e+04
2.772100000000000000e+04
2.775300000000000000e+04
2.775800000000000000e+04
2.776000000000000000e+04
2.776100000000000000e+04
2.778500000000000000e+04
2.782200000000000000e+04
2.783900000000000000e+04
2.787000000000000000e+04
2.788500000000000000e+04
2.791400000000000000e+04
2.792400000000000000e+04
2.792500000000000000e+04
2.792600000000000000e+04
2.792700000000000000e+04
2.793000000000000000e+04
2.793600000000000000e+04
2.793700000000000000e+04
2.793900000000000000e+04
2.795400000000000000e+04
2.795600000000000000e+04
2.795800000000000000e+04
2.796600000000000000e+04
2.797000000000000000e+04
2.797100000000000000e+04
2.866100000000000000e+04
2.867200000000000000e+04
2.867500000000000000e+04
2.869000000000000000e+04
2.874400000000000000e+04
2.886300000000000000e+04
2.887100000000000000e+04
2.887500000000000000e+04
2.887600000000000000e+04
2.888200000000000000e+04
2.921100000000000000e+04
2.921300000000000000e+04
2.929000000000000000e+04
2.930600000000000000e+04
2.933900000000000000e+04
2.934400000000000000e+04
2.935400000000000000e+04
2.938500000000000000e+04
2.938700000000000000e+04
2.940700000000000000e+04
2.940800000000000000e+04
2.942000000000000000e+04
2.942800000000000000e+04
2.943000000000000000e+04
2.943300000000000000e+04
2.943600000000000000e+04
2.944600000000000000e+04
2.944900000000000000e+04
2.946900000000000000e+04
2.949200000000000000e+04
2.951100000000000000e+04
2.951500000000000000e+04
2.953600000000000000e+04
2.954300000000000000e+04
2.955400000000000000e+04
2.955800000000000000e+04
2.957200000000000000e+04
2.958700000000000000e+04
2.960000000000000000e+04
2.961900000000000000e+04
2.963500000000000000e+04
2.964600000000000000e+04
2.966500000000000000e+04
2.967600000000000000e+04
2.978900000000000000e+04
2.979000000000000000e+04
2.979300000000000000e+04
2.979700000000000000e+04
2.980000000000000000e+04
2.980800000000000000e+04
2.987500000000000000e+04
2.988200000000000000e+04
2.990200000000000000e+04
2.994100000000000000e+04
2.994400000000000000e+04
2.996400000000000000e+04
2.996700000000000000e+04
2.997800000000000000e+04
2.999000000000000000e+04
2.999100000000000000e+04
3.000300000000000000e+04
3.006200000000000000e+04
3.007300000000000000e+04
3.008300000000000000e+04
3.009300000000000000e+04
3.009600000000000000e+04
3.010000000000000000e+04
3.010200000000000000e+04
3.011300000000000000e+04
3.013100000000000000e+04
3.015900000000000000e+04
3.016700000000000000e+04
3.018100000000000000e+04
3.018200000000000000e+04
3.020900000000000000e+04
3.026700000000000000e+04
3.026800000000000000e+04
3.029300000000000000e+04
3.030600000000000000e+04
3.033600000000000000e+04
3.034200000000000000e+04
3.034800000000000000e+04
3.034900000000000000e+04
3.035500000000000000e+04
3.035700000000000000e+04
3.036000000000000000e+04
3.037100000000000000e+04
3.042400000000000000e+04
3.042600000000000000e+04
3.043700000000000000e+04
3.043800000000000000e+04
3.044300000000000000e+04
3.047700000000000000e+04
3.047800000000000000e+04
3.049600000000000000e+04
3.051300000000000000e+04
3.052600000000000000e+04
3.052700000000000000e+04
3.052800000000000000e+04
3.055200000000000000e+04
3.055800000000000000e+04
3.055900000000000000e+04
3.056400000000000000e+04
3.056500000000000000e+04
3.056600000000000000e+04
3.058100000000000000e+04
3.060200000000000000e+04
3.060400000000000000e+04
3.060900000000000000e+04
3.061200000000000000e+04
3.066400000000000000e+04
3.066500000000000000e+04
3.070700000000000000e+04
3.071300000000000000e+04
3.071400000000000000e+04
3.073500000000000000e+04
3.087700000000000000e+04
3.095900000000000000e+04
3.096000000000000000e+04
3.097100000000000000e+04
3.097900000000000000e+04
3.098000000000000000e+04
3.098100000000000000e+04
3.098700000000000000e+04
3.098800000000000000e+04
3.101300000000000000e+04
3.103500000000000000e+04
3.103800000000000000e+04
3.114000000000000000e+04
3.120100000000000000e+04
3.120400000000000000e+04
3.124000000000000000e+04
3.124200000000000000e+04
3.124600000000000000e+04
3.130400000000000000e+04
3.131100000000000000e+04
3.136800000000000000e+04
3.136900000000000000e+04
3.137200000000000000e+04
3.137900000000000000e+04
3.138000000000000000e+04
3.140800000000000000e+04
3.140900000000000000e+04
3.141300000000000000e+04
3.141400000000000000e+04
3.141600000000000000e+04
3.141900000000000000e+04
3.142000000000000000e+04
3.142100000000000000e+04
3.142200000000000000e+04
3.142300000000000000e+04
3.142400000000000000e+04
3.142600000000000000e+04
3.142800000000000000e+04
3.143000000000000000e+04
3.143800000000000000e+04
3.145900000000000000e+04
3.146200000000000000e+04
3.146600000000000000e+04
3.147400000000000000e+04
3.148100000000000000e+04
3.148200000000000000e+04
3.149000000000000000e+04
3.149300000000000000e+04
3.149500000000000000e+04
3.150900000000000000e+04
3.151100000000000000e+04
3.151400000000000000e+04
3.151500000000000000e+04
3.153800000000000000e+04
3.154500000000000000e+04
3.154800000000000000e+04
3.162600000000000000e+04
3.163100000000000000e+04
3.163700000000000000e+04
3.166600000000000000e+04
3.168000000000000000e+04
3.176500000000000000e+04
3.176600000000000000e+04
3.176700000000000000e+04
3.180300000000000000e+04
3.180500000000000000e+04
3.186900000000000000e+04
3.187100000000000000e+04
3.188100000000000000e+04
3.188200000000000000e+04
3.188600000000000000e+04
3.194700000000000000e+04
3.201900000000000000e+04
3.202400000000000000e+04
3.202500000000000000e+04
3.202600000000000000e+04
3.204300000000000000e+04
3.204400000000000000e+04
3.210200000000000000e+04
3.218100000000000000e+04
3.219400000000000000e+04
3.229700000000000000e+04
3.231300000000000000e+04
3.244300000000000000e+04
3.244500000000000000e+04
3.248400000000000000e+04
3.248900000000000000e+04
3.249300000000000000e+04
3.249700000000000000e+04
3.249800000000000000e+04
3.251900000000000000e+04
3.253400000000000000e+04
3.256100000000000000e+04
3.260600000000000000e+04
3.261000000000000000e+04
3.263200000000000000e+04
3.263600000000000000e+04
3.264500000000000000e+04
3.265000000000000000e+04
3.267100000000000000e+04
3.277000000000000000e+04
3.277400000000000000e+04
3.277500000000000000e+04
3.277600000000000000e+04
3.278100000000000000e+04
3.278200000000000000e+04
3.278300000000000000e+04
3.278400000000000000e+04
3.278500000000000000e+04
3.278600000000000000e+04
3.278900000000000000e+04
3.279000000000000000e+04
3.279200000000000000e+04
3.279400000000000000e+04
3.279500000000000000e+04
3.282100000000000000e+04
3.282500000000000000e+04
3.282600000000000000e+04
3.282900000000000000e+04
3.283000000000000000e+04
3.283200000000000000e+04
3.283400000000000000e+04
3.294800000000000000e+04
3.308100000000000000e+04
3.308200000000000000e+04
3.308300000000000000e+04
3.308400000000000000e+04
3.308500000000000000e+04
3.310000000000000000e+04
3.310200000000000000e+04
3.310400000000000000e+04
3.311300000000000000e+04
3.311600000000000000e+04
3.311800000000000000e+04
3.311900000000000000e+04
3.312100000000000000e+04
3.312200000000000000e+04
3.312700000000000000e+04
3.314900000000000000e+04
3.315100000000000000e+04
3.315400000000000000e+04
3.316200000000000000e+04
3.317000000000000000e+04
3.321300000000000000e+04
3.321600000000000000e+04
3.322400000000000000e+04
3.322800000000000000e+04
3.325300000000000000e+04
3.326000000000000000e+04
3.327400000000000000e+04
3.327500000000000000e+04
3.329200000000000000e+04
3.329400000000000000e+04
3.330100000000000000e+04
3.364500000000000000e+04
3.365000000000000000e+04
3.365500000000000000e+04
3.369400000000000000e+04
3.371100000000000000e+04
3.371200000000000000e+04
3.371300000000000000e+04
3.373700000000000000e+04
3.374200000000000000e+04
3.388600000000000000e+04
3.391700000000000000e+04
3.392400000000000000e+04
3.393200000000000000e+04
3.398800000000000000e+04
3.401600000000000000e+04
3.402400000000000000e+04
3.403200000000000000e+04
3.403700000000000000e+04
3.404000000000000000e+04
3.410000000000000000e+04
3.410200000000000000e+04
3.414700000000000000e+04
3.415700000000000000e+04
3.453300000000000000e+04
3.453900000000000000e+04
3.454100000000000000e+04
3.456100000000000000e+04
3.456700000000000000e+04
3.459300000000000000e+04
3.469700000000000000e+04
3.470100000000000000e+04
3.470300000000000000e+04
3.471100000000000000e+04
3.472200000000000000e+04
3.472300000000000000e+04
3.483100000000000000e+04
3.500500000000000000e+04
3.500700000000000000e+04
3.500800000000000000e+04
3.500900000000000000e+04
3.504500000000000000e+04
3.504900000000000000e+04
3.505100000000000000e+04
3.506500000000000000e+04
3.509900000000000000e+04
3.510300000000000000e+04
3.511000000000000000e+04
3.512200000000000000e+04
3.513500000000000000e+04
3.513800000000000000e+04
3.515000000000000000e+04
3.515500000000000000e+04
3.517700000000000000e+04
3.519300000000000000e+04
3.523100000000000000e+04
3.527400000000000000e+04
3.527900000000000000e+04
3.528100000000000000e+04
3.532300000000000000e+04
3.535200000000000000e+04
3.572200000000000000e+04
3.575300000000000000e+04
3.579200000000000000e+04
3.581000000000000000e+04
3.582700000000000000e+04
3.589700000000000000e+04
3.589800000000000000e+04
3.590400000000000000e+04
3.590600000000000000e+04
3.590700000000000000e+04
3.591300000000000000e+04
3.591400000000000000e+04
3.591500000000000000e+04
3.591700000000000000e+04
3.591900000000000000e+04
3.592200000000000000e+04
3.594800000000000000e+04
3.595600000000000000e+04
3.597000000000000000e+04
3.597400000000000000e+04
3.597500000000000000e+04
3.597600000000000000e+04
3.597700000000000000e+04
3.599900000000000000e+04
3.600000000000000000e+04
3.601700000000000000e+04
3.601900000000000000e+04
3.602000000000000000e+04
3.602200000000000000e+04
3.602300000000000000e+04
3.602600000000000000e+04
3.602700000000000000e+04
3.602900000000000000e+04
3.603100000000000000e+04
3.603300000000000000e+04
3.604400000000000000e+04
3.604500000000000000e+04
3.604600000000000000e+04
3.604900000000000000e+04
3.605000000000000000e+04
3.605100000000000000e+04
3.605400000000000000e+04
3.605800000000000000e+04
3.606100000000000000e+04
3.615700000000000000e+04
3.616100000000000000e+04
3.616200000000000000e+04
3.620500000000000000e+04
3.624500000000000000e+04
3.626500000000000000e+04
3.627000000000000000e+04
3.633400000000000000e+04
3.636600000000000000e+04
3.636700000000000000e+04
3.636900000000000000e+04
3.637800000000000000e+04
3.639700000000000000e+04
3.639900000000000000e+04
3.640000000000000000e+04
3.640100000000000000e+04
3.642700000000000000e+04
3.643200000000000000e+04
3.643400000000000000e+04
3.643800000000000000e+04
3.644000000000000000e+04
3.644400000000000000e+04
3.644600000000000000e+04
3.645000000000000000e+04
3.645200000000000000e+04
3.646100000000000000e+04
3.646400000000000000e+04
3.647800000000000000e+04
3.647900000000000000e+04
3.648100000000000000e+04
3.648600000000000000e+04
3.648700000000000000e+04
3.649000000000000000e+04
3.649300000000000000e+04
3.649400000000000000e+04
3.649600000000000000e+04
3.649800000000000000e+04
3.649900000000000000e+04
3.650000000000000000e+04
3.650200000000000000e+04
3.651600000000000000e+04
3.652100000000000000e+04
3.652400000000000000e+04
3.652800000000000000e+04
3.652900000000000000e+04
3.653000000000000000e+04
3.653100000000000000e+04
3.653200000000000000e+04
3.653300000000000000e+04
3.717400000000000000e+04
3.717700000000000000e+04
3.717900000000000000e+04
3.718000000000000000e+04
3.718200000000000000e+04
3.718500000000000000e+04
3.718600000000000000e+04
3.718700000000000000e+04
3.719000000000000000e+04
3.720400000000000000e+04
3.721200000000000000e+04
3.721400000000000000e+04
3.721600000000000000e+04
3.721700000000000000e+04
3.721900000000000000e+04
3.722300000000000000e+04
3.722400000000000000e+04
3.722600000000000000e+04
3.722700000000000000e+04
3.722800000000000000e+04
3.723500000000000000e+04
3.723600000000000000e+04
3.723900000000000000e+04
3.724000000000000000e+04
3.725200000000000000e+04
3.726900000000000000e+04
3.733400000000000000e+04
3.733600000000000000e+04
3.735200000000000000e+04
3.735300000000000000e+04
3.736500000000000000e+04
3.736800000000000000e+04
3.737300000000000000e+04
3.737500000000000000e+04
3.737600000000000000e+04
3.738400000000000000e+04
3.739500000000000000e+04
3.739700000000000000e+04
3.747600000000000000e+04
3.773800000000000000e+04
3.783000000000000000e+04
3.783200000000000000e+04
3.783300000000000000e+04
3.783700000000000000e+04
3.783800000000000000e+04
3.784600000000000000e+04
3.785300000000000000e+04
3.785400000000000000e+04
3.785500000000000000e+04
3.785600000000000000e+04
3.785700000000000000e+04
3.786800000000000000e+04
3.788900000000000000e+04
3.789600000000000000e+04
3.790100000000000000e+04
3.790300000000000000e+04
3.792400000000000000e+04
3.794200000000000000e+04
3.794300000000000000e+04
3.794400000000000000e+04
3.794600000000000000e+04
3.797000000000000000e+04
3.797300000000000000e+04
3.798900000000000000e+04
3.800200000000000000e+04
3.801400000000000000e+04
3.802600000000000000e+04
3.804400000000000000e+04
3.805000000000000000e+04
3.805400000000000000e+04
3.805900000000000000e+04
3.806100000000000000e+04
3.806200000000000000e+04
3.806400000000000000e+04
3.806700000000000000e+04
3.816200000000000000e+04
3.819200000000000000e+04
3.829600000000000000e+04
3.829900000000000000e+04
3.830800000000000000e+04
3.831000000000000000e+04
3.831400000000000000e+04
3.831500000000000000e+04
3.831600000000000000e+04
3.831700000000000000e+04
3.831800000000000000e+04
3.833200000000000000e+04
3.833300000000000000e+04
3.833400000000000000e+04
3.833500000000000000e+04
3.833600000000000000e+04
3.833800000000000000e+04
3.833900000000000000e+04
3.834000000000000000e+04
3.834100000000000000e+04
3.834200000000000000e+04
3.834900000000000000e+04
3.835300000000000000e+04
3.836200000000000000e+04
3.840000000000000000e+04
3.840900000000000000e+04
3.841600000000000000e+04
3.865300000000000000e+04
3.871500000000000000e+04
3.871900000000000000e+04
3.872300000000000000e+04
3.874700000000000000e+04
3.874800000000000000e+04
3.875800000000000000e+04
3.876400000000000000e+04
3.877200000000000000e+04
3.880000000000000000e+04
3.880400000000000000e+04
3.880900000000000000e+04
3.881000000000000000e+04
3.882800000000000000e+04
3.883000000000000000e+04
3.883100000000000000e+04
3.883200000000000000e+04
3.883600000000000000e+04
3.885100000000000000e+04
3.886100000000000000e+04
3.886500000000000000e+04
3.886800000000000000e+04
3.888500000000000000e+04
3.901800000000000000e+04
3.911100000000000000e+04
3.911200000000000000e+04
3.918400000000000000e+04
3.925200000000000000e+04
3.925400000000000000e+04
3.927900000000000000e+04
3.930300000000000000e+04
3.934100000000000000e+04
3.938600000000000000e+04
3.938700000000000000e+04
3.941400000000000000e+04
3.942400000000000000e+04
3.942500000000000000e+04
3.942600000000000000e+04
3.943100000000000000e+04
3.943400000000000000e+04
3.943500000000000000e+04
3.943600000000000000e+04
3.944000000000000000e+04
3.944100000000000000e+04
3.944300000000000000e+04
3.947700000000000000e+04
3.947800000000000000e+04
3.948200000000000000e+04
3.948300000000000000e+04
3.951000000000000000e+04
3.951100000000000000e+04
3.951200000000000000e+04
3.952100000000000000e+04
3.952200000000000000e+04
3.955100000000000000e+04
3.956200000000000000e+04
3.956400000000000000e+04
3.957200000000000000e+04
3.959000000000000000e+04
3.960200000000000000e+04
3.962900000000000000e+04
3.963200000000000000e+04
3.963300000000000000e+04
3.966400000000000000e+04
3.966600000000000000e+04
3.967700000000000000e+04
3.968200000000000000e+04
3.969400000000000000e+04
3.972100000000000000e+04
3.979000000000000000e+04
3.980300000000000000e+04
3.986900000000000000e+04
3.987600000000000000e+04
3.989000000000000000e+04
3.990300000000000000e+04
3.990700000000000000e+04
3.994300000000000000e+04
3.994500000000000000e+04
3.996300000000000000e+04
3.996400000000000000e+04
3.996500000000000000e+04
3.996600000000000000e+04
3.997200000000000000e+04
3.997400000000000000e+04
4.002600000000000000e+04
4.003000000000000000e+04
4.009800000000000000e+04
4.009900000000000000e+04
4.012400000000000000e+04
4.012800000000000000e+04
4.013400000000000000e+04
4.021500000000000000e+04
4.023100000000000000e+04
4.033500000000000000e+04
4.034200000000000000e+04
4.034300000000000000e+04
4.038400000000000000e+04
4.043200000000000000e+04
4.047800000000000000e+04
4.049900000000000000e+04
4.052000000000000000e+04
4.052200000000000000e+04
4.052900000000000000e+04
4.054400000000000000e+04
4.055600000000000000e+04
4.057200000000000000e+04
4.059100000000000000e+04
4.064500000000000000e+04
4.065700000000000000e+04
4.067700000000000000e+04
4.068100000000000000e+04
4.068800000000000000e+04
4.074900000000000000e+04
4.075100000000000000e+04
4.075200000000000000e+04
4.075600000000000000e+04
4.075900000000000000e+04
4.082700000000000000e+04
4.083900000000000000e+04
4.084100000000000000e+04
4.085300000000000000e+04
4.085400000000000000e+04
4.086400000000000000e+04
4.086700000000000000e+04
4.087700000000000000e+04
4.088100000000000000e+04
4.088300000000000000e+04
4.089200000000000000e+04
4.089800000000000000e+04
4.090500000000000000e+04
4.091000000000000000e+04
4.091300000000000000e+04
4.092900000000000000e+04
4.093500000000000000e+04
4.098800000000000000e+04
4.098900000000000000e+04
4.099200000000000000e+04
4.100000000000000000e+04
4.100100000000000000e+04
4.107400000000000000e+04
4.110500000000000000e+04
4.112200000000000000e+04
4.112700000000000000e+04
4.113300000000000000e+04
4.114600000000000000e+04
4.115100000000000000e+04
4.115300000000000000e+04
4.115500000000000000e+04
4.116000000000000000e+04
4.116900000000000000e+04
4.120200000000000000e+04
4.120500000000000000e+04
4.120800000000000000e+04
4.121700000000000000e+04
4.123200000000000000e+04
4.124000000000000000e+04
4.125500000000000000e+04
4.125600000000000000e+04
4.126100000000000000e+04
4.126500000000000000e+04
4.127100000000000000e+04
4.127800000000000000e+04
4.127900000000000000e+04
4.129000000000000000e+04
4.129200000000000000e+04
4.129300000000000000e+04
4.129900000000000000e+04
4.130600000000000000e+04
4.132000000000000000e+04
4.132500000000000000e+04
4.132900000000000000e+04
4.134100000000000000e+04
4.134400000000000000e+04
4.135000000000000000e+04
4.136200000000000000e+04
4.137700000000000000e+04
4.139100000000000000e+04
4.139400000000000000e+04
4.139500000000000000e+04
4.140100000000000000e+04
4.141000000000000000e+04
4.141900000000000000e+04
4.142800000000000000e+04
4.143900000000000000e+04
4.144500000000000000e+04
4.144600000000000000e+04
4.144700000000000000e+04
4.144800000000000000e+04
4.144900000000000000e+04
4.145500000000000000e+04
4.146200000000000000e+04
4.148100000000000000e+04
4.148700000000000000e+04
4.148800000000000000e+04
4.148900000000000000e+04
4.149000000000000000e+04
4.151500000000000000e+04
4.152300000000000000e+04
4.152500000000000000e+04
4.152700000000000000e+04
4.152900000000000000e+04
4.153600000000000000e+04
4.153700000000000000e+04
4.153900000000000000e+04
