6.000000000000000000e+00
7.000000000000000000e+00
8.000000000000000000e+00
3.500000000000000000e+01
3.700000000000000000e+01
4.100000000000000000e+01
4.700000000000000000e+01
5.700000000000000000e+01
5.900000000000000000e+01
6.600000000000000000e+01
7.600000000000000000e+01
7.900000000000000000e+01
8.200000000000000000e+01
8.300000000000000000e+01
8.800000000000000000e+01
8.900000000000000000e+01
9.100000000000000000e+01
9.500000000000000000e+01
9.700000000000000000e+01
9.900000000000000000e+01
1.070000000000000000e+02
1.230000000000000000e+02
1.240000000000000000e+02
1.300000000000000000e+02
1.310000000000000000e+02
1.540000000000000000e+02
1.560000000000000000e+02
1.580000000000000000e+02
1.610000000000000000e+02
1.620000000000000000e+02
1.780000000000000000e+02
1.800000000000000000e+02
1.810000000000000000e+02
1.820000000000000000e+02
1.860000000000000000e+02
1.940000000000000000e+02
1.950000000000000000e+02
1.960000000000000000e+02
2.070000000000000000e+02
2.130000000000000000e+02
2.200000000000000000e+02
2.230000000000000000e+02
2.300000000000000000e+02
2.330000000000000000e+02
2.350000000000000000e+02
2.400000000000000000e+02
2.430000000000000000e+02
2.450000000000000000e+02
2.550000000000000000e+02
2.590000000000000000e+02
2.600000000000000000e+02
2.660000000000000000e+02
2.710000000000000000e+02
2.720000000000000000e+02
2.740000000000000000e+02
2.830000000000000000e+02
2.840000000000000000e+02
2.850000000000000000e+02
2.880000000000000000e+02
2.950000000000000000e+02
3.000000000000000000e+02
3.010000000000000000e+02
3.060000000000000000e+02
3.110000000000000000e+02
3.120000000000000000e+02
3.170000000000000000e+02
3.210000000000000000e+02
3.270000000000000000e+02
3.290000000000000000e+02
3.300000000000000000e+02
3.410000000000000000e+02
3.590000000000000000e+02
3.630000000000000000e+02
3.660000000000000000e+02
3.870000000000000000e+02
4.110000000000000000e+02
4.440000000000000000e+02
4.510000000000000000e+02
4.520000000000000000e+02
4.530000000000000000e+02
4.550000000000000000e+02
5.100000000000000000e+02
5.490000000000000000e+02
5.610000000000000000e+02
5.970000000000000000e+02
6.020000000000000000e+02
6.040000000000000000e+02
6.050000000000000000e+02
6.180000000000000000e+02
6.200000000000000000e+02
6.280000000000000000e+02
6.460000000000000000e+02
6.640000000000000000e+02
6.650000000000000000e+02
6.720000000000000000e+02
6.790000000000000000e+02
7.300000000000000000e+02
7.330000000000000000e+02
7.510000000000000000e+02
7.680000000000000000e+02
7.780000000000000000e+02
7.810000000000000000e+02
8.370000000000000000e+02
8.380000000000000000e+02
8.400000000000000000e+02
8.420000000000000000e+02
8.610000000000000000e+02
8.640000000000000000e+02
8.930000000000000000e+02
8.990000000000000000e+02
9.000000000000000000e+02
9.100000000000000000e+02
9.120000000000000000e+02
9.160000000000000000e+02
9.170000000000000000e+02
9.190000000000000000e+02
9.310000000000000000e+02
9.410000000000000000e+02
9.440000000000000000e+02
9.640000000000000000e+02
9.650000000000000000e+02
9.690000000000000000e+02
9.750000000000000000e+02
9.760000000000000000e+02
9.810000000000000000e+02
9.860000000000000000e+02
9.870000000000000000e+02
9.890000000000000000e+02
9.950000000000000000e+02
1.008000000000000000e+03
1.017000000000000000e+03
1.023000000000000000e+03
1.028000000000000000e+03
1.033000000000000000e+03
1.034000000000000000e+03
1.040000000000000000e+03
1.041000000000000000e+03
1.042000000000000000e+03
1.076000000000000000e+03
1.096000000000000000e+03
1.102000000000000000e+03
1.108000000000000000e+03
1.112000000000000000e+03
1.114000000000000000e+03
1.116000000000000000e+03
1.117000000000000000e+03
1.123000000000000000e+03
1.124000000000000000e+03
1.125000000000000000e+03
1.127000000000000000e+03
1.132000000000000000e+03
1.140000000000000000e+03
1.151000000000000000e+03
1.174000000000000000e+03
1.187000000000000000e+03
1.198000000000000000e+03
1.202000000000000000e+03
1.204000000000000000e+03
1.226000000000000000e+03
1.230000000000000000e+03
1.232000000000000000e+03
1.234000000000000000e+03
1.235000000000000000e+03
1.244000000000000000e+03
1.254000000000000000e+03
1.255000000000000000e+03
1.263000000000000000e+03
1.270000000000000000e+03
1.272000000000000000e+03
1.276000000000000000e+03
1.280000000000000000e+03
1.281000000000000000e+03
1.340000000000000000e+03
1.346000000000000000e+03
1.362000000000000000e+03
1.367000000000000000e+03
1.373000000000000000e+03
1.376000000000000000e+03
1.379000000000000000e+03
1.383000000000000000e+03
1.387000000000000000e+03
1.390000000000000000e+03
1.392000000000000000e+03
1.394000000000000000e+03
1.396000000000000000e+03
1.397000000000000000e+03
1.398000000000000000e+03
1.404000000000000000e+03
1.407000000000000000e+03
1.408000000000000000e+03
1.410000000000000000e+03
1.415000000000000000e+03
1.416000000000000000e+03
1.423000000000000000e+03
1.431000000000000000e+03
1.449000000000000000e+03
1.471000000000000000e+03
1.478000000000000000e+03
1.482000000000000000e+03
1.485000000000000000e+03
1.486000000000000000e+03
1.501000000000000000e+03
1.505000000000000000e+03
1.506000000000000000e+03
1.507000000000000000e+03
1.509000000000000000e+03
1.511000000000000000e+03
1.525000000000000000e+03
1.542000000000000000e+03
1.549000000000000000e+03
1.552000000000000000e+03
1.561000000000000000e+03
1.566000000000000000e+03
1.574000000000000000e+03
1.576000000000000000e+03
1.584000000000000000e+03
1.597000000000000000e+03
1.614000000000000000e+03
1.618000000000000000e+03
1.625000000000000000e+03
1.655000000000000000e+03
1.670000000000000000e+03
1.675000000000000000e+03
1.677000000000000000e+03
1.684000000000000000e+03
1.687000000000000000e+03
1.689000000000000000e+03
1.709000000000000000e+03
1.710000000000000000e+03
1.712000000000000000e+03
1.714000000000000000e+03
1.736000000000000000e+03
1.755000000000000000e+03
1.765000000000000000e+03
1.775000000000000000e+03
1.796000000000000000e+03
1.812000000000000000e+03
1.836000000000000000e+03
1.838000000000000000e+03
1.841000000000000000e+03
1.849000000000000000e+03
1.978000000000000000e+03
2.014000000000000000e+03
2.042000000000000000e+03
2.235000000000000000e+03
2.246000000000000000e+03
2.248000000000000000e+03
2.250000000000000000e+03
2.265000000000000000e+03
2.275000000000000000e+03
2.352000000000000000e+03
2.401000000000000000e+03
2.432000000000000000e+03
2.451000000000000000e+03
2.467000000000000000e+03
2.483000000000000000e+03
2.487000000000000000e+03
2.490000000000000000e+03
2.496000000000000000e+03
2.497000000000000000e+03
2.498000000000000000e+03
2.518000000000000000e+03
2.532000000000000000e+03
2.533000000000000000e+03
2.534000000000000000e+03
2.535000000000000000e+03
2.536000000000000000e+03
2.549000000000000000e+03
2.631000000000000000e+03
2.642000000000000000e+03
2.691000000000000000e+03
2.711000000000000000e+03
2.717000000000000000e+03
2.873000000000000000e+03
2.879000000000000000e+03
2.881000000000000000e+03
2.914000000000000000e+03
2.915000000000000000e+03
2.917000000000000000e+03
2.924000000000000000e+03
3.035000000000000000e+03
3.095000000000000000e+03
3.119000000000000000e+03
3.142000000000000000e+03
3.163000000000000000e+03
3.180000000000000000e+03
3.216000000000000000e+03
3.232000000000000000e+03
3.239000000000000000e+03
3.261000000000000000e+03
3.262000000000000000e+03
3.279000000000000000e+03
3.280000000000000000e+03
3.283000000000000000e+03
3.285000000000000000e+03
3.293000000000000000e+03
3.295000000000000000e+03
3.299000000000000000e+03
3.303000000000000000e+03
3.304000000000000000e+03
3.310000000000000000e+03
3.317000000000000000e+03
3.325000000000000000e+03
3.328000000000000000e+03
3.341000000000000000e+03
3.356000000000000000e+03
3.357000000000000000e+03
3.361000000000000000e+03
3.369000000000000000e+03
3.373000000000000000e+03
3.374000000000000000e+03
3.378000000000000000e+03
3.379000000000000000e+03
3.381000000000000000e+03
3.385000000000000000e+03
3.389000000000000000e+03
3.400000000000000000e+03
3.401000000000000000e+03
3.422000000000000000e+03
3.442000000000000000e+03
3.508000000000000000e+03
3.538000000000000000e+03
3.539000000000000000e+03
3.542000000000000000e+03
3.548000000000000000e+03
3.552000000000000000e+03
3.553000000000000000e+03
3.557000000000000000e+03
3.561000000000000000e+03
3.566000000000000000e+03
3.574000000000000000e+03
3.576000000000000000e+03
3.577000000000000000e+03
3.578000000000000000e+03
3.648000000000000000e+03
3.657000000000000000e+03
3.719000000000000000e+03
3.742000000000000000e+03
3.746000000000000000e+03
3.749000000000000000e+03
3.752000000000000000e+03
3.765000000000000000e+03
3.768000000000000000e+03
3.769000000000000000e+03
3.770000000000000000e+03
3.771000000000000000e+03
3.773000000000000000e+03
3.774000000000000000e+03
3.776000000000000000e+03
3.779000000000000000e+03
3.812000000000000000e+03
3.815000000000000000e+03
3.816000000000000000e+03
3.818000000000000000e+03
3.821000000000000000e+03
3.960000000000000000e+03
3.962000000000000000e+03
3.963000000000000000e+03
3.966000000000000000e+03
3.971000000000000000e+03
3.972000000000000000e+03
3.973000000000000000e+03
3.974000000000000000e+03
3.980000000000000000e+03
4.018000000000000000e+03
4.276000000000000000e+03
4.279000000000000000e+03
4.281000000000000000e+03
4.315000000000000000e+03
4.329000000000000000e+03
4.330000000000000000e+03
4.353000000000000000e+03
4.355000000000000000e+03
4.362000000000000000e+03
4.366000000000000000e+03
4.368000000000000000e+03
4.371000000000000000e+03
4.372000000000000000e+03
4.378000000000000000e+03
4.386000000000000000e+03
4.445000000000000000e+03
4.488000000000000000e+03
4.491000000000000000e+03
4.494000000000000000e+03
4.523000000000000000e+03
4.524000000000000000e+03
4.577000000000000000e+03
4.583000000000000000e+03
4.589000000000000000e+03
4.612000000000000000e+03
4.630000000000000000e+03
4.640000000000000000e+03
4.650000000000000000e+03
4.686000000000000000e+03
4.691000000000000000e+03
4.706000000000000000e+03
4.712000000000000000e+03
4.713000000000000000e+03
4.717000000000000000e+03
4.741000000000000000e+03
4.742000000000000000e+03
4.743000000000000000e+03
4.757000000000000000e+03
4.758000000000000000e+03
4.761000000000000000e+03
4.762000000000000000e+03
4.765000000000000000e+03
4.766000000000000000e+03
4.767000000000000000e+03
4.769000000000000000e+03
4.772000000000000000e+03
4.776000000000000000e+03
4.778000000000000000e+03
4.779000000000000000e+03
4.780000000000000000e+03
4.781000000000000000e+03
4.785000000000000000e+03
4.786000000000000000e+03
4.790000000000000000e+03
4.792000000000000000e+03
4.793000000000000000e+03
4.794000000000000000e+03
4.795000000000000000e+03
4.796000000000000000e+03
4.801000000000000000e+03
4.806000000000000000e+03
4.809000000000000000e+03
4.812000000000000000e+03
4.814000000000000000e+03
4.815000000000000000e+03
4.834000000000000000e+03
4.835000000000000000e+03
4.840000000000000000e+03
4.845000000000000000e+03
4.847000000000000000e+03
4.849000000000000000e+03
4.851000000000000000e+03
4.852000000000000000e+03
4.855000000000000000e+03
4.859000000000000000e+03
4.861000000000000000e+03
4.863000000000000000e+03
4.868000000000000000e+03
4.877000000000000000e+03
4.878000000000000000e+03
4.879000000000000000e+03
4.880000000000000000e+03
4.883000000000000000e+03
4.884000000000000000e+03
4.895000000000000000e+03
4.898000000000000000e+03
4.900000000000000000e+03
4.909000000000000000e+03
4.910000000000000000e+03
4.913000000000000000e+03
4.914000000000000000e+03
4.919000000000000000e+03
4.920000000000000000e+03
4.922000000000000000e+03
4.929000000000000000e+03
4.930000000000000000e+03
4.932000000000000000e+03
4.937000000000000000e+03
4.938000000000000000e+03
4.940000000000000000e+03
4.941000000000000000e+03
4.942000000000000000e+03
4.943000000000000000e+03
4.945000000000000000e+03
4.948000000000000000e+03
4.949000000000000000e+03
4.951000000000000000e+03
4.954000000000000000e+03
4.957000000000000000e+03
4.958000000000000000e+03
4.959000000000000000e+03
4.976000000000000000e+03
4.982000000000000000e+03
4.983000000000000000e+03
5.002000000000000000e+03
5.009000000000000000e+03
5.019000000000000000e+03
5.022000000000000000e+03
5.025000000000000000e+03
5.029000000000000000e+03
5.059000000000000000e+03
5.069000000000000000e+03
5.100000000000000000e+03
5.114000000000000000e+03
5.123000000000000000e+03
5.124000000000000000e+03
5.128000000000000000e+03
5.139000000000000000e+03
5.142000000000000000e+03
5.148000000000000000e+03
5.235000000000000000e+03
5.237000000000000000e+03
5.243000000000000000e+03
5.244000000000000000e+03
5.246000000000000000e+03
5.254000000000000000e+03
5.255000000000000000e+03
5.259000000000000000e+03
5.264000000000000000e+03
5.285000000000000000e+03
5.297000000000000000e+03
5.299000000000000000e+03
5.303000000000000000e+03
5.311000000000000000e+03
5.325000000000000000e+03
5.327000000000000000e+03
5.343000000000000000e+03
5.345000000000000000e+03
5.360000000000000000e+03
5.362000000000000000e+03
5.367000000000000000e+03
5.368000000000000000e+03
5.391000000000000000e+03
5.394000000000000000e+03
5.418000000000000000e+03
5.420000000000000000e+03
5.427000000000000000e+03
5.434000000000000000e+03
5.445000000000000000e+03
5.450000000000000000e+03
5.464000000000000000e+03
5.469000000000000000e+03
5.470000000000000000e+03
5.472000000000000000e+03
5.487000000000000000e+03
5.493000000000000000e+03
5.496000000000000000e+03
5.505000000000000000e+03
5.518000000000000000e+03
5.520000000000000000e+03
5.526000000000000000e+03
5.528000000000000000e+03
5.533000000000000000e+03
5.534000000000000000e+03
5.543000000000000000e+03
5.548000000000000000e+03
5.549000000000000000e+03
5.550000000000000000e+03
5.551000000000000000e+03
5.555000000000000000e+03
5.557000000000000000e+03
5.562000000000000000e+03
5.564000000000000000e+03
5.570000000000000000e+03
5.598000000000000000e+03
5.618000000000000000e+03
5.622000000000000000e+03
5.624000000000000000e+03
5.633000000000000000e+03
5.653000000000000000e+03
5.658000000000000000e+03
5.664000000000000000e+03
5.671000000000000000e+03
5.683000000000000000e+03
5.684000000000000000e+03
5.686000000000000000e+03
5.688000000000000000e+03
5.704000000000000000e+03
5.709000000000000000e+03
5.712000000000000000e+03
5.713000000000000000e+03
5.714000000000000000e+03
5.715000000000000000e+03
5.720000000000000000e+03
5.722000000000000000e+03
5.733000000000000000e+03
5.772000000000000000e+03
5.773000000000000000e+03
5.774000000000000000e+03
5.776000000000000000e+03
5.782000000000000000e+03
5.783000000000000000e+03
5.786000000000000000e+03
5.793000000000000000e+03
5.803000000000000000e+03
5.805000000000000000e+03
5.808000000000000000e+03
5.821000000000000000e+03
5.823000000000000000e+03
5.831000000000000000e+03
5.846000000000000000e+03
5.848000000000000000e+03
5.849000000000000000e+03
5.860000000000000000e+03
5.861000000000000000e+03
5.862000000000000000e+03
5.863000000000000000e+03
5.864000000000000000e+03
5.865000000000000000e+03
5.867000000000000000e+03
5.868000000000000000e+03
5.869000000000000000e+03
5.873000000000000000e+03
5.876000000000000000e+03
5.877000000000000000e+03
5.885000000000000000e+03
5.887000000000000000e+03
5.897000000000000000e+03
5.906000000000000000e+03
5.912000000000000000e+03
5.914000000000000000e+03
5.915000000000000000e+03
5.916000000000000000e+03
5.917000000000000000e+03
5.921000000000000000e+03
5.923000000000000000e+03
5.927000000000000000e+03
5.929000000000000000e+03
5.930000000000000000e+03
5.957000000000000000e+03
5.965000000000000000e+03
6.002000000000000000e+03
6.017000000000000000e+03
6.022000000000000000e+03
6.040000000000000000e+03
6.044000000000000000e+03
6.046000000000000000e+03
6.061000000000000000e+03
6.068000000000000000e+03
6.079000000000000000e+03
6.098000000000000000e+03
6.101000000000000000e+03
6.105000000000000000e+03
6.108000000000000000e+03
6.122000000000000000e+03
6.130000000000000000e+03
6.132000000000000000e+03
6.135000000000000000e+03
6.140000000000000000e+03
6.141000000000000000e+03
6.144000000000000000e+03
6.151000000000000000e+03
6.154000000000000000e+03
6.156000000000000000e+03
6.160000000000000000e+03
6.161000000000000000e+03
6.179000000000000000e+03
6.187000000000000000e+03
6.193000000000000000e+03
6.194000000000000000e+03
6.201000000000000000e+03
6.202000000000000000e+03
6.206000000000000000e+03
6.208000000000000000e+03
6.209000000000000000e+03
6.211000000000000000e+03
6.221000000000000000e+03
6.222000000000000000e+03
6.239000000000000000e+03
6.244000000000000000e+03
6.245000000000000000e+03
6.246000000000000000e+03
6.258000000000000000e+03
6.267000000000000000e+03
6.272000000000000000e+03
6.286000000000000000e+03
6.289000000000000000e+03
6.295000000000000000e+03
6.297000000000000000e+03
6.308000000000000000e+03
6.321000000000000000e+03
6.359000000000000000e+03
6.367000000000000000e+03
6.370000000000000000e+03
6.388000000000000000e+03
6.397000000000000000e+03
6.418000000000000000e+03
6.448000000000000000e+03
6.467000000000000000e+03
6.468000000000000000e+03
6.506000000000000000e+03
6.508000000000000000e+03
6.509000000000000000e+03
6.510000000000000000e+03
6.511000000000000000e+03
6.517000000000000000e+03
6.519000000000000000e+03
6.521000000000000000e+03
6.536000000000000000e+03
6.537000000000000000e+03
6.540000000000000000e+03
6.558000000000000000e+03
6.564000000000000000e+03
6.565000000000000000e+03
6.566000000000000000e+03
6.580000000000000000e+03
6.582000000000000000e+03
6.585000000000000000e+03
6.593000000000000000e+03
6.598000000000000000e+03
6.608000000000000000e+03
6.616000000000000000e+03
6.626000000000000000e+03
6.642000000000000000e+03
6.645000000000000000e+03
6.660000000000000000e+03
6.661000000000000000e+03
6.663000000000000000e+03
6.678000000000000000e+03
6.679000000000000000e+03
6.698000000000000000e+03
6.727000000000000000e+03
6.729000000000000000e+03
6.742000000000000000e+03
6.753000000000000000e+03
6.779000000000000000e+03
6.786000000000000000e+03
6.803000000000000000e+03
6.807000000000000000e+03
6.841000000000000000e+03
6.854000000000000000e+03
6.856000000000000000e+03
6.867000000000000000e+03
6.884000000000000000e+03
6.895000000000000000e+03
6.896000000000000000e+03
6.900000000000000000e+03
6.909000000000000000e+03
6.910000000000000000e+03
6.917000000000000000e+03
6.922000000000000000e+03
6.927000000000000000e+03
6.930000000000000000e+03
6.932000000000000000e+03
6.949000000000000000e+03
6.955000000000000000e+03
6.959000000000000000e+03
6.965000000000000000e+03
6.967000000000000000e+03
6.968000000000000000e+03
6.969000000000000000e+03
6.978000000000000000e+03
6.988000000000000000e+03
6.992000000000000000e+03
6.994000000000000000e+03
7.029000000000000000e+03
7.036000000000000000e+03
7.038000000000000000e+03
7.042000000000000000e+03
7.050000000000000000e+03
7.057000000000000000e+03
7.059000000000000000e+03
7.111000000000000000e+03
7.115000000000000000e+03
7.143000000000000000e+03
7.163000000000000000e+03
7.167000000000000000e+03
7.206000000000000000e+03
7.219000000000000000e+03
7.236000000000000000e+03
7.239000000000000000e+03
7.240000000000000000e+03
7.242000000000000000e+03
7.243000000000000000e+03
7.245000000000000000e+03
7.246000000000000000e+03
7.255000000000000000e+03
7.256000000000000000e+03
7.257000000000000000e+03
7.262000000000000000e+03
7.265000000000000000e+03
7.267000000000000000e+03
7.268000000000000000e+03
7.269000000000000000e+03
7.270000000000000000e+03
7.273000000000000000e+03
7.277000000000000000e+03
7.282000000000000000e+03
7.285000000000000000e+03
7.286000000000000000e+03
7.291000000000000000e+03
7.292000000000000000e+03
7.293000000000000000e+03
7.300000000000000000e+03
7.301000000000000000e+03
7.306000000000000000e+03
7.309000000000000000e+03
7.310000000000000000e+03
7.315000000000000000e+03
7.327000000000000000e+03
7.328000000000000000e+03
7.330000000000000000e+03
7.333000000000000000e+03
7.334000000000000000e+03
7.335000000000000000e+03
7.336000000000000000e+03
7.337000000000000000e+03
7.338000000000000000e+03
7.339000000000000000e+03
7.340000000000000000e+03
7.341000000000000000e+03
7.342000000000000000e+03
7.343000000000000000e+03
7.347000000000000000e+03
7.349000000000000000e+03
7.381000000000000000e+03
7.386000000000000000e+03
7.389000000000000000e+03
7.392000000000000000e+03
7.394000000000000000e+03
7.395000000000000000e+03
7.396000000000000000e+03
7.397000000000000000e+03
7.398000000000000000e+03
7.399000000000000000e+03
7.400000000000000000e+03
7.401000000000000000e+03
7.402000000000000000e+03
7.403000000000000000e+03
7.406000000000000000e+03
7.407000000000000000e+03
7.408000000000000000e+03
7.409000000000000000e+03
7.410000000000000000e+03
7.413000000000000000e+03
7.415000000000000000e+03
7.416000000000000000e+03
7.418000000000000000e+03
7.420000000000000000e+03
7.424000000000000000e+03
7.426000000000000000e+03
7.427000000000000000e+03
7.428000000000000000e+03
7.429000000000000000e+03
7.432000000000000000e+03
7.436000000000000000e+03
7.437000000000000000e+03
7.439000000000000000e+03
7.440000000000000000e+03
7.441000000000000000e+03
7.442000000000000000e+03
7.470000000000000000e+03
7.476000000000000000e+03
7.482000000000000000e+03
7.513000000000000000e+03
7.516000000000000000e+03
7.528000000000000000e+03
7.534000000000000000e+03
7.550000000000000000e+03
7.560000000000000000e+03
7.572000000000000000e+03
7.588000000000000000e+03
7.594000000000000000e+03
7.602000000000000000e+03
7.604000000000000000e+03
7.608000000000000000e+03
7.609000000000000000e+03
7.611000000000000000e+03
7.615000000000000000e+03
7.617000000000000000e+03
7.619000000000000000e+03
7.631000000000000000e+03
7.633000000000000000e+03
7.651000000000000000e+03
7.686000000000000000e+03
7.693000000000000000e+03
7.695000000000000000e+03
7.703000000000000000e+03
7.708000000000000000e+03
7.714000000000000000e+03
7.715000000000000000e+03
7.729000000000000000e+03
7.730000000000000000e+03
7.742000000000000000e+03
7.812000000000000000e+03
7.816000000000000000e+03
7.920000000000000000e+03
7.951000000000000000e+03
7.952000000000000000e+03
7.953000000000000000e+03
7.954000000000000000e+03
7.957000000000000000e+03
7.958000000000000000e+03
7.966000000000000000e+03
7.983000000000000000e+03
7.998000000000000000e+03
7.999000000000000000e+03
8.001000000000000000e+03
8.002000000000000000e+03
8.003000000000000000e+03
8.005000000000000000e+03
8.008000000000000000e+03
8.009000000000000000e+03
8.046000000000000000e+03
8.049000000000000000e+03
8.060000000000000000e+03
8.071000000000000000e+03
8.083000000000000000e+03
8.125000000000000000e+03
8.147000000000000000e+03
8.187000000000000000e+03
8.260000000000000000e+03
8.274000000000000000e+03
8.351000000000000000e+03
8.357000000000000000e+03
8.358000000000000000e+03
8.360000000000000000e+03
8.364000000000000000e+03
8.371000000000000000e+03
8.412000000000000000e+03
8.427000000000000000e+03
8.444000000000000000e+03
8.467000000000000000e+03
8.511000000000000000e+03
8.513000000000000000e+03
8.538000000000000000e+03
8.579000000000000000e+03
8.586000000000000000e+03
8.600000000000000000e+03
8.606000000000000000e+03
8.611000000000000000e+03
8.614000000000000000e+03
8.615000000000000000e+03
8.639000000000000000e+03
8.643000000000000000e+03
8.658000000000000000e+03
8.689000000000000000e+03
8.698000000000000000e+03
8.699000000000000000e+03
8.710000000000000000e+03
8.711000000000000000e+03
8.721000000000000000e+03
8.745000000000000000e+03
8.750000000000000000e+03
8.760000000000000000e+03
8.761000000000000000e+03
8.762000000000000000e+03
8.763000000000000000e+03
8.765000000000000000e+03
8.767000000000000000e+03
8.768000000000000000e+03
8.771000000000000000e+03
8.772000000000000000e+03
8.776000000000000000e+03
8.777000000000000000e+03
8.778000000000000000e+03
8.782000000000000000e+03
8.783000000000000000e+03
8.785000000000000000e+03
8.786000000000000000e+03
8.798000000000000000e+03
8.801000000000000000e+03
8.806000000000000000e+03
8.811000000000000000e+03
8.845000000000000000e+03
8.846000000000000000e+03
8.855000000000000000e+03
8.856000000000000000e+03
8.862000000000000000e+03
8.882000000000000000e+03
8.896000000000000000e+03
8.928000000000000000e+03
8.936000000000000000e+03
8.938000000000000000e+03
8.943000000000000000e+03
8.963000000000000000e+03
8.969000000000000000e+03
8.979000000000000000e+03
8.987000000000000000e+03
8.993000000000000000e+03
8.995000000000000000e+03
9.020000000000000000e+03
9.026000000000000000e+03
9.067000000000000000e+03
9.101000000000000000e+03
9.304000000000000000e+03
9.317000000000000000e+03
9.318000000000000000e+03
9.320000000000000000e+03
9.328000000000000000e+03
9.329000000000000000e+03
9.334000000000000000e+03
9.337000000000000000e+03
9.348000000000000000e+03
9.356000000000000000e+03
9.360000000000000000e+03
9.369000000000000000e+03
9.372000000000000000e+03
9.373000000000000000e+03
9.374000000000000000e+03
9.377000000000000000e+03
9.378000000000000000e+03
9.380000000000000000e+03
9.383000000000000000e+03
9.385000000000000000e+03
9.386000000000000000e+03
9.391000000000000000e+03
9.397000000000000000e+03
9.401000000000000000e+03
9.403000000000000000e+03
9.409000000000000000e+03
9.415000000000000000e+03
9.422000000000000000e+03
9.424000000000000000e+03
9.438000000000000000e+03
9.447000000000000000e+03
9.454000000000000000e+03
9.457000000000000000e+03
9.508000000000000000e+03
9.525000000000000000e+03
9.530000000000000000e+03
9.534000000000000000e+03
9.546000000000000000e+03
9.566000000000000000e+03
9.613000000000000000e+03
9.624000000000000000e+03
9.666000000000000000e+03
9.677000000000000000e+03
9.692000000000000000e+03
9.707000000000000000e+03
9.747000000000000000e+03
9.760000000000000000e+03
9.783000000000000000e+03
9.788000000000000000e+03
9.798000000000000000e+03
9.818000000000000000e+03
9.830000000000000000e+03
9.839000000000000000e+03
9.869000000000000000e+03
9.891000000000000000e+03
9.905000000000000000e+03
9.906000000000000000e+03
9.909000000000000000e+03
9.918000000000000000e+03
9.919000000000000000e+03
9.922000000000000000e+03
9.923000000000000000e+03
9.929000000000000000e+03
9.930000000000000000e+03
9.949000000000000000e+03
9.959000000000000000e+03
9.972000000000000000e+03
9.980000000000000000e+03
9.983000000000000000e+03
9.987000000000000000e+03
9.993000000000000000e+03
1.004600000000000000e+04
1.005100000000000000e+04
1.006200000000000000e+04
1.007400000000000000e+04
1.008400000000000000e+04
1.010100000000000000e+04
1.010900000000000000e+04
1.011400000000000000e+04
1.012500000000000000e+04
1.014100000000000000e+04
1.014600000000000000e+04
1.015600000000000000e+04
1.015800000000000000e+04
1.016100000000000000e+04
1.016400000000000000e+04
1.020500000000000000e+04
1.021000000000000000e+04
1.021100000000000000e+04
1.021400000000000000e+04
1.021600000000000000e+04
1.021800000000000000e+04
1.021900000000000000e+04
1.022100000000000000e+04
1.022500000000000000e+04
1.023000000000000000e+04
1.023300000000000000e+04
1.023400000000000000e+04
1.023600000000000000e+04
1.023700000000000000e+04
1.023800000000000000e+04
1.023900000000000000e+04
1.024100000000000000e+04
1.024300000000000000e+04
1.026100000000000000e+04
1.028900000000000000e+04
1.029900000000000000e+04
1.030600000000000000e+04
1.030900000000000000e+04
1.031900000000000000e+04
1.032800000000000000e+04
1.034200000000000000e+04
1.036200000000000000e+04
1.041000000000000000e+04
1.045300000000000000e+04
1.045700000000000000e+04
1.045800000000000000e+04
1.048700000000000000e+04
1.049300000000000000e+04
1.059800000000000000e+04
1.060200000000000000e+04
1.060600000000000000e+04
1.062100000000000000e+04
1.064800000000000000e+04
1.067000000000000000e+04
1.068200000000000000e+04
1.068900000000000000e+04
1.069300000000000000e+04
1.072200000000000000e+04
1.073300000000000000e+04
1.073400000000000000e+04
1.073500000000000000e+04
1.073800000000000000e+04
1.073900000000000000e+04
1.075300000000000000e+04
1.075700000000000000e+04
1.076300000000000000e+04
1.076900000000000000e+04
1.077400000000000000e+04
1.077600000000000000e+04
1.077900000000000000e+04
1.078300000000000000e+04
1.078500000000000000e+04
1.078700000000000000e+04
1.078900000000000000e+04
1.079000000000000000e+04
1.079100000000000000e+04
1.079600000000000000e+04
1.079700000000000000e+04
1.079800000000000000e+04
1.080000000000000000e+04
1.080200000000000000e+04
1.080600000000000000e+04
1.081200000000000000e+04
1.081400000000000000e+04
1.081600000000000000e+04
1.083200000000000000e+04
1.083500000000000000e+04
1.084200000000000000e+04
1.084400000000000000e+04
1.084700000000000000e+04
1.085000000000000000e+04
1.085100000000000000e+04
1.085700000000000000e+04
1.086000000000000000e+04
1.086400000000000000e+04
1.086600000000000000e+04
1.086900000000000000e+04
1.087600000000000000e+04
1.087800000000000000e+04
1.088100000000000000e+04
1.088300000000000000e+04
1.088600000000000000e+04
1.088800000000000000e+04
1.089100000000000000e+04
1.089900000000000000e+04
1.090100000000000000e+04
1.090200000000000000e+04
1.090500000000000000e+04
1.090600000000000000e+04
1.090900000000000000e+04
1.091000000000000000e+04
1.091100000000000000e+04
1.091400000000000000e+04
1.091900000000000000e+04
1.092600000000000000e+04
1.092900000000000000e+04
1.093100000000000000e+04
1.093600000000000000e+04
1.094300000000000000e+04
1.094700000000000000e+04
1.094800000000000000e+04
1.094900000000000000e+04
1.095000000000000000e+04
1.095100000000000000e+04
1.095200000000000000e+04
1.095300000000000000e+04
1.095500000000000000e+04
1.095700000000000000e+04
1.095900000000000000e+04
1.096000000000000000e+04
1.096100000000000000e+04
1.096300000000000000e+04
1.096700000000000000e+04
1.096800000000000000e+04
1.097100000000000000e+04
1.097400000000000000e+04
1.097600000000000000e+04
1.097900000000000000e+04
1.098000000000000000e+04
1.098200000000000000e+04
1.098300000000000000e+04
1.098500000000000000e+04
1.098600000000000000e+04
1.098700000000000000e+04
1.099100000000000000e+04
1.099200000000000000e+04
1.099400000000000000e+04
1.099600000000000000e+04
1.099800000000000000e+04
1.100300000000000000e+04
1.102400000000000000e+04
1.104000000000000000e+04
1.104200000000000000e+04
1.105300000000000000e+04
1.107500000000000000e+04
1.108300000000000000e+04
1.110800000000000000e+04
1.113900000000000000e+04
1.114700000000000000e+04
1.115100000000000000e+04
1.117400000000000000e+04
1.117900000000000000e+04
1.143600000000000000e+04
1.170700000000000000e+04
1.172500000000000000e+04
1.191100000000000000e+04
1.212500000000000000e+04
1.219300000000000000e+04
1.262400000000000000e+04
1.268800000000000000e+04
1.328900000000000000e+04
1.341300000000000000e+04
1.365400000000000000e+04
1.365700000000000000e+04
1.367600000000000000e+04
1.367900000000000000e+04
1.368000000000000000e+04
1.368200000000000000e+04
1.368600000000000000e+04
1.368700000000000000e+04
1.368800000000000000e+04
1.369100000000000000e+04
1.369200000000000000e+04
1.369300000000000000e+04
1.369500000000000000e+04
1.369700000000000000e+04
1.369800000000000000e+04
1.370000000000000000e+04
1.370100000000000000e+04
1.370200000000000000e+04
1.371200000000000000e+04
1.375600000000000000e+04
1.378600000000000000e+04
1.380200000000000000e+04
1.380400000000000000e+04
1.380600000000000000e+04
1.381200000000000000e+04
1.381800000000000000e+04
1.381900000000000000e+04
1.383100000000000000e+04
1.383700000000000000e+04
1.384000000000000000e+04
1.384100000000000000e+04
1.384800000000000000e+04
1.385300000000000000e+04
1.385500000000000000e+04
1.385700000000000000e+04
1.386100000000000000e+04
1.387000000000000000e+04
1.387200000000000000e+04
1.387500000000000000e+04
1.387900000000000000e+04
1.388200000000000000e+04
1.388400000000000000e+04
1.389200000000000000e+04
1.389300000000000000e+04
1.389500000000000000e+04
1.389800000000000000e+04
1.390500000000000000e+04
1.390800000000000000e+04
1.391500000000000000e+04
1.392000000000000000e+04
1.392300000000000000e+04
1.392500000000000000e+04
1.392600000000000000e+04
1.392700000000000000e+04
1.392900000000000000e+04
1.393000000000000000e+04
1.393300000000000000e+04
1.393500000000000000e+04
1.394600000000000000e+04
1.394800000000000000e+04
1.395400000000000000e+04
1.397500000000000000e+04
1.397600000000000000e+04
1.398600000000000000e+04
1.399600000000000000e+04
1.401900000000000000e+04
1.402100000000000000e+04
1.402900000000000000e+04
1.403300000000000000e+04
1.403900000000000000e+04
1.404800000000000000e+04
1.404900000000000000e+04
1.405400000000000000e+04
1.405700000000000000e+04
1.405800000000000000e+04
1.405900000000000000e+04
1.409300000000000000e+04
1.409800000000000000e+04
1.411500000000000000e+04
1.411600000000000000e+04
1.411800000000000000e+04
1.411900000000000000e+04
1.412100000000000000e+04
1.412600000000000000e+04
1.413000000000000000e+04
1.413200000000000000e+04
1.413400000000000000e+04
1.413600000000000000e+04
1.413800000000000000e+04
1.414300000000000000e+04
1.414600000000000000e+04
1.414700000000000000e+04
1.415200000000000000e+04
1.415300000000000000e+04
1.416200000000000000e+04
1.416600000000000000e+04
1.417000000000000000e+04
1.417400000000000000e+04
1.417600000000000000e+04
1.418200000000000000e+04
1.419900000000000000e+04
1.423400000000000000e+04
1.423500000000000000e+04
1.424800000000000000e+04
1.425000000000000000e+04
1.425200000000000000e+04
1.425700000000000000e+04
1.426700000000000000e+04
1.426800000000000000e+04
1.427200000000000000e+04
1.427300000000000000e+04
1.427400000000000000e+04
1.427500000000000000e+04
1.427700000000000000e+04
1.427900000000000000e+04
1.428100000000000000e+04
1.428200000000000000e+04
1.428400000000000000e+04
1.428900000000000000e+04
1.429100000000000000e+04
1.429200000000000000e+04
1.429300000000000000e+04
1.429400000000000000e+04
1.429700000000000000e+04
1.430400000000000000e+04
1.430600000000000000e+04
1.430800000000000000e+04
1.430900000000000000e+04
1.431000000000000000e+04
1.431200000000000000e+04
1.431700000000000000e+04
1.431900000000000000e+04
1.432500000000000000e+04
1.433800000000000000e+04
1.434000000000000000e+04
1.434200000000000000e+04
1.434500000000000000e+04
1.434600000000000000e+04
1.434700000000000000e+04
1.437000000000000000e+04
1.438400000000000000e+04
1.438700000000000000e+04
1.439700000000000000e+04
1.440100000000000000e+04
1.440300000000000000e+04
1.441000000000000000e+04
1.442900000000000000e+04
1.449200000000000000e+04
1.449500000000000000e+04
1.449600000000000000e+04
1.451200000000000000e+04
1.452100000000000000e+04
1.454300000000000000e+04
1.455800000000000000e+04
1.456700000000000000e+04
1.456800000000000000e+04
1.456900000000000000e+04
1.457800000000000000e+04
1.457900000000000000e+04
1.458100000000000000e+04
1.458200000000000000e+04
1.458500000000000000e+04
1.459800000000000000e+04
1.460000000000000000e+04
1.465800000000000000e+04
1.466200000000000000e+04
1.466300000000000000e+04
1.468700000000000000e+04
1.469000000000000000e+04
1.469200000000000000e+04
1.469500000000000000e+04
1.469900000000000000e+04
1.470100000000000000e+04
1.470900000000000000e+04
1.472700000000000000e+04
1.473400000000000000e+04
1.474000000000000000e+04
1.474100000000000000e+04
1.474300000000000000e+04
1.475600000000000000e+04
1.479300000000000000e+04
1.480000000000000000e+04
1.480200000000000000e+04
1.480400000000000000e+04
1.483500000000000000e+04
1.483800000000000000e+04
1.484200000000000000e+04
1.486000000000000000e+04
1.486800000000000000e+04
1.487200000000000000e+04
1.487800000000000000e+04
1.488700000000000000e+04
1.490200000000000000e+04
1.491600000000000000e+04
1.491800000000000000e+04
1.493200000000000000e+04
1.493400000000000000e+04
1.498300000000000000e+04
1.499000000000000000e+04
1.499100000000000000e+04
1.499300000000000000e+04
1.500100000000000000e+04
1.500300000000000000e+04
1.501600000000000000e+04
1.503000000000000000e+04
1.503600000000000000e+04
1.504200000000000000e+04
1.507000000000000000e+04
1.508700000000000000e+04
1.512000000000000000e+04
1.518400000000000000e+04
1.523600000000000000e+04
1.527400000000000000e+04
1.527500000000000000e+04
1.529300000000000000e+04
1.530400000000000000e+04
1.531600000000000000e+04
1.531700000000000000e+04
1.532300000000000000e+04
1.533100000000000000e+04
1.533900000000000000e+04
1.539200000000000000e+04
1.542500000000000000e+04
1.543700000000000000e+04
1.570400000000000000e+04
1.570500000000000000e+04
1.570900000000000000e+04
1.571000000000000000e+04
1.573100000000000000e+04
1.573300000000000000e+04
1.573700000000000000e+04
1.573800000000000000e+04
1.574400000000000000e+04
1.574800000000000000e+04
1.574900000000000000e+04
1.579800000000000000e+04
1.580900000000000000e+04
1.581200000000000000e+04
1.582500000000000000e+04
1.584200000000000000e+04
1.584300000000000000e+04
1.584800000000000000e+04
1.585200000000000000e+04
1.587600000000000000e+04
1.594500000000000000e+04
1.598400000000000000e+04
1.607400000000000000e+04
1.610100000000000000e+04
1.610300000000000000e+04
1.610600000000000000e+04
1.611000000000000000e+04
1.611100000000000000e+04
1.611300000000000000e+04
1.611400000000000000e+04
1.611600000000000000e+04
1.612600000000000000e+04
1.612700000000000000e+04
1.612800000000000000e+04
1.613000000000000000e+04
1.615100000000000000e+04
1.616200000000000000e+04
1.616700000000000000e+04
1.617000000000000000e+04
1.617500000000000000e+04
1.617600000000000000e+04
1.617700000000000000e+04
1.618200000000000000e+04
1.618500000000000000e+04
1.630900000000000000e+04
1.634000000000000000e+04
1.635900000000000000e+04
1.640700000000000000e+04
1.644600000000000000e+04
1.647000000000000000e+04
1.651100000000000000e+04
1.657000000000000000e+04
1.657200000000000000e+04
1.657600000000000000e+04
1.657900000000000000e+04
1.658000000000000000e+04
1.658100000000000000e+04
1.658200000000000000e+04
1.658300000000000000e+04
1.658400000000000000e+04
1.658600000000000000e+04
1.658700000000000000e+04
1.658800000000000000e+04
1.658900000000000000e+04
1.659000000000000000e+04
1.659100000000000000e+04
1.659200000000000000e+04
1.659300000000000000e+04
1.659400000000000000e+04
1.659500000000000000e+04
1.659700000000000000e+04
1.659800000000000000e+04
1.659900000000000000e+04
1.660000000000000000e+04
1.660100000000000000e+04
1.660300000000000000e+04
1.660400000000000000e+04
1.660600000000000000e+04
1.661900000000000000e+04
1.662100000000000000e+04
1.662500000000000000e+04
1.663100000000000000e+04
1.664800000000000000e+04
1.665500000000000000e+04
1.666000000000000000e+04
1.666100000000000000e+04
1.666300000000000000e+04
1.667200000000000000e+04
1.667300000000000000e+04
1.667400000000000000e+04
1.668800000000000000e+04
1.669000000000000000e+04
1.669600000000000000e+04
1.669900000000000000e+04
1.670200000000000000e+04
1.671500000000000000e+04
1.672500000000000000e+04
1.672600000000000000e+04
1.672700000000000000e+04
1.672800000000000000e+04
1.674100000000000000e+04
1.674200000000000000e+04
1.674300000000000000e+04
1.676500000000000000e+04
1.676600000000000000e+04
1.677500000000000000e+04
1.678600000000000000e+04
1.679300000000000000e+04
1.679600000000000000e+04
1.679700000000000000e+04
1.679800000000000000e+04
1.680000000000000000e+04
1.680300000000000000e+04
1.680500000000000000e+04
1.681100000000000000e+04
1.684600000000000000e+04
1.687800000000000000e+04
1.689500000000000000e+04
1.694900000000000000e+04
1.697700000000000000e+04
1.698300000000000000e+04
1.703900000000000000e+04
1.706000000000000000e+04
1.707200000000000000e+04
1.708100000000000000e+04
1.708500000000000000e+04
1.712000000000000000e+04
1.713700000000000000e+04
1.715500000000000000e+04
1.717200000000000000e+04
1.718600000000000000e+04
1.721000000000000000e+04
1.730000000000000000e+04
1.734000000000000000e+04
1.734200000000000000e+04
1.735700000000000000e+04
1.738500000000000000e+04
1.760500000000000000e+04
1.766500000000000000e+04
1.769400000000000000e+04
1.770000000000000000e+04
1.782300000000000000e+04
1.783400000000000000e+04
1.785000000000000000e+04
1.788800000000000000e+04
1.795100000000000000e+04
1.795300000000000000e+04
1.796400000000000000e+04
1.797600000000000000e+04
1.817000000000000000e+04
1.819900000000000000e+04
1.822100000000000000e+04
1.823300000000000000e+04
1.831500000000000000e+04
1.841100000000000000e+04
1.841300000000000000e+04
1.842200000000000000e+04
1.846400000000000000e+04
1.849200000000000000e+04
1.849700000000000000e+04
1.849900000000000000e+04
1.850000000000000000e+04
1.850800000000000000e+04
1.851200000000000000e+04
1.851300000000000000e+04
1.852100000000000000e+04
1.852900000000000000e+04
1.853300000000000000e+04
1.855100000000000000e+04
1.856500000000000000e+04
1.856700000000000000e+04
1.857200000000000000e+04
1.858200000000000000e+04
1.858300000000000000e+04
1.859300000000000000e+04
1.860100000000000000e+04
1.860800000000000000e+04
1.861400000000000000e+04
1.861700000000000000e+04
1.862800000000000000e+04
1.862900000000000000e+04
1.863100000000000000e+04
1.864400000000000000e+04
1.864700000000000000e+04
1.864900000000000000e+04
1.865000000000000000e+04
1.865500000000000000e+04
1.865600000000000000e+04
1.865700000000000000e+04
1.866100000000000000e+04
1.866600000000000000e+04
1.866700000000000000e+04
1.867300000000000000e+04
1.867400000000000000e+04
1.867500000000000000e+04
1.867700000000000000e+04
1.867800000000000000e+04
1.867900000000000000e+04
1.868100000000000000e+04
1.868400000000000000e+04
1.868600000000000000e+04
1.868700000000000000e+04
1.868800000000000000e+04
1.870500000000000000e+04
1.871600000000000000e+04
1.871800000000000000e+04
1.872000000000000000e+04
1.872500000000000000e+04
1.873900000000000000e+04
1.874600000000000000e+04
1.877000000000000000e+04
1.878600000000000000e+04
1.879200000000000000e+04
1.880900000000000000e+04
1.881300000000000000e+04
1.881700000000000000e+04
1.884500000000000000e+04
1.895400000000000000e+04
1.899000000000000000e+04
1.903200000000000000e+04
1.903300000000000000e+04
1.907200000000000000e+04
1.907600000000000000e+04
1.908200000000000000e+04
1.908600000000000000e+04
1.909200000000000000e+04
1.916200000000000000e+04
1.925800000000000000e+04
1.927000000000000000e+04
1.927500000000000000e+04
1.928000000000000000e+04
1.928400000000000000e+04
1.929000000000000000e+04
1.929200000000000000e+04
1.930400000000000000e+04
1.930500000000000000e+04
1.930900000000000000e+04
1.932700000000000000e+04
1.932900000000000000e+04
1.933100000000000000e+04
1.933200000000000000e+04
1.933400000000000000e+04
1.933500000000000000e+04
1.933900000000000000e+04
1.934600000000000000e+04
1.934800000000000000e+04
1.934900000000000000e+04
1.935300000000000000e+04
1.935400000000000000e+04
1.935700000000000000e+04
1.936400000000000000e+04
1.937100000000000000e+04
1.937600000000000000e+04
1.938000000000000000e+04
1.938100000000000000e+04
1.938200000000000000e+04
1.938400000000000000e+04
1.938500000000000000e+04
1.938600000000000000e+04
1.939000000000000000e+04
1.939300000000000000e+04
1.939900000000000000e+04
1.940000000000000000e+04
1.940300000000000000e+04
1.944500000000000000e+04
1.945000000000000000e+04
1.945700000000000000e+04
1.948200000000000000e+04
1.949600000000000000e+04
1.969900000000000000e+04
1.979300000000000000e+04
1.979700000000000000e+04
1.985800000000000000e+04
1.989400000000000000e+04
1.990700000000000000e+04
1.994100000000000000e+04
1.994200000000000000e+04
1.994500000000000000e+04
1.994600000000000000e+04
1.994900000000000000e+04
1.997500000000000000e+04
2.001300000000000000e+04
2.001400000000000000e+04
2.002000000000000000e+04
2.002200000000000000e+04
2.002600000000000000e+04
2.002900000000000000e+04
2.003000000000000000e+04
2.004100000000000000e+04
2.004400000000000000e+04
2.021100000000000000e+04
2.022000000000000000e+04
2.026200000000000000e+04
2.031800000000000000e+04
2.032600000000000000e+04
2.034800000000000000e+04
2.045500000000000000e+04
2.054200000000000000e+04
2.054900000000000000e+04
2.062800000000000000e+04
2.063300000000000000e+04
2.067800000000000000e+04
2.068900000000000000e+04
2.072600000000000000e+04
2.073600000000000000e+04
2.074500000000000000e+04
2.076800000000000000e+04
2.076900000000000000e+04
2.086200000000000000e+04
2.086800000000000000e+04
2.087800000000000000e+04
2.091000000000000000e+04
2.092100000000000000e+04
2.101500000000000000e+04
2.102200000000000000e+04
2.104800000000000000e+04
2.105700000000000000e+04
2.106300000000000000e+04
2.113100000000000000e+04
2.114000000000000000e+04
2.119900000000000000e+04
2.120300000000000000e+04
2.127100000000000000e+04
2.132300000000000000e+04
2.133500000000000000e+04
2.149100000000000000e+04
2.149500000000000000e+04
2.152600000000000000e+04
2.184800000000000000e+04
2.185500000000000000e+04
2.185800000000000000e+04
2.186100000000000000e+04
2.187100000000000000e+04
2.187700000000000000e+04
2.188100000000000000e+04
2.188200000000000000e+04
2.190100000000000000e+04
2.193000000000000000e+04
2.193100000000000000e+04
2.193300000000000000e+04
2.196100000000000000e+04
2.196200000000000000e+04
2.196300000000000000e+04
2.196700000000000000e+04
2.198700000000000000e+04
2.202800000000000000e+04
2.205800000000000000e+04
2.209900000000000000e+04
2.212900000000000000e+04
2.217100000000000000e+04
2.223200000000000000e+04
2.229100000000000000e+04
2.230000000000000000e+04
2.230700000000000000e+04
2.231500000000000000e+04
2.232200000000000000e+04
2.232600000000000000e+04
2.233000000000000000e+04
2.233100000000000000e+04
2.233200000000000000e+04
2.233300000000000000e+04
2.233400000000000000e+04
2.233500000000000000e+04
2.233900000000000000e+04
2.234000000000000000e+04
2.234100000000000000e+04
2.234200000000000000e+04
2.234400000000000000e+04
2.234500000000000000e+04
2.234700000000000000e+04
2.234800000000000000e+04
2.235100000000000000e+04
2.235200000000000000e+04
2.235500000000000000e+04
2.235600000000000000e+04
2.235700000000000000e+04
2.236000000000000000e+04
2.236400000000000000e+04
2.236800000000000000e+04
2.237000000000000000e+04
2.237100000000000000e+04
2.237300000000000000e+04
2.237400000000000000e+04
2.237500000000000000e+04
2.237700000000000000e+04
2.238000000000000000e+04
2.238300000000000000e+04
2.238500000000000000e+04
2.238600000000000000e+04
2.238800000000000000e+04
2.239100000000000000e+04
2.239200000000000000e+04
2.239300000000000000e+04
2.239600000000000000e+04
2.239700000000000000e+04
2.239800000000000000e+04
2.239900000000000000e+04
2.240000000000000000e+04
2.240600000000000000e+04
2.244100000000000000e+04
2.245900000000000000e+04
2.247000000000000000e+04
2.265900000000000000e+04
2.266400000000000000e+04
2.272300000000000000e+04
2.272700000000000000e+04
2.282700000000000000e+04
2.282800000000000000e+04
2.283600000000000000e+04
2.283700000000000000e+04
2.293300000000000000e+04
2.293600000000000000e+04
2.309700000000000000e+04
2.313000000000000000e+04
2.313600000000000000e+04
2.316600000000000000e+04
2.316800000000000000e+04
2.322900000000000000e+04
2.328300000000000000e+04
2.332000000000000000e+04
2.332300000000000000e+04
2.333300000000000000e+04
2.335100000000000000e+04
2.348800000000000000e+04
2.351100000000000000e+04
2.351200000000000000e+04
2.351300000000000000e+04
2.351400000000000000e+04
2.351500000000000000e+04
2.351600000000000000e+04
2.359500000000000000e+04
2.359600000000000000e+04
2.360000000000000000e+04
2.360900000000000000e+04
2.361900000000000000e+04
2.362000000000000000e+04
2.362200000000000000e+04
2.362300000000000000e+04
2.363700000000000000e+04
2.364000000000000000e+04
2.374700000000000000e+04
2.375000000000000000e+04
2.375600000000000000e+04
2.376500000000000000e+04
2.377000000000000000e+04
2.377600000000000000e+04
2.377700000000000000e+04
2.378500000000000000e+04
2.378900000000000000e+04
2.381300000000000000e+04
2.381400000000000000e+04
2.381500000000000000e+04
2.381600000000000000e+04
2.381900000000000000e+04
2.382000000000000000e+04
2.382100000000000000e+04
2.382200000000000000e+04
2.382300000000000000e+04
2.382600000000000000e+04
2.382700000000000000e+04
2.382800000000000000e+04
2.382900000000000000e+04
2.383200000000000000e+04
2.383300000000000000e+04
2.383400000000000000e+04
2.383500000000000000e+04
2.383600000000000000e+04
2.384000000000000000e+04
2.384100000000000000e+04
2.384400000000000000e+04
2.384500000000000000e+04
2.384600000000000000e+04
2.384800000000000000e+04
2.385200000000000000e+04
2.395600000000000000e+04
2.395800000000000000e+04
2.404400000000000000e+04
2.407600000000000000e+04
2.409000000000000000e+04
2.409100000000000000e+04
2.409300000000000000e+04
2.417200000000000000e+04
2.417400000000000000e+04
2.417500000000000000e+04
2.417600000000000000e+04
2.417700000000000000e+04
2.417900000000000000e+04
2.424800000000000000e+04
2.425400000000000000e+04
2.426800000000000000e+04
2.428300000000000000e+04
2.428900000000000000e+04
2.429700000000000000e+04
2.433400000000000000e+04
2.435200000000000000e+04
2.435400000000000000e+04
2.435500000000000000e+04
2.435700000000000000e+04
2.436000000000000000e+04
2.438900000000000000e+04
2.445500000000000000e+04
2.446300000000000000e+04
2.450800000000000000e+04
2.457800000000000000e+04
2.458200000000000000e+04
2.461600000000000000e+04
2.466800000000000000e+04
2.469400000000000000e+04
2.471200000000000000e+04
2.473500000000000000e+04
2.473800000000000000e+04
2.474100000000000000e+04
2.475600000000000000e+04
2.478600000000000000e+04
2.478700000000000000e+04
2.483300000000000000e+04
2.484100000000000000e+04
2.484200000000000000e+04
2.489700000000000000e+04
2.494600000000000000e+04
2.495000000000000000e+04
2.495800000000000000e+04
2.496100000000000000e+04
2.498800000000000000e+04
2.501500000000000000e+04
2.502000000000000000e+04
2.503100000000000000e+04
2.504600000000000000e+04
2.505700000000000000e+04
2.505800000000000000e+04
2.508600000000000000e+04
2.513800000000000000e+04
2.514300000000000000e+04
2.522300000000000000e+04
2.522500000000000000e+04
2.523400000000000000e+04
2.524000000000000000e+04
2.525400000000000000e+04
2.527100000000000000e+04
2.527700000000000000e+04
2.529300000000000000e+04
2.529600000000000000e+04
2.529800000000000000e+04
2.530000000000000000e+04
2.530100000000000000e+04
2.530600000000000000e+04
2.535600000000000000e+04
2.536400000000000000e+04
2.538400000000000000e+04
2.544200000000000000e+04
2.545000000000000000e+04
2.545400000000000000e+04
2.545800000000000000e+04
2.545900000000000000e+04
2.547300000000000000e+04
2.547700000000000000e+04
2.549300000000000000e+04
2.550000000000000000e+04
2.551300000000000000e+04
2.551400000000000000e+04
2.551500000000000000e+04
2.555800000000000000e+04
2.556100000000000000e+04
2.556200000000000000e+04
2.557800000000000000e+04
2.558100000000000000e+04
2.558200000000000000e+04
2.560600000000000000e+04
2.561200000000000000e+04
2.563000000000000000e+04
2.564000000000000000e+04
2.565900000000000000e+04
2.567300000000000000e+04
2.568400000000000000e+04
2.568500000000000000e+04
2.572000000000000000e+04
2.574500000000000000e+04
2.574900000000000000e+04
2.575000000000000000e+04
2.575900000000000000e+04
2.576600000000000000e+04
2.577700000000000000e+04
2.578300000000000000e+04
2.579500000000000000e+04
2.579700000000000000e+04
2.579900000000000000e+04
2.580500000000000000e+04
2.580600000000000000e+04
2.580700000000000000e+04
2.583100000000000000e+04
2.583400000000000000e+04
2.584100000000000000e+04
2.584200000000000000e+04
2.584300000000000000e+04
2.584400000000000000e+04
2.584500000000000000e+04
2.590300000000000000e+04
2.590400000000000000e+04
2.593100000000000000e+04
2.595200000000000000e+04
2.595300000000000000e+04
2.595400000000000000e+04
2.597600000000000000e+04
2.599600000000000000e+04
2.599700000000000000e+04
2.599800000000000000e+04
2.601100000000000000e+04
2.605300000000000000e+04
2.605700000000000000e+04
2.607000000000000000e+04
2.608600000000000000e+04
2.608700000000000000e+04
2.609300000000000000e+04
2.609700000000000000e+04
2.612800000000000000e+04
2.613500000000000000e+04
2.613600000000000000e+04
2.613700000000000000e+04
2.613800000000000000e+04
2.615000000000000000e+04
2.615700000000000000e+04
2.615800000000000000e+04
2.615900000000000000e+04
2.616100000000000000e+04
2.616200000000000000e+04
2.617300000000000000e+04
2.617500000000000000e+04
2.618200000000000000e+04
2.621900000000000000e+04
2.622000000000000000e+04
2.622100000000000000e+04
2.622200000000000000e+04
2.625000000000000000e+04
2.626500000000000000e+04
2.627800000000000000e+04
2.629300000000000000e+04
2.629600000000000000e+04
2.630100000000000000e+04
2.630900000000000000e+04
2.635200000000000000e+04
2.635400000000000000e+04
2.635700000000000000e+04
2.635800000000000000e+04
2.635900000000000000e+04
2.636000000000000000e+04
2.636500000000000000e+04
2.636600000000000000e+04
2.636700000000000000e+04
2.636900000000000000e+04
2.637000000000000000e+04
2.637100000000000000e+04
2.637400000000000000e+04
2.637700000000000000e+04
2.637800000000000000e+04
2.638000000000000000e+04
2.638200000000000000e+04
2.638700000000000000e+04
2.640400000000000000e+04
2.640700000000000000e+04
2.640800000000000000e+04
2.640900000000000000e+04
2.642200000000000000e+04
2.642300000000000000e+04
2.642600000000000000e+04
2.643600000000000000e+04
2.643800000000000000e+04
2.643900000000000000e+04
2.644000000000000000e+04
2.644100000000000000e+04
2.645100000000000000e+04
2.646000000000000000e+04
2.646200000000000000e+04
2.654500000000000000e+04
2.655700000000000000e+04
2.658200000000000000e+04
2.658400000000000000e+04
2.659200000000000000e+04
2.660400000000000000e+04
2.661500000000000000e+04
2.662400000000000000e+04
2.662500000000000000e+04
2.662700000000000000e+04
2.663400000000000000e+04
2.664100000000000000e+04
2.664400000000000000e+04
2.665600000000000000e+04
2.665700000000000000e+04
2.665800000000000000e+04
2.667600000000000000e+04
2.667800000000000000e+04
2.669400000000000000e+04
2.670100000000000000e+04
2.675500000000000000e+04
2.676000000000000000e+04
2.676600000000000000e+04
2.677300000000000000e+04
2.679400000000000000e+04
2.679800000000000000e+04
2.681500000000000000e+04
2.681700000000000000e+04
2.681900000000000000e+04
2.683900000000000000e+04
2.684100000000000000e+04
2.686200000000000000e+04
2.688700000000000000e+04
2.688800000000000000e+04
2.688900000000000000e+04
2.697000000000000000e+04
2.697200000000000000e+04
2.697700000000000000e+04
2.697800000000000000e+04
2.698100000000000000e+04
2.698300000000000000e+04
2.698500000000000000e+04
2.699100000000000000e+04
2.699400000000000000e+04
2.699500000000000000e+04
2.701700000000000000e+04
2.702600000000000000e+04
2.703200000000000000e+04
2.703500000000000000e+04
2.704700000000000000e+04
2.704800000000000000e+04
2.704900000000000000e+04
2.705900000000000000e+04
2.706000000000000000e+04
2.706500000000000000e+04
2.706800000000000000e+04
2.708100000000000000e+04
2.710500000000000000e+04
2.711100000000000000e+04
2.715900000000000000e+04
2.718200000000000000e+04
2.718400000000000000e+04
2.718800000000000000e+04
2.719000000000000000e+04
2.721300000000000000e+04
2.723700000000000000e+04
2.725300000000000000e+04
2.726400000000000000e+04
2.727800000000000000e+04
2.732200000000000000e+04
2.736400000000000000e+04
2.737100000000000000e+04
2.738300000000000000e+04
2.738700000000000000e+04
2.738900000000000000e+04
2.739500000000000000e+04
2.740100000000000000e+04
2.740800000000000000e+04
2.740900000000000000e+04
2.746600000000000000e+04
2.751500000000000000e+04
2.753300000000000000e+04
2.753700000000000000e+04
2.756700000000000000e+04
2.757300000000000000e+04
2.759200000000000000e+04
2.760100000000000000e+04
2.760500000000000000e+04
2.761300000000000000e+04
2.762800000000000000e+04
2.762900000000000000e+04
2.765000000000000000e+04
2.769800000000000000e+04
2.771200000000000000e+04
2.773900000000000000e+04
2.774000000000000000e+04
2.774900000000000000e+04
2.777100000000000000e+04
2.777400000000000000e+04
2.784900000000000000e+04
2.785300000000000000e+04
2.786800000000000000e+04
2.787100000000000000e+04
2.787200000000000000e+04
2.787400000000000000e+04
2.787800000000000000e+04
2.790700000000000000e+04
2.791700000000000000e+04
2.792300000000000000e+04
2.798300000000000000e+04
2.798600000000000000e+04
2.822600000000000000e+04
2.854600000000000000e+04
2.856500000000000000e+04
2.865900000000000000e+04
2.866700000000000000e+04
2.867000000000000000e+04
2.867800000000000000e+04
2.868400000000000000e+04
2.874900000000000000e+04
2.875000000000000000e+04
2.883600000000000000e+04
2.886800000000000000e+04
2.887000000000000000e+04
2.888300000000000000e+04
2.888400000000000000e+04
2.888500000000000000e+04
2.888900000000000000e+04
2.890000000000000000e+04
2.890800000000000000e+04
2.894200000000000000e+04
2.897600000000000000e+04
2.897900000000000000e+04
2.898600000000000000e+04
2.900600000000000000e+04
2.903200000000000000e+04
2.903300000000000000e+04
2.904500000000000000e+04
2.905900000000000000e+04
2.906200000000000000e+04
2.906400000000000000e+04
2.907000000000000000e+04
2.907100000000000000e+04
2.909500000000000000e+04
2.909700000000000000e+04
2.910400000000000000e+04
2.911800000000000000e+04
2.912700000000000000e+04
2.915500000000000000e+04
2.917900000000000000e+04
2.920300000000000000e+04
2.920900000000000000e+04
2.921700000000000000e+04
2.921800000000000000e+04
2.922400000000000000e+04
2.922700000000000000e+04
2.922900000000000000e+04
2.923300000000000000e+04
2.924200000000000000e+04
2.924300000000000000e+04
2.924400000000000000e+04
2.926200000000000000e+04
2.926500000000000000e+04
2.927400000000000000e+04
2.927800000000000000e+04
2.928100000000000000e+04
2.928900000000000000e+04
2.929100000000000000e+04
2.929500000000000000e+04
2.930200000000000000e+04
2.930400000000000000e+04
2.930500000000000000e+04
2.930700000000000000e+04
2.930800000000000000e+04
2.931900000000000000e+04
2.932300000000000000e+04
2.932600000000000000e+04
2.933400000000000000e+04
2.933500000000000000e+04
2.935700000000000000e+04
2.938600000000000000e+04
2.939400000000000000e+04
2.939800000000000000e+04
2.941800000000000000e+04
2.942100000000000000e+04
2.942200000000000000e+04
2.944200000000000000e+04
2.944300000000000000e+04
2.946400000000000000e+04
2.946500000000000000e+04
2.949000000000000000e+04
2.950500000000000000e+04
2.951000000000000000e+04
2.952200000000000000e+04
2.954400000000000000e+04
2.956100000000000000e+04
2.956300000000000000e+04
2.956500000000000000e+04
2.956600000000000000e+04
2.956700000000000000e+04
2.957400000000000000e+04
2.958100000000000000e+04
2.958200000000000000e+04
2.958800000000000000e+04
2.959500000000000000e+04
2.960400000000000000e+04
2.960500000000000000e+04
2.960600000000000000e+04
2.960900000000000000e+04
2.961000000000000000e+04
2.962200000000000000e+04
2.962900000000000000e+04
2.963600000000000000e+04
2.964900000000000000e+04
2.965400000000000000e+04
2.965500000000000000e+04
2.965700000000000000e+04
2.967100000000000000e+04
2.968600000000000000e+04
2.969000000000000000e+04
2.969100000000000000e+04
2.970400000000000000e+04
2.972000000000000000e+04
2.972400000000000000e+04
2.972500000000000000e+04
2.973000000000000000e+04
2.973100000000000000e+04
2.973400000000000000e+04
2.974000000000000000e+04
2.974500000000000000e+04
2.975800000000000000e+04
2.976400000000000000e+04
2.976800000000000000e+04
2.977300000000000000e+04
2.980100000000000000e+04
2.980300000000000000e+04
2.980600000000000000e+04
2.981900000000000000e+04
2.982600000000000000e+04
2.984000000000000000e+04
2.985800000000000000e+04
2.988700000000000000e+04
2.988900000000000000e+04
2.989100000000000000e+04
2.989300000000000000e+04
2.989800000000000000e+04
2.990100000000000000e+04
2.990600000000000000e+04
2.991300000000000000e+04
2.991400000000000000e+04
2.992000000000000000e+04
2.992200000000000000e+04
2.993200000000000000e+04
2.994300000000000000e+04
2.996100000000000000e+04
2.998300000000000000e+04
2.998500000000000000e+04
2.998900000000000000e+04
3.000100000000000000e+04
3.003100000000000000e+04
3.003200000000000000e+04
3.003400000000000000e+04
3.004100000000000000e+04
3.004400000000000000e+04
3.005100000000000000e+04
3.005400000000000000e+04
3.005600000000000000e+04
3.006400000000000000e+04
3.007200000000000000e+04
3.008500000000000000e+04
3.010900000000000000e+04
3.012900000000000000e+04
3.013000000000000000e+04
3.015500000000000000e+04
3.015800000000000000e+04
3.016500000000000000e+04
3.018600000000000000e+04
3.019800000000000000e+04
3.019900000000000000e+04
3.020500000000000000e+04
3.020700000000000000e+04
3.023400000000000000e+04
3.023500000000000000e+04
3.025000000000000000e+04
3.025900000000000000e+04
3.027500000000000000e+04
3.027600000000000000e+04
3.027700000000000000e+04
3.028000000000000000e+04
3.028400000000000000e+04
3.028900000000000000e+04
3.029100000000000000e+04
3.032800000000000000e+04
3.033100000000000000e+04
3.033800000000000000e+04
3.035000000000000000e+04
3.035100000000000000e+04
3.035200000000000000e+04
3.035900000000000000e+04
3.037200000000000000e+04
3.039200000000000000e+04
3.042200000000000000e+04
3.042800000000000000e+04
3.043000000000000000e+04
3.044400000000000000e+04
3.045400000000000000e+04
3.045700000000000000e+04
3.045900000000000000e+04
3.046700000000000000e+04
3.046800000000000000e+04
3.048400000000000000e+04
3.048500000000000000e+04
3.048900000000000000e+04
3.050100000000000000e+04
3.050800000000000000e+04
3.052200000000000000e+04
3.054200000000000000e+04
3.055100000000000000e+04
3.057500000000000000e+04
3.057700000000000000e+04
3.058300000000000000e+04
3.059100000000000000e+04
3.060500000000000000e+04
3.060600000000000000e+04
3.061100000000000000e+04
3.066300000000000000e+04
3.067300000000000000e+04
3.068400000000000000e+04
3.078500000000000000e+04
3.078800000000000000e+04
3.078900000000000000e+04
3.079300000000000000e+04
3.079600000000000000e+04
3.079700000000000000e+04
3.079900000000000000e+04
3.080500000000000000e+04
3.080600000000000000e+04
3.080900000000000000e+04
3.081100000000000000e+04
3.081200000000000000e+04
3.081600000000000000e+04
3.081900000000000000e+04
3.082200000000000000e+04
3.082300000000000000e+04
3.082500000000000000e+04
3.082600000000000000e+04
3.082800000000000000e+04
3.083000000000000000e+04
3.083100000000000000e+04
3.083300000000000000e+04
3.083500000000000000e+04
3.084200000000000000e+04
3.084300000000000000e+04
3.084700000000000000e+04
3.085400000000000000e+04
3.085600000000000000e+04
3.085900000000000000e+04
3.086000000000000000e+04
3.086500000000000000e+04
3.086700000000000000e+04
3.086800000000000000e+04
3.086900000000000000e+04
3.087000000000000000e+04
3.087400000000000000e+04
3.087900000000000000e+04
3.088000000000000000e+04
3.089100000000000000e+04
3.094000000000000000e+04
3.102600000000000000e+04
3.104100000000000000e+04
3.105300000000000000e+04
3.105600000000000000e+04
3.111400000000000000e+04
3.111500000000000000e+04
3.112400000000000000e+04
3.112700000000000000e+04
3.113100000000000000e+04
3.113300000000000000e+04
3.120700000000000000e+04
3.121100000000000000e+04
3.129300000000000000e+04
3.133000000000000000e+04
3.134000000000000000e+04
3.140000000000000000e+04
3.141100000000000000e+04
3.143300000000000000e+04
3.144800000000000000e+04
3.145100000000000000e+04
3.145200000000000000e+04
3.146500000000000000e+04
3.146700000000000000e+04
3.149800000000000000e+04
3.151200000000000000e+04
3.151300000000000000e+04
3.152500000000000000e+04
3.152900000000000000e+04
3.153100000000000000e+04
3.155200000000000000e+04
3.156900000000000000e+04
3.174600000000000000e+04
3.176100000000000000e+04
3.179100000000000000e+04
3.183900000000000000e+04
3.186400000000000000e+04
3.188300000000000000e+04
3.191600000000000000e+04
3.194400000000000000e+04
3.194600000000000000e+04
3.194900000000000000e+04
3.195000000000000000e+04
3.195100000000000000e+04
3.195900000000000000e+04
3.196000000000000000e+04
3.196100000000000000e+04
3.196400000000000000e+04
3.196500000000000000e+04
3.197100000000000000e+04
3.197200000000000000e+04
3.197300000000000000e+04
3.197500000000000000e+04
3.197800000000000000e+04
3.198200000000000000e+04
3.198300000000000000e+04
3.198800000000000000e+04
3.198900000000000000e+04
3.199900000000000000e+04
3.211300000000000000e+04
3.211800000000000000e+04
3.212700000000000000e+04
3.213600000000000000e+04
3.214700000000000000e+04
3.215100000000000000e+04
3.217400000000000000e+04
3.218400000000000000e+04
3.218700000000000000e+04
3.225200000000000000e+04
3.225500000000000000e+04
3.225700000000000000e+04
3.234500000000000000e+04
3.247200000000000000e+04
3.248000000000000000e+04
3.248100000000000000e+04
3.248200000000000000e+04
3.248300000000000000e+04
3.248800000000000000e+04
3.249200000000000000e+04
3.249400000000000000e+04
3.249500000000000000e+04
3.249900000000000000e+04
3.250000000000000000e+04
3.250500000000000000e+04
3.254800000000000000e+04
3.255800000000000000e+04
3.256500000000000000e+04
3.259100000000000000e+04
3.262000000000000000e+04
3.262600000000000000e+04
3.263000000000000000e+04
3.264700000000000000e+04
3.265400000000000000e+04
3.266200000000000000e+04
3.282300000000000000e+04
3.283100000000000000e+04
3.283700000000000000e+04
3.284000000000000000e+04
3.284200000000000000e+04
3.284300000000000000e+04
3.284400000000000000e+04
3.284500000000000000e+04
3.284600000000000000e+04
3.284800000000000000e+04
3.284900000000000000e+04
3.285000000000000000e+04
3.285100000000000000e+04
3.285200000000000000e+04
3.285300000000000000e+04
3.285400000000000000e+04
3.285500000000000000e+04
3.285600000000000000e+04
3.285700000000000000e+04
3.285800000000000000e+04
3.286100000000000000e+04
3.286200000000000000e+04
3.286300000000000000e+04
3.286400000000000000e+04
3.286500000000000000e+04
3.286900000000000000e+04
3.287000000000000000e+04
3.287100000000000000e+04
3.287600000000000000e+04
3.287700000000000000e+04
3.287900000000000000e+04
3.288100000000000000e+04
3.288300000000000000e+04
3.288500000000000000e+04
3.288600000000000000e+04
3.288700000000000000e+04
3.288800000000000000e+04
3.288900000000000000e+04
3.289000000000000000e+04
3.289100000000000000e+04
3.289500000000000000e+04
3.289700000000000000e+04
3.290500000000000000e+04
3.290700000000000000e+04
3.290800000000000000e+04
3.290900000000000000e+04
3.291100000000000000e+04
3.291200000000000000e+04
3.291300000000000000e+04
3.291400000000000000e+04
3.291500000000000000e+04
3.291600000000000000e+04
3.291700000000000000e+04
3.291800000000000000e+04
3.292000000000000000e+04
3.292100000000000000e+04
3.292200000000000000e+04
3.292300000000000000e+04
3.292400000000000000e+04
3.292600000000000000e+04
3.292800000000000000e+04
3.292900000000000000e+04
3.293000000000000000e+04
3.293200000000000000e+04
3.293600000000000000e+04
3.293900000000000000e+04
3.294100000000000000e+04
3.294200000000000000e+04
3.294400000000000000e+04
3.294500000000000000e+04
3.294600000000000000e+04
3.295000000000000000e+04
3.295100000000000000e+04
3.295200000000000000e+04
3.295800000000000000e+04
3.295900000000000000e+04
3.296000000000000000e+04
3.296300000000000000e+04
3.296400000000000000e+04
3.296800000000000000e+04
3.297000000000000000e+04
3.297100000000000000e+04
3.297200000000000000e+04
3.297300000000000000e+04
3.297400000000000000e+04
3.297800000000000000e+04
3.298000000000000000e+04
3.298200000000000000e+04
3.298500000000000000e+04
3.298700000000000000e+04
3.298900000000000000e+04
3.309500000000000000e+04
3.310600000000000000e+04
3.311500000000000000e+04
3.313500000000000000e+04
3.315000000000000000e+04
3.315200000000000000e+04
3.315500000000000000e+04
3.315900000000000000e+04
3.318100000000000000e+04
3.318300000000000000e+04
3.318400000000000000e+04
3.322200000000000000e+04
3.327300000000000000e+04
3.329300000000000000e+04
3.329600000000000000e+04
3.330400000000000000e+04
3.331200000000000000e+04
3.362600000000000000e+04
3.364800000000000000e+04
3.371500000000000000e+04
3.371600000000000000e+04
3.371800000000000000e+04
3.372500000000000000e+04
3.373000000000000000e+04
3.373100000000000000e+04
3.373500000000000000e+04
3.373600000000000000e+04
3.378700000000000000e+04
3.379200000000000000e+04
3.388400000000000000e+04
3.388800000000000000e+04
3.390300000000000000e+04
3.390500000000000000e+04
3.390600000000000000e+04
3.391000000000000000e+04
3.391100000000000000e+04
3.391200000000000000e+04
3.391300000000000000e+04
3.391400000000000000e+04
3.391500000000000000e+04
3.394800000000000000e+04
3.395600000000000000e+04
3.396400000000000000e+04
3.398700000000000000e+04
3.402300000000000000e+04
3.402700000000000000e+04
3.402800000000000000e+04
3.404500000000000000e+04
3.415200000000000000e+04
3.416700000000000000e+04
3.453500000000000000e+04
3.455600000000000000e+04
3.455700000000000000e+04
3.455900000000000000e+04
3.457000000000000000e+04
3.464600000000000000e+04
3.466600000000000000e+04
3.475500000000000000e+04
3.475700000000000000e+04
3.475900000000000000e+04
3.476000000000000000e+04
3.476400000000000000e+04
3.476600000000000000e+04
3.477100000000000000e+04
3.477800000000000000e+04
3.478300000000000000e+04
3.478400000000000000e+04
3.478500000000000000e+04
3.478600000000000000e+04
3.479200000000000000e+04
3.479400000000000000e+04
3.479500000000000000e+04
3.479600000000000000e+04
3.479700000000000000e+04
3.479800000000000000e+04
3.480100000000000000e+04
3.480300000000000000e+04
3.480400000000000000e+04
3.480500000000000000e+04
3.481000000000000000e+04
3.481300000000000000e+04
3.481400000000000000e+04
3.481600000000000000e+04
3.481700000000000000e+04
3.481800000000000000e+04
3.481900000000000000e+04
3.482000000000000000e+04
3.482100000000000000e+04
3.482200000000000000e+04
3.482300000000000000e+04
3.483700000000000000e+04
3.483900000000000000e+04
3.484200000000000000e+04
3.484300000000000000e+04
3.484800000000000000e+04
3.484900000000000000e+04
3.485100000000000000e+04
3.485300000000000000e+04
3.485500000000000000e+04
3.485600000000000000e+04
3.485800000000000000e+04
3.485900000000000000e+04
3.486000000000000000e+04
3.486100000000000000e+04
3.486200000000000000e+04
3.486300000000000000e+04
3.486500000000000000e+04
3.486600000000000000e+04
3.486700000000000000e+04
3.486900000000000000e+04
3.487000000000000000e+04
3.487200000000000000e+04
3.487300000000000000e+04
3.487400000000000000e+04
3.487500000000000000e+04
3.487700000000000000e+04
3.487900000000000000e+04
3.488000000000000000e+04
3.488300000000000000e+04
3.488400000000000000e+04
3.488600000000000000e+04
3.488700000000000000e+04
3.489000000000000000e+04
3.489200000000000000e+04
3.489400000000000000e+04
3.489700000000000000e+04
3.498900000000000000e+04
3.501300000000000000e+04
3.501400000000000000e+04
3.501600000000000000e+04
3.501700000000000000e+04
3.501900000000000000e+04
3.502000000000000000e+04
3.502200000000000000e+04
3.502900000000000000e+04
3.503400000000000000e+04
3.503700000000000000e+04
3.504600000000000000e+04
3.506100000000000000e+04
3.506400000000000000e+04
3.506800000000000000e+04
3.510700000000000000e+04
3.510800000000000000e+04
3.511800000000000000e+04
3.512800000000000000e+04
3.512900000000000000e+04
3.513100000000000000e+04
3.513600000000000000e+04
3.515300000000000000e+04
3.515600000000000000e+04
3.517400000000000000e+04
3.518000000000000000e+04
3.519800000000000000e+04
3.520100000000000000e+04
3.525600000000000000e+04
3.527600000000000000e+04
3.531000000000000000e+04
3.535100000000000000e+04
3.569600000000000000e+04
3.569800000000000000e+04
3.572800000000000000e+04
3.574500000000000000e+04
3.575500000000000000e+04
3.575900000000000000e+04
3.576000000000000000e+04
3.576200000000000000e+04
3.581500000000000000e+04
3.583300000000000000e+04
3.584700000000000000e+04
3.587200000000000000e+04
3.590900000000000000e+04
3.593200000000000000e+04
3.593300000000000000e+04
3.593400000000000000e+04
3.593600000000000000e+04
3.593800000000000000e+04
3.594100000000000000e+04
3.594300000000000000e+04
3.594400000000000000e+04
3.594600000000000000e+04
3.594700000000000000e+04
3.597300000000000000e+04
3.597800000000000000e+04
3.597900000000000000e+04
3.598200000000000000e+04
3.599700000000000000e+04
3.600400000000000000e+04
3.600500000000000000e+04
3.601400000000000000e+04
3.604100000000000000e+04
3.604700000000000000e+04
3.605200000000000000e+04
3.605300000000000000e+04
3.605600000000000000e+04
3.605700000000000000e+04
3.613500000000000000e+04
3.616400000000000000e+04
3.616500000000000000e+04
3.616600000000000000e+04
3.616900000000000000e+04
3.617300000000000000e+04
3.617800000000000000e+04
3.618000000000000000e+04
3.618400000000000000e+04
3.618900000000000000e+04
3.619200000000000000e+04
3.619300000000000000e+04
3.619600000000000000e+04
3.619700000000000000e+04
3.620000000000000000e+04
3.620200000000000000e+04
3.620400000000000000e+04
3.620700000000000000e+04
3.620800000000000000e+04
3.621200000000000000e+04
3.621300000000000000e+04
3.621400000000000000e+04
3.621700000000000000e+04
3.621800000000000000e+04
3.622200000000000000e+04
3.622700000000000000e+04
3.632800000000000000e+04
3.634200000000000000e+04
3.637700000000000000e+04
3.638100000000000000e+04
3.639800000000000000e+04
3.640600000000000000e+04
3.640800000000000000e+04
3.640900000000000000e+04
3.641000000000000000e+04
3.641500000000000000e+04
3.641700000000000000e+04
3.642300000000000000e+04
3.642900000000000000e+04
3.643500000000000000e+04
3.643900000000000000e+04
3.644100000000000000e+04
3.644900000000000000e+04
3.645100000000000000e+04
3.650900000000000000e+04
3.651000000000000000e+04
3.651300000000000000e+04
3.652500000000000000e+04
3.703900000000000000e+04
3.705300000000000000e+04
3.705400000000000000e+04
3.717600000000000000e+04
3.719400000000000000e+04
3.720100000000000000e+04
3.720600000000000000e+04
3.720700000000000000e+04
3.721100000000000000e+04
3.721300000000000000e+04
3.725300000000000000e+04
3.725800000000000000e+04
3.726000000000000000e+04
3.726700000000000000e+04
3.726800000000000000e+04
3.727200000000000000e+04
3.727600000000000000e+04
3.727900000000000000e+04
3.728200000000000000e+04
3.728300000000000000e+04
3.728400000000000000e+04
3.728500000000000000e+04
3.728800000000000000e+04
3.729400000000000000e+04
3.729500000000000000e+04
3.729700000000000000e+04
3.729800000000000000e+04
3.730100000000000000e+04
3.730300000000000000e+04
3.731000000000000000e+04
3.731200000000000000e+04
3.731300000000000000e+04
3.732200000000000000e+04
3.735900000000000000e+04
3.736200000000000000e+04
3.736300000000000000e+04
3.737100000000000000e+04
3.738300000000000000e+04
3.753800000000000000e+04
3.755300000000000000e+04
3.756200000000000000e+04
3.762900000000000000e+04
3.769300000000000000e+04
3.782900000000000000e+04
3.784900000000000000e+04
3.785000000000000000e+04
3.785200000000000000e+04
3.785800000000000000e+04
3.785900000000000000e+04
3.786300000000000000e+04
3.788100000000000000e+04
3.788300000000000000e+04
3.788500000000000000e+04
3.788700000000000000e+04
3.789000000000000000e+04
3.789500000000000000e+04
3.789800000000000000e+04
3.789900000000000000e+04
3.790000000000000000e+04
3.790500000000000000e+04
3.790600000000000000e+04
3.790700000000000000e+04
3.791000000000000000e+04
3.791200000000000000e+04
3.791300000000000000e+04
3.791400000000000000e+04
3.791500000000000000e+04
3.791700000000000000e+04
3.792100000000000000e+04
3.792200000000000000e+04
3.792500000000000000e+04
3.793100000000000000e+04
3.793500000000000000e+04
3.793800000000000000e+04
3.794000000000000000e+04
3.794500000000000000e+04
3.795000000000000000e+04
3.795500000000000000e+04
3.796400000000000000e+04
3.796600000000000000e+04
3.796800000000000000e+04
3.796900000000000000e+04
3.799000000000000000e+04
3.799200000000000000e+04
3.800600000000000000e+04
3.801000000000000000e+04
3.801600000000000000e+04
3.802100000000000000e+04
3.803800000000000000e+04
3.804800000000000000e+04
3.805300000000000000e+04
3.805600000000000000e+04
3.806500000000000000e+04
3.810600000000000000e+04
3.810900000000000000e+04
3.811000000000000000e+04
3.812300000000000000e+04
3.816300000000000000e+04
3.818200000000000000e+04
3.819600000000000000e+04
3.823800000000000000e+04
3.825000000000000000e+04
3.828900000000000000e+04
3.829300000000000000e+04
3.829800000000000000e+04
3.835000000000000000e+04
3.835400000000000000e+04
3.835600000000000000e+04
3.835900000000000000e+04
3.836000000000000000e+04
3.836300000000000000e+04
3.836600000000000000e+04
3.837100000000000000e+04
3.837600000000000000e+04
3.837700000000000000e+04
3.838100000000000000e+04
3.838200000000000000e+04
3.838500000000000000e+04
3.838700000000000000e+04
3.839400000000000000e+04
3.840100000000000000e+04
3.840200000000000000e+04
3.840500000000000000e+04
3.841100000000000000e+04
3.841300000000000000e+04
3.841900000000000000e+04
3.870000000000000000e+04
3.871600000000000000e+04
3.872800000000000000e+04
3.875300000000000000e+04
3.877400000000000000e+04
3.877600000000000000e+04
3.879700000000000000e+04
3.879800000000000000e+04
3.879900000000000000e+04
3.880300000000000000e+04
3.885600000000000000e+04
3.885700000000000000e+04
3.885800000000000000e+04
3.888100000000000000e+04
3.888600000000000000e+04
3.889700000000000000e+04
3.893500000000000000e+04
3.894400000000000000e+04
3.896000000000000000e+04
3.899100000000000000e+04
3.905200000000000000e+04
3.905500000000000000e+04
3.911900000000000000e+04
3.912000000000000000e+04
3.912200000000000000e+04
3.913100000000000000e+04
3.913400000000000000e+04
3.919100000000000000e+04
3.921100000000000000e+04
3.927600000000000000e+04
3.928900000000000000e+04
3.932800000000000000e+04
3.934700000000000000e+04
3.942300000000000000e+04
3.944400000000000000e+04
3.948600000000000000e+04
3.948700000000000000e+04
3.951800000000000000e+04
3.953700000000000000e+04
3.953800000000000000e+04
3.953900000000000000e+04
3.954100000000000000e+04
3.954200000000000000e+04
3.954400000000000000e+04
3.954500000000000000e+04
3.954600000000000000e+04
3.954700000000000000e+04
3.954800000000000000e+04
3.960300000000000000e+04
3.960800000000000000e+04
3.960900000000000000e+04
3.961000000000000000e+04
3.961300000000000000e+04
3.962300000000000000e+04
3.963600000000000000e+04
3.963800000000000000e+04
3.963900000000000000e+04
3.964000000000000000e+04
3.965000000000000000e+04
3.965700000000000000e+04
3.967900000000000000e+04
3.968100000000000000e+04
3.968700000000000000e+04
3.968900000000000000e+04
3.969000000000000000e+04
3.969100000000000000e+04
3.969300000000000000e+04
3.969500000000000000e+04
3.970500000000000000e+04
3.970700000000000000e+04
3.971100000000000000e+04
3.971500000000000000e+04
3.972000000000000000e+04
3.972500000000000000e+04
3.972600000000000000e+04
3.972700000000000000e+04
3.972900000000000000e+04
3.973100000000000000e+04
3.973300000000000000e+04
3.973400000000000000e+04
3.973500000000000000e+04
3.973800000000000000e+04
3.973900000000000000e+04
3.974000000000000000e+04
3.974100000000000000e+04
3.974400000000000000e+04
3.975100000000000000e+04
3.975400000000000000e+04
3.975700000000000000e+04
3.975800000000000000e+04
3.975900000000000000e+04
3.976300000000000000e+04
3.976400000000000000e+04
3.976600000000000000e+04
3.976900000000000000e+04
3.977600000000000000e+04
3.977700000000000000e+04
3.977900000000000000e+04
3.979300000000000000e+04
3.979600000000000000e+04
3.980600000000000000e+04
3.980900000000000000e+04
3.981400000000000000e+04
3.981700000000000000e+04
3.982100000000000000e+04
3.982800000000000000e+04
3.983000000000000000e+04
3.983100000000000000e+04
3.984000000000000000e+04
3.984500000000000000e+04
3.984700000000000000e+04
3.995100000000000000e+04
3.995200000000000000e+04
3.999200000000000000e+04
3.999900000000000000e+04
4.000300000000000000e+04
4.000700000000000000e+04
4.001100000000000000e+04
4.003600000000000000e+04
4.003700000000000000e+04
4.011700000000000000e+04
4.012200000000000000e+04
4.015000000000000000e+04
4.016200000000000000e+04
4.016300000000000000e+04
4.016700000000000000e+04
4.021000000000000000e+04
4.021200000000000000e+04
4.021400000000000000e+04
4.022800000000000000e+04
4.032500000000000000e+04
4.034400000000000000e+04
4.034800000000000000e+04
4.034900000000000000e+04
4.048400000000000000e+04
4.050000000000000000e+04
4.051500000000000000e+04
4.053500000000000000e+04
4.055300000000000000e+04
4.059200000000000000e+04
4.060000000000000000e+04
4.060200000000000000e+04
4.060800000000000000e+04
4.060900000000000000e+04
4.065000000000000000e+04
4.065100000000000000e+04
4.065300000000000000e+04
4.068200000000000000e+04
4.068300000000000000e+04
4.068600000000000000e+04
4.069900000000000000e+04
4.070200000000000000e+04
4.070300000000000000e+04
4.070600000000000000e+04
4.079100000000000000e+04
4.079300000000000000e+04
4.083100000000000000e+04
4.086800000000000000e+04
4.086900000000000000e+04
4.087000000000000000e+04
4.088600000000000000e+04
4.090800000000000000e+04
4.090900000000000000e+04
4.091200000000000000e+04
4.091800000000000000e+04
4.095200000000000000e+04
4.098200000000000000e+04
4.099500000000000000e+04
4.099700000000000000e+04
4.100400000000000000e+04
4.100900000000000000e+04
4.101200000000000000e+04
4.101400000000000000e+04
4.101500000000000000e+04
4.101700000000000000e+04
4.102400000000000000e+04
4.102500000000000000e+04
4.102600000000000000e+04
4.102700000000000000e+04
4.102800000000000000e+04
4.102900000000000000e+04
4.103400000000000000e+04
4.103500000000000000e+04
4.104600000000000000e+04
4.106100000000000000e+04
4.108100000000000000e+04
4.108300000000000000e+04
4.108700000000000000e+04
4.109300000000000000e+04
4.109400000000000000e+04
4.109700000000000000e+04
4.110000000000000000e+04
4.112900000000000000e+04
4.114700000000000000e+04
4.114800000000000000e+04
4.115400000000000000e+04
4.115900000000000000e+04
4.116500000000000000e+04
4.117100000000000000e+04
4.117200000000000000e+04
4.118700000000000000e+04
4.118900000000000000e+04
4.119000000000000000e+04
4.120100000000000000e+04
4.120600000000000000e+04
4.121100000000000000e+04
4.121200000000000000e+04
4.121400000000000000e+04
4.121800000000000000e+04
4.122200000000000000e+04
4.123100000000000000e+04
4.123400000000000000e+04
4.123900000000000000e+04
4.124200000000000000e+04
4.124400000000000000e+04
4.125100000000000000e+04
4.126600000000000000e+04
4.126700000000000000e+04
4.127200000000000000e+04
4.127300000000000000e+04
4.127400000000000000e+04
4.128900000000000000e+04
4.129500000000000000e+04
4.129600000000000000e+04
4.130000000000000000e+04
4.130200000000000000e+04
4.131200000000000000e+04
4.131500000000000000e+04
4.131900000000000000e+04
4.132400000000000000e+04
4.132700000000000000e+04
4.132800000000000000e+04
4.134500000000000000e+04
4.135100000000000000e+04
4.135600000000000000e+04
4.136300000000000000e+04
4.136600000000000000e+04
4.137100000000000000e+04
4.137300000000000000e+04
4.137500000000000000e+04
4.138000000000000000e+04
4.138200000000000000e+04
4.138300000000000000e+04
4.138500000000000000e+04
4.140900000000000000e+04
4.141600000000000000e+04
4.142200000000000000e+04
4.142500000000000000e+04
4.143000000000000000e+04
4.143800000000000000e+04
4.144000000000000000e+04
4.145000000000000000e+04
4.145100000000000000e+04
4.145800000000000000e+04
4.146700000000000000e+04
4.147400000000000000e+04
4.149200000000000000e+04
4.149300000000000000e+04
4.149700000000000000e+04
4.150400000000000000e+04
4.152400000000000000e+04
4.153300000000000000e+04
4.153400000000000000e+04
