4.200000000000000000e+01
8.000000000000000000e+01
9.800000000000000000e+01
1.090000000000000000e+02
1.100000000000000000e+02
1.390000000000000000e+02
1.420000000000000000e+02
1.450000000000000000e+02
1.490000000000000000e+02
1.720000000000000000e+02
1.760000000000000000e+02
2.510000000000000000e+02
2.820000000000000000e+02
3.160000000000000000e+02
3.190000000000000000e+02
3.460000000000000000e+02
3.610000000000000000e+02
3.930000000000000000e+02
4.010000000000000000e+02
4.300000000000000000e+02
4.340000000000000000e+02
4.360000000000000000e+02
4.420000000000000000e+02
4.490000000000000000e+02
4.540000000000000000e+02
4.560000000000000000e+02
4.570000000000000000e+02
4.580000000000000000e+02
4.650000000000000000e+02
4.700000000000000000e+02
4.710000000000000000e+02
4.720000000000000000e+02
4.730000000000000000e+02
4.740000000000000000e+02
4.750000000000000000e+02
4.770000000000000000e+02
4.780000000000000000e+02
4.790000000000000000e+02
4.810000000000000000e+02
4.820000000000000000e+02
4.830000000000000000e+02
4.840000000000000000e+02
4.860000000000000000e+02
4.870000000000000000e+02
4.880000000000000000e+02
4.890000000000000000e+02
4.900000000000000000e+02
4.920000000000000000e+02
4.930000000000000000e+02
4.940000000000000000e+02
4.950000000000000000e+02
4.980000000000000000e+02
4.990000000000000000e+02
5.000000000000000000e+02
5.010000000000000000e+02
5.020000000000000000e+02
5.040000000000000000e+02
5.050000000000000000e+02
5.060000000000000000e+02
5.070000000000000000e+02
5.170000000000000000e+02
5.210000000000000000e+02
5.230000000000000000e+02
5.240000000000000000e+02
5.260000000000000000e+02
5.270000000000000000e+02
5.320000000000000000e+02
5.360000000000000000e+02
5.480000000000000000e+02
5.570000000000000000e+02
5.580000000000000000e+02
5.700000000000000000e+02
5.710000000000000000e+02
5.760000000000000000e+02
5.840000000000000000e+02
6.230000000000000000e+02
6.310000000000000000e+02
6.440000000000000000e+02
6.480000000000000000e+02
6.660000000000000000e+02
6.680000000000000000e+02
6.710000000000000000e+02
6.780000000000000000e+02
6.800000000000000000e+02
6.860000000000000000e+02
6.990000000000000000e+02
7.150000000000000000e+02
7.160000000000000000e+02
7.200000000000000000e+02
7.240000000000000000e+02
7.310000000000000000e+02
7.440000000000000000e+02
7.450000000000000000e+02
7.710000000000000000e+02
7.730000000000000000e+02
7.790000000000000000e+02
7.890000000000000000e+02
7.910000000000000000e+02
7.940000000000000000e+02
8.010000000000000000e+02
8.200000000000000000e+02
8.710000000000000000e+02
8.750000000000000000e+02
8.790000000000000000e+02
8.800000000000000000e+02
8.810000000000000000e+02
9.490000000000000000e+02
9.550000000000000000e+02
1.048000000000000000e+03
1.070000000000000000e+03
1.071000000000000000e+03
1.073000000000000000e+03
1.099000000000000000e+03
1.144000000000000000e+03
1.155000000000000000e+03
1.160000000000000000e+03
1.167000000000000000e+03
1.169000000000000000e+03
1.170000000000000000e+03
1.180000000000000000e+03
1.208000000000000000e+03
1.218000000000000000e+03
1.220000000000000000e+03
1.261000000000000000e+03
1.291000000000000000e+03
1.292000000000000000e+03
1.295000000000000000e+03
1.308000000000000000e+03
1.312000000000000000e+03
1.316000000000000000e+03
1.319000000000000000e+03
1.321000000000000000e+03
1.323000000000000000e+03
1.324000000000000000e+03
1.358000000000000000e+03
1.371000000000000000e+03
1.456000000000000000e+03
1.523000000000000000e+03
1.531000000000000000e+03
1.546000000000000000e+03
1.551000000000000000e+03
1.563000000000000000e+03
1.613000000000000000e+03
1.628000000000000000e+03
1.653000000000000000e+03
1.658000000000000000e+03
1.665000000000000000e+03
1.692000000000000000e+03
1.700000000000000000e+03
1.719000000000000000e+03
1.720000000000000000e+03
1.730000000000000000e+03
1.735000000000000000e+03
1.743000000000000000e+03
1.746000000000000000e+03
1.749000000000000000e+03
1.751000000000000000e+03
1.752000000000000000e+03
1.754000000000000000e+03
1.756000000000000000e+03
1.758000000000000000e+03
1.763000000000000000e+03
1.769000000000000000e+03
1.771000000000000000e+03
1.779000000000000000e+03
1.781000000000000000e+03
1.788000000000000000e+03
1.792000000000000000e+03
1.800000000000000000e+03
1.806000000000000000e+03
1.813000000000000000e+03
1.815000000000000000e+03
1.816000000000000000e+03
1.818000000000000000e+03
1.820000000000000000e+03
1.826000000000000000e+03
1.832000000000000000e+03
1.842000000000000000e+03
1.843000000000000000e+03
1.854000000000000000e+03
1.858000000000000000e+03
1.875000000000000000e+03
1.880000000000000000e+03
1.881000000000000000e+03
1.883000000000000000e+03
1.898000000000000000e+03
1.913000000000000000e+03
1.915000000000000000e+03
1.924000000000000000e+03
1.931000000000000000e+03
1.938000000000000000e+03
1.939000000000000000e+03
1.963000000000000000e+03
1.999000000000000000e+03
2.003000000000000000e+03
2.004000000000000000e+03
2.005000000000000000e+03
2.006000000000000000e+03
2.015000000000000000e+03
2.020000000000000000e+03
2.021000000000000000e+03
2.057000000000000000e+03
2.058000000000000000e+03
2.063000000000000000e+03
2.068000000000000000e+03
2.070000000000000000e+03
2.072000000000000000e+03
2.073000000000000000e+03
2.093000000000000000e+03
2.102000000000000000e+03
2.103000000000000000e+03
2.111000000000000000e+03
2.122000000000000000e+03
2.125000000000000000e+03
2.128000000000000000e+03
2.130000000000000000e+03
2.137000000000000000e+03
2.140000000000000000e+03
2.143000000000000000e+03
2.144000000000000000e+03
2.153000000000000000e+03
2.156000000000000000e+03
2.159000000000000000e+03
2.165000000000000000e+03
2.170000000000000000e+03
2.173000000000000000e+03
2.174000000000000000e+03
2.175000000000000000e+03
2.177000000000000000e+03
2.180000000000000000e+03
2.183000000000000000e+03
2.184000000000000000e+03
2.185000000000000000e+03
2.190000000000000000e+03
2.192000000000000000e+03
2.197000000000000000e+03
2.201000000000000000e+03
2.204000000000000000e+03
2.209000000000000000e+03
2.213000000000000000e+03
2.215000000000000000e+03
2.219000000000000000e+03
2.223000000000000000e+03
2.224000000000000000e+03
2.232000000000000000e+03
2.236000000000000000e+03
2.238000000000000000e+03
2.245000000000000000e+03
2.252000000000000000e+03
2.257000000000000000e+03
2.260000000000000000e+03
2.273000000000000000e+03
2.278000000000000000e+03
2.283000000000000000e+03
2.284000000000000000e+03
2.286000000000000000e+03
2.288000000000000000e+03
2.291000000000000000e+03
2.295000000000000000e+03
2.296000000000000000e+03
2.297000000000000000e+03
2.298000000000000000e+03
2.303000000000000000e+03
2.304000000000000000e+03
2.309000000000000000e+03
2.310000000000000000e+03
2.311000000000000000e+03
2.313000000000000000e+03
2.316000000000000000e+03
2.325000000000000000e+03
2.327000000000000000e+03
2.328000000000000000e+03
2.335000000000000000e+03
2.337000000000000000e+03
2.338000000000000000e+03
2.340000000000000000e+03
2.344000000000000000e+03
2.348000000000000000e+03
2.350000000000000000e+03
2.351000000000000000e+03
2.357000000000000000e+03
2.359000000000000000e+03
2.369000000000000000e+03
2.370000000000000000e+03
2.371000000000000000e+03
2.373000000000000000e+03
2.374000000000000000e+03
2.376000000000000000e+03
2.379000000000000000e+03
2.381000000000000000e+03
2.382000000000000000e+03
2.394000000000000000e+03
2.397000000000000000e+03
2.398000000000000000e+03
2.402000000000000000e+03
2.410000000000000000e+03
2.411000000000000000e+03
2.418000000000000000e+03
2.425000000000000000e+03
2.430000000000000000e+03
2.439000000000000000e+03
2.446000000000000000e+03
2.493000000000000000e+03
2.500000000000000000e+03
2.507000000000000000e+03
2.510000000000000000e+03
2.511000000000000000e+03
2.512000000000000000e+03
2.513000000000000000e+03
2.514000000000000000e+03
2.515000000000000000e+03
2.516000000000000000e+03
2.517000000000000000e+03
2.526000000000000000e+03
2.527000000000000000e+03
2.528000000000000000e+03
2.529000000000000000e+03
2.530000000000000000e+03
2.537000000000000000e+03
2.539000000000000000e+03
2.541000000000000000e+03
2.543000000000000000e+03
2.544000000000000000e+03
2.545000000000000000e+03
2.546000000000000000e+03
2.547000000000000000e+03
2.548000000000000000e+03
2.552000000000000000e+03
2.553000000000000000e+03
2.554000000000000000e+03
2.555000000000000000e+03
2.556000000000000000e+03
2.557000000000000000e+03
2.559000000000000000e+03
2.560000000000000000e+03
2.561000000000000000e+03
2.562000000000000000e+03
2.564000000000000000e+03
2.568000000000000000e+03
2.569000000000000000e+03
2.573000000000000000e+03
2.580000000000000000e+03
2.583000000000000000e+03
2.584000000000000000e+03
2.585000000000000000e+03
2.586000000000000000e+03
2.587000000000000000e+03
2.588000000000000000e+03
2.591000000000000000e+03
2.592000000000000000e+03
2.594000000000000000e+03
2.596000000000000000e+03
2.597000000000000000e+03
2.599000000000000000e+03
2.603000000000000000e+03
2.607000000000000000e+03
2.612000000000000000e+03
2.614000000000000000e+03
2.621000000000000000e+03
2.626000000000000000e+03
2.627000000000000000e+03
2.629000000000000000e+03
2.632000000000000000e+03
2.633000000000000000e+03
2.636000000000000000e+03
2.658000000000000000e+03
2.659000000000000000e+03
2.662000000000000000e+03
2.663000000000000000e+03
2.665000000000000000e+03
2.666000000000000000e+03
2.667000000000000000e+03
2.668000000000000000e+03
2.672000000000000000e+03
2.673000000000000000e+03
2.674000000000000000e+03
2.676000000000000000e+03
2.677000000000000000e+03
2.678000000000000000e+03
2.679000000000000000e+03
2.680000000000000000e+03
2.686000000000000000e+03
2.687000000000000000e+03
2.693000000000000000e+03
2.694000000000000000e+03
2.695000000000000000e+03
2.696000000000000000e+03
2.698000000000000000e+03
2.699000000000000000e+03
2.702000000000000000e+03
2.705000000000000000e+03
2.706000000000000000e+03
2.707000000000000000e+03
2.708000000000000000e+03
2.709000000000000000e+03
2.710000000000000000e+03
2.715000000000000000e+03
2.716000000000000000e+03
2.721000000000000000e+03
2.722000000000000000e+03
2.723000000000000000e+03
2.725000000000000000e+03
2.732000000000000000e+03
2.736000000000000000e+03
2.737000000000000000e+03
2.747000000000000000e+03
2.753000000000000000e+03
2.774000000000000000e+03
2.775000000000000000e+03
2.783000000000000000e+03
2.788000000000000000e+03
2.793000000000000000e+03
2.795000000000000000e+03
2.796000000000000000e+03
2.797000000000000000e+03
2.798000000000000000e+03
2.803000000000000000e+03
2.817000000000000000e+03
2.819000000000000000e+03
2.820000000000000000e+03
2.832000000000000000e+03
2.835000000000000000e+03
2.841000000000000000e+03
2.845000000000000000e+03
2.850000000000000000e+03
2.855000000000000000e+03
2.859000000000000000e+03
2.860000000000000000e+03
2.870000000000000000e+03
2.871000000000000000e+03
2.874000000000000000e+03
2.889000000000000000e+03
2.898000000000000000e+03
2.900000000000000000e+03
2.931000000000000000e+03
2.941000000000000000e+03
2.946000000000000000e+03
2.949000000000000000e+03
2.950000000000000000e+03
2.952000000000000000e+03
2.964000000000000000e+03
2.980000000000000000e+03
2.990000000000000000e+03
2.995000000000000000e+03
3.028000000000000000e+03
3.053000000000000000e+03
3.064000000000000000e+03
3.072000000000000000e+03
3.074000000000000000e+03
3.079000000000000000e+03
3.082000000000000000e+03
3.091000000000000000e+03
3.092000000000000000e+03
3.117000000000000000e+03
3.118000000000000000e+03
3.121000000000000000e+03
3.137000000000000000e+03
3.159000000000000000e+03
3.175000000000000000e+03
3.181000000000000000e+03
3.189000000000000000e+03
3.195000000000000000e+03
3.242000000000000000e+03
3.248000000000000000e+03
3.258000000000000000e+03
3.264000000000000000e+03
3.267000000000000000e+03
3.287000000000000000e+03
3.288000000000000000e+03
3.292000000000000000e+03
3.297000000000000000e+03
3.301000000000000000e+03
3.311000000000000000e+03
3.312000000000000000e+03
3.322000000000000000e+03
3.323000000000000000e+03
3.327000000000000000e+03
3.334000000000000000e+03
3.344000000000000000e+03
3.354000000000000000e+03
3.362000000000000000e+03
3.370000000000000000e+03
3.377000000000000000e+03
3.432000000000000000e+03
3.434000000000000000e+03
3.440000000000000000e+03
3.459000000000000000e+03
3.460000000000000000e+03
3.483000000000000000e+03
3.500000000000000000e+03
3.520000000000000000e+03
3.547000000000000000e+03
3.564000000000000000e+03
3.611000000000000000e+03
3.644000000000000000e+03
3.677000000000000000e+03
3.761000000000000000e+03
3.762000000000000000e+03
3.795000000000000000e+03
3.820000000000000000e+03
3.822000000000000000e+03
3.824000000000000000e+03
3.825000000000000000e+03
3.826000000000000000e+03
3.830000000000000000e+03
3.831000000000000000e+03
3.832000000000000000e+03
3.833000000000000000e+03
3.834000000000000000e+03
3.835000000000000000e+03
3.838000000000000000e+03
3.839000000000000000e+03
3.841000000000000000e+03
3.842000000000000000e+03
3.844000000000000000e+03
3.845000000000000000e+03
3.847000000000000000e+03
3.849000000000000000e+03
3.853000000000000000e+03
3.855000000000000000e+03
3.857000000000000000e+03
3.858000000000000000e+03
3.860000000000000000e+03
3.861000000000000000e+03
3.862000000000000000e+03
3.864000000000000000e+03
3.865000000000000000e+03
3.866000000000000000e+03
3.877000000000000000e+03
3.878000000000000000e+03
3.882000000000000000e+03
3.885000000000000000e+03
3.910000000000000000e+03
3.917000000000000000e+03
3.923000000000000000e+03
3.925000000000000000e+03
3.926000000000000000e+03
3.929000000000000000e+03
3.944000000000000000e+03
3.967000000000000000e+03
3.970000000000000000e+03
3.982000000000000000e+03
4.007000000000000000e+03
4.008000000000000000e+03
4.009000000000000000e+03
4.010000000000000000e+03
4.011000000000000000e+03
4.026000000000000000e+03
4.128000000000000000e+03
4.341000000000000000e+03
4.350000000000000000e+03
4.359000000000000000e+03
4.454000000000000000e+03
4.456000000000000000e+03
4.461000000000000000e+03
4.464000000000000000e+03
4.489000000000000000e+03
4.490000000000000000e+03
4.492000000000000000e+03
4.500000000000000000e+03
4.505000000000000000e+03
4.511000000000000000e+03
4.514000000000000000e+03
4.534000000000000000e+03
4.537000000000000000e+03
4.553000000000000000e+03
4.556000000000000000e+03
4.562000000000000000e+03
4.568000000000000000e+03
4.570000000000000000e+03
4.593000000000000000e+03
4.595000000000000000e+03
4.626000000000000000e+03
4.639000000000000000e+03
4.643000000000000000e+03
4.644000000000000000e+03
4.645000000000000000e+03
4.656000000000000000e+03
4.664000000000000000e+03
4.666000000000000000e+03
4.687000000000000000e+03
4.692000000000000000e+03
4.693000000000000000e+03
4.696000000000000000e+03
4.697000000000000000e+03
4.702000000000000000e+03
4.710000000000000000e+03
4.733000000000000000e+03
4.736000000000000000e+03
4.744000000000000000e+03
4.750000000000000000e+03
4.752000000000000000e+03
5.016000000000000000e+03
5.035000000000000000e+03
5.057000000000000000e+03
5.065000000000000000e+03
5.098000000000000000e+03
5.109000000000000000e+03
5.110000000000000000e+03
5.111000000000000000e+03
5.151000000000000000e+03
5.157000000000000000e+03
5.158000000000000000e+03
5.159000000000000000e+03
5.160000000000000000e+03
5.161000000000000000e+03
5.162000000000000000e+03
5.164000000000000000e+03
5.165000000000000000e+03
5.166000000000000000e+03
5.167000000000000000e+03
5.168000000000000000e+03
5.169000000000000000e+03
5.170000000000000000e+03
5.171000000000000000e+03
5.172000000000000000e+03
5.173000000000000000e+03
5.174000000000000000e+03
5.175000000000000000e+03
5.176000000000000000e+03
5.177000000000000000e+03
5.178000000000000000e+03
5.179000000000000000e+03
5.180000000000000000e+03
5.181000000000000000e+03
5.182000000000000000e+03
5.183000000000000000e+03
5.184000000000000000e+03
5.185000000000000000e+03
5.186000000000000000e+03
5.187000000000000000e+03
5.189000000000000000e+03
5.190000000000000000e+03
5.191000000000000000e+03
5.192000000000000000e+03
5.193000000000000000e+03
5.194000000000000000e+03
5.195000000000000000e+03
5.196000000000000000e+03
5.197000000000000000e+03
5.199000000000000000e+03
5.200000000000000000e+03
5.202000000000000000e+03
5.203000000000000000e+03
5.204000000000000000e+03
5.205000000000000000e+03
5.206000000000000000e+03
5.209000000000000000e+03
5.210000000000000000e+03
5.212000000000000000e+03
5.213000000000000000e+03
5.215000000000000000e+03
5.216000000000000000e+03
5.217000000000000000e+03
5.218000000000000000e+03
5.219000000000000000e+03
5.220000000000000000e+03
5.221000000000000000e+03
5.222000000000000000e+03
5.223000000000000000e+03
5.224000000000000000e+03
5.225000000000000000e+03
5.226000000000000000e+03
5.227000000000000000e+03
5.229000000000000000e+03
5.230000000000000000e+03
5.231000000000000000e+03
5.234000000000000000e+03
5.236000000000000000e+03
5.260000000000000000e+03
5.296000000000000000e+03
5.312000000000000000e+03
5.337000000000000000e+03
5.340000000000000000e+03
5.354000000000000000e+03
5.357000000000000000e+03
5.402000000000000000e+03
5.455000000000000000e+03
5.465000000000000000e+03
5.483000000000000000e+03
5.492000000000000000e+03
5.516000000000000000e+03
5.563000000000000000e+03
5.582000000000000000e+03
5.609000000000000000e+03
5.611000000000000000e+03
5.640000000000000000e+03
5.665000000000000000e+03
5.674000000000000000e+03
5.751000000000000000e+03
5.755000000000000000e+03
5.800000000000000000e+03
5.801000000000000000e+03
5.802000000000000000e+03
5.881000000000000000e+03
5.886000000000000000e+03
5.895000000000000000e+03
5.939000000000000000e+03
6.000000000000000000e+03
6.021000000000000000e+03
6.037000000000000000e+03
6.055000000000000000e+03
6.058000000000000000e+03
6.084000000000000000e+03
6.137000000000000000e+03
6.228000000000000000e+03
6.230000000000000000e+03
6.231000000000000000e+03
6.233000000000000000e+03
6.243000000000000000e+03
6.247000000000000000e+03
6.248000000000000000e+03
6.250000000000000000e+03
6.252000000000000000e+03
6.254000000000000000e+03
6.265000000000000000e+03
6.275000000000000000e+03
6.278000000000000000e+03
6.287000000000000000e+03
6.290000000000000000e+03
6.313000000000000000e+03
6.318000000000000000e+03
6.319000000000000000e+03
6.320000000000000000e+03
6.323000000000000000e+03
6.326000000000000000e+03
6.329000000000000000e+03
6.330000000000000000e+03
6.333000000000000000e+03
6.343000000000000000e+03
6.347000000000000000e+03
6.357000000000000000e+03
6.363000000000000000e+03
6.364000000000000000e+03
6.366000000000000000e+03
6.369000000000000000e+03
6.378000000000000000e+03
6.380000000000000000e+03
6.385000000000000000e+03
6.396000000000000000e+03
6.401000000000000000e+03
6.402000000000000000e+03
6.403000000000000000e+03
6.404000000000000000e+03
6.405000000000000000e+03
6.407000000000000000e+03
6.409000000000000000e+03
6.411000000000000000e+03
6.413000000000000000e+03
6.417000000000000000e+03
6.420000000000000000e+03
6.422000000000000000e+03
6.423000000000000000e+03
6.429000000000000000e+03
6.439000000000000000e+03
6.482000000000000000e+03
6.603000000000000000e+03
6.614000000000000000e+03
6.666000000000000000e+03
6.672000000000000000e+03
6.758000000000000000e+03
6.832000000000000000e+03
6.849000000000000000e+03
6.883000000000000000e+03
6.942000000000000000e+03
6.952000000000000000e+03
6.961000000000000000e+03
6.970000000000000000e+03
7.058000000000000000e+03
7.082000000000000000e+03
7.083000000000000000e+03
7.084000000000000000e+03
7.085000000000000000e+03
7.088000000000000000e+03
7.093000000000000000e+03
7.101000000000000000e+03
7.102000000000000000e+03
7.103000000000000000e+03
7.106000000000000000e+03
7.109000000000000000e+03
7.110000000000000000e+03
7.114000000000000000e+03
7.121000000000000000e+03
7.122000000000000000e+03
7.125000000000000000e+03
7.129000000000000000e+03
7.132000000000000000e+03
7.135000000000000000e+03
7.142000000000000000e+03
7.144000000000000000e+03
7.151000000000000000e+03
7.162000000000000000e+03
7.164000000000000000e+03
7.166000000000000000e+03
7.175000000000000000e+03
7.189000000000000000e+03
7.193000000000000000e+03
7.196000000000000000e+03
7.222000000000000000e+03
7.288000000000000000e+03
7.303000000000000000e+03
7.363000000000000000e+03
7.390000000000000000e+03
7.444000000000000000e+03
7.445000000000000000e+03
7.495000000000000000e+03
7.501000000000000000e+03
7.511000000000000000e+03
7.557000000000000000e+03
7.564000000000000000e+03
7.570000000000000000e+03
7.577000000000000000e+03
7.578000000000000000e+03
7.587000000000000000e+03
7.596000000000000000e+03
7.597000000000000000e+03
7.632000000000000000e+03
7.648000000000000000e+03
7.657000000000000000e+03
7.664000000000000000e+03
7.672000000000000000e+03
7.676000000000000000e+03
7.677000000000000000e+03
7.678000000000000000e+03
7.747000000000000000e+03
7.829000000000000000e+03
7.832000000000000000e+03
7.838000000000000000e+03
7.850000000000000000e+03
7.973000000000000000e+03
8.045000000000000000e+03
8.073000000000000000e+03
8.117000000000000000e+03
8.124000000000000000e+03
8.137000000000000000e+03
8.149000000000000000e+03
8.168000000000000000e+03
8.176000000000000000e+03
8.194000000000000000e+03
8.198000000000000000e+03
8.225000000000000000e+03
8.300000000000000000e+03
8.312000000000000000e+03
8.313000000000000000e+03
8.321000000000000000e+03
8.322000000000000000e+03
8.331000000000000000e+03
8.333000000000000000e+03
8.334000000000000000e+03
8.340000000000000000e+03
8.343000000000000000e+03
8.362000000000000000e+03
8.386000000000000000e+03
8.402000000000000000e+03
8.407000000000000000e+03
8.417000000000000000e+03
8.419000000000000000e+03
8.431000000000000000e+03
8.433000000000000000e+03
8.447000000000000000e+03
8.451000000000000000e+03
8.459000000000000000e+03
8.461000000000000000e+03
8.479000000000000000e+03
8.480000000000000000e+03
8.487000000000000000e+03
8.502000000000000000e+03
8.518000000000000000e+03
8.519000000000000000e+03
8.526000000000000000e+03
8.530000000000000000e+03
8.531000000000000000e+03
8.537000000000000000e+03
8.554000000000000000e+03
8.560000000000000000e+03
8.562000000000000000e+03
8.566000000000000000e+03
8.569000000000000000e+03
8.571000000000000000e+03
8.572000000000000000e+03
8.593000000000000000e+03
8.623000000000000000e+03
8.626000000000000000e+03
8.632000000000000000e+03
8.634000000000000000e+03
8.636000000000000000e+03
8.647000000000000000e+03
8.656000000000000000e+03
8.685000000000000000e+03
8.691000000000000000e+03
8.707000000000000000e+03
8.799000000000000000e+03
8.803000000000000000e+03
8.827000000000000000e+03
8.828000000000000000e+03
8.829000000000000000e+03
8.831000000000000000e+03
8.832000000000000000e+03
8.833000000000000000e+03
8.834000000000000000e+03
8.835000000000000000e+03
8.836000000000000000e+03
8.837000000000000000e+03
8.838000000000000000e+03
8.839000000000000000e+03
8.840000000000000000e+03
8.841000000000000000e+03
8.843000000000000000e+03
8.893000000000000000e+03
8.908000000000000000e+03
8.919000000000000000e+03
8.940000000000000000e+03
8.946000000000000000e+03
8.948000000000000000e+03
8.953000000000000000e+03
8.957000000000000000e+03
8.998000000000000000e+03
9.002000000000000000e+03
9.036000000000000000e+03
9.043000000000000000e+03
9.054000000000000000e+03
9.076000000000000000e+03
9.082000000000000000e+03
9.133000000000000000e+03
9.135000000000000000e+03
9.145000000000000000e+03
9.146000000000000000e+03
9.147000000000000000e+03
9.149000000000000000e+03
9.150000000000000000e+03
9.152000000000000000e+03
9.160000000000000000e+03
9.161000000000000000e+03
9.162000000000000000e+03
9.164000000000000000e+03
9.166000000000000000e+03
9.171000000000000000e+03
9.182000000000000000e+03
9.184000000000000000e+03
9.185000000000000000e+03
9.186000000000000000e+03
9.187000000000000000e+03
9.188000000000000000e+03
9.189000000000000000e+03
9.190000000000000000e+03
9.192000000000000000e+03
9.193000000000000000e+03
9.194000000000000000e+03
9.195000000000000000e+03
9.196000000000000000e+03
9.197000000000000000e+03
9.198000000000000000e+03
9.199000000000000000e+03
9.200000000000000000e+03
9.201000000000000000e+03
9.202000000000000000e+03
9.203000000000000000e+03
9.204000000000000000e+03
9.205000000000000000e+03
9.206000000000000000e+03
9.207000000000000000e+03
9.208000000000000000e+03
9.209000000000000000e+03
9.210000000000000000e+03
9.211000000000000000e+03
9.212000000000000000e+03
9.213000000000000000e+03
9.214000000000000000e+03
9.216000000000000000e+03
9.217000000000000000e+03
9.218000000000000000e+03
9.219000000000000000e+03
9.220000000000000000e+03
9.221000000000000000e+03
9.222000000000000000e+03
9.224000000000000000e+03
9.225000000000000000e+03
9.226000000000000000e+03
9.227000000000000000e+03
9.228000000000000000e+03
9.229000000000000000e+03
9.230000000000000000e+03
9.231000000000000000e+03
9.232000000000000000e+03
9.233000000000000000e+03
9.234000000000000000e+03
9.235000000000000000e+03
9.236000000000000000e+03
9.237000000000000000e+03
9.238000000000000000e+03
9.239000000000000000e+03
9.240000000000000000e+03
9.241000000000000000e+03
9.242000000000000000e+03
9.243000000000000000e+03
9.244000000000000000e+03
9.245000000000000000e+03
9.246000000000000000e+03
9.247000000000000000e+03
9.248000000000000000e+03
9.249000000000000000e+03
9.250000000000000000e+03
9.251000000000000000e+03
9.252000000000000000e+03
9.255000000000000000e+03
9.256000000000000000e+03
9.257000000000000000e+03
9.258000000000000000e+03
9.259000000000000000e+03
9.260000000000000000e+03
9.261000000000000000e+03
9.262000000000000000e+03
9.263000000000000000e+03
9.264000000000000000e+03
9.265000000000000000e+03
9.269000000000000000e+03
9.270000000000000000e+03
9.271000000000000000e+03
9.272000000000000000e+03
9.274000000000000000e+03
9.275000000000000000e+03
9.276000000000000000e+03
9.277000000000000000e+03
9.278000000000000000e+03
9.279000000000000000e+03
9.280000000000000000e+03
9.281000000000000000e+03
9.282000000000000000e+03
9.283000000000000000e+03
9.284000000000000000e+03
9.285000000000000000e+03
9.286000000000000000e+03
9.287000000000000000e+03
9.307000000000000000e+03
9.308000000000000000e+03
9.309000000000000000e+03
9.311000000000000000e+03
9.313000000000000000e+03
9.367000000000000000e+03
9.476000000000000000e+03
9.483000000000000000e+03
9.486000000000000000e+03
9.487000000000000000e+03
9.489000000000000000e+03
9.496000000000000000e+03
9.504000000000000000e+03
9.515000000000000000e+03
9.527000000000000000e+03
9.536000000000000000e+03
9.547000000000000000e+03
9.553000000000000000e+03
9.559000000000000000e+03
9.563000000000000000e+03
9.569000000000000000e+03
9.570000000000000000e+03
9.586000000000000000e+03
9.588000000000000000e+03
9.593000000000000000e+03
9.594000000000000000e+03
9.605000000000000000e+03
9.612000000000000000e+03
9.638000000000000000e+03
9.650000000000000000e+03
9.652000000000000000e+03
9.698000000000000000e+03
9.705000000000000000e+03
9.706000000000000000e+03
9.718000000000000000e+03
9.724000000000000000e+03
9.754000000000000000e+03
9.762000000000000000e+03
9.776000000000000000e+03
9.780000000000000000e+03
9.793000000000000000e+03
9.802000000000000000e+03
9.816000000000000000e+03
9.819000000000000000e+03
9.820000000000000000e+03
9.821000000000000000e+03
9.827000000000000000e+03
9.856000000000000000e+03
9.879000000000000000e+03
9.934000000000000000e+03
9.965000000000000000e+03
9.968000000000000000e+03
9.979000000000000000e+03
9.986000000000000000e+03
1.000400000000000000e+04
1.008600000000000000e+04
1.008900000000000000e+04
1.010000000000000000e+04
1.011100000000000000e+04
1.011800000000000000e+04
1.013400000000000000e+04
1.016500000000000000e+04
1.016600000000000000e+04
1.016700000000000000e+04
1.016800000000000000e+04
1.016900000000000000e+04
1.017000000000000000e+04
1.017100000000000000e+04
1.017200000000000000e+04
1.017300000000000000e+04
1.017400000000000000e+04
1.017500000000000000e+04
1.017600000000000000e+04
1.017700000000000000e+04
1.017800000000000000e+04
1.017900000000000000e+04
1.018000000000000000e+04
1.018100000000000000e+04
1.018200000000000000e+04
1.018300000000000000e+04
1.018400000000000000e+04
1.018500000000000000e+04
1.018600000000000000e+04
1.018700000000000000e+04
1.018800000000000000e+04
1.018900000000000000e+04
1.019000000000000000e+04
1.019100000000000000e+04
1.019200000000000000e+04
1.019300000000000000e+04
1.019400000000000000e+04
1.019500000000000000e+04
1.019600000000000000e+04
1.019700000000000000e+04
1.019800000000000000e+04
1.019900000000000000e+04
1.020100000000000000e+04
1.020200000000000000e+04
1.020300000000000000e+04
1.020700000000000000e+04
1.026900000000000000e+04
1.027100000000000000e+04
1.027800000000000000e+04
1.028300000000000000e+04
1.028400000000000000e+04
1.029400000000000000e+04
1.029600000000000000e+04
1.030400000000000000e+04
1.032700000000000000e+04
1.032900000000000000e+04
1.033000000000000000e+04
1.033300000000000000e+04
1.033900000000000000e+04
1.035300000000000000e+04
1.037200000000000000e+04
1.037800000000000000e+04
1.039300000000000000e+04
1.039600000000000000e+04
1.039700000000000000e+04
1.042200000000000000e+04
1.042800000000000000e+04
1.043100000000000000e+04
1.043400000000000000e+04
1.043700000000000000e+04
1.044100000000000000e+04
1.044500000000000000e+04
1.045100000000000000e+04
1.045500000000000000e+04
1.046200000000000000e+04
1.046700000000000000e+04
1.046800000000000000e+04
1.048600000000000000e+04
1.048800000000000000e+04
1.049200000000000000e+04
1.049400000000000000e+04
1.051000000000000000e+04
1.051600000000000000e+04
1.051700000000000000e+04
1.051800000000000000e+04
1.052000000000000000e+04
1.052900000000000000e+04
1.055700000000000000e+04
1.056600000000000000e+04
1.057500000000000000e+04
1.058400000000000000e+04
1.063800000000000000e+04
1.064100000000000000e+04
1.067300000000000000e+04
1.067600000000000000e+04
1.075600000000000000e+04
1.079400000000000000e+04
1.083100000000000000e+04
1.086200000000000000e+04
1.096900000000000000e+04
1.100400000000000000e+04
1.105200000000000000e+04
1.107800000000000000e+04
1.108700000000000000e+04
1.109700000000000000e+04
1.109800000000000000e+04
1.110700000000000000e+04
1.111000000000000000e+04
1.111100000000000000e+04
1.112700000000000000e+04
1.117000000000000000e+04
1.366300000000000000e+04
1.366600000000000000e+04
1.371100000000000000e+04
1.372500000000000000e+04
1.372600000000000000e+04
1.372800000000000000e+04
1.373400000000000000e+04
1.374000000000000000e+04
1.374200000000000000e+04
1.376400000000000000e+04
1.377200000000000000e+04
1.377800000000000000e+04
1.378800000000000000e+04
1.379000000000000000e+04
1.379400000000000000e+04
1.379500000000000000e+04
1.379600000000000000e+04
1.380000000000000000e+04
1.380100000000000000e+04
1.380300000000000000e+04
1.380700000000000000e+04
1.381100000000000000e+04
1.384500000000000000e+04
1.386400000000000000e+04
1.389900000000000000e+04
1.393100000000000000e+04
1.394500000000000000e+04
1.395500000000000000e+04
1.395800000000000000e+04
1.395900000000000000e+04
1.396100000000000000e+04
1.396200000000000000e+04
1.397400000000000000e+04
1.415400000000000000e+04
1.415900000000000000e+04
1.416700000000000000e+04
1.418000000000000000e+04
1.419300000000000000e+04
1.420200000000000000e+04
1.420900000000000000e+04
1.421000000000000000e+04
1.421100000000000000e+04
1.421200000000000000e+04
1.421800000000000000e+04
1.421900000000000000e+04
1.423000000000000000e+04
1.441100000000000000e+04
1.441900000000000000e+04
1.442300000000000000e+04
1.442400000000000000e+04
1.442700000000000000e+04
1.443600000000000000e+04
1.455200000000000000e+04
1.455500000000000000e+04
1.455600000000000000e+04
1.466900000000000000e+04
1.481900000000000000e+04
1.482200000000000000e+04
1.482300000000000000e+04
1.482400000000000000e+04
1.482500000000000000e+04
1.482600000000000000e+04
1.482700000000000000e+04
1.482800000000000000e+04
1.485300000000000000e+04
1.486500000000000000e+04
1.487400000000000000e+04
1.487500000000000000e+04
1.487600000000000000e+04
1.490700000000000000e+04
1.497300000000000000e+04
1.497400000000000000e+04
1.497500000000000000e+04
1.497800000000000000e+04
1.497900000000000000e+04
1.506100000000000000e+04
1.506300000000000000e+04
1.506400000000000000e+04
1.506600000000000000e+04
1.510000000000000000e+04
1.519300000000000000e+04
1.524300000000000000e+04
1.526400000000000000e+04
1.531000000000000000e+04
1.532000000000000000e+04
1.532200000000000000e+04
1.534500000000000000e+04
1.534700000000000000e+04
1.534800000000000000e+04
1.534900000000000000e+04
1.537200000000000000e+04
1.538100000000000000e+04
1.538300000000000000e+04
1.538900000000000000e+04
1.544200000000000000e+04
1.544400000000000000e+04
1.544500000000000000e+04
1.544600000000000000e+04
1.544700000000000000e+04
1.544800000000000000e+04
1.544900000000000000e+04
1.545000000000000000e+04
1.545100000000000000e+04
1.545200000000000000e+04
1.545400000000000000e+04
1.545500000000000000e+04
1.545600000000000000e+04
1.545700000000000000e+04
1.545800000000000000e+04
1.546000000000000000e+04
1.546200000000000000e+04
1.546300000000000000e+04
1.546400000000000000e+04
1.546500000000000000e+04
1.546700000000000000e+04
1.546800000000000000e+04
1.546900000000000000e+04
1.547300000000000000e+04
1.547400000000000000e+04
1.547500000000000000e+04
1.547700000000000000e+04
1.547900000000000000e+04
1.548000000000000000e+04
1.548100000000000000e+04
1.548200000000000000e+04
1.548300000000000000e+04
1.548400000000000000e+04
1.548500000000000000e+04
1.548600000000000000e+04
1.548700000000000000e+04
1.548800000000000000e+04
1.548900000000000000e+04
1.549000000000000000e+04
1.549200000000000000e+04
1.549300000000000000e+04
1.549500000000000000e+04
1.549600000000000000e+04
1.549700000000000000e+04
1.549800000000000000e+04
1.549900000000000000e+04
1.550100000000000000e+04
1.550200000000000000e+04
1.550300000000000000e+04
1.550400000000000000e+04
1.550500000000000000e+04
1.550600000000000000e+04
1.550700000000000000e+04
1.550800000000000000e+04
1.550900000000000000e+04
1.551000000000000000e+04
1.551100000000000000e+04
1.551200000000000000e+04
1.551400000000000000e+04
1.551600000000000000e+04
1.551700000000000000e+04
1.551800000000000000e+04
1.552000000000000000e+04
1.552100000000000000e+04
1.552200000000000000e+04
1.552300000000000000e+04
1.552500000000000000e+04
1.552600000000000000e+04
1.552700000000000000e+04
1.552800000000000000e+04
1.552900000000000000e+04
1.553000000000000000e+04
1.553100000000000000e+04
1.553200000000000000e+04
1.553300000000000000e+04
1.553400000000000000e+04
1.553500000000000000e+04
1.553600000000000000e+04
1.553700000000000000e+04
1.553800000000000000e+04
1.553900000000000000e+04
1.554000000000000000e+04
1.554100000000000000e+04
1.554300000000000000e+04
1.554500000000000000e+04
1.554700000000000000e+04
1.554800000000000000e+04
1.554900000000000000e+04
1.555000000000000000e+04
1.555100000000000000e+04
1.555200000000000000e+04
1.555600000000000000e+04
1.555900000000000000e+04
1.556000000000000000e+04
1.556100000000000000e+04
1.556200000000000000e+04
1.556300000000000000e+04
1.556600000000000000e+04
1.556700000000000000e+04
1.556800000000000000e+04
1.556900000000000000e+04
1.557000000000000000e+04
1.557100000000000000e+04
1.557200000000000000e+04
1.557300000000000000e+04
1.557400000000000000e+04
1.557500000000000000e+04
1.557600000000000000e+04
1.557700000000000000e+04
1.557800000000000000e+04
1.557900000000000000e+04
1.558100000000000000e+04
1.558300000000000000e+04
1.558600000000000000e+04
1.558700000000000000e+04
1.558800000000000000e+04
1.558900000000000000e+04
1.559000000000000000e+04
1.559100000000000000e+04
1.559200000000000000e+04
1.559300000000000000e+04
1.559400000000000000e+04
1.559500000000000000e+04
1.559600000000000000e+04
1.559700000000000000e+04
1.559800000000000000e+04
1.559900000000000000e+04
1.560000000000000000e+04
1.560100000000000000e+04
1.560200000000000000e+04
1.560300000000000000e+04
1.560400000000000000e+04
1.560500000000000000e+04
1.560600000000000000e+04
1.560700000000000000e+04
1.560800000000000000e+04
1.560900000000000000e+04
1.561000000000000000e+04
1.561200000000000000e+04
1.561300000000000000e+04
1.561500000000000000e+04
1.561600000000000000e+04
1.561700000000000000e+04
1.561800000000000000e+04
1.561900000000000000e+04
1.562000000000000000e+04
1.562200000000000000e+04
1.562300000000000000e+04
1.562400000000000000e+04
1.562600000000000000e+04
1.562700000000000000e+04
1.562800000000000000e+04
1.562900000000000000e+04
1.563000000000000000e+04
1.563100000000000000e+04
1.563200000000000000e+04
1.563300000000000000e+04
1.563400000000000000e+04
1.563500000000000000e+04
1.563600000000000000e+04
1.563700000000000000e+04
1.563800000000000000e+04
1.563900000000000000e+04
1.564000000000000000e+04
1.564100000000000000e+04
1.564200000000000000e+04
1.564300000000000000e+04
1.564400000000000000e+04
1.564500000000000000e+04
1.564600000000000000e+04
1.564700000000000000e+04
1.564800000000000000e+04
1.564900000000000000e+04
1.565000000000000000e+04
1.565100000000000000e+04
1.565200000000000000e+04
1.565300000000000000e+04
1.565400000000000000e+04
1.565500000000000000e+04
1.565600000000000000e+04
1.565700000000000000e+04
1.565800000000000000e+04
1.565900000000000000e+04
1.566000000000000000e+04
1.566100000000000000e+04
1.566200000000000000e+04
1.566300000000000000e+04
1.566400000000000000e+04
1.566500000000000000e+04
1.566600000000000000e+04
1.566700000000000000e+04
1.566800000000000000e+04
1.566900000000000000e+04
1.567000000000000000e+04
1.567100000000000000e+04
1.567300000000000000e+04
1.567400000000000000e+04
1.567500000000000000e+04
1.567600000000000000e+04
1.567700000000000000e+04
1.567800000000000000e+04
1.567900000000000000e+04
1.568000000000000000e+04
1.568300000000000000e+04
1.568600000000000000e+04
1.568700000000000000e+04
1.568800000000000000e+04
1.568900000000000000e+04
1.569000000000000000e+04
1.569100000000000000e+04
1.569200000000000000e+04
1.569300000000000000e+04
1.569400000000000000e+04
1.569500000000000000e+04
1.569600000000000000e+04
1.569700000000000000e+04
1.569900000000000000e+04
1.572600000000000000e+04
1.575800000000000000e+04
1.576600000000000000e+04
1.577000000000000000e+04
1.577900000000000000e+04
1.578900000000000000e+04
1.580600000000000000e+04
1.582100000000000000e+04
1.584900000000000000e+04
1.586800000000000000e+04
1.586900000000000000e+04
1.587000000000000000e+04
1.587200000000000000e+04
1.588300000000000000e+04
1.588400000000000000e+04
1.589700000000000000e+04
1.590300000000000000e+04
1.590400000000000000e+04
1.590700000000000000e+04
1.591100000000000000e+04
1.595300000000000000e+04
1.597700000000000000e+04
1.599300000000000000e+04
1.599400000000000000e+04
1.600800000000000000e+04
1.602300000000000000e+04
1.602500000000000000e+04
1.604300000000000000e+04
1.606400000000000000e+04
1.607000000000000000e+04
1.608000000000000000e+04
1.613400000000000000e+04
1.613600000000000000e+04
1.613900000000000000e+04
1.614000000000000000e+04
1.614400000000000000e+04
1.614500000000000000e+04
1.614600000000000000e+04
1.614700000000000000e+04
1.614800000000000000e+04
1.619100000000000000e+04
1.619300000000000000e+04
1.619400000000000000e+04
1.619500000000000000e+04
1.619700000000000000e+04
1.619800000000000000e+04
1.619900000000000000e+04
1.620100000000000000e+04
1.620200000000000000e+04
1.620300000000000000e+04
1.620400000000000000e+04
1.620500000000000000e+04
1.620600000000000000e+04
1.620800000000000000e+04
1.620900000000000000e+04
1.621000000000000000e+04
1.621100000000000000e+04
1.621200000000000000e+04
1.621500000000000000e+04
1.621600000000000000e+04
1.621700000000000000e+04
1.621800000000000000e+04
1.621900000000000000e+04
1.622000000000000000e+04
1.622100000000000000e+04
1.622200000000000000e+04
1.622300000000000000e+04
1.622400000000000000e+04
1.622500000000000000e+04
1.622600000000000000e+04
1.622700000000000000e+04
1.622800000000000000e+04
1.622900000000000000e+04
1.623000000000000000e+04
1.623100000000000000e+04
1.623200000000000000e+04
1.623300000000000000e+04
1.623400000000000000e+04
1.623600000000000000e+04
1.623700000000000000e+04
1.623900000000000000e+04
1.624000000000000000e+04
1.624100000000000000e+04
1.624300000000000000e+04
1.624600000000000000e+04
1.624700000000000000e+04
1.624800000000000000e+04
1.625000000000000000e+04
1.625100000000000000e+04
1.625200000000000000e+04
1.625300000000000000e+04
1.625500000000000000e+04
1.625600000000000000e+04
1.625700000000000000e+04
1.625900000000000000e+04
1.626000000000000000e+04
1.626100000000000000e+04
1.626200000000000000e+04
1.626300000000000000e+04
1.626400000000000000e+04
1.626500000000000000e+04
1.626700000000000000e+04
1.626900000000000000e+04
1.627100000000000000e+04
1.627400000000000000e+04
1.627500000000000000e+04
1.627600000000000000e+04
1.627700000000000000e+04
1.627900000000000000e+04
1.628000000000000000e+04
1.628200000000000000e+04
1.628400000000000000e+04
1.628600000000000000e+04
1.628700000000000000e+04
1.628900000000000000e+04
1.629000000000000000e+04
1.629100000000000000e+04
1.629200000000000000e+04
1.661000000000000000e+04
1.661400000000000000e+04
1.662800000000000000e+04
1.665000000000000000e+04
1.675500000000000000e+04
1.682500000000000000e+04
1.685700000000000000e+04
1.685800000000000000e+04
1.685900000000000000e+04
1.686000000000000000e+04
1.686100000000000000e+04
1.686200000000000000e+04
1.686400000000000000e+04
1.686700000000000000e+04
1.686800000000000000e+04
1.686900000000000000e+04
1.687000000000000000e+04
1.687100000000000000e+04
1.687300000000000000e+04
1.723200000000000000e+04
1.724900000000000000e+04
1.725000000000000000e+04
1.725100000000000000e+04
1.726000000000000000e+04
1.726400000000000000e+04
1.726800000000000000e+04
1.726900000000000000e+04
1.727100000000000000e+04
1.727200000000000000e+04
1.727400000000000000e+04
1.727600000000000000e+04
1.728000000000000000e+04
1.728200000000000000e+04
1.728300000000000000e+04
1.729200000000000000e+04
1.731800000000000000e+04
1.731900000000000000e+04
1.732000000000000000e+04
1.744900000000000000e+04
1.746400000000000000e+04
1.757900000000000000e+04
1.761200000000000000e+04
1.764500000000000000e+04
1.765700000000000000e+04
1.765800000000000000e+04
1.774200000000000000e+04
1.776300000000000000e+04
1.777500000000000000e+04
1.778500000000000000e+04
1.785200000000000000e+04
1.787100000000000000e+04
1.808300000000000000e+04
1.814600000000000000e+04
1.823400000000000000e+04
1.823500000000000000e+04
1.823600000000000000e+04
1.823800000000000000e+04
1.823900000000000000e+04
1.824000000000000000e+04
1.824100000000000000e+04
1.824200000000000000e+04
1.824300000000000000e+04
1.824500000000000000e+04
1.824600000000000000e+04
1.824800000000000000e+04
1.824900000000000000e+04
1.825000000000000000e+04
1.825100000000000000e+04
1.825200000000000000e+04
1.825300000000000000e+04
1.825400000000000000e+04
1.825500000000000000e+04
1.825600000000000000e+04
1.825700000000000000e+04
1.825800000000000000e+04
1.826000000000000000e+04
1.826100000000000000e+04
1.826200000000000000e+04
1.826300000000000000e+04
1.826500000000000000e+04
1.826600000000000000e+04
1.826700000000000000e+04
1.826800000000000000e+04
1.826900000000000000e+04
1.827000000000000000e+04
1.827100000000000000e+04
1.827200000000000000e+04
1.827300000000000000e+04
1.827400000000000000e+04
1.827500000000000000e+04
1.827600000000000000e+04
1.827700000000000000e+04
1.827800000000000000e+04
1.827900000000000000e+04
1.828100000000000000e+04
1.828300000000000000e+04
1.828400000000000000e+04
1.828500000000000000e+04
1.828600000000000000e+04
1.828700000000000000e+04
1.828800000000000000e+04
1.828900000000000000e+04
1.829000000000000000e+04
1.829100000000000000e+04
1.829200000000000000e+04
1.829300000000000000e+04
1.829400000000000000e+04
1.829500000000000000e+04
1.829600000000000000e+04
1.829700000000000000e+04
1.829800000000000000e+04
1.829900000000000000e+04
1.830000000000000000e+04
1.830200000000000000e+04
1.830300000000000000e+04
1.830400000000000000e+04
1.830500000000000000e+04
1.830600000000000000e+04
1.830700000000000000e+04
1.830800000000000000e+04
1.830900000000000000e+04
1.831000000000000000e+04
1.831100000000000000e+04
1.843900000000000000e+04
1.844000000000000000e+04
1.878800000000000000e+04
1.879300000000000000e+04
1.886600000000000000e+04
1.889600000000000000e+04
1.898000000000000000e+04
1.899500000000000000e+04
1.900500000000000000e+04
1.902500000000000000e+04
1.908500000000000000e+04
1.908700000000000000e+04
1.909500000000000000e+04
1.917900000000000000e+04
1.924300000000000000e+04
1.925900000000000000e+04
1.926600000000000000e+04
1.936700000000000000e+04
1.940200000000000000e+04
1.940600000000000000e+04
1.940800000000000000e+04
1.941000000000000000e+04
1.941100000000000000e+04
1.941500000000000000e+04
1.941600000000000000e+04
1.941700000000000000e+04
1.942100000000000000e+04
1.942200000000000000e+04
1.942300000000000000e+04
1.942400000000000000e+04
1.942500000000000000e+04
1.942600000000000000e+04
1.942700000000000000e+04
1.942800000000000000e+04
1.943000000000000000e+04
1.943100000000000000e+04
1.943200000000000000e+04
1.943300000000000000e+04
1.943500000000000000e+04
1.943600000000000000e+04
1.943700000000000000e+04
1.943800000000000000e+04
1.944000000000000000e+04
1.944300000000000000e+04
1.946200000000000000e+04
1.950000000000000000e+04
1.950400000000000000e+04
1.953500000000000000e+04
1.956200000000000000e+04
1.959800000000000000e+04
1.969200000000000000e+04
1.973600000000000000e+04
1.973700000000000000e+04
1.973800000000000000e+04
1.973900000000000000e+04
1.974000000000000000e+04
1.974100000000000000e+04
1.974200000000000000e+04
1.974300000000000000e+04
1.974400000000000000e+04
1.974500000000000000e+04
1.974600000000000000e+04
1.974700000000000000e+04
1.974800000000000000e+04
1.975000000000000000e+04
1.975100000000000000e+04
1.975300000000000000e+04
1.975400000000000000e+04
1.975600000000000000e+04
1.975700000000000000e+04
1.975800000000000000e+04
1.975900000000000000e+04
1.976000000000000000e+04
1.976100000000000000e+04
1.976200000000000000e+04
1.976300000000000000e+04
1.976600000000000000e+04
1.976700000000000000e+04
1.976800000000000000e+04
1.976900000000000000e+04
1.977000000000000000e+04
1.977100000000000000e+04
1.977200000000000000e+04
1.977300000000000000e+04
1.977400000000000000e+04
1.977500000000000000e+04
1.977600000000000000e+04
1.977700000000000000e+04
1.977800000000000000e+04
1.977900000000000000e+04
1.978000000000000000e+04
1.978100000000000000e+04
1.978200000000000000e+04
1.978300000000000000e+04
1.978400000000000000e+04
1.978500000000000000e+04
1.978600000000000000e+04
1.978700000000000000e+04
1.978800000000000000e+04
1.978900000000000000e+04
1.979000000000000000e+04
1.980200000000000000e+04
1.981100000000000000e+04
1.981200000000000000e+04
1.984100000000000000e+04
1.984400000000000000e+04
1.986400000000000000e+04
1.986500000000000000e+04
1.986800000000000000e+04
1.986900000000000000e+04
1.988600000000000000e+04
1.989300000000000000e+04
1.989900000000000000e+04
1.992100000000000000e+04
1.993500000000000000e+04
1.993800000000000000e+04
1.993900000000000000e+04
2.001600000000000000e+04
2.001700000000000000e+04
2.002800000000000000e+04
2.005800000000000000e+04
2.016200000000000000e+04
2.018500000000000000e+04
2.021200000000000000e+04
2.021300000000000000e+04
2.021500000000000000e+04
2.023100000000000000e+04
2.023600000000000000e+04
2.025600000000000000e+04
2.026900000000000000e+04
2.032700000000000000e+04
2.033000000000000000e+04
2.033100000000000000e+04
2.033200000000000000e+04
2.033300000000000000e+04
2.033400000000000000e+04
2.033500000000000000e+04
2.034900000000000000e+04
2.036000000000000000e+04
2.036100000000000000e+04
2.054100000000000000e+04
2.057400000000000000e+04
2.059900000000000000e+04
2.064700000000000000e+04
2.066800000000000000e+04
2.067100000000000000e+04
2.074200000000000000e+04
2.078100000000000000e+04
2.078700000000000000e+04
2.078800000000000000e+04
2.079100000000000000e+04
2.079500000000000000e+04
2.080000000000000000e+04
2.080100000000000000e+04
2.081500000000000000e+04
2.081600000000000000e+04
2.081800000000000000e+04
2.082200000000000000e+04
2.082900000000000000e+04
2.083000000000000000e+04
2.083100000000000000e+04
2.083200000000000000e+04
2.083300000000000000e+04
2.083400000000000000e+04
2.083500000000000000e+04
2.083600000000000000e+04
2.083700000000000000e+04
2.083800000000000000e+04
2.083900000000000000e+04
2.084000000000000000e+04
2.084100000000000000e+04
2.084200000000000000e+04
2.084400000000000000e+04
2.084500000000000000e+04
2.084600000000000000e+04
2.084700000000000000e+04
2.084800000000000000e+04
2.084900000000000000e+04
2.085000000000000000e+04
2.085300000000000000e+04
2.090100000000000000e+04
2.092200000000000000e+04
2.092800000000000000e+04
2.093300000000000000e+04
2.093700000000000000e+04
2.093800000000000000e+04
2.098000000000000000e+04
2.098100000000000000e+04
2.098200000000000000e+04
2.098300000000000000e+04
2.098400000000000000e+04
2.098500000000000000e+04
2.098700000000000000e+04
2.099000000000000000e+04
2.101300000000000000e+04
2.101700000000000000e+04
2.102600000000000000e+04
2.103000000000000000e+04
2.104200000000000000e+04
2.119600000000000000e+04
2.123800000000000000e+04
2.123900000000000000e+04
2.124200000000000000e+04
2.124300000000000000e+04
2.124500000000000000e+04
2.124600000000000000e+04
2.125100000000000000e+04
2.125200000000000000e+04
2.125400000000000000e+04
2.125500000000000000e+04
2.125600000000000000e+04
2.125800000000000000e+04
2.126400000000000000e+04
2.127200000000000000e+04
2.127600000000000000e+04
2.127800000000000000e+04
2.128600000000000000e+04
2.128700000000000000e+04
2.128800000000000000e+04
2.128900000000000000e+04
2.129000000000000000e+04
2.129100000000000000e+04
2.129200000000000000e+04
2.129300000000000000e+04
2.129500000000000000e+04
2.129600000000000000e+04
2.129700000000000000e+04
2.132000000000000000e+04
2.132600000000000000e+04
2.132800000000000000e+04
2.133200000000000000e+04
2.133900000000000000e+04
2.134000000000000000e+04
2.134100000000000000e+04
2.134200000000000000e+04
2.134300000000000000e+04
2.134400000000000000e+04
2.134500000000000000e+04
2.134600000000000000e+04
2.134700000000000000e+04
2.134800000000000000e+04
2.134900000000000000e+04
2.135000000000000000e+04
2.135100000000000000e+04
2.135400000000000000e+04
2.135600000000000000e+04
2.135700000000000000e+04
2.135800000000000000e+04
2.136000000000000000e+04
2.136100000000000000e+04
2.136300000000000000e+04
2.136400000000000000e+04
2.136500000000000000e+04
2.136600000000000000e+04
2.136700000000000000e+04
2.136800000000000000e+04
2.136900000000000000e+04
2.137200000000000000e+04
2.137600000000000000e+04
2.137700000000000000e+04
2.137800000000000000e+04
2.137900000000000000e+04
2.138000000000000000e+04
2.138100000000000000e+04
2.138300000000000000e+04
2.138400000000000000e+04
2.138500000000000000e+04
2.138600000000000000e+04
2.138700000000000000e+04
2.138800000000000000e+04
2.138900000000000000e+04
2.139000000000000000e+04
2.139100000000000000e+04
2.139200000000000000e+04
2.139300000000000000e+04
2.139400000000000000e+04
2.139500000000000000e+04
2.139600000000000000e+04
2.139700000000000000e+04
2.139800000000000000e+04
2.139900000000000000e+04
2.140000000000000000e+04
2.140100000000000000e+04
2.140200000000000000e+04
2.140300000000000000e+04
2.140400000000000000e+04
2.140500000000000000e+04
2.140600000000000000e+04
2.140700000000000000e+04
2.140800000000000000e+04
2.140900000000000000e+04
2.141000000000000000e+04
2.141100000000000000e+04
2.141200000000000000e+04
2.141300000000000000e+04
2.141400000000000000e+04
2.141500000000000000e+04
2.141600000000000000e+04
2.141700000000000000e+04
2.141800000000000000e+04
2.141900000000000000e+04
2.142000000000000000e+04
2.142100000000000000e+04
2.142200000000000000e+04
2.142300000000000000e+04
2.142400000000000000e+04
2.142500000000000000e+04
2.142600000000000000e+04
2.142700000000000000e+04
2.142800000000000000e+04
2.142900000000000000e+04
2.143000000000000000e+04
2.143100000000000000e+04
2.143200000000000000e+04
2.143300000000000000e+04
2.143400000000000000e+04
2.143500000000000000e+04
2.143600000000000000e+04
2.143700000000000000e+04
2.143800000000000000e+04
2.143900000000000000e+04
2.144000000000000000e+04
2.144100000000000000e+04
2.144300000000000000e+04
2.144400000000000000e+04
2.144500000000000000e+04
2.144600000000000000e+04
2.144700000000000000e+04
2.144800000000000000e+04
2.144900000000000000e+04
2.145000000000000000e+04
2.145100000000000000e+04
2.145200000000000000e+04
2.145300000000000000e+04
2.145400000000000000e+04
2.145500000000000000e+04
2.145600000000000000e+04
2.145700000000000000e+04
2.145800000000000000e+04
2.145900000000000000e+04
2.146000000000000000e+04
2.146100000000000000e+04
2.146200000000000000e+04
2.146300000000000000e+04
2.146400000000000000e+04
2.146500000000000000e+04
2.146600000000000000e+04
2.146700000000000000e+04
2.146800000000000000e+04
2.146900000000000000e+04
2.147000000000000000e+04
2.147100000000000000e+04
2.147200000000000000e+04
2.147300000000000000e+04
2.147400000000000000e+04
2.147500000000000000e+04
2.147600000000000000e+04
2.147700000000000000e+04
2.147800000000000000e+04
2.147900000000000000e+04
2.149600000000000000e+04
2.149700000000000000e+04
2.149800000000000000e+04
2.149900000000000000e+04
2.150900000000000000e+04
2.151000000000000000e+04
2.151100000000000000e+04
2.151200000000000000e+04
2.151300000000000000e+04
2.151400000000000000e+04
2.151500000000000000e+04
2.151600000000000000e+04
2.151700000000000000e+04
2.151800000000000000e+04
2.151900000000000000e+04
2.152000000000000000e+04
2.152200000000000000e+04
2.158300000000000000e+04
2.158600000000000000e+04
2.190400000000000000e+04
2.191500000000000000e+04
2.192100000000000000e+04
2.192200000000000000e+04
2.192300000000000000e+04
2.192400000000000000e+04
2.192500000000000000e+04
2.192600000000000000e+04
2.192700000000000000e+04
2.193700000000000000e+04
2.193800000000000000e+04
2.194700000000000000e+04
2.201200000000000000e+04
2.213300000000000000e+04
2.213800000000000000e+04
2.215300000000000000e+04
2.215900000000000000e+04
2.216200000000000000e+04
2.217500000000000000e+04
2.217600000000000000e+04
2.217700000000000000e+04
2.217800000000000000e+04
2.217900000000000000e+04
2.218000000000000000e+04
2.218100000000000000e+04
2.218200000000000000e+04
2.218300000000000000e+04
2.219800000000000000e+04
2.245100000000000000e+04
2.246100000000000000e+04
2.247100000000000000e+04
2.247200000000000000e+04
2.247300000000000000e+04
2.247400000000000000e+04
2.247500000000000000e+04
2.247600000000000000e+04
2.251500000000000000e+04
2.256400000000000000e+04
2.259700000000000000e+04
2.260200000000000000e+04
2.260800000000000000e+04
2.264400000000000000e+04
2.264900000000000000e+04
2.265500000000000000e+04
2.301500000000000000e+04
2.301600000000000000e+04
2.301700000000000000e+04
2.302500000000000000e+04
2.302600000000000000e+04
2.302700000000000000e+04
2.302800000000000000e+04
2.302900000000000000e+04
2.303000000000000000e+04
2.303100000000000000e+04
2.303200000000000000e+04
2.303300000000000000e+04
2.303400000000000000e+04
2.303500000000000000e+04
2.303600000000000000e+04
2.303700000000000000e+04
2.303800000000000000e+04
2.303900000000000000e+04
2.304000000000000000e+04
2.304100000000000000e+04
2.304200000000000000e+04
2.306300000000000000e+04
2.309200000000000000e+04
2.309300000000000000e+04
2.315800000000000000e+04
2.315900000000000000e+04
2.316000000000000000e+04
2.316100000000000000e+04
2.316500000000000000e+04
2.318800000000000000e+04
2.320500000000000000e+04
2.325800000000000000e+04
2.326000000000000000e+04
2.326200000000000000e+04
2.326300000000000000e+04
2.326400000000000000e+04
2.326500000000000000e+04
2.326600000000000000e+04
2.326700000000000000e+04
2.326800000000000000e+04
2.326900000000000000e+04
2.330400000000000000e+04
2.330600000000000000e+04
2.330700000000000000e+04
2.334700000000000000e+04
2.335200000000000000e+04
2.335500000000000000e+04
2.335600000000000000e+04
2.335700000000000000e+04
2.335800000000000000e+04
2.335900000000000000e+04
2.336000000000000000e+04
2.336100000000000000e+04
2.336200000000000000e+04
2.336300000000000000e+04
2.336400000000000000e+04
2.336500000000000000e+04
2.336600000000000000e+04
2.337400000000000000e+04
2.344400000000000000e+04
2.344700000000000000e+04
2.345000000000000000e+04
2.347500000000000000e+04
2.349800000000000000e+04
2.350000000000000000e+04
2.350100000000000000e+04
2.350300000000000000e+04
2.350400000000000000e+04
2.350500000000000000e+04
2.350600000000000000e+04
2.350700000000000000e+04
2.350800000000000000e+04
2.350900000000000000e+04
2.351900000000000000e+04
2.352000000000000000e+04
2.352200000000000000e+04
2.352400000000000000e+04
2.352500000000000000e+04
2.352800000000000000e+04
2.353500000000000000e+04
2.353800000000000000e+04
2.353900000000000000e+04
2.354000000000000000e+04
2.354100000000000000e+04
2.355900000000000000e+04
2.356000000000000000e+04
2.364800000000000000e+04
2.367400000000000000e+04
2.372200000000000000e+04
2.373500000000000000e+04
2.379300000000000000e+04
2.379400000000000000e+04
2.379500000000000000e+04
2.379600000000000000e+04
2.379700000000000000e+04
2.379800000000000000e+04
2.379900000000000000e+04
2.380100000000000000e+04
2.380200000000000000e+04
2.380400000000000000e+04
2.380500000000000000e+04
2.380600000000000000e+04
2.394600000000000000e+04
2.395000000000000000e+04
2.395200000000000000e+04
2.395300000000000000e+04
2.395500000000000000e+04
2.396200000000000000e+04
2.396300000000000000e+04
2.396400000000000000e+04
2.396500000000000000e+04
2.396600000000000000e+04
2.396700000000000000e+04
2.396800000000000000e+04
2.396900000000000000e+04
2.397000000000000000e+04
2.397100000000000000e+04
2.397200000000000000e+04
2.397300000000000000e+04
2.397400000000000000e+04
2.397500000000000000e+04
2.397600000000000000e+04
2.397700000000000000e+04
2.397800000000000000e+04
2.397900000000000000e+04
2.398000000000000000e+04
2.398100000000000000e+04
2.398200000000000000e+04
2.398700000000000000e+04
2.417100000000000000e+04
2.419200000000000000e+04
2.419300000000000000e+04
2.419400000000000000e+04
2.419500000000000000e+04
2.419600000000000000e+04
2.419700000000000000e+04
2.419800000000000000e+04
2.420000000000000000e+04
2.420100000000000000e+04
2.420200000000000000e+04
2.420300000000000000e+04
2.420400000000000000e+04
2.420500000000000000e+04
2.420600000000000000e+04
2.420700000000000000e+04
2.420800000000000000e+04
2.420900000000000000e+04
2.421000000000000000e+04
2.421100000000000000e+04
2.421300000000000000e+04
2.421400000000000000e+04
2.421500000000000000e+04
2.421600000000000000e+04
2.421700000000000000e+04
2.421800000000000000e+04
2.421900000000000000e+04
2.422000000000000000e+04
2.424000000000000000e+04
2.424100000000000000e+04
2.431500000000000000e+04
2.433600000000000000e+04
2.436700000000000000e+04
2.437300000000000000e+04
2.437500000000000000e+04
2.440700000000000000e+04
2.442100000000000000e+04
2.443400000000000000e+04
2.443600000000000000e+04
2.449700000000000000e+04
2.450000000000000000e+04
2.451000000000000000e+04
2.451100000000000000e+04
2.452600000000000000e+04
2.455300000000000000e+04
2.455400000000000000e+04
2.455500000000000000e+04
2.455800000000000000e+04
2.455900000000000000e+04
2.456800000000000000e+04
2.463300000000000000e+04
2.463400000000000000e+04
2.463500000000000000e+04
2.463600000000000000e+04
2.463700000000000000e+04
2.463900000000000000e+04
2.464000000000000000e+04
2.464200000000000000e+04
2.464500000000000000e+04
2.465200000000000000e+04
2.466700000000000000e+04
2.474600000000000000e+04
2.476100000000000000e+04
2.489900000000000000e+04
2.491500000000000000e+04
2.494200000000000000e+04
2.496800000000000000e+04
2.496900000000000000e+04
2.502100000000000000e+04
2.502400000000000000e+04
2.502500000000000000e+04
2.503400000000000000e+04
2.504800000000000000e+04
2.507800000000000000e+04
2.507900000000000000e+04
2.508100000000000000e+04
2.519900000000000000e+04
2.529400000000000000e+04
2.532500000000000000e+04
2.532600000000000000e+04
2.533200000000000000e+04
2.537700000000000000e+04
2.540500000000000000e+04
2.545300000000000000e+04
2.545500000000000000e+04
2.546400000000000000e+04
2.550500000000000000e+04
2.551800000000000000e+04
2.551900000000000000e+04
2.553200000000000000e+04
2.553300000000000000e+04
2.553400000000000000e+04
2.556900000000000000e+04
2.557000000000000000e+04
2.557300000000000000e+04
2.557500000000000000e+04
2.562200000000000000e+04
2.564300000000000000e+04
2.569600000000000000e+04
2.570700000000000000e+04
2.574400000000000000e+04
2.576300000000000000e+04
2.576400000000000000e+04
2.581600000000000000e+04
2.582200000000000000e+04
2.588200000000000000e+04
2.590800000000000000e+04
2.604200000000000000e+04
2.604300000000000000e+04
2.604400000000000000e+04
2.604700000000000000e+04
2.605200000000000000e+04
2.608800000000000000e+04
2.610200000000000000e+04
2.610300000000000000e+04
2.610600000000000000e+04
2.616800000000000000e+04
2.616900000000000000e+04
2.617400000000000000e+04
2.619600000000000000e+04
2.620200000000000000e+04
2.621400000000000000e+04
2.623400000000000000e+04
2.623500000000000000e+04
2.630600000000000000e+04
2.633100000000000000e+04
2.633300000000000000e+04
2.634600000000000000e+04
2.638400000000000000e+04
2.639000000000000000e+04
2.640100000000000000e+04
2.641000000000000000e+04
2.641600000000000000e+04
2.643700000000000000e+04
2.645300000000000000e+04
2.647200000000000000e+04
2.648200000000000000e+04
2.648700000000000000e+04
2.651900000000000000e+04
2.652700000000000000e+04
2.654800000000000000e+04
2.654900000000000000e+04
2.655000000000000000e+04
2.655600000000000000e+04
2.656400000000000000e+04
2.657000000000000000e+04
2.669200000000000000e+04
2.670200000000000000e+04
2.670400000000000000e+04
2.671100000000000000e+04
2.671200000000000000e+04
2.672000000000000000e+04
2.672600000000000000e+04
2.673100000000000000e+04
2.674100000000000000e+04
2.677800000000000000e+04
2.678000000000000000e+04
2.681000000000000000e+04
2.681200000000000000e+04
2.682300000000000000e+04
2.682600000000000000e+04
2.682700000000000000e+04
2.683800000000000000e+04
2.684600000000000000e+04
2.685000000000000000e+04
2.689000000000000000e+04
2.690300000000000000e+04
2.690400000000000000e+04
2.690600000000000000e+04
2.691800000000000000e+04
2.692000000000000000e+04
2.692100000000000000e+04
2.692700000000000000e+04
2.692800000000000000e+04
2.692900000000000000e+04
2.693100000000000000e+04
2.693200000000000000e+04
2.693500000000000000e+04
2.693700000000000000e+04
2.694000000000000000e+04
2.694600000000000000e+04
2.694700000000000000e+04
2.695000000000000000e+04
2.695200000000000000e+04
2.695400000000000000e+04
2.695500000000000000e+04
2.696100000000000000e+04
2.696700000000000000e+04
2.696800000000000000e+04
2.697900000000000000e+04
2.700400000000000000e+04
2.701400000000000000e+04
2.701500000000000000e+04
2.701600000000000000e+04
2.701800000000000000e+04
2.704400000000000000e+04
2.705300000000000000e+04
2.709300000000000000e+04
2.711500000000000000e+04
2.711600000000000000e+04
2.713400000000000000e+04
2.720900000000000000e+04
2.724400000000000000e+04
2.724500000000000000e+04
2.724600000000000000e+04
2.724800000000000000e+04
2.724900000000000000e+04
2.726500000000000000e+04
2.726800000000000000e+04
2.727000000000000000e+04
2.727300000000000000e+04
2.728000000000000000e+04
2.728100000000000000e+04
2.728200000000000000e+04
2.728300000000000000e+04
2.728400000000000000e+04
2.728500000000000000e+04
2.728600000000000000e+04
2.728700000000000000e+04
2.728800000000000000e+04
2.728900000000000000e+04
2.729000000000000000e+04
2.729100000000000000e+04
2.729200000000000000e+04
2.729300000000000000e+04
2.729400000000000000e+04
2.729500000000000000e+04
2.729600000000000000e+04
2.730500000000000000e+04
2.736800000000000000e+04
2.737600000000000000e+04
2.739100000000000000e+04
2.739800000000000000e+04
2.746000000000000000e+04
2.747000000000000000e+04
2.747100000000000000e+04
2.748100000000000000e+04
2.748900000000000000e+04
2.749300000000000000e+04
2.749400000000000000e+04
2.750100000000000000e+04
2.750400000000000000e+04
2.751100000000000000e+04
2.751600000000000000e+04
2.753000000000000000e+04
2.756400000000000000e+04
2.757400000000000000e+04
2.758400000000000000e+04
2.758700000000000000e+04
2.766200000000000000e+04
2.766300000000000000e+04
2.766400000000000000e+04
2.766500000000000000e+04
2.766600000000000000e+04
2.766700000000000000e+04
2.766900000000000000e+04
2.767000000000000000e+04
2.767100000000000000e+04
2.767200000000000000e+04
2.767300000000000000e+04
2.767400000000000000e+04
2.767500000000000000e+04
2.767600000000000000e+04
2.767700000000000000e+04
2.767800000000000000e+04
2.775500000000000000e+04
2.783300000000000000e+04
2.784100000000000000e+04
2.788300000000000000e+04
2.788600000000000000e+04
2.788900000000000000e+04
2.797700000000000000e+04
2.812100000000000000e+04
2.856600000000000000e+04
2.867600000000000000e+04
2.868900000000000000e+04
2.875600000000000000e+04
2.876400000000000000e+04
2.880100000000000000e+04
2.888100000000000000e+04
2.921500000000000000e+04
2.932800000000000000e+04
2.939100000000000000e+04
2.950800000000000000e+04
2.951200000000000000e+04
2.951800000000000000e+04
2.951900000000000000e+04
2.954100000000000000e+04
2.955700000000000000e+04
2.956000000000000000e+04
2.961500000000000000e+04
2.964400000000000000e+04
2.965300000000000000e+04
2.966900000000000000e+04
2.967400000000000000e+04
2.986900000000000000e+04
2.987000000000000000e+04
2.987100000000000000e+04
2.987200000000000000e+04
2.987300000000000000e+04
2.987400000000000000e+04
2.987600000000000000e+04
2.987800000000000000e+04
2.987900000000000000e+04
2.988100000000000000e+04
2.988400000000000000e+04
2.993400000000000000e+04
2.994000000000000000e+04
2.994900000000000000e+04
2.996500000000000000e+04
2.999300000000000000e+04
3.001100000000000000e+04
3.001500000000000000e+04
3.001700000000000000e+04
3.001800000000000000e+04
3.001900000000000000e+04
3.002000000000000000e+04
3.002100000000000000e+04
3.002200000000000000e+04
3.002300000000000000e+04
3.002400000000000000e+04
3.002500000000000000e+04
3.002600000000000000e+04
3.002700000000000000e+04
3.002800000000000000e+04
3.002900000000000000e+04
3.006700000000000000e+04
3.012300000000000000e+04
3.014800000000000000e+04
3.015000000000000000e+04
3.015100000000000000e+04
3.018000000000000000e+04
3.027200000000000000e+04
3.027300000000000000e+04
3.031200000000000000e+04
3.031300000000000000e+04
3.032100000000000000e+04
3.032300000000000000e+04
3.032400000000000000e+04
3.037900000000000000e+04
3.045000000000000000e+04
3.049700000000000000e+04
3.070300000000000000e+04
3.070400000000000000e+04
3.070600000000000000e+04
3.070800000000000000e+04
3.070900000000000000e+04
3.071000000000000000e+04
3.071200000000000000e+04
3.072900000000000000e+04
3.074500000000000000e+04
3.074600000000000000e+04
3.074700000000000000e+04
3.074800000000000000e+04
3.074900000000000000e+04
3.075000000000000000e+04
3.075100000000000000e+04
3.075200000000000000e+04
3.077600000000000000e+04
3.078400000000000000e+04
3.088900000000000000e+04
3.089500000000000000e+04
3.089900000000000000e+04
3.097300000000000000e+04
3.100000000000000000e+04
3.108000000000000000e+04
3.113400000000000000e+04
3.113500000000000000e+04
3.113600000000000000e+04
3.113700000000000000e+04
3.113800000000000000e+04
3.114200000000000000e+04
3.114300000000000000e+04
3.114400000000000000e+04
3.114500000000000000e+04
3.114700000000000000e+04
3.114800000000000000e+04
3.114900000000000000e+04
3.115100000000000000e+04
3.115200000000000000e+04
3.120000000000000000e+04
3.121800000000000000e+04
3.121900000000000000e+04
3.122100000000000000e+04
3.122500000000000000e+04
3.122600000000000000e+04
3.122700000000000000e+04
3.125400000000000000e+04
3.125500000000000000e+04
3.125600000000000000e+04
3.125700000000000000e+04
3.125800000000000000e+04
3.125900000000000000e+04
3.126000000000000000e+04
3.126100000000000000e+04
3.126200000000000000e+04
3.126300000000000000e+04
3.126400000000000000e+04
3.126500000000000000e+04
3.126600000000000000e+04
3.129800000000000000e+04
3.129900000000000000e+04
3.130100000000000000e+04
3.130200000000000000e+04
3.130300000000000000e+04
3.130500000000000000e+04
3.130600000000000000e+04
3.130700000000000000e+04
3.130800000000000000e+04
3.131000000000000000e+04
3.131300000000000000e+04
3.131400000000000000e+04
3.131500000000000000e+04
3.131600000000000000e+04
3.138100000000000000e+04
3.144300000000000000e+04
3.144500000000000000e+04
3.144600000000000000e+04
3.145300000000000000e+04
3.147600000000000000e+04
3.150300000000000000e+04
3.151600000000000000e+04
3.153600000000000000e+04
3.156300000000000000e+04
3.156400000000000000e+04
3.156500000000000000e+04
3.160900000000000000e+04
3.164900000000000000e+04
3.166400000000000000e+04
3.168200000000000000e+04
3.168300000000000000e+04
3.168400000000000000e+04
3.168500000000000000e+04
3.168600000000000000e+04
3.168700000000000000e+04
3.168900000000000000e+04
3.169000000000000000e+04
3.169100000000000000e+04
3.169200000000000000e+04
3.169300000000000000e+04
3.169400000000000000e+04
3.169500000000000000e+04
3.169600000000000000e+04
3.169700000000000000e+04
3.169800000000000000e+04
3.169900000000000000e+04
3.170000000000000000e+04
3.170100000000000000e+04
3.170200000000000000e+04
3.170300000000000000e+04
3.170400000000000000e+04
3.170500000000000000e+04
3.170600000000000000e+04
3.170700000000000000e+04
3.170900000000000000e+04
3.171200000000000000e+04
3.171300000000000000e+04
3.171400000000000000e+04
3.171500000000000000e+04
3.171600000000000000e+04
3.171700000000000000e+04
3.171900000000000000e+04
3.172000000000000000e+04
3.172100000000000000e+04
3.172300000000000000e+04
3.172400000000000000e+04
3.172500000000000000e+04
3.172600000000000000e+04
3.186300000000000000e+04
3.186700000000000000e+04
3.187000000000000000e+04
3.187600000000000000e+04
3.187700000000000000e+04
3.188500000000000000e+04
3.194800000000000000e+04
3.200600000000000000e+04
3.200700000000000000e+04
3.200800000000000000e+04
3.200900000000000000e+04
3.201000000000000000e+04
3.201100000000000000e+04
3.201200000000000000e+04
3.201300000000000000e+04
3.201400000000000000e+04
3.201500000000000000e+04
3.201700000000000000e+04
3.203200000000000000e+04
3.204900000000000000e+04
3.205000000000000000e+04
3.205600000000000000e+04
3.208400000000000000e+04
3.210500000000000000e+04
3.210600000000000000e+04
3.212500000000000000e+04
3.213300000000000000e+04
3.213400000000000000e+04
3.213500000000000000e+04
3.217300000000000000e+04
3.217500000000000000e+04
3.217600000000000000e+04
3.221000000000000000e+04
3.221100000000000000e+04
3.221200000000000000e+04
3.221300000000000000e+04
3.221400000000000000e+04
3.221500000000000000e+04
3.221600000000000000e+04
3.221700000000000000e+04
3.221800000000000000e+04
3.221900000000000000e+04
3.222000000000000000e+04
3.222100000000000000e+04
3.226600000000000000e+04
3.230600000000000000e+04
3.243100000000000000e+04
3.244700000000000000e+04
3.245100000000000000e+04
3.251300000000000000e+04
3.251400000000000000e+04
3.251500000000000000e+04
3.251600000000000000e+04
3.251700000000000000e+04
3.251800000000000000e+04
3.252000000000000000e+04
3.252100000000000000e+04
3.252200000000000000e+04
3.252300000000000000e+04
3.252400000000000000e+04
3.252500000000000000e+04
3.252600000000000000e+04
3.252700000000000000e+04
3.252800000000000000e+04
3.252900000000000000e+04
3.253000000000000000e+04
3.253100000000000000e+04
3.253200000000000000e+04
3.255500000000000000e+04
3.256400000000000000e+04
3.256900000000000000e+04
3.259500000000000000e+04
3.259600000000000000e+04
3.259700000000000000e+04
3.259800000000000000e+04
3.259900000000000000e+04
3.260000000000000000e+04
3.260100000000000000e+04
3.260200000000000000e+04
3.260300000000000000e+04
3.260400000000000000e+04
3.260700000000000000e+04
3.260800000000000000e+04
3.260900000000000000e+04
3.267000000000000000e+04
3.267200000000000000e+04
3.269200000000000000e+04
3.280000000000000000e+04
3.280500000000000000e+04
3.280600000000000000e+04
3.281200000000000000e+04
3.282400000000000000e+04
3.299000000000000000e+04
3.299100000000000000e+04
3.299200000000000000e+04
3.299300000000000000e+04
3.304800000000000000e+04
3.304900000000000000e+04
3.305000000000000000e+04
3.307800000000000000e+04
3.308000000000000000e+04
3.311000000000000000e+04
3.311100000000000000e+04
3.311200000000000000e+04
3.311400000000000000e+04
3.312000000000000000e+04
3.312400000000000000e+04
3.312500000000000000e+04
3.312600000000000000e+04
3.312800000000000000e+04
3.313000000000000000e+04
3.313100000000000000e+04
3.315300000000000000e+04
3.315600000000000000e+04
3.315700000000000000e+04
3.321700000000000000e+04
3.322900000000000000e+04
3.323000000000000000e+04
3.323100000000000000e+04
3.323200000000000000e+04
3.323400000000000000e+04
3.324500000000000000e+04
3.327200000000000000e+04
3.328000000000000000e+04
3.328100000000000000e+04
3.328900000000000000e+04
3.329000000000000000e+04
3.330000000000000000e+04
3.360200000000000000e+04
3.360300000000000000e+04
3.363400000000000000e+04
3.365100000000000000e+04
3.369600000000000000e+04
3.369700000000000000e+04
3.369900000000000000e+04
3.370000000000000000e+04
3.370100000000000000e+04
3.370200000000000000e+04
3.370300000000000000e+04
3.370400000000000000e+04
3.370500000000000000e+04
3.370600000000000000e+04
3.372000000000000000e+04
3.376300000000000000e+04
3.377000000000000000e+04
3.377400000000000000e+04
3.379300000000000000e+04
3.379400000000000000e+04
3.379500000000000000e+04
3.379600000000000000e+04
3.385500000000000000e+04
3.385900000000000000e+04
3.386000000000000000e+04
3.386100000000000000e+04
3.386200000000000000e+04
3.386400000000000000e+04
3.386500000000000000e+04
3.386600000000000000e+04
3.386700000000000000e+04
3.386800000000000000e+04
3.386900000000000000e+04
3.387000000000000000e+04
3.387100000000000000e+04
3.387200000000000000e+04
3.387300000000000000e+04
3.387400000000000000e+04
3.391600000000000000e+04
3.391800000000000000e+04
3.391900000000000000e+04
3.392000000000000000e+04
3.392100000000000000e+04
3.392300000000000000e+04
3.392500000000000000e+04
3.392600000000000000e+04
3.392800000000000000e+04
3.392900000000000000e+04
3.393000000000000000e+04
3.393300000000000000e+04
3.393700000000000000e+04
3.404700000000000000e+04
3.404800000000000000e+04
3.404900000000000000e+04
3.405000000000000000e+04
3.416500000000000000e+04
3.416900000000000000e+04
3.453400000000000000e+04
3.454000000000000000e+04
3.454200000000000000e+04
3.456600000000000000e+04
3.457100000000000000e+04
3.457300000000000000e+04
3.457400000000000000e+04
3.472600000000000000e+04
3.482700000000000000e+04
3.483600000000000000e+04
3.489800000000000000e+04
3.489900000000000000e+04
3.490000000000000000e+04
3.490100000000000000e+04
3.505200000000000000e+04
3.506300000000000000e+04
3.509400000000000000e+04
3.510600000000000000e+04
3.512400000000000000e+04
3.513200000000000000e+04
3.518700000000000000e+04
3.518900000000000000e+04
3.519000000000000000e+04
3.519100000000000000e+04
3.519200000000000000e+04
3.519400000000000000e+04
3.519500000000000000e+04
3.519600000000000000e+04
3.520200000000000000e+04
3.520300000000000000e+04
3.520900000000000000e+04
3.521200000000000000e+04
3.521300000000000000e+04
3.521400000000000000e+04
3.521700000000000000e+04
3.521800000000000000e+04
3.521900000000000000e+04
3.522000000000000000e+04
3.522100000000000000e+04
3.522200000000000000e+04
3.522300000000000000e+04
3.523200000000000000e+04
3.523300000000000000e+04
3.523400000000000000e+04
3.523500000000000000e+04
3.523600000000000000e+04
3.523700000000000000e+04
3.523800000000000000e+04
3.523900000000000000e+04
3.524000000000000000e+04
3.524100000000000000e+04
3.524300000000000000e+04
3.524900000000000000e+04
3.525000000000000000e+04
3.525100000000000000e+04
3.525200000000000000e+04
3.529400000000000000e+04
3.530200000000000000e+04
3.531800000000000000e+04
3.531900000000000000e+04
3.532100000000000000e+04
3.532200000000000000e+04
3.532500000000000000e+04
3.534800000000000000e+04
3.535400000000000000e+04
3.570700000000000000e+04
3.570800000000000000e+04
3.570900000000000000e+04
3.571000000000000000e+04
3.571100000000000000e+04
3.571200000000000000e+04
3.571300000000000000e+04
3.571400000000000000e+04
3.571500000000000000e+04
3.571600000000000000e+04
3.571700000000000000e+04
3.571900000000000000e+04
3.573000000000000000e+04
3.573800000000000000e+04
3.574400000000000000e+04
3.576400000000000000e+04
3.577500000000000000e+04
3.577600000000000000e+04
3.581600000000000000e+04
3.582800000000000000e+04
3.587400000000000000e+04
3.595200000000000000e+04
3.595300000000000000e+04
3.596000000000000000e+04
3.596700000000000000e+04
3.604000000000000000e+04
3.627100000000000000e+04
3.627200000000000000e+04
3.627300000000000000e+04
3.627400000000000000e+04
3.627500000000000000e+04
3.627600000000000000e+04
3.645400000000000000e+04
3.645500000000000000e+04
3.646300000000000000e+04
3.646900000000000000e+04
3.651100000000000000e+04
3.651700000000000000e+04
3.651900000000000000e+04
3.718100000000000000e+04
3.719200000000000000e+04
3.719300000000000000e+04
3.723400000000000000e+04
3.734100000000000000e+04
3.736600000000000000e+04
3.736700000000000000e+04
3.736900000000000000e+04
3.738500000000000000e+04
3.739000000000000000e+04
3.739100000000000000e+04
3.739200000000000000e+04
3.739300000000000000e+04
3.739600000000000000e+04
3.739900000000000000e+04
3.740100000000000000e+04
3.740200000000000000e+04
3.783500000000000000e+04
3.783600000000000000e+04
3.784700000000000000e+04
3.787900000000000000e+04
3.794700000000000000e+04
3.804500000000000000e+04
3.829500000000000000e+04
3.831100000000000000e+04
3.831200000000000000e+04
3.831300000000000000e+04
3.832000000000000000e+04
3.832100000000000000e+04
3.834600000000000000e+04
3.841800000000000000e+04
3.872000000000000000e+04
3.873800000000000000e+04
3.873900000000000000e+04
3.874000000000000000e+04
3.874100000000000000e+04
3.874200000000000000e+04
3.874300000000000000e+04
3.874400000000000000e+04
3.874500000000000000e+04
3.890700000000000000e+04
3.890800000000000000e+04
3.903200000000000000e+04
3.903400000000000000e+04
3.907600000000000000e+04
3.913500000000000000e+04
3.913700000000000000e+04
3.918700000000000000e+04
3.918800000000000000e+04
3.921000000000000000e+04
3.925600000000000000e+04
3.925700000000000000e+04
3.927200000000000000e+04
3.927400000000000000e+04
3.927700000000000000e+04
3.927800000000000000e+04
3.928700000000000000e+04
3.929300000000000000e+04
3.931600000000000000e+04
3.935300000000000000e+04
3.938500000000000000e+04
3.939200000000000000e+04
3.940000000000000000e+04
3.940100000000000000e+04
3.940200000000000000e+04
3.940300000000000000e+04
3.940400000000000000e+04
3.966300000000000000e+04
3.980400000000000000e+04
3.982600000000000000e+04
3.982700000000000000e+04
3.983300000000000000e+04
3.983400000000000000e+04
3.984100000000000000e+04
3.991100000000000000e+04
3.991200000000000000e+04
3.997300000000000000e+04
3.997600000000000000e+04
3.998300000000000000e+04
4.002500000000000000e+04
4.002700000000000000e+04
4.002800000000000000e+04
4.003800000000000000e+04
4.003900000000000000e+04
4.004000000000000000e+04
4.009600000000000000e+04
4.009700000000000000e+04
4.012100000000000000e+04
4.014900000000000000e+04
4.015100000000000000e+04
4.015200000000000000e+04
4.017000000000000000e+04
4.021700000000000000e+04
4.022100000000000000e+04
4.031200000000000000e+04
4.032000000000000000e+04
4.032900000000000000e+04
4.034500000000000000e+04
4.039900000000000000e+04
4.043000000000000000e+04
4.043300000000000000e+04
4.045900000000000000e+04
4.046100000000000000e+04
4.046800000000000000e+04
4.046900000000000000e+04
4.047000000000000000e+04
4.048900000000000000e+04
4.049100000000000000e+04
4.052100000000000000e+04
4.052300000000000000e+04
4.052600000000000000e+04
4.052700000000000000e+04
4.053200000000000000e+04
4.053400000000000000e+04
4.055000000000000000e+04
4.056000000000000000e+04
4.056500000000000000e+04
4.081500000000000000e+04
4.083300000000000000e+04
4.087300000000000000e+04
4.087900000000000000e+04
4.088000000000000000e+04
4.088400000000000000e+04
4.088500000000000000e+04
4.088700000000000000e+04
4.094600000000000000e+04
4.094700000000000000e+04
4.097100000000000000e+04
4.097800000000000000e+04
4.097900000000000000e+04
4.098000000000000000e+04
4.098100000000000000e+04
4.099300000000000000e+04
4.101100000000000000e+04
4.109600000000000000e+04
4.117400000000000000e+04
4.122000000000000000e+04
4.122600000000000000e+04
4.122800000000000000e+04
4.128500000000000000e+04
4.134200000000000000e+04
4.138400000000000000e+04
4.140000000000000000e+04
4.145900000000000000e+04
4.146300000000000000e+04
4.146900000000000000e+04
4.149800000000000000e+04
4.151300000000000000e+04
4.151900000000000000e+04
4.152600000000000000e+04
4.153500000000000000e+04
