0.000000000000000000e+00
2.000000000000000000e+00
3.000000000000000000e+00
4.300000000000000000e+01
5.800000000000000000e+01
9.200000000000000000e+01
2.030000000000000000e+02
2.360000000000000000e+02
2.490000000000000000e+02
2.680000000000000000e+02
2.800000000000000000e+02
3.140000000000000000e+02
3.430000000000000000e+02
3.520000000000000000e+02
3.560000000000000000e+02
3.570000000000000000e+02
3.620000000000000000e+02
3.690000000000000000e+02
3.700000000000000000e+02
3.710000000000000000e+02
3.760000000000000000e+02
3.780000000000000000e+02
3.790000000000000000e+02
3.990000000000000000e+02
4.000000000000000000e+02
4.130000000000000000e+02
4.150000000000000000e+02
4.260000000000000000e+02
4.310000000000000000e+02
4.330000000000000000e+02
4.350000000000000000e+02
4.460000000000000000e+02
4.480000000000000000e+02
4.670000000000000000e+02
4.680000000000000000e+02
4.690000000000000000e+02
5.150000000000000000e+02
5.190000000000000000e+02
5.330000000000000000e+02
5.370000000000000000e+02
5.500000000000000000e+02
5.750000000000000000e+02
5.770000000000000000e+02
5.900000000000000000e+02
5.920000000000000000e+02
6.060000000000000000e+02
6.070000000000000000e+02
6.150000000000000000e+02
6.190000000000000000e+02
6.260000000000000000e+02
6.330000000000000000e+02
6.410000000000000000e+02
6.600000000000000000e+02
6.760000000000000000e+02
6.970000000000000000e+02
6.980000000000000000e+02
7.080000000000000000e+02
7.360000000000000000e+02
7.460000000000000000e+02
7.500000000000000000e+02
7.530000000000000000e+02
7.540000000000000000e+02
7.560000000000000000e+02
7.570000000000000000e+02
7.580000000000000000e+02
7.670000000000000000e+02
7.720000000000000000e+02
7.820000000000000000e+02
7.840000000000000000e+02
7.850000000000000000e+02
7.880000000000000000e+02
7.920000000000000000e+02
7.980000000000000000e+02
8.000000000000000000e+02
8.040000000000000000e+02
8.050000000000000000e+02
8.070000000000000000e+02
8.110000000000000000e+02
8.140000000000000000e+02
8.160000000000000000e+02
8.170000000000000000e+02
8.180000000000000000e+02
8.210000000000000000e+02
8.240000000000000000e+02
8.270000000000000000e+02
8.290000000000000000e+02
8.320000000000000000e+02
8.330000000000000000e+02
8.360000000000000000e+02
8.410000000000000000e+02
8.490000000000000000e+02
8.500000000000000000e+02
8.620000000000000000e+02
8.660000000000000000e+02
8.690000000000000000e+02
8.740000000000000000e+02
8.820000000000000000e+02
8.830000000000000000e+02
8.840000000000000000e+02
8.860000000000000000e+02
8.900000000000000000e+02
8.910000000000000000e+02
8.970000000000000000e+02
9.250000000000000000e+02
9.260000000000000000e+02
9.300000000000000000e+02
9.330000000000000000e+02
9.900000000000000000e+02
1.007000000000000000e+03
1.009000000000000000e+03
1.018000000000000000e+03
1.021000000000000000e+03
1.039000000000000000e+03
1.043000000000000000e+03
1.044000000000000000e+03
1.045000000000000000e+03
1.057000000000000000e+03
1.113000000000000000e+03
1.149000000000000000e+03
1.184000000000000000e+03
1.194000000000000000e+03
1.197000000000000000e+03
1.199000000000000000e+03
1.240000000000000000e+03
1.366000000000000000e+03
1.414000000000000000e+03
1.428000000000000000e+03
1.440000000000000000e+03
1.452000000000000000e+03
1.454000000000000000e+03
1.457000000000000000e+03
1.459000000000000000e+03
1.484000000000000000e+03
1.490000000000000000e+03
1.508000000000000000e+03
1.512000000000000000e+03
1.515000000000000000e+03
1.518000000000000000e+03
1.524000000000000000e+03
1.559000000000000000e+03
1.567000000000000000e+03
1.570000000000000000e+03
1.571000000000000000e+03
1.582000000000000000e+03
1.585000000000000000e+03
1.588000000000000000e+03
1.599000000000000000e+03
1.600000000000000000e+03
1.602000000000000000e+03
1.605000000000000000e+03
1.611000000000000000e+03
1.612000000000000000e+03
1.616000000000000000e+03
1.620000000000000000e+03
1.624000000000000000e+03
1.630000000000000000e+03
1.631000000000000000e+03
1.632000000000000000e+03
1.633000000000000000e+03
1.636000000000000000e+03
1.643000000000000000e+03
1.646000000000000000e+03
1.656000000000000000e+03
1.667000000000000000e+03
1.678000000000000000e+03
1.683000000000000000e+03
1.686000000000000000e+03
1.698000000000000000e+03
1.776000000000000000e+03
1.780000000000000000e+03
1.797000000000000000e+03
1.804000000000000000e+03
1.808000000000000000e+03
1.850000000000000000e+03
1.900000000000000000e+03
2.000000000000000000e+03
2.060000000000000000e+03
2.078000000000000000e+03
2.118000000000000000e+03
2.119000000000000000e+03
2.138000000000000000e+03
2.166000000000000000e+03
2.230000000000000000e+03
2.234000000000000000e+03
2.243000000000000000e+03
2.244000000000000000e+03
2.271000000000000000e+03
2.315000000000000000e+03
2.383000000000000000e+03
2.460000000000000000e+03
2.581000000000000000e+03
2.620000000000000000e+03
2.752000000000000000e+03
2.776000000000000000e+03
2.816000000000000000e+03
2.844000000000000000e+03
2.876000000000000000e+03
2.913000000000000000e+03
2.936000000000000000e+03
2.937000000000000000e+03
2.940000000000000000e+03
2.948000000000000000e+03
2.958000000000000000e+03
2.975000000000000000e+03
3.000000000000000000e+03
3.002000000000000000e+03
3.005000000000000000e+03
3.007000000000000000e+03
3.010000000000000000e+03
3.017000000000000000e+03
3.033000000000000000e+03
3.039000000000000000e+03
3.050000000000000000e+03
3.056000000000000000e+03
3.057000000000000000e+03
3.058000000000000000e+03
3.059000000000000000e+03
3.070000000000000000e+03
3.105000000000000000e+03
3.126000000000000000e+03
3.147000000000000000e+03
3.150000000000000000e+03
3.156000000000000000e+03
3.173000000000000000e+03
3.185000000000000000e+03
3.186000000000000000e+03
3.193000000000000000e+03
3.221000000000000000e+03
3.256000000000000000e+03
3.282000000000000000e+03
3.284000000000000000e+03
3.308000000000000000e+03
3.318000000000000000e+03
3.376000000000000000e+03
3.382000000000000000e+03
3.388000000000000000e+03
3.407000000000000000e+03
3.424000000000000000e+03
3.437000000000000000e+03
3.443000000000000000e+03
3.465000000000000000e+03
3.476000000000000000e+03
3.492000000000000000e+03
3.509000000000000000e+03
3.510000000000000000e+03
3.517000000000000000e+03
3.526000000000000000e+03
3.534000000000000000e+03
3.550000000000000000e+03
3.594000000000000000e+03
3.616000000000000000e+03
3.651000000000000000e+03
3.685000000000000000e+03
3.692000000000000000e+03
3.716000000000000000e+03
3.745000000000000000e+03
3.799000000000000000e+03
3.817000000000000000e+03
3.900000000000000000e+03
3.969000000000000000e+03
3.992000000000000000e+03
4.028000000000000000e+03
4.033000000000000000e+03
4.040000000000000000e+03
4.045000000000000000e+03
4.054000000000000000e+03
4.058000000000000000e+03
4.071000000000000000e+03
4.075000000000000000e+03
4.076000000000000000e+03
4.085000000000000000e+03
4.088000000000000000e+03
4.091000000000000000e+03
4.098000000000000000e+03
4.099000000000000000e+03
4.105000000000000000e+03
4.114000000000000000e+03
4.117000000000000000e+03
4.118000000000000000e+03
4.121000000000000000e+03
4.122000000000000000e+03
4.123000000000000000e+03
4.130000000000000000e+03
4.132000000000000000e+03
4.135000000000000000e+03
4.144000000000000000e+03
4.153000000000000000e+03
4.154000000000000000e+03
4.155000000000000000e+03
4.164000000000000000e+03
4.165000000000000000e+03
4.166000000000000000e+03
4.168000000000000000e+03
4.173000000000000000e+03
4.175000000000000000e+03
4.177000000000000000e+03
4.179000000000000000e+03
4.185000000000000000e+03
4.187000000000000000e+03
4.189000000000000000e+03
4.193000000000000000e+03
4.195000000000000000e+03
4.196000000000000000e+03
4.201000000000000000e+03
4.204000000000000000e+03
4.208000000000000000e+03
4.215000000000000000e+03
4.222000000000000000e+03
4.224000000000000000e+03
4.229000000000000000e+03
4.233000000000000000e+03
4.244000000000000000e+03
4.251000000000000000e+03
4.256000000000000000e+03
4.261000000000000000e+03
4.266000000000000000e+03
4.267000000000000000e+03
4.269000000000000000e+03
4.274000000000000000e+03
4.283000000000000000e+03
4.308000000000000000e+03
4.313000000000000000e+03
4.318000000000000000e+03
4.319000000000000000e+03
4.325000000000000000e+03
4.326000000000000000e+03
4.328000000000000000e+03
4.332000000000000000e+03
4.335000000000000000e+03
4.336000000000000000e+03
4.398000000000000000e+03
4.410000000000000000e+03
4.433000000000000000e+03
4.443000000000000000e+03
4.458000000000000000e+03
4.495000000000000000e+03
4.551000000000000000e+03
4.566000000000000000e+03
4.567000000000000000e+03
4.600000000000000000e+03
4.601000000000000000e+03
4.641000000000000000e+03
4.715000000000000000e+03
4.749000000000000000e+03
4.753000000000000000e+03
4.755000000000000000e+03
4.774000000000000000e+03
4.818000000000000000e+03
4.827000000000000000e+03
4.844000000000000000e+03
4.850000000000000000e+03
4.934000000000000000e+03
4.947000000000000000e+03
4.962000000000000000e+03
4.968000000000000000e+03
4.971000000000000000e+03
4.990000000000000000e+03
4.994000000000000000e+03
5.014000000000000000e+03
5.031000000000000000e+03
5.034000000000000000e+03
5.036000000000000000e+03
5.041000000000000000e+03
5.047000000000000000e+03
5.049000000000000000e+03
5.050000000000000000e+03
5.052000000000000000e+03
5.054000000000000000e+03
5.058000000000000000e+03
5.060000000000000000e+03
5.071000000000000000e+03
5.072000000000000000e+03
5.074000000000000000e+03
5.077000000000000000e+03
5.079000000000000000e+03
5.080000000000000000e+03
5.082000000000000000e+03
5.083000000000000000e+03
5.095000000000000000e+03
5.097000000000000000e+03
5.101000000000000000e+03
5.103000000000000000e+03
5.105000000000000000e+03
5.106000000000000000e+03
5.108000000000000000e+03
5.115000000000000000e+03
5.117000000000000000e+03
5.120000000000000000e+03
5.125000000000000000e+03
5.130000000000000000e+03
5.131000000000000000e+03
5.132000000000000000e+03
5.135000000000000000e+03
5.138000000000000000e+03
5.152000000000000000e+03
5.155000000000000000e+03
5.269000000000000000e+03
5.271000000000000000e+03
5.287000000000000000e+03
5.304000000000000000e+03
5.316000000000000000e+03
5.348000000000000000e+03
5.350000000000000000e+03
5.351000000000000000e+03
5.359000000000000000e+03
5.361000000000000000e+03
5.364000000000000000e+03
5.365000000000000000e+03
5.369000000000000000e+03
5.378000000000000000e+03
5.380000000000000000e+03
5.382000000000000000e+03
5.395000000000000000e+03
5.403000000000000000e+03
5.405000000000000000e+03
5.417000000000000000e+03
5.425000000000000000e+03
5.429000000000000000e+03
5.431000000000000000e+03
5.433000000000000000e+03
5.436000000000000000e+03
5.444000000000000000e+03
5.448000000000000000e+03
5.475000000000000000e+03
5.479000000000000000e+03
5.486000000000000000e+03
5.489000000000000000e+03
5.490000000000000000e+03
5.508000000000000000e+03
5.509000000000000000e+03
5.538000000000000000e+03
5.552000000000000000e+03
5.558000000000000000e+03
5.559000000000000000e+03
5.599000000000000000e+03
5.600000000000000000e+03
5.608000000000000000e+03
5.610000000000000000e+03
5.621000000000000000e+03
5.631000000000000000e+03
5.636000000000000000e+03
5.638000000000000000e+03
5.643000000000000000e+03
5.645000000000000000e+03
5.676000000000000000e+03
5.677000000000000000e+03
5.678000000000000000e+03
5.689000000000000000e+03
5.694000000000000000e+03
5.697000000000000000e+03
5.699000000000000000e+03
5.708000000000000000e+03
5.728000000000000000e+03
5.734000000000000000e+03
5.771000000000000000e+03
5.785000000000000000e+03
5.891000000000000000e+03
5.892000000000000000e+03
5.899000000000000000e+03
5.919000000000000000e+03
5.920000000000000000e+03
5.922000000000000000e+03
5.924000000000000000e+03
5.926000000000000000e+03
5.928000000000000000e+03
5.931000000000000000e+03
5.933000000000000000e+03
5.938000000000000000e+03
5.941000000000000000e+03
5.947000000000000000e+03
5.949000000000000000e+03
5.951000000000000000e+03
5.953000000000000000e+03
5.990000000000000000e+03
5.994000000000000000e+03
6.003000000000000000e+03
6.011000000000000000e+03
6.015000000000000000e+03
6.026000000000000000e+03
6.033000000000000000e+03
6.034000000000000000e+03
6.035000000000000000e+03
6.038000000000000000e+03
6.041000000000000000e+03
6.043000000000000000e+03
6.047000000000000000e+03
6.050000000000000000e+03
6.051000000000000000e+03
6.052000000000000000e+03
6.054000000000000000e+03
6.067000000000000000e+03
6.070000000000000000e+03
6.073000000000000000e+03
6.078000000000000000e+03
6.093000000000000000e+03
6.094000000000000000e+03
6.096000000000000000e+03
6.118000000000000000e+03
6.134000000000000000e+03
6.148000000000000000e+03
6.150000000000000000e+03
6.152000000000000000e+03
6.155000000000000000e+03
6.171000000000000000e+03
6.173000000000000000e+03
6.180000000000000000e+03
6.186000000000000000e+03
6.188000000000000000e+03
6.189000000000000000e+03
6.190000000000000000e+03
6.192000000000000000e+03
6.197000000000000000e+03
6.218000000000000000e+03
6.242000000000000000e+03
6.271000000000000000e+03
6.282000000000000000e+03
6.296000000000000000e+03
6.299000000000000000e+03
6.302000000000000000e+03
6.331000000000000000e+03
6.336000000000000000e+03
6.352000000000000000e+03
6.353000000000000000e+03
6.373000000000000000e+03
6.387000000000000000e+03
6.395000000000000000e+03
6.398000000000000000e+03
6.412000000000000000e+03
6.414000000000000000e+03
6.416000000000000000e+03
6.434000000000000000e+03
6.440000000000000000e+03
6.445000000000000000e+03
6.451000000000000000e+03
6.452000000000000000e+03
6.453000000000000000e+03
6.454000000000000000e+03
6.455000000000000000e+03
6.457000000000000000e+03
6.458000000000000000e+03
6.460000000000000000e+03
6.490000000000000000e+03
6.524000000000000000e+03
6.530000000000000000e+03
6.531000000000000000e+03
6.533000000000000000e+03
6.539000000000000000e+03
6.609000000000000000e+03
6.611000000000000000e+03
6.612000000000000000e+03
6.631000000000000000e+03
6.633000000000000000e+03
6.682000000000000000e+03
6.686000000000000000e+03
6.687000000000000000e+03
6.695000000000000000e+03
6.697000000000000000e+03
6.705000000000000000e+03
6.711000000000000000e+03
6.712000000000000000e+03
6.716000000000000000e+03
6.718000000000000000e+03
6.719000000000000000e+03
6.720000000000000000e+03
6.722000000000000000e+03
6.723000000000000000e+03
6.724000000000000000e+03
6.735000000000000000e+03
6.771000000000000000e+03
6.780000000000000000e+03
6.781000000000000000e+03
6.802000000000000000e+03
6.804000000000000000e+03
6.808000000000000000e+03
6.809000000000000000e+03
6.814000000000000000e+03
6.815000000000000000e+03
6.817000000000000000e+03
6.825000000000000000e+03
6.827000000000000000e+03
6.857000000000000000e+03
6.860000000000000000e+03
6.862000000000000000e+03
6.890000000000000000e+03
6.892000000000000000e+03
6.894000000000000000e+03
6.906000000000000000e+03
6.924000000000000000e+03
6.941000000000000000e+03
6.947000000000000000e+03
6.962000000000000000e+03
6.984000000000000000e+03
6.997000000000000000e+03
6.999000000000000000e+03
7.000000000000000000e+03
7.003000000000000000e+03
7.018000000000000000e+03
7.033000000000000000e+03
7.039000000000000000e+03
7.041000000000000000e+03
7.044000000000000000e+03
7.048000000000000000e+03
7.052000000000000000e+03
7.061000000000000000e+03
7.063000000000000000e+03
7.066000000000000000e+03
7.071000000000000000e+03
7.149000000000000000e+03
7.202000000000000000e+03
7.220000000000000000e+03
7.224000000000000000e+03
7.232000000000000000e+03
7.234000000000000000e+03
7.248000000000000000e+03
7.259000000000000000e+03
7.260000000000000000e+03
7.261000000000000000e+03
7.266000000000000000e+03
7.271000000000000000e+03
7.272000000000000000e+03
7.275000000000000000e+03
7.276000000000000000e+03
7.278000000000000000e+03
7.279000000000000000e+03
7.280000000000000000e+03
7.281000000000000000e+03
7.283000000000000000e+03
7.284000000000000000e+03
7.287000000000000000e+03
7.289000000000000000e+03
7.290000000000000000e+03
7.294000000000000000e+03
7.295000000000000000e+03
7.297000000000000000e+03
7.298000000000000000e+03
7.299000000000000000e+03
7.302000000000000000e+03
7.308000000000000000e+03
7.311000000000000000e+03
7.312000000000000000e+03
7.331000000000000000e+03
7.344000000000000000e+03
7.345000000000000000e+03
7.353000000000000000e+03
7.362000000000000000e+03
7.367000000000000000e+03
7.371000000000000000e+03
7.372000000000000000e+03
7.388000000000000000e+03
7.404000000000000000e+03
7.412000000000000000e+03
7.414000000000000000e+03
7.421000000000000000e+03
7.434000000000000000e+03
7.438000000000000000e+03
7.443000000000000000e+03
7.446000000000000000e+03
7.447000000000000000e+03
7.468000000000000000e+03
7.483000000000000000e+03
7.494000000000000000e+03
7.496000000000000000e+03
7.500000000000000000e+03
7.512000000000000000e+03
7.515000000000000000e+03
7.523000000000000000e+03
7.524000000000000000e+03
7.527000000000000000e+03
7.532000000000000000e+03
7.542000000000000000e+03
7.552000000000000000e+03
7.580000000000000000e+03
7.582000000000000000e+03
7.586000000000000000e+03
7.601000000000000000e+03
7.610000000000000000e+03
7.614000000000000000e+03
7.639000000000000000e+03
7.641000000000000000e+03
7.653000000000000000e+03
7.655000000000000000e+03
7.662000000000000000e+03
7.666000000000000000e+03
7.670000000000000000e+03
7.671000000000000000e+03
7.674000000000000000e+03
7.675000000000000000e+03
7.684000000000000000e+03
7.704000000000000000e+03
7.716000000000000000e+03
7.719000000000000000e+03
7.721000000000000000e+03
7.722000000000000000e+03
7.731000000000000000e+03
7.743000000000000000e+03
7.745000000000000000e+03
7.746000000000000000e+03
7.749000000000000000e+03
7.750000000000000000e+03
7.751000000000000000e+03
7.752000000000000000e+03
7.754000000000000000e+03
7.755000000000000000e+03
7.757000000000000000e+03
7.761000000000000000e+03
7.762000000000000000e+03
7.769000000000000000e+03
7.770000000000000000e+03
7.782000000000000000e+03
7.861000000000000000e+03
7.863000000000000000e+03
7.865000000000000000e+03
7.866000000000000000e+03
7.869000000000000000e+03
7.873000000000000000e+03
7.874000000000000000e+03
7.877000000000000000e+03
7.879000000000000000e+03
7.889000000000000000e+03
7.890000000000000000e+03
7.926000000000000000e+03
7.930000000000000000e+03
7.938000000000000000e+03
7.939000000000000000e+03
7.944000000000000000e+03
7.947000000000000000e+03
7.948000000000000000e+03
7.981000000000000000e+03
7.991000000000000000e+03
7.992000000000000000e+03
8.010000000000000000e+03
8.014000000000000000e+03
8.025000000000000000e+03
8.042000000000000000e+03
8.100000000000000000e+03
8.112000000000000000e+03
8.200000000000000000e+03
8.209000000000000000e+03
8.213000000000000000e+03
8.240000000000000000e+03
8.246000000000000000e+03
8.248000000000000000e+03
8.261000000000000000e+03
8.279000000000000000e+03
8.281000000000000000e+03
8.287000000000000000e+03
8.293000000000000000e+03
8.319000000000000000e+03
8.381000000000000000e+03
8.426000000000000000e+03
8.474000000000000000e+03
8.478000000000000000e+03
8.527000000000000000e+03
8.581000000000000000e+03
8.588000000000000000e+03
8.630000000000000000e+03
8.666000000000000000e+03
8.667000000000000000e+03
8.668000000000000000e+03
8.669000000000000000e+03
8.671000000000000000e+03
8.673000000000000000e+03
8.675000000000000000e+03
8.676000000000000000e+03
8.680000000000000000e+03
8.688000000000000000e+03
8.704000000000000000e+03
8.708000000000000000e+03
8.713000000000000000e+03
8.716000000000000000e+03
8.731000000000000000e+03
8.739000000000000000e+03
8.742000000000000000e+03
8.743000000000000000e+03
8.753000000000000000e+03
8.758000000000000000e+03
8.773000000000000000e+03
8.787000000000000000e+03
8.788000000000000000e+03
8.792000000000000000e+03
8.800000000000000000e+03
8.804000000000000000e+03
8.807000000000000000e+03
8.808000000000000000e+03
8.814000000000000000e+03
8.825000000000000000e+03
8.927000000000000000e+03
8.959000000000000000e+03
8.965000000000000000e+03
8.971000000000000000e+03
8.981000000000000000e+03
8.982000000000000000e+03
8.985000000000000000e+03
8.991000000000000000e+03
9.038000000000000000e+03
9.060000000000000000e+03
9.079000000000000000e+03
9.081000000000000000e+03
9.085000000000000000e+03
9.091000000000000000e+03
9.106000000000000000e+03
9.338000000000000000e+03
9.352000000000000000e+03
9.364000000000000000e+03
9.370000000000000000e+03
9.371000000000000000e+03
9.379000000000000000e+03
9.392000000000000000e+03
9.406000000000000000e+03
9.411000000000000000e+03
9.419000000000000000e+03
9.430000000000000000e+03
9.433000000000000000e+03
9.436000000000000000e+03
9.437000000000000000e+03
9.458000000000000000e+03
9.538000000000000000e+03
9.580000000000000000e+03
9.585000000000000000e+03
9.763000000000000000e+03
9.766000000000000000e+03
9.767000000000000000e+03
9.801000000000000000e+03
9.877000000000000000e+03
9.898000000000000000e+03
9.900000000000000000e+03
9.902000000000000000e+03
9.904000000000000000e+03
9.917000000000000000e+03
9.932000000000000000e+03
9.954000000000000000e+03
9.961000000000000000e+03
9.990000000000000000e+03
1.002800000000000000e+04
1.005800000000000000e+04
1.006700000000000000e+04
1.006900000000000000e+04
1.007000000000000000e+04
1.007100000000000000e+04
1.007900000000000000e+04
1.008000000000000000e+04
1.008700000000000000e+04
1.009400000000000000e+04
1.009600000000000000e+04
1.010400000000000000e+04
1.010700000000000000e+04
1.012700000000000000e+04
1.013000000000000000e+04
1.013700000000000000e+04
1.013800000000000000e+04
1.014900000000000000e+04
1.015900000000000000e+04
1.016000000000000000e+04
1.020900000000000000e+04
1.022400000000000000e+04
1.023200000000000000e+04
1.025900000000000000e+04
1.026000000000000000e+04
1.032400000000000000e+04
1.033100000000000000e+04
1.033400000000000000e+04
1.034400000000000000e+04
1.036500000000000000e+04
1.036700000000000000e+04
1.047700000000000000e+04
1.048900000000000000e+04
1.052600000000000000e+04
1.053100000000000000e+04
1.055600000000000000e+04
1.056700000000000000e+04
1.061300000000000000e+04
1.061600000000000000e+04
1.062900000000000000e+04
1.065200000000000000e+04
1.066100000000000000e+04
1.067100000000000000e+04
1.069800000000000000e+04
1.075800000000000000e+04
1.077500000000000000e+04
1.081000000000000000e+04
1.084000000000000000e+04
1.087000000000000000e+04
1.093200000000000000e+04
1.094500000000000000e+04
1.095800000000000000e+04
1.098100000000000000e+04
1.099500000000000000e+04
1.099900000000000000e+04
1.101000000000000000e+04
1.101500000000000000e+04
1.103900000000000000e+04
1.104300000000000000e+04
1.111200000000000000e+04
1.111300000000000000e+04
1.111500000000000000e+04
1.115600000000000000e+04
1.116100000000000000e+04
1.118200000000000000e+04
1.119100000000000000e+04
1.119900000000000000e+04
1.120000000000000000e+04
1.121200000000000000e+04
1.122000000000000000e+04
1.122400000000000000e+04
1.123800000000000000e+04
1.124300000000000000e+04
1.124800000000000000e+04
1.125100000000000000e+04
1.125400000000000000e+04
1.125900000000000000e+04
1.127600000000000000e+04
1.128000000000000000e+04
1.128600000000000000e+04
1.129700000000000000e+04
1.129800000000000000e+04
1.130500000000000000e+04
1.131500000000000000e+04
1.132500000000000000e+04
1.134400000000000000e+04
1.135000000000000000e+04
1.136100000000000000e+04
1.137300000000000000e+04
1.137600000000000000e+04
1.137700000000000000e+04
1.137900000000000000e+04
1.138400000000000000e+04
1.138700000000000000e+04
1.139700000000000000e+04
1.142600000000000000e+04
1.143200000000000000e+04
1.143400000000000000e+04
1.143800000000000000e+04
1.144500000000000000e+04
1.144700000000000000e+04
1.145700000000000000e+04
1.145900000000000000e+04
1.146200000000000000e+04
1.146400000000000000e+04
1.149800000000000000e+04
1.151900000000000000e+04
1.153000000000000000e+04
1.156200000000000000e+04
1.157400000000000000e+04
1.163000000000000000e+04
1.163300000000000000e+04
1.164500000000000000e+04
1.164800000000000000e+04
1.165000000000000000e+04
1.165400000000000000e+04
1.166000000000000000e+04
1.166500000000000000e+04
1.167400000000000000e+04
1.167700000000000000e+04
1.167800000000000000e+04
1.168700000000000000e+04
1.169400000000000000e+04
1.170400000000000000e+04
1.172900000000000000e+04
1.173200000000000000e+04
1.173500000000000000e+04
1.174400000000000000e+04
1.175600000000000000e+04
1.176000000000000000e+04
1.176200000000000000e+04
1.176400000000000000e+04
1.177100000000000000e+04
1.177800000000000000e+04
1.178000000000000000e+04
1.179800000000000000e+04
1.182300000000000000e+04
1.184300000000000000e+04
1.184600000000000000e+04
1.186100000000000000e+04
1.189200000000000000e+04
1.191600000000000000e+04
1.191700000000000000e+04
1.192100000000000000e+04
1.192800000000000000e+04
1.193300000000000000e+04
1.193400000000000000e+04
1.193500000000000000e+04
1.193600000000000000e+04
1.195700000000000000e+04
1.196100000000000000e+04
1.196300000000000000e+04
1.196900000000000000e+04
1.197200000000000000e+04
1.197400000000000000e+04
1.197500000000000000e+04
1.197600000000000000e+04
1.197700000000000000e+04
1.198300000000000000e+04
1.198700000000000000e+04
1.199700000000000000e+04
1.202000000000000000e+04
1.203300000000000000e+04
1.203400000000000000e+04
1.203700000000000000e+04
1.206800000000000000e+04
1.207700000000000000e+04
1.210200000000000000e+04
1.211400000000000000e+04
1.212300000000000000e+04
1.212800000000000000e+04
1.213600000000000000e+04
1.214100000000000000e+04
1.214400000000000000e+04
1.214500000000000000e+04
1.214600000000000000e+04
1.215800000000000000e+04
1.215900000000000000e+04
1.216500000000000000e+04
1.217700000000000000e+04
1.218100000000000000e+04
1.219900000000000000e+04
1.221500000000000000e+04
1.221700000000000000e+04
1.221800000000000000e+04
1.222000000000000000e+04
1.222500000000000000e+04
1.222900000000000000e+04
1.223400000000000000e+04
1.224300000000000000e+04
1.225400000000000000e+04
1.228300000000000000e+04
1.228800000000000000e+04
1.235300000000000000e+04
1.236700000000000000e+04
1.237600000000000000e+04
1.241500000000000000e+04
1.245500000000000000e+04
1.246100000000000000e+04
1.246900000000000000e+04
1.247100000000000000e+04
1.247300000000000000e+04
1.247500000000000000e+04
1.248200000000000000e+04
1.248700000000000000e+04
1.248800000000000000e+04
1.249000000000000000e+04
1.249400000000000000e+04
1.250300000000000000e+04
1.250400000000000000e+04
1.250900000000000000e+04
1.251300000000000000e+04
1.253100000000000000e+04
1.253300000000000000e+04
1.253900000000000000e+04
1.254200000000000000e+04
1.254400000000000000e+04
1.255400000000000000e+04
1.255800000000000000e+04
1.256700000000000000e+04
1.257200000000000000e+04
1.257400000000000000e+04
1.259300000000000000e+04
1.261700000000000000e+04
1.263100000000000000e+04
1.265400000000000000e+04
1.265600000000000000e+04
1.266500000000000000e+04
1.266600000000000000e+04
1.267500000000000000e+04
1.268400000000000000e+04
1.269600000000000000e+04
1.271600000000000000e+04
1.272600000000000000e+04
1.272900000000000000e+04
1.273900000000000000e+04
1.274300000000000000e+04
1.274500000000000000e+04
1.275900000000000000e+04
1.278000000000000000e+04
1.279600000000000000e+04
1.280100000000000000e+04
1.280800000000000000e+04
1.285600000000000000e+04
1.286000000000000000e+04
1.286100000000000000e+04
1.286300000000000000e+04
1.286400000000000000e+04
1.287200000000000000e+04
1.290200000000000000e+04
1.290800000000000000e+04
1.291900000000000000e+04
1.293000000000000000e+04
1.294000000000000000e+04
1.297200000000000000e+04
1.297800000000000000e+04
1.300300000000000000e+04
1.302200000000000000e+04
1.302300000000000000e+04
1.302500000000000000e+04
1.302800000000000000e+04
1.305800000000000000e+04
1.306800000000000000e+04
1.306900000000000000e+04
1.308600000000000000e+04
1.310200000000000000e+04
1.311200000000000000e+04
1.311700000000000000e+04
1.312000000000000000e+04
1.312900000000000000e+04
1.316600000000000000e+04
1.318700000000000000e+04
1.321500000000000000e+04
1.321700000000000000e+04
1.322200000000000000e+04
1.323200000000000000e+04
1.325300000000000000e+04
1.325400000000000000e+04
1.325700000000000000e+04
1.326100000000000000e+04
1.326400000000000000e+04
1.327300000000000000e+04
1.329800000000000000e+04
1.331300000000000000e+04
1.331700000000000000e+04
1.332100000000000000e+04
1.333300000000000000e+04
1.334600000000000000e+04
1.335400000000000000e+04
1.337000000000000000e+04
1.337300000000000000e+04
1.337700000000000000e+04
1.338000000000000000e+04
1.338100000000000000e+04
1.338600000000000000e+04
1.339100000000000000e+04
1.341100000000000000e+04
1.342700000000000000e+04
1.342900000000000000e+04
1.343400000000000000e+04
1.343700000000000000e+04
1.344100000000000000e+04
1.344900000000000000e+04
1.346100000000000000e+04
1.347200000000000000e+04
1.348900000000000000e+04
1.349400000000000000e+04
1.349800000000000000e+04
1.350000000000000000e+04
1.350700000000000000e+04
1.350900000000000000e+04
1.351400000000000000e+04
1.351500000000000000e+04
1.351600000000000000e+04
1.352300000000000000e+04
1.352400000000000000e+04
1.353200000000000000e+04
1.353500000000000000e+04
1.354800000000000000e+04
1.355000000000000000e+04
1.356600000000000000e+04
1.357100000000000000e+04
1.358400000000000000e+04
1.360000000000000000e+04
1.360600000000000000e+04
1.361000000000000000e+04
1.361400000000000000e+04
1.363600000000000000e+04
1.363900000000000000e+04
1.365100000000000000e+04
1.365200000000000000e+04
1.368400000000000000e+04
1.369900000000000000e+04
1.370300000000000000e+04
1.371500000000000000e+04
1.373200000000000000e+04
1.375900000000000000e+04
1.376700000000000000e+04
1.377400000000000000e+04
1.377700000000000000e+04
1.381500000000000000e+04
1.382100000000000000e+04
1.383500000000000000e+04
1.384300000000000000e+04
1.384600000000000000e+04
1.384700000000000000e+04
1.385400000000000000e+04
1.386600000000000000e+04
1.386700000000000000e+04
1.386800000000000000e+04
1.387100000000000000e+04
1.387800000000000000e+04
1.388500000000000000e+04
1.389400000000000000e+04
1.389700000000000000e+04
1.390300000000000000e+04
1.390900000000000000e+04
1.391600000000000000e+04
1.391800000000000000e+04
1.392100000000000000e+04
1.392400000000000000e+04
1.394700000000000000e+04
1.395600000000000000e+04
1.396800000000000000e+04
1.398400000000000000e+04
1.405500000000000000e+04
1.407100000000000000e+04
1.408400000000000000e+04
1.412400000000000000e+04
1.415100000000000000e+04
1.416000000000000000e+04
1.416800000000000000e+04
1.417300000000000000e+04
1.420700000000000000e+04
1.421600000000000000e+04
1.422900000000000000e+04
1.423300000000000000e+04
1.424600000000000000e+04
1.426900000000000000e+04
1.433200000000000000e+04
1.434300000000000000e+04
1.436100000000000000e+04
1.436500000000000000e+04
1.437600000000000000e+04
1.443500000000000000e+04
1.443700000000000000e+04
1.444800000000000000e+04
1.445200000000000000e+04
1.445300000000000000e+04
1.445400000000000000e+04
1.446200000000000000e+04
1.446300000000000000e+04
1.446700000000000000e+04
1.446900000000000000e+04
1.447100000000000000e+04
1.447400000000000000e+04
1.447600000000000000e+04
1.447800000000000000e+04
1.448000000000000000e+04
1.448100000000000000e+04
1.448500000000000000e+04
1.449000000000000000e+04
1.449400000000000000e+04
1.450000000000000000e+04
1.450200000000000000e+04
1.450700000000000000e+04
1.451000000000000000e+04
1.452300000000000000e+04
1.452400000000000000e+04
1.452600000000000000e+04
1.452900000000000000e+04
1.453000000000000000e+04
1.453100000000000000e+04
1.453200000000000000e+04
1.453300000000000000e+04
1.453400000000000000e+04
1.453700000000000000e+04
1.453900000000000000e+04
1.460400000000000000e+04
1.461500000000000000e+04
1.464100000000000000e+04
1.466000000000000000e+04
1.466600000000000000e+04
1.467500000000000000e+04
1.468900000000000000e+04
1.469400000000000000e+04
1.473500000000000000e+04
1.477200000000000000e+04
1.480100000000000000e+04
1.480600000000000000e+04
1.480800000000000000e+04
1.483100000000000000e+04
1.484500000000000000e+04
1.485600000000000000e+04
1.486100000000000000e+04
1.486200000000000000e+04
1.487000000000000000e+04
1.487700000000000000e+04
1.490000000000000000e+04
1.492000000000000000e+04
1.492200000000000000e+04
1.504600000000000000e+04
1.504700000000000000e+04
1.504800000000000000e+04
1.504900000000000000e+04
1.505000000000000000e+04
1.505100000000000000e+04
1.505200000000000000e+04
1.505300000000000000e+04
1.505400000000000000e+04
1.505500000000000000e+04
1.505600000000000000e+04
1.505700000000000000e+04
1.505800000000000000e+04
1.506000000000000000e+04
1.507700000000000000e+04
1.508400000000000000e+04
1.512800000000000000e+04
1.513500000000000000e+04
1.519900000000000000e+04
1.521300000000000000e+04
1.523300000000000000e+04
1.527600000000000000e+04
1.527900000000000000e+04
1.528100000000000000e+04
1.528600000000000000e+04
1.528900000000000000e+04
1.531500000000000000e+04
1.533000000000000000e+04
1.534300000000000000e+04
1.538000000000000000e+04
1.541200000000000000e+04
1.542300000000000000e+04
1.543000000000000000e+04
1.543100000000000000e+04
1.549100000000000000e+04
1.555300000000000000e+04
1.555400000000000000e+04
1.555500000000000000e+04
1.555800000000000000e+04
1.574300000000000000e+04
1.575700000000000000e+04
1.576700000000000000e+04
1.577600000000000000e+04
1.578800000000000000e+04
1.579200000000000000e+04
1.586700000000000000e+04
1.588200000000000000e+04
1.591600000000000000e+04
1.593200000000000000e+04
1.593300000000000000e+04
1.593800000000000000e+04
1.594100000000000000e+04
1.595000000000000000e+04
1.597000000000000000e+04
1.597800000000000000e+04
1.598800000000000000e+04
1.599900000000000000e+04
1.601800000000000000e+04
1.604800000000000000e+04
1.606900000000000000e+04
1.609200000000000000e+04
1.610900000000000000e+04
1.611200000000000000e+04
1.611900000000000000e+04
1.612900000000000000e+04
1.616800000000000000e+04
1.618800000000000000e+04
1.618900000000000000e+04
1.628300000000000000e+04
1.629700000000000000e+04
1.633900000000000000e+04
1.636500000000000000e+04
1.638700000000000000e+04
1.639000000000000000e+04
1.643800000000000000e+04
1.644000000000000000e+04
1.650700000000000000e+04
1.651200000000000000e+04
1.652700000000000000e+04
1.652800000000000000e+04
1.653400000000000000e+04
1.654400000000000000e+04
1.654600000000000000e+04
1.655200000000000000e+04
1.655300000000000000e+04
1.655600000000000000e+04
1.656600000000000000e+04
1.656800000000000000e+04
1.657300000000000000e+04
1.657700000000000000e+04
1.660700000000000000e+04
1.661200000000000000e+04
1.661500000000000000e+04
1.661600000000000000e+04
1.661700000000000000e+04
1.662600000000000000e+04
1.663400000000000000e+04
1.664000000000000000e+04
1.664700000000000000e+04
1.665100000000000000e+04
1.668500000000000000e+04
1.673100000000000000e+04
1.673300000000000000e+04
1.673600000000000000e+04
1.673800000000000000e+04
1.674600000000000000e+04
1.675600000000000000e+04
1.675800000000000000e+04
1.675900000000000000e+04
1.676800000000000000e+04
1.677100000000000000e+04
1.678000000000000000e+04
1.678800000000000000e+04
1.680900000000000000e+04
1.681000000000000000e+04
1.681200000000000000e+04
1.681600000000000000e+04
1.681700000000000000e+04
1.682100000000000000e+04
1.682300000000000000e+04
1.684100000000000000e+04
1.689700000000000000e+04
1.690100000000000000e+04
1.691100000000000000e+04
1.691700000000000000e+04
1.692400000000000000e+04
1.692600000000000000e+04
1.694800000000000000e+04
1.695900000000000000e+04
1.698400000000000000e+04
1.699200000000000000e+04
1.700400000000000000e+04
1.704400000000000000e+04
1.704500000000000000e+04
1.705500000000000000e+04
1.708300000000000000e+04
1.709000000000000000e+04
1.709200000000000000e+04
1.711100000000000000e+04
1.711300000000000000e+04
1.713900000000000000e+04
1.715000000000000000e+04
1.716300000000000000e+04
1.716700000000000000e+04
1.719200000000000000e+04
1.719400000000000000e+04
1.720200000000000000e+04
1.723400000000000000e+04
1.724200000000000000e+04
1.724300000000000000e+04
1.724600000000000000e+04
1.724700000000000000e+04
1.724800000000000000e+04
1.725700000000000000e+04
1.729100000000000000e+04
1.729700000000000000e+04
1.732100000000000000e+04
1.732300000000000000e+04
1.733200000000000000e+04
1.747400000000000000e+04
1.749000000000000000e+04
1.751900000000000000e+04
1.775700000000000000e+04
1.777600000000000000e+04
1.778200000000000000e+04
1.782000000000000000e+04
1.782900000000000000e+04
1.785500000000000000e+04
1.789700000000000000e+04
1.792700000000000000e+04
1.793000000000000000e+04
1.794000000000000000e+04
1.794200000000000000e+04
1.799300000000000000e+04
1.802400000000000000e+04
1.803500000000000000e+04
1.807600000000000000e+04
1.811100000000000000e+04
1.814100000000000000e+04
1.831800000000000000e+04
1.832100000000000000e+04
1.832200000000000000e+04
1.833300000000000000e+04
1.843100000000000000e+04
1.843700000000000000e+04
1.843800000000000000e+04
1.845200000000000000e+04
1.845600000000000000e+04
1.845700000000000000e+04
1.845800000000000000e+04
1.845900000000000000e+04
1.846200000000000000e+04
1.846600000000000000e+04
1.853900000000000000e+04
1.854100000000000000e+04
1.855000000000000000e+04
1.856100000000000000e+04
1.869800000000000000e+04
1.869900000000000000e+04
1.870100000000000000e+04
1.870300000000000000e+04
1.872100000000000000e+04
1.878500000000000000e+04
1.879500000000000000e+04
1.882100000000000000e+04
1.882400000000000000e+04
1.882600000000000000e+04
1.883000000000000000e+04
1.883800000000000000e+04
1.884700000000000000e+04
1.884800000000000000e+04
1.885000000000000000e+04
1.885300000000000000e+04
1.899600000000000000e+04
1.900600000000000000e+04
1.903900000000000000e+04
1.904000000000000000e+04
1.904100000000000000e+04
1.905000000000000000e+04
1.905100000000000000e+04
1.905500000000000000e+04
1.906100000000000000e+04
1.906500000000000000e+04
1.906800000000000000e+04
1.907400000000000000e+04
1.908900000000000000e+04
1.912600000000000000e+04
1.913000000000000000e+04
1.914400000000000000e+04
1.917200000000000000e+04
1.917400000000000000e+04
1.919600000000000000e+04
1.920600000000000000e+04
1.921100000000000000e+04
1.922700000000000000e+04
1.923500000000000000e+04
1.925000000000000000e+04
1.925100000000000000e+04
1.925200000000000000e+04
1.927900000000000000e+04
1.928700000000000000e+04
1.932300000000000000e+04
1.939400000000000000e+04
1.947700000000000000e+04
1.948300000000000000e+04
1.952700000000000000e+04
1.952900000000000000e+04
1.953800000000000000e+04
1.953900000000000000e+04
1.954100000000000000e+04
1.954800000000000000e+04
1.958300000000000000e+04
1.959300000000000000e+04
1.959600000000000000e+04
1.962300000000000000e+04
1.962900000000000000e+04
1.965700000000000000e+04
1.966100000000000000e+04
1.967200000000000000e+04
1.967700000000000000e+04
1.967800000000000000e+04
1.968000000000000000e+04
1.968200000000000000e+04
1.968900000000000000e+04
1.969100000000000000e+04
1.969400000000000000e+04
1.970000000000000000e+04
1.970100000000000000e+04
1.970200000000000000e+04
1.970400000000000000e+04
1.970500000000000000e+04
1.970800000000000000e+04
1.971000000000000000e+04
1.971100000000000000e+04
1.971200000000000000e+04
1.971700000000000000e+04
1.972000000000000000e+04
1.972400000000000000e+04
1.972500000000000000e+04
1.972800000000000000e+04
1.973300000000000000e+04
1.973400000000000000e+04
1.979200000000000000e+04
1.985400000000000000e+04
1.991500000000000000e+04
1.994300000000000000e+04
1.995700000000000000e+04
1.996700000000000000e+04
1.997300000000000000e+04
1.998800000000000000e+04
1.999300000000000000e+04
2.001900000000000000e+04
2.002100000000000000e+04
2.004900000000000000e+04
2.007300000000000000e+04
2.007400000000000000e+04
2.007600000000000000e+04
2.007700000000000000e+04
2.007900000000000000e+04
2.008100000000000000e+04
2.008800000000000000e+04
2.010400000000000000e+04
2.011800000000000000e+04
2.012100000000000000e+04
2.012400000000000000e+04
2.012900000000000000e+04
2.013200000000000000e+04
2.013600000000000000e+04
2.014300000000000000e+04
2.014500000000000000e+04
2.014700000000000000e+04
2.015000000000000000e+04
2.015100000000000000e+04
2.015400000000000000e+04
2.015500000000000000e+04
2.018000000000000000e+04
2.018300000000000000e+04
2.019200000000000000e+04
2.019700000000000000e+04
2.020400000000000000e+04
2.021800000000000000e+04
2.023300000000000000e+04
2.024700000000000000e+04
2.024900000000000000e+04
2.025900000000000000e+04
2.026400000000000000e+04
2.028400000000000000e+04
2.028800000000000000e+04
2.029100000000000000e+04
2.029300000000000000e+04
2.029900000000000000e+04
2.030100000000000000e+04
2.039100000000000000e+04
2.040300000000000000e+04
2.050300000000000000e+04
2.050600000000000000e+04
2.050900000000000000e+04
2.054400000000000000e+04
2.054700000000000000e+04
2.056000000000000000e+04
2.058100000000000000e+04
2.058800000000000000e+04
2.061100000000000000e+04
2.062400000000000000e+04
2.065800000000000000e+04
2.065900000000000000e+04
2.067300000000000000e+04
2.069100000000000000e+04
2.069300000000000000e+04
2.072300000000000000e+04
2.077800000000000000e+04
2.078900000000000000e+04
2.081700000000000000e+04
2.082000000000000000e+04
2.099100000000000000e+04
2.099200000000000000e+04
2.099700000000000000e+04
2.100100000000000000e+04
2.100200000000000000e+04
2.100800000000000000e+04
2.101100000000000000e+04
2.101200000000000000e+04
2.102800000000000000e+04
2.102900000000000000e+04
2.103100000000000000e+04
2.105000000000000000e+04
2.106500000000000000e+04
2.106600000000000000e+04
2.106800000000000000e+04
2.108100000000000000e+04
2.108500000000000000e+04
2.108900000000000000e+04
2.109600000000000000e+04
2.110000000000000000e+04
2.110500000000000000e+04
2.110600000000000000e+04
2.111500000000000000e+04
2.111700000000000000e+04
2.111900000000000000e+04
2.112000000000000000e+04
2.112800000000000000e+04
2.113700000000000000e+04
2.115000000000000000e+04
2.115500000000000000e+04
2.116000000000000000e+04
2.117300000000000000e+04
2.117500000000000000e+04
2.117600000000000000e+04
2.118300000000000000e+04
2.118700000000000000e+04
2.120000000000000000e+04
2.120400000000000000e+04
2.120700000000000000e+04
2.121100000000000000e+04
2.122700000000000000e+04
2.122900000000000000e+04
2.123200000000000000e+04
2.123600000000000000e+04
2.125700000000000000e+04
2.126600000000000000e+04
2.126700000000000000e+04
2.128200000000000000e+04
2.128500000000000000e+04
2.137100000000000000e+04
2.137300000000000000e+04
2.137400000000000000e+04
2.137500000000000000e+04
2.149300000000000000e+04
2.153000000000000000e+04
2.160800000000000000e+04
2.161500000000000000e+04
2.162200000000000000e+04
2.162300000000000000e+04
2.191000000000000000e+04
2.199400000000000000e+04
2.206500000000000000e+04
2.206600000000000000e+04
2.207200000000000000e+04
2.207400000000000000e+04
2.207600000000000000e+04
2.207900000000000000e+04
2.208100000000000000e+04
2.208300000000000000e+04
2.210200000000000000e+04
2.211300000000000000e+04
2.212800000000000000e+04
2.213500000000000000e+04
2.214900000000000000e+04
2.218400000000000000e+04
2.218700000000000000e+04
2.220000000000000000e+04
2.222000000000000000e+04
2.223700000000000000e+04
2.224400000000000000e+04
2.225200000000000000e+04
2.225400000000000000e+04
2.225600000000000000e+04
2.227300000000000000e+04
2.227600000000000000e+04
2.228200000000000000e+04
2.228800000000000000e+04
2.229400000000000000e+04
2.229800000000000000e+04
2.230800000000000000e+04
2.230900000000000000e+04
2.231600000000000000e+04
2.231700000000000000e+04
2.236100000000000000e+04
2.238100000000000000e+04
2.242800000000000000e+04
2.244600000000000000e+04
2.245300000000000000e+04
2.245500000000000000e+04
2.245800000000000000e+04
2.250700000000000000e+04
2.250800000000000000e+04
2.251000000000000000e+04
2.251400000000000000e+04
2.251700000000000000e+04
2.252300000000000000e+04
2.252700000000000000e+04
2.252900000000000000e+04
2.253000000000000000e+04
2.253900000000000000e+04
2.254100000000000000e+04
2.254300000000000000e+04
2.254400000000000000e+04
2.254600000000000000e+04
2.254800000000000000e+04
2.255400000000000000e+04
2.255500000000000000e+04
2.255800000000000000e+04
2.256500000000000000e+04
2.256700000000000000e+04
2.257200000000000000e+04
2.257400000000000000e+04
2.257600000000000000e+04
2.258300000000000000e+04
2.259100000000000000e+04
2.259300000000000000e+04
2.259800000000000000e+04
2.261000000000000000e+04
2.262000000000000000e+04
2.263000000000000000e+04
2.264200000000000000e+04
2.264300000000000000e+04
2.265100000000000000e+04
2.266100000000000000e+04
2.267800000000000000e+04
2.268200000000000000e+04
2.270100000000000000e+04
2.272100000000000000e+04
2.274100000000000000e+04
2.274600000000000000e+04
2.275100000000000000e+04
2.278600000000000000e+04
2.278900000000000000e+04
2.281000000000000000e+04
2.281100000000000000e+04
2.284300000000000000e+04
2.284400000000000000e+04
2.286300000000000000e+04
2.286600000000000000e+04
2.286700000000000000e+04
2.287000000000000000e+04
2.287400000000000000e+04
2.287600000000000000e+04
2.288000000000000000e+04
2.288300000000000000e+04
2.288600000000000000e+04
2.288700000000000000e+04
2.289000000000000000e+04
2.289600000000000000e+04
2.289900000000000000e+04
2.290200000000000000e+04
2.291900000000000000e+04
2.292200000000000000e+04
2.292500000000000000e+04
2.292900000000000000e+04
2.293000000000000000e+04
2.297000000000000000e+04
2.297200000000000000e+04
2.297800000000000000e+04
2.298000000000000000e+04
2.298400000000000000e+04
2.298800000000000000e+04
2.298900000000000000e+04
2.299000000000000000e+04
2.299500000000000000e+04
2.299700000000000000e+04
2.300200000000000000e+04
2.300500000000000000e+04
2.301000000000000000e+04
2.307000000000000000e+04
2.307300000000000000e+04
2.307700000000000000e+04
2.307900000000000000e+04
2.308300000000000000e+04
2.309100000000000000e+04
2.313100000000000000e+04
2.313200000000000000e+04
2.317500000000000000e+04
2.317700000000000000e+04
2.319100000000000000e+04
2.321000000000000000e+04
2.323800000000000000e+04
2.325400000000000000e+04
2.325600000000000000e+04
2.328600000000000000e+04
2.331100000000000000e+04
2.339400000000000000e+04
2.339500000000000000e+04
2.339900000000000000e+04
2.340100000000000000e+04
2.340200000000000000e+04
2.341700000000000000e+04
2.342000000000000000e+04
2.342400000000000000e+04
2.342500000000000000e+04
2.342700000000000000e+04
2.342800000000000000e+04
2.342900000000000000e+04
2.343000000000000000e+04
2.343100000000000000e+04
2.343200000000000000e+04
2.343400000000000000e+04
2.343500000000000000e+04
2.343600000000000000e+04
2.343700000000000000e+04
2.343800000000000000e+04
2.343900000000000000e+04
2.344100000000000000e+04
2.349700000000000000e+04
2.351000000000000000e+04
2.353600000000000000e+04
2.354200000000000000e+04
2.354300000000000000e+04
2.354400000000000000e+04
2.354500000000000000e+04
2.354600000000000000e+04
2.355200000000000000e+04
2.355300000000000000e+04
2.355500000000000000e+04
2.355600000000000000e+04
2.355800000000000000e+04
2.357300000000000000e+04
2.357400000000000000e+04
2.357500000000000000e+04
2.357600000000000000e+04
2.357700000000000000e+04
2.357800000000000000e+04
2.357900000000000000e+04
2.358100000000000000e+04
2.358200000000000000e+04
2.358300000000000000e+04
2.358400000000000000e+04
2.359300000000000000e+04
2.364600000000000000e+04
2.365800000000000000e+04
2.368900000000000000e+04
2.370000000000000000e+04
2.370100000000000000e+04
2.372000000000000000e+04
2.372600000000000000e+04
2.373200000000000000e+04
2.374200000000000000e+04
2.375800000000000000e+04
2.378100000000000000e+04
2.379100000000000000e+04
2.382500000000000000e+04
2.385600000000000000e+04
2.387600000000000000e+04
2.388200000000000000e+04
2.388300000000000000e+04
2.388400000000000000e+04
2.388500000000000000e+04
2.388900000000000000e+04
2.392900000000000000e+04
2.393100000000000000e+04
2.393300000000000000e+04
2.393600000000000000e+04
2.393700000000000000e+04
2.395400000000000000e+04
2.398800000000000000e+04
2.403500000000000000e+04
2.403600000000000000e+04
2.404200000000000000e+04
2.406300000000000000e+04
2.408000000000000000e+04
2.408200000000000000e+04
2.408500000000000000e+04
2.408600000000000000e+04
2.416000000000000000e+04
2.416700000000000000e+04
2.422500000000000000e+04
2.422700000000000000e+04
2.422800000000000000e+04
2.422900000000000000e+04
2.423100000000000000e+04
2.423700000000000000e+04
2.423800000000000000e+04
2.423900000000000000e+04
2.425000000000000000e+04
2.425100000000000000e+04
2.425200000000000000e+04
2.425900000000000000e+04
2.426000000000000000e+04
2.428000000000000000e+04
2.429500000000000000e+04
2.430100000000000000e+04
2.430500000000000000e+04
2.432100000000000000e+04
2.433300000000000000e+04
2.433500000000000000e+04
2.437900000000000000e+04
2.440300000000000000e+04
2.440400000000000000e+04
2.442800000000000000e+04
2.442900000000000000e+04
2.444100000000000000e+04
2.444300000000000000e+04
2.444500000000000000e+04
2.444600000000000000e+04
2.445400000000000000e+04
2.448100000000000000e+04
2.449300000000000000e+04
2.449900000000000000e+04
2.452700000000000000e+04
2.454700000000000000e+04
2.454900000000000000e+04
2.457200000000000000e+04
2.459200000000000000e+04
2.459300000000000000e+04
2.459400000000000000e+04
2.460100000000000000e+04
2.462100000000000000e+04
2.462900000000000000e+04
2.463200000000000000e+04
2.465500000000000000e+04
2.466300000000000000e+04
2.466400000000000000e+04
2.466900000000000000e+04
2.467400000000000000e+04
2.468200000000000000e+04
2.470500000000000000e+04
2.471000000000000000e+04
2.471700000000000000e+04
2.472000000000000000e+04
2.472300000000000000e+04
2.472400000000000000e+04
2.472500000000000000e+04
2.473200000000000000e+04
2.474200000000000000e+04
2.475100000000000000e+04
2.475900000000000000e+04
2.476000000000000000e+04
2.479200000000000000e+04
2.479500000000000000e+04
2.480200000000000000e+04
2.480700000000000000e+04
2.481700000000000000e+04
2.481800000000000000e+04
2.481900000000000000e+04
2.482000000000000000e+04
2.482200000000000000e+04
2.482800000000000000e+04
2.483000000000000000e+04
2.483200000000000000e+04
2.483700000000000000e+04
2.483800000000000000e+04
2.484700000000000000e+04
2.486100000000000000e+04
2.487500000000000000e+04
2.487600000000000000e+04
2.490100000000000000e+04
2.490400000000000000e+04
2.490600000000000000e+04
2.491800000000000000e+04
2.494800000000000000e+04
2.495500000000000000e+04
2.497300000000000000e+04
2.498000000000000000e+04
2.498200000000000000e+04
2.498300000000000000e+04
2.498900000000000000e+04
2.501300000000000000e+04
2.502300000000000000e+04
2.502700000000000000e+04
2.503000000000000000e+04
2.503800000000000000e+04
2.504300000000000000e+04
2.504400000000000000e+04
2.505900000000000000e+04
2.506100000000000000e+04
2.506700000000000000e+04
2.511400000000000000e+04
2.513900000000000000e+04
2.514000000000000000e+04
2.514200000000000000e+04
2.515400000000000000e+04
2.515600000000000000e+04
2.517100000000000000e+04
2.517600000000000000e+04
2.517800000000000000e+04
2.518500000000000000e+04
2.519000000000000000e+04
2.519200000000000000e+04
2.519500000000000000e+04
2.520000000000000000e+04
2.526800000000000000e+04
2.527200000000000000e+04
2.528100000000000000e+04
2.528300000000000000e+04
2.530700000000000000e+04
2.531000000000000000e+04
2.531400000000000000e+04
2.532300000000000000e+04
2.532400000000000000e+04
2.534300000000000000e+04
2.535700000000000000e+04
2.536000000000000000e+04
2.537600000000000000e+04
2.538800000000000000e+04
2.540400000000000000e+04
2.540700000000000000e+04
2.541100000000000000e+04
2.542200000000000000e+04
2.542300000000000000e+04
2.545700000000000000e+04
2.546300000000000000e+04
2.547900000000000000e+04
2.548000000000000000e+04
2.548200000000000000e+04
2.548300000000000000e+04
2.549100000000000000e+04
2.549600000000000000e+04
2.550200000000000000e+04
2.550900000000000000e+04
2.551000000000000000e+04
2.554300000000000000e+04
2.555300000000000000e+04
2.557100000000000000e+04
2.557700000000000000e+04
2.558400000000000000e+04
2.560000000000000000e+04
2.560300000000000000e+04
2.560700000000000000e+04
2.561100000000000000e+04
2.561900000000000000e+04
2.562000000000000000e+04
2.564200000000000000e+04
2.564400000000000000e+04
2.564500000000000000e+04
2.564600000000000000e+04
2.564800000000000000e+04
2.566900000000000000e+04
2.570900000000000000e+04
2.572600000000000000e+04
2.573500000000000000e+04
2.573700000000000000e+04
2.575300000000000000e+04
2.576000000000000000e+04
2.577100000000000000e+04
2.577900000000000000e+04
2.580300000000000000e+04
2.581200000000000000e+04
2.581500000000000000e+04
2.582300000000000000e+04
2.582400000000000000e+04
2.582700000000000000e+04
2.582800000000000000e+04
2.583500000000000000e+04
2.583800000000000000e+04
2.585400000000000000e+04
2.585900000000000000e+04
2.586000000000000000e+04
2.587800000000000000e+04
2.587900000000000000e+04
2.588000000000000000e+04
2.588100000000000000e+04
2.589800000000000000e+04
2.591300000000000000e+04
2.591700000000000000e+04
2.592000000000000000e+04
2.595000000000000000e+04
2.595100000000000000e+04
2.597200000000000000e+04
2.598700000000000000e+04
2.598800000000000000e+04
2.599000000000000000e+04
2.599500000000000000e+04
2.600100000000000000e+04
2.600200000000000000e+04
2.603500000000000000e+04
2.604500000000000000e+04
2.605100000000000000e+04
2.605900000000000000e+04
2.606800000000000000e+04
2.609400000000000000e+04
2.609500000000000000e+04
2.609800000000000000e+04
2.610100000000000000e+04
2.613100000000000000e+04
2.615500000000000000e+04
2.616300000000000000e+04
2.618100000000000000e+04
2.618600000000000000e+04
2.619000000000000000e+04
2.620900000000000000e+04
2.622700000000000000e+04
2.624900000000000000e+04
2.625500000000000000e+04
2.625600000000000000e+04
2.626100000000000000e+04
2.626400000000000000e+04
2.627000000000000000e+04
2.627100000000000000e+04
2.627200000000000000e+04
2.627600000000000000e+04
2.629900000000000000e+04
2.630000000000000000e+04
2.630400000000000000e+04
2.631500000000000000e+04
2.631700000000000000e+04
2.632100000000000000e+04
2.632200000000000000e+04
2.632500000000000000e+04
2.633000000000000000e+04
2.633400000000000000e+04
2.633600000000000000e+04
2.633700000000000000e+04
2.634000000000000000e+04
2.634300000000000000e+04
2.634500000000000000e+04
2.634700000000000000e+04
2.634900000000000000e+04
2.641700000000000000e+04
2.646300000000000000e+04
2.648000000000000000e+04
2.649700000000000000e+04
2.653300000000000000e+04
2.653800000000000000e+04
2.655500000000000000e+04
2.657600000000000000e+04
2.658500000000000000e+04
2.658900000000000000e+04
2.659900000000000000e+04
2.660300000000000000e+04
2.660500000000000000e+04
2.660600000000000000e+04
2.660800000000000000e+04
2.661200000000000000e+04
2.662000000000000000e+04
2.663000000000000000e+04
2.663100000000000000e+04
2.663300000000000000e+04
2.663800000000000000e+04
2.663900000000000000e+04
2.664300000000000000e+04
2.665000000000000000e+04
2.665300000000000000e+04
2.665900000000000000e+04
2.666100000000000000e+04
2.666300000000000000e+04
2.666600000000000000e+04
2.666800000000000000e+04
2.667000000000000000e+04
2.667300000000000000e+04
2.667700000000000000e+04
2.668200000000000000e+04
2.668300000000000000e+04
2.677100000000000000e+04
2.678400000000000000e+04
2.680000000000000000e+04
2.680900000000000000e+04
2.681300000000000000e+04
2.681600000000000000e+04
2.681800000000000000e+04
2.682100000000000000e+04
2.683500000000000000e+04
2.684500000000000000e+04
2.687900000000000000e+04
2.688000000000000000e+04
2.688100000000000000e+04
2.688400000000000000e+04
2.691200000000000000e+04
2.694100000000000000e+04
2.698700000000000000e+04
2.702800000000000000e+04
2.703400000000000000e+04
2.703700000000000000e+04
2.704200000000000000e+04
2.705200000000000000e+04
2.705600000000000000e+04
2.705700000000000000e+04
2.706200000000000000e+04
2.707200000000000000e+04
2.707700000000000000e+04
2.711700000000000000e+04
2.711900000000000000e+04
2.714700000000000000e+04
2.714800000000000000e+04
2.714900000000000000e+04
2.716300000000000000e+04
2.716800000000000000e+04
2.716900000000000000e+04
2.717000000000000000e+04
2.717600000000000000e+04
2.717900000000000000e+04
2.718000000000000000e+04
2.718900000000000000e+04
2.719400000000000000e+04
2.720600000000000000e+04
2.721100000000000000e+04
2.721500000000000000e+04
2.723400000000000000e+04
2.724100000000000000e+04
2.725200000000000000e+04
2.726900000000000000e+04
2.727200000000000000e+04
2.727700000000000000e+04
2.732600000000000000e+04
2.733100000000000000e+04
2.733500000000000000e+04
2.734500000000000000e+04
2.734600000000000000e+04
2.735500000000000000e+04
2.735600000000000000e+04
2.736000000000000000e+04
2.737800000000000000e+04
2.738100000000000000e+04
2.738400000000000000e+04
2.738500000000000000e+04
2.738600000000000000e+04
2.738800000000000000e+04
2.739600000000000000e+04
2.740000000000000000e+04
2.741300000000000000e+04
2.741400000000000000e+04
2.742400000000000000e+04
2.745200000000000000e+04
2.745700000000000000e+04
2.746400000000000000e+04
2.748500000000000000e+04
2.749000000000000000e+04
2.750900000000000000e+04
2.751000000000000000e+04
2.751800000000000000e+04
2.752100000000000000e+04
2.752500000000000000e+04
2.752700000000000000e+04
2.753800000000000000e+04
2.754400000000000000e+04
2.754600000000000000e+04
2.755600000000000000e+04
2.755700000000000000e+04
2.757900000000000000e+04
2.758100000000000000e+04
2.758800000000000000e+04
2.760300000000000000e+04
2.764800000000000000e+04
2.765100000000000000e+04
2.765900000000000000e+04
2.768700000000000000e+04
2.769100000000000000e+04
2.769200000000000000e+04
2.769700000000000000e+04
2.770100000000000000e+04
2.770300000000000000e+04
2.770400000000000000e+04
2.770800000000000000e+04
2.772200000000000000e+04
2.774200000000000000e+04
2.775700000000000000e+04
2.776200000000000000e+04
2.776400000000000000e+04
2.777000000000000000e+04
2.777200000000000000e+04
2.777700000000000000e+04
2.777800000000000000e+04
2.778000000000000000e+04
2.778200000000000000e+04
2.778400000000000000e+04
2.781200000000000000e+04
2.781700000000000000e+04
2.785400000000000000e+04
2.786200000000000000e+04
2.786700000000000000e+04
2.790000000000000000e+04
2.797800000000000000e+04
2.798500000000000000e+04
2.801400000000000000e+04
2.804400000000000000e+04
2.805300000000000000e+04
2.805600000000000000e+04
2.808300000000000000e+04
2.808400000000000000e+04
2.809100000000000000e+04
2.809700000000000000e+04
2.810700000000000000e+04
2.811000000000000000e+04
2.811200000000000000e+04
2.811400000000000000e+04
2.812300000000000000e+04
2.812700000000000000e+04
2.812800000000000000e+04
2.813200000000000000e+04
2.813400000000000000e+04
2.814000000000000000e+04
2.816900000000000000e+04
2.817500000000000000e+04
2.819000000000000000e+04
2.819300000000000000e+04
2.819400000000000000e+04
2.819700000000000000e+04
2.819800000000000000e+04
2.820300000000000000e+04
2.820400000000000000e+04
2.821300000000000000e+04
2.821700000000000000e+04
2.821800000000000000e+04
2.823600000000000000e+04
2.823800000000000000e+04
2.824600000000000000e+04
2.825200000000000000e+04
2.825400000000000000e+04
2.825500000000000000e+04
2.825700000000000000e+04
2.826200000000000000e+04
2.826300000000000000e+04
2.826400000000000000e+04
2.826800000000000000e+04
2.829600000000000000e+04
2.829800000000000000e+04
2.830000000000000000e+04
2.832500000000000000e+04
2.834900000000000000e+04
2.836500000000000000e+04
2.837500000000000000e+04
2.838600000000000000e+04
2.839200000000000000e+04
2.839400000000000000e+04
2.839500000000000000e+04
2.839900000000000000e+04
2.840700000000000000e+04
2.841400000000000000e+04
2.841700000000000000e+04
2.842800000000000000e+04
2.845000000000000000e+04
2.845100000000000000e+04
2.845300000000000000e+04
2.846600000000000000e+04
2.847300000000000000e+04
2.848000000000000000e+04
2.849300000000000000e+04
2.849800000000000000e+04
2.850600000000000000e+04
2.850900000000000000e+04
2.851300000000000000e+04
2.852000000000000000e+04
2.857200000000000000e+04
2.857300000000000000e+04
2.857800000000000000e+04
2.858400000000000000e+04
2.858600000000000000e+04
2.859100000000000000e+04
2.859500000000000000e+04
2.859600000000000000e+04
2.860400000000000000e+04
2.860800000000000000e+04
2.861800000000000000e+04
2.864000000000000000e+04
2.864400000000000000e+04
2.865400000000000000e+04
2.867400000000000000e+04
2.868000000000000000e+04
2.869400000000000000e+04
2.869800000000000000e+04
2.876800000000000000e+04
2.921600000000000000e+04
2.935900000000000000e+04
2.936900000000000000e+04
2.937400000000000000e+04
2.937900000000000000e+04
2.938800000000000000e+04
2.940000000000000000e+04
2.940400000000000000e+04
2.941300000000000000e+04
2.941400000000000000e+04
2.941500000000000000e+04
2.941700000000000000e+04
2.942400000000000000e+04
2.943700000000000000e+04
2.943800000000000000e+04
2.943900000000000000e+04
2.944000000000000000e+04
2.945200000000000000e+04
2.945500000000000000e+04
2.945600000000000000e+04
2.945800000000000000e+04
2.945900000000000000e+04
2.946200000000000000e+04
2.946700000000000000e+04
2.947800000000000000e+04
2.948100000000000000e+04
2.949100000000000000e+04
2.949400000000000000e+04
2.949700000000000000e+04
2.950200000000000000e+04
2.959700000000000000e+04
2.961300000000000000e+04
2.964800000000000000e+04
2.967000000000000000e+04
2.967900000000000000e+04
2.968000000000000000e+04
2.968300000000000000e+04
2.970100000000000000e+04
2.970200000000000000e+04
2.970300000000000000e+04
2.970500000000000000e+04
2.970800000000000000e+04
2.971000000000000000e+04
2.971300000000000000e+04
2.971500000000000000e+04
2.972700000000000000e+04
2.973300000000000000e+04
2.973700000000000000e+04
2.973900000000000000e+04
2.974200000000000000e+04
2.974400000000000000e+04
2.974600000000000000e+04
2.975300000000000000e+04
2.976600000000000000e+04
2.977000000000000000e+04
2.977200000000000000e+04
2.977900000000000000e+04
2.978300000000000000e+04
2.980200000000000000e+04
2.983200000000000000e+04
2.983300000000000000e+04
2.985400000000000000e+04
2.989000000000000000e+04
2.990700000000000000e+04
2.990900000000000000e+04
2.991000000000000000e+04
2.992800000000000000e+04
2.992900000000000000e+04
2.993900000000000000e+04
2.995000000000000000e+04
2.995100000000000000e+04
2.995300000000000000e+04
2.995400000000000000e+04
2.995500000000000000e+04
2.995700000000000000e+04
2.996200000000000000e+04
2.999500000000000000e+04
2.999600000000000000e+04
2.999900000000000000e+04
3.000900000000000000e+04
3.004800000000000000e+04
3.007400000000000000e+04
3.007800000000000000e+04
3.008000000000000000e+04
3.008200000000000000e+04
3.009100000000000000e+04
3.009500000000000000e+04
3.009700000000000000e+04
3.010600000000000000e+04
3.013900000000000000e+04
3.014000000000000000e+04
3.014100000000000000e+04
3.014200000000000000e+04
3.014300000000000000e+04
3.017600000000000000e+04
3.018500000000000000e+04
3.021000000000000000e+04
3.021200000000000000e+04
3.021700000000000000e+04
3.026300000000000000e+04
3.026900000000000000e+04
3.027100000000000000e+04
3.027400000000000000e+04
3.029800000000000000e+04
3.030500000000000000e+04
3.032900000000000000e+04
3.038400000000000000e+04
3.041100000000000000e+04
3.041700000000000000e+04
3.044100000000000000e+04
3.044900000000000000e+04
3.045800000000000000e+04
3.047400000000000000e+04
3.048300000000000000e+04
3.049200000000000000e+04
3.050000000000000000e+04
3.050500000000000000e+04
3.050700000000000000e+04
3.053400000000000000e+04
3.053500000000000000e+04
3.053600000000000000e+04
3.053700000000000000e+04
3.054100000000000000e+04
3.054300000000000000e+04
3.058200000000000000e+04
3.058500000000000000e+04
3.058600000000000000e+04
3.058700000000000000e+04
3.059200000000000000e+04
3.059700000000000000e+04
3.061800000000000000e+04
3.062600000000000000e+04
3.063300000000000000e+04
3.063500000000000000e+04
3.063900000000000000e+04
3.064700000000000000e+04
3.064900000000000000e+04
3.065200000000000000e+04
3.065400000000000000e+04
3.065700000000000000e+04
3.065900000000000000e+04
3.066700000000000000e+04
3.067200000000000000e+04
3.067700000000000000e+04
3.068100000000000000e+04
3.068200000000000000e+04
3.069100000000000000e+04
3.069700000000000000e+04
3.070200000000000000e+04
3.072400000000000000e+04
3.075400000000000000e+04
3.076000000000000000e+04
3.077400000000000000e+04
3.081300000000000000e+04
3.084000000000000000e+04
3.087100000000000000e+04
3.091000000000000000e+04
3.095500000000000000e+04
3.095600000000000000e+04
3.096300000000000000e+04
3.096400000000000000e+04
3.096600000000000000e+04
3.102100000000000000e+04
3.102200000000000000e+04
3.102500000000000000e+04
3.102700000000000000e+04
3.102900000000000000e+04
3.103100000000000000e+04
3.103600000000000000e+04
3.104500000000000000e+04
3.104700000000000000e+04
3.104800000000000000e+04
3.105400000000000000e+04
3.106300000000000000e+04
3.106400000000000000e+04
3.106900000000000000e+04
3.107100000000000000e+04
3.107300000000000000e+04
3.107500000000000000e+04
3.107700000000000000e+04
3.107800000000000000e+04
3.108800000000000000e+04
3.108900000000000000e+04
3.111200000000000000e+04
3.111700000000000000e+04
3.112800000000000000e+04
3.113000000000000000e+04
3.115300000000000000e+04
3.115400000000000000e+04
3.115500000000000000e+04
3.115600000000000000e+04
3.115700000000000000e+04
3.122900000000000000e+04
3.125000000000000000e+04
3.128600000000000000e+04
3.131800000000000000e+04
3.135200000000000000e+04
3.137500000000000000e+04
3.138700000000000000e+04
3.138800000000000000e+04
3.141200000000000000e+04
3.141500000000000000e+04
3.142700000000000000e+04
3.143400000000000000e+04
3.144100000000000000e+04
3.145500000000000000e+04
3.148500000000000000e+04
3.150600000000000000e+04
3.154700000000000000e+04
3.156700000000000000e+04
3.157000000000000000e+04
3.157100000000000000e+04
3.157300000000000000e+04
3.157500000000000000e+04
3.157600000000000000e+04
3.157700000000000000e+04
3.157800000000000000e+04
3.157900000000000000e+04
3.158000000000000000e+04
3.158100000000000000e+04
3.158200000000000000e+04
3.158500000000000000e+04
3.165100000000000000e+04
3.165300000000000000e+04
3.165500000000000000e+04
3.165600000000000000e+04
3.172700000000000000e+04
3.172900000000000000e+04
3.173100000000000000e+04
3.173600000000000000e+04
3.173700000000000000e+04
3.173800000000000000e+04
3.175200000000000000e+04
3.177200000000000000e+04
3.177600000000000000e+04
3.177700000000000000e+04
3.179200000000000000e+04
3.187800000000000000e+04
3.188700000000000000e+04
3.189100000000000000e+04
3.193500000000000000e+04
3.193900000000000000e+04
3.199500000000000000e+04
3.199700000000000000e+04
3.202000000000000000e+04
3.203500000000000000e+04
3.207200000000000000e+04
3.209200000000000000e+04
3.212400000000000000e+04
3.217000000000000000e+04
3.219300000000000000e+04
3.219900000000000000e+04
3.222900000000000000e+04
3.226900000000000000e+04
3.227000000000000000e+04
3.227300000000000000e+04
3.227400000000000000e+04
3.227600000000000000e+04
3.228700000000000000e+04
3.228800000000000000e+04
3.229900000000000000e+04
3.230000000000000000e+04
3.230100000000000000e+04
3.230200000000000000e+04
3.230700000000000000e+04
3.230800000000000000e+04
3.231500000000000000e+04
3.233000000000000000e+04
3.233700000000000000e+04
3.234200000000000000e+04
3.234900000000000000e+04
3.235700000000000000e+04
3.236200000000000000e+04
3.236700000000000000e+04
3.236900000000000000e+04
3.239900000000000000e+04
3.240600000000000000e+04
3.242000000000000000e+04
3.242400000000000000e+04
3.243200000000000000e+04
3.244900000000000000e+04
3.246600000000000000e+04
3.248700000000000000e+04
3.249600000000000000e+04
3.250400000000000000e+04
3.253600000000000000e+04
3.253800000000000000e+04
3.254000000000000000e+04
3.254300000000000000e+04
3.255700000000000000e+04
3.257500000000000000e+04
3.261400000000000000e+04
3.262700000000000000e+04
3.262800000000000000e+04
3.264300000000000000e+04
3.264600000000000000e+04
3.265700000000000000e+04
3.266500000000000000e+04
3.269000000000000000e+04
3.269600000000000000e+04
3.270000000000000000e+04
3.270200000000000000e+04
3.270700000000000000e+04
3.277700000000000000e+04
3.277900000000000000e+04
3.278000000000000000e+04
3.279300000000000000e+04
3.279600000000000000e+04
3.279700000000000000e+04
3.281100000000000000e+04
3.281500000000000000e+04
3.281600000000000000e+04
3.281800000000000000e+04
3.287500000000000000e+04
3.290000000000000000e+04
3.304700000000000000e+04
3.306800000000000000e+04
3.307300000000000000e+04
3.308700000000000000e+04
3.310700000000000000e+04
3.311700000000000000e+04
3.313600000000000000e+04
3.313800000000000000e+04
3.314000000000000000e+04
3.314600000000000000e+04
3.320500000000000000e+04
3.320600000000000000e+04
3.321000000000000000e+04
3.321900000000000000e+04
3.322000000000000000e+04
3.322500000000000000e+04
3.322600000000000000e+04
3.323700000000000000e+04
3.323900000000000000e+04
3.326300000000000000e+04
3.326400000000000000e+04
3.326500000000000000e+04
3.326700000000000000e+04
3.326900000000000000e+04
3.327000000000000000e+04
3.328300000000000000e+04
3.328800000000000000e+04
3.331000000000000000e+04
3.331400000000000000e+04
3.334600000000000000e+04
3.335300000000000000e+04
3.337200000000000000e+04
3.337300000000000000e+04
3.337500000000000000e+04
3.337600000000000000e+04
3.338100000000000000e+04
3.339800000000000000e+04
3.340100000000000000e+04
3.340600000000000000e+04
3.342900000000000000e+04
3.343900000000000000e+04
3.344500000000000000e+04
3.344800000000000000e+04
3.346000000000000000e+04
3.347700000000000000e+04
3.349000000000000000e+04
3.351000000000000000e+04
3.351200000000000000e+04
3.352300000000000000e+04
3.354000000000000000e+04
3.354100000000000000e+04
3.354300000000000000e+04
3.354600000000000000e+04
3.354700000000000000e+04
3.354900000000000000e+04
3.355600000000000000e+04
3.355900000000000000e+04
3.357500000000000000e+04
3.358900000000000000e+04
3.359000000000000000e+04
3.359800000000000000e+04
3.361200000000000000e+04
3.361700000000000000e+04
3.364100000000000000e+04
3.364300000000000000e+04
3.364400000000000000e+04
3.365800000000000000e+04
3.368000000000000000e+04
3.368600000000000000e+04
3.369100000000000000e+04
3.371000000000000000e+04
3.373300000000000000e+04
3.374300000000000000e+04
3.374800000000000000e+04
3.374900000000000000e+04
3.375100000000000000e+04
3.375200000000000000e+04
3.375500000000000000e+04
3.375800000000000000e+04
3.377500000000000000e+04
3.377800000000000000e+04
3.378100000000000000e+04
3.378900000000000000e+04
3.387500000000000000e+04
3.387600000000000000e+04
3.387700000000000000e+04
3.387800000000000000e+04
3.387900000000000000e+04
3.388000000000000000e+04
3.388700000000000000e+04
3.389400000000000000e+04
3.393400000000000000e+04
3.393500000000000000e+04
3.393600000000000000e+04
3.395400000000000000e+04
3.395800000000000000e+04
3.396500000000000000e+04
3.398100000000000000e+04
3.399200000000000000e+04
3.402000000000000000e+04
3.402200000000000000e+04
3.402900000000000000e+04
3.403300000000000000e+04
3.404300000000000000e+04
3.404400000000000000e+04
3.405600000000000000e+04
3.406200000000000000e+04
3.406600000000000000e+04
3.406700000000000000e+04
3.407700000000000000e+04
3.407800000000000000e+04
3.409600000000000000e+04
3.409900000000000000e+04
3.410800000000000000e+04
3.410900000000000000e+04
3.411100000000000000e+04
3.411300000000000000e+04
3.411400000000000000e+04
3.411500000000000000e+04
3.411600000000000000e+04
3.411700000000000000e+04
3.411800000000000000e+04
3.412100000000000000e+04
3.412200000000000000e+04
3.412700000000000000e+04
3.413100000000000000e+04
3.413600000000000000e+04
3.414000000000000000e+04
3.414100000000000000e+04
3.414300000000000000e+04
3.414600000000000000e+04
3.414900000000000000e+04
3.415400000000000000e+04
3.417500000000000000e+04
3.417600000000000000e+04
3.417700000000000000e+04
3.418200000000000000e+04
3.418300000000000000e+04
3.418500000000000000e+04
3.418600000000000000e+04
3.418700000000000000e+04
3.418900000000000000e+04
3.419000000000000000e+04
3.419100000000000000e+04
3.419200000000000000e+04
3.419300000000000000e+04
3.420000000000000000e+04
3.421200000000000000e+04
3.422600000000000000e+04
3.424700000000000000e+04
3.424800000000000000e+04
3.426500000000000000e+04
3.427200000000000000e+04
3.427500000000000000e+04
3.427900000000000000e+04
3.428600000000000000e+04
3.428800000000000000e+04
3.429300000000000000e+04
3.431100000000000000e+04
3.432200000000000000e+04
3.432700000000000000e+04
3.433000000000000000e+04
3.433400000000000000e+04
3.434000000000000000e+04
3.434100000000000000e+04
3.434900000000000000e+04
3.435200000000000000e+04
3.436700000000000000e+04
3.437100000000000000e+04
3.437800000000000000e+04
3.441600000000000000e+04
3.442600000000000000e+04
3.443800000000000000e+04
3.444100000000000000e+04
3.444800000000000000e+04
3.447000000000000000e+04
3.449500000000000000e+04
3.450800000000000000e+04
3.452500000000000000e+04
3.452600000000000000e+04
3.453000000000000000e+04
3.453200000000000000e+04
3.456000000000000000e+04
3.456400000000000000e+04
3.458300000000000000e+04
3.458500000000000000e+04
3.458600000000000000e+04
3.458800000000000000e+04
3.471300000000000000e+04
3.472100000000000000e+04
3.472400000000000000e+04
3.472500000000000000e+04
3.472800000000000000e+04
3.472900000000000000e+04
3.473300000000000000e+04
3.474200000000000000e+04
3.474300000000000000e+04
3.483000000000000000e+04
3.483300000000000000e+04
3.483800000000000000e+04
3.484500000000000000e+04
3.486400000000000000e+04
3.497300000000000000e+04
3.497400000000000000e+04
3.497500000000000000e+04
3.497600000000000000e+04
3.498500000000000000e+04
3.498600000000000000e+04
3.498700000000000000e+04
3.500600000000000000e+04
3.501800000000000000e+04
3.502100000000000000e+04
3.502500000000000000e+04
3.502600000000000000e+04
3.503000000000000000e+04
3.503900000000000000e+04
3.505000000000000000e+04
3.505700000000000000e+04
3.506000000000000000e+04
3.506200000000000000e+04
3.507500000000000000e+04
3.509300000000000000e+04
3.509700000000000000e+04
3.509800000000000000e+04
3.510000000000000000e+04
3.510400000000000000e+04
3.510500000000000000e+04
3.512500000000000000e+04
3.513300000000000000e+04
3.518100000000000000e+04
3.518300000000000000e+04
3.518400000000000000e+04
3.519900000000000000e+04
3.520500000000000000e+04
3.521600000000000000e+04
3.522400000000000000e+04
3.524500000000000000e+04
3.524700000000000000e+04
3.525400000000000000e+04
3.525500000000000000e+04
3.525900000000000000e+04
3.526000000000000000e+04
3.526100000000000000e+04
3.526900000000000000e+04
3.528500000000000000e+04
3.529300000000000000e+04
3.533000000000000000e+04
3.534600000000000000e+04
3.534700000000000000e+04
3.535800000000000000e+04
3.536000000000000000e+04
3.536100000000000000e+04
3.537100000000000000e+04
3.537400000000000000e+04
3.538000000000000000e+04
3.538300000000000000e+04
3.539700000000000000e+04
3.540200000000000000e+04
3.540700000000000000e+04
3.540900000000000000e+04
3.542600000000000000e+04
3.543000000000000000e+04
3.543500000000000000e+04
3.544900000000000000e+04
3.545300000000000000e+04
3.545500000000000000e+04
3.545600000000000000e+04
3.546000000000000000e+04
3.547400000000000000e+04
3.547800000000000000e+04
3.548200000000000000e+04
3.549100000000000000e+04
3.551000000000000000e+04
3.551900000000000000e+04
3.552300000000000000e+04
3.552400000000000000e+04
3.552900000000000000e+04
3.553200000000000000e+04
3.553800000000000000e+04
3.554100000000000000e+04
3.554600000000000000e+04
3.555700000000000000e+04
3.558200000000000000e+04
3.558500000000000000e+04
3.560100000000000000e+04
3.560700000000000000e+04
3.561400000000000000e+04
3.562000000000000000e+04
3.562500000000000000e+04
3.563300000000000000e+04
3.564400000000000000e+04
3.564500000000000000e+04
3.564900000000000000e+04
3.565400000000000000e+04
3.565900000000000000e+04
3.566200000000000000e+04
3.569300000000000000e+04
3.569500000000000000e+04
3.569700000000000000e+04
3.570600000000000000e+04
3.572500000000000000e+04
3.573100000000000000e+04
3.574100000000000000e+04
3.574900000000000000e+04
3.575200000000000000e+04
3.575700000000000000e+04
3.576100000000000000e+04
3.577900000000000000e+04
3.578200000000000000e+04
3.578600000000000000e+04
3.578800000000000000e+04
3.579300000000000000e+04
3.579600000000000000e+04
3.580500000000000000e+04
3.580600000000000000e+04
3.581200000000000000e+04
3.581300000000000000e+04
3.581900000000000000e+04
3.582500000000000000e+04
3.583000000000000000e+04
3.583400000000000000e+04
3.583600000000000000e+04
3.584000000000000000e+04
3.587800000000000000e+04
3.587900000000000000e+04
3.589100000000000000e+04
3.589300000000000000e+04
3.590800000000000000e+04
3.592300000000000000e+04
3.592400000000000000e+04
3.593000000000000000e+04
3.593700000000000000e+04
3.594500000000000000e+04
3.598400000000000000e+04
3.599000000000000000e+04
3.599200000000000000e+04
3.599300000000000000e+04
3.599800000000000000e+04
3.600300000000000000e+04
3.601800000000000000e+04
3.602800000000000000e+04
3.604200000000000000e+04
3.638900000000000000e+04
3.643600000000000000e+04
3.646800000000000000e+04
3.648800000000000000e+04
3.652300000000000000e+04
3.717800000000000000e+04
3.720000000000000000e+04
3.720300000000000000e+04
3.736000000000000000e+04
3.740700000000000000e+04
3.794100000000000000e+04
3.829700000000000000e+04
3.830500000000000000e+04
3.841000000000000000e+04
3.873500000000000000e+04
3.880100000000000000e+04
3.882000000000000000e+04
3.884900000000000000e+04
3.886600000000000000e+04
3.888700000000000000e+04
3.889300000000000000e+04
3.890100000000000000e+04
3.890600000000000000e+04
3.891000000000000000e+04
3.891300000000000000e+04
3.891400000000000000e+04
3.891700000000000000e+04
3.894800000000000000e+04
3.897600000000000000e+04
3.899900000000000000e+04
3.900900000000000000e+04
3.906000000000000000e+04
3.906200000000000000e+04
3.906900000000000000e+04
3.909300000000000000e+04
3.909700000000000000e+04
3.914600000000000000e+04
3.915000000000000000e+04
3.915100000000000000e+04
3.915200000000000000e+04
3.915500000000000000e+04
3.915900000000000000e+04
3.916800000000000000e+04
3.917100000000000000e+04
3.918000000000000000e+04
3.918500000000000000e+04
3.921800000000000000e+04
3.921900000000000000e+04
3.922000000000000000e+04
3.922100000000000000e+04
3.922200000000000000e+04
3.922300000000000000e+04
3.922400000000000000e+04
3.922500000000000000e+04
3.922900000000000000e+04
3.923000000000000000e+04
3.923200000000000000e+04
3.923800000000000000e+04
3.924400000000000000e+04
3.925300000000000000e+04
3.925500000000000000e+04
3.927100000000000000e+04
3.927300000000000000e+04
3.929100000000000000e+04
3.929500000000000000e+04
3.929800000000000000e+04
3.932400000000000000e+04
3.932500000000000000e+04
3.932600000000000000e+04
3.932700000000000000e+04
3.934800000000000000e+04
3.934900000000000000e+04
3.936500000000000000e+04
3.936600000000000000e+04
3.937000000000000000e+04
3.937100000000000000e+04
3.937200000000000000e+04
3.937300000000000000e+04
3.937400000000000000e+04
3.939400000000000000e+04
3.940600000000000000e+04
3.940800000000000000e+04
3.941500000000000000e+04
3.942200000000000000e+04
3.964300000000000000e+04
3.964500000000000000e+04
3.965100000000000000e+04
3.966800000000000000e+04
3.967000000000000000e+04
3.981200000000000000e+04
3.981600000000000000e+04
3.981900000000000000e+04
3.982500000000000000e+04
3.986000000000000000e+04
3.986100000000000000e+04
3.986800000000000000e+04
3.987000000000000000e+04
3.987100000000000000e+04
3.987300000000000000e+04
3.987400000000000000e+04
3.987500000000000000e+04
3.988500000000000000e+04
3.988700000000000000e+04
3.988800000000000000e+04
3.988900000000000000e+04
3.990100000000000000e+04
3.990200000000000000e+04
3.991400000000000000e+04
3.991500000000000000e+04
3.991600000000000000e+04
3.991800000000000000e+04
3.992200000000000000e+04
3.992300000000000000e+04
3.994600000000000000e+04
3.995000000000000000e+04
3.995600000000000000e+04
3.995700000000000000e+04
3.995800000000000000e+04
3.995900000000000000e+04
3.996000000000000000e+04
3.996100000000000000e+04
4.001900000000000000e+04
4.002100000000000000e+04
4.005600000000000000e+04
4.006700000000000000e+04
4.007000000000000000e+04
4.007100000000000000e+04
4.007500000000000000e+04
4.007600000000000000e+04
4.013100000000000000e+04
4.013200000000000000e+04
4.013500000000000000e+04
4.014200000000000000e+04
4.014300000000000000e+04
4.014400000000000000e+04
4.014600000000000000e+04
4.014700000000000000e+04
4.015600000000000000e+04
4.015900000000000000e+04
4.016000000000000000e+04
4.017200000000000000e+04
4.017600000000000000e+04
4.017900000000000000e+04
4.018100000000000000e+04
4.018300000000000000e+04
4.018600000000000000e+04
4.022400000000000000e+04
4.022500000000000000e+04
4.022600000000000000e+04
4.022700000000000000e+04
4.024400000000000000e+04
4.031800000000000000e+04
4.032100000000000000e+04
4.032600000000000000e+04
4.033000000000000000e+04
4.035500000000000000e+04
4.038900000000000000e+04
4.039300000000000000e+04
4.040100000000000000e+04
4.040300000000000000e+04
4.041200000000000000e+04
4.042300000000000000e+04
4.044100000000000000e+04
4.044300000000000000e+04
4.044700000000000000e+04
4.047300000000000000e+04
4.047400000000000000e+04
4.047500000000000000e+04
4.047600000000000000e+04
4.048300000000000000e+04
4.049300000000000000e+04
4.050200000000000000e+04
4.051300000000000000e+04
4.054500000000000000e+04
4.054600000000000000e+04
4.056200000000000000e+04
4.056300000000000000e+04
4.059300000000000000e+04
4.060500000000000000e+04
4.061000000000000000e+04
4.061300000000000000e+04
4.066300000000000000e+04
4.068400000000000000e+04
4.073600000000000000e+04
4.073700000000000000e+04
4.075500000000000000e+04
4.082300000000000000e+04
4.082800000000000000e+04
4.085000000000000000e+04
4.090400000000000000e+04
4.095800000000000000e+04
4.095900000000000000e+04
4.097500000000000000e+04
4.098400000000000000e+04
4.099900000000000000e+04
4.101600000000000000e+04
4.101900000000000000e+04
4.103900000000000000e+04
4.104400000000000000e+04
4.107100000000000000e+04
4.108000000000000000e+04
4.112100000000000000e+04
4.113600000000000000e+04
4.114300000000000000e+04
4.121000000000000000e+04
4.126200000000000000e+04
4.127600000000000000e+04
4.131700000000000000e+04
4.132100000000000000e+04
4.133200000000000000e+04
4.133600000000000000e+04
4.137400000000000000e+04
4.138100000000000000e+04
4.139000000000000000e+04
4.141400000000000000e+04
4.142100000000000000e+04
4.143600000000000000e+04
4.143700000000000000e+04
4.144100000000000000e+04
4.146500000000000000e+04
4.147100000000000000e+04
4.147600000000000000e+04
4.148300000000000000e+04
4.148500000000000000e+04
4.149400000000000000e+04
4.149500000000000000e+04
4.151100000000000000e+04
4.151400000000000000e+04
4.151700000000000000e+04
4.152100000000000000e+04
4.153000000000000000e+04
4.154600000000000000e+04
