1.500000000000000000e+01
6.900000000000000000e+01
8.600000000000000000e+01
1.110000000000000000e+02
1.770000000000000000e+02
1.970000000000000000e+02
2.220000000000000000e+02
2.340000000000000000e+02
2.410000000000000000e+02
2.480000000000000000e+02
3.720000000000000000e+02
3.740000000000000000e+02
3.750000000000000000e+02
3.810000000000000000e+02
3.900000000000000000e+02
4.100000000000000000e+02
4.400000000000000000e+02
5.120000000000000000e+02
5.200000000000000000e+02
5.300000000000000000e+02
5.650000000000000000e+02
5.880000000000000000e+02
6.570000000000000000e+02
7.590000000000000000e+02
7.600000000000000000e+02
7.630000000000000000e+02
8.770000000000000000e+02
9.020000000000000000e+02
9.060000000000000000e+02
9.360000000000000000e+02
9.390000000000000000e+02
9.430000000000000000e+02
1.025000000000000000e+03
1.069000000000000000e+03
1.090000000000000000e+03
1.148000000000000000e+03
1.250000000000000000e+03
1.300000000000000000e+03
1.344000000000000000e+03
1.378000000000000000e+03
1.425000000000000000e+03
1.433000000000000000e+03
1.437000000000000000e+03
1.443000000000000000e+03
1.451000000000000000e+03
1.472000000000000000e+03
1.488000000000000000e+03
1.538000000000000000e+03
1.539000000000000000e+03
1.568000000000000000e+03
1.575000000000000000e+03
1.603000000000000000e+03
1.609000000000000000e+03
1.638000000000000000e+03
1.641000000000000000e+03
1.668000000000000000e+03
1.785000000000000000e+03
1.793000000000000000e+03
1.833000000000000000e+03
1.996000000000000000e+03
2.023000000000000000e+03
2.049000000000000000e+03
2.108000000000000000e+03
2.276000000000000000e+03
2.292000000000000000e+03
2.360000000000000000e+03
2.415000000000000000e+03
2.471000000000000000e+03
2.476000000000000000e+03
2.477000000000000000e+03
2.602000000000000000e+03
2.641000000000000000e+03
2.813000000000000000e+03
3.003000000000000000e+03
3.217000000000000000e+03
3.340000000000000000e+03
3.421000000000000000e+03
3.575000000000000000e+03
3.643000000000000000e+03
3.756000000000000000e+03
3.791000000000000000e+03
3.800000000000000000e+03
3.801000000000000000e+03
3.803000000000000000e+03
3.804000000000000000e+03
3.807000000000000000e+03
3.808000000000000000e+03
3.819000000000000000e+03
3.978000000000000000e+03
3.985000000000000000e+03
3.986000000000000000e+03
3.988000000000000000e+03
3.991000000000000000e+03
3.993000000000000000e+03
3.994000000000000000e+03
3.996000000000000000e+03
4.093000000000000000e+03
4.134000000000000000e+03
4.365000000000000000e+03
4.373000000000000000e+03
4.451000000000000000e+03
4.460000000000000000e+03
4.512000000000000000e+03
4.549000000000000000e+03
4.572000000000000000e+03
4.579000000000000000e+03
4.584000000000000000e+03
4.646000000000000000e+03
4.714000000000000000e+03
4.737000000000000000e+03
4.773000000000000000e+03
4.797000000000000000e+03
4.800000000000000000e+03
4.832000000000000000e+03
4.839000000000000000e+03
4.848000000000000000e+03
4.867000000000000000e+03
4.881000000000000000e+03
4.882000000000000000e+03
4.888000000000000000e+03
4.890000000000000000e+03
4.903000000000000000e+03
4.924000000000000000e+03
4.926000000000000000e+03
4.950000000000000000e+03
4.960000000000000000e+03
4.973000000000000000e+03
4.980000000000000000e+03
4.989000000000000000e+03
4.999000000000000000e+03
5.051000000000000000e+03
5.064000000000000000e+03
5.070000000000000000e+03
5.104000000000000000e+03
5.107000000000000000e+03
5.147000000000000000e+03
5.277000000000000000e+03
5.322000000000000000e+03
5.352000000000000000e+03
5.358000000000000000e+03
5.390000000000000000e+03
5.408000000000000000e+03
5.414000000000000000e+03
5.416000000000000000e+03
5.422000000000000000e+03
5.438000000000000000e+03
5.446000000000000000e+03
5.451000000000000000e+03
5.497000000000000000e+03
5.510000000000000000e+03
5.575000000000000000e+03
5.588000000000000000e+03
5.595000000000000000e+03
5.615000000000000000e+03
5.626000000000000000e+03
5.632000000000000000e+03
5.660000000000000000e+03
5.663000000000000000e+03
5.673000000000000000e+03
5.693000000000000000e+03
5.716000000000000000e+03
5.718000000000000000e+03
5.726000000000000000e+03
5.759000000000000000e+03
5.765000000000000000e+03
5.822000000000000000e+03
5.878000000000000000e+03
5.888000000000000000e+03
5.971000000000000000e+03
5.976000000000000000e+03
6.074000000000000000e+03
6.086000000000000000e+03
6.107000000000000000e+03
6.110000000000000000e+03
6.124000000000000000e+03
6.136000000000000000e+03
6.217000000000000000e+03
6.253000000000000000e+03
6.277000000000000000e+03
6.311000000000000000e+03
6.392000000000000000e+03
6.469000000000000000e+03
6.480000000000000000e+03
6.544000000000000000e+03
6.546000000000000000e+03
6.556000000000000000e+03
6.604000000000000000e+03
6.618000000000000000e+03
6.630000000000000000e+03
6.632000000000000000e+03
6.654000000000000000e+03
6.662000000000000000e+03
6.664000000000000000e+03
6.665000000000000000e+03
6.689000000000000000e+03
6.701000000000000000e+03
6.714000000000000000e+03
6.717000000000000000e+03
6.772000000000000000e+03
6.775000000000000000e+03
6.805000000000000000e+03
6.974000000000000000e+03
6.976000000000000000e+03
6.985000000000000000e+03
7.013000000000000000e+03
7.014000000000000000e+03
7.024000000000000000e+03
7.065000000000000000e+03
7.067000000000000000e+03
7.165000000000000000e+03
7.186000000000000000e+03
7.197000000000000000e+03
7.230000000000000000e+03
7.231000000000000000e+03
7.237000000000000000e+03
7.241000000000000000e+03
7.320000000000000000e+03
7.325000000000000000e+03
7.425000000000000000e+03
7.458000000000000000e+03
7.503000000000000000e+03
7.505000000000000000e+03
7.508000000000000000e+03
7.514000000000000000e+03
7.531000000000000000e+03
7.533000000000000000e+03
7.545000000000000000e+03
7.638000000000000000e+03
7.660000000000000000e+03
7.694000000000000000e+03
7.699000000000000000e+03
7.701000000000000000e+03
7.718000000000000000e+03
7.720000000000000000e+03
7.732000000000000000e+03
7.734000000000000000e+03
7.735000000000000000e+03
7.775000000000000000e+03
7.781000000000000000e+03
7.788000000000000000e+03
7.789000000000000000e+03
7.801000000000000000e+03
7.802000000000000000e+03
7.805000000000000000e+03
7.807000000000000000e+03
7.813000000000000000e+03
7.819000000000000000e+03
7.859000000000000000e+03
7.871000000000000000e+03
7.880000000000000000e+03
7.883000000000000000e+03
7.891000000000000000e+03
7.892000000000000000e+03
7.903000000000000000e+03
7.909000000000000000e+03
7.912000000000000000e+03
7.914000000000000000e+03
7.915000000000000000e+03
7.924000000000000000e+03
7.934000000000000000e+03
7.935000000000000000e+03
7.936000000000000000e+03
7.940000000000000000e+03
7.961000000000000000e+03
7.963000000000000000e+03
7.968000000000000000e+03
7.990000000000000000e+03
8.017000000000000000e+03
8.035000000000000000e+03
8.051000000000000000e+03
8.267000000000000000e+03
8.317000000000000000e+03
8.457000000000000000e+03
8.617000000000000000e+03
8.641000000000000000e+03
8.651000000000000000e+03
8.703000000000000000e+03
8.757000000000000000e+03
8.797000000000000000e+03
8.857000000000000000e+03
8.883000000000000000e+03
8.884000000000000000e+03
8.901000000000000000e+03
8.918000000000000000e+03
8.921000000000000000e+03
8.930000000000000000e+03
9.004000000000000000e+03
9.013000000000000000e+03
9.052000000000000000e+03
9.343000000000000000e+03
9.381000000000000000e+03
9.429000000000000000e+03
9.443000000000000000e+03
9.465000000000000000e+03
9.466000000000000000e+03
9.558000000000000000e+03
9.597000000000000000e+03
9.643000000000000000e+03
9.663000000000000000e+03
9.716000000000000000e+03
9.829000000000000000e+03
9.914000000000000000e+03
9.991000000000000000e+03
1.000000000000000000e+04
1.003200000000000000e+04
1.003300000000000000e+04
1.007300000000000000e+04
1.008300000000000000e+04
1.009500000000000000e+04
1.012400000000000000e+04
1.022800000000000000e+04
1.025500000000000000e+04
1.025700000000000000e+04
1.026200000000000000e+04
1.059200000000000000e+04
1.062000000000000000e+04
1.063500000000000000e+04
1.064200000000000000e+04
1.069600000000000000e+04
1.069900000000000000e+04
1.070000000000000000e+04
1.081900000000000000e+04
1.082700000000000000e+04
1.099000000000000000e+04
1.100500000000000000e+04
1.106000000000000000e+04
1.106100000000000000e+04
1.106700000000000000e+04
1.110900000000000000e+04
1.115200000000000000e+04
1.126200000000000000e+04
1.127400000000000000e+04
1.137100000000000000e+04
1.144900000000000000e+04
1.148400000000000000e+04
1.201700000000000000e+04
1.215200000000000000e+04
1.240900000000000000e+04
1.262900000000000000e+04
1.343000000000000000e+04
1.347100000000000000e+04
1.362000000000000000e+04
1.371400000000000000e+04
1.371600000000000000e+04
1.372400000000000000e+04
1.374600000000000000e+04
1.377300000000000000e+04
1.383300000000000000e+04
1.383400000000000000e+04
1.385600000000000000e+04
1.386200000000000000e+04
1.388000000000000000e+04
1.397200000000000000e+04
1.399200000000000000e+04
1.404300000000000000e+04
1.405600000000000000e+04
1.409400000000000000e+04
1.410500000000000000e+04
1.410900000000000000e+04
1.411100000000000000e+04
1.411300000000000000e+04
1.412800000000000000e+04
1.412900000000000000e+04
1.414500000000000000e+04
1.414800000000000000e+04
1.414900000000000000e+04
1.416900000000000000e+04
1.435000000000000000e+04
1.435800000000000000e+04
1.437900000000000000e+04
1.438600000000000000e+04
1.439100000000000000e+04
1.444000000000000000e+04
1.444300000000000000e+04
1.447000000000000000e+04
1.448600000000000000e+04
1.449700000000000000e+04
1.450500000000000000e+04
1.467400000000000000e+04
1.474900000000000000e+04
1.475300000000000000e+04
1.475800000000000000e+04
1.476700000000000000e+04
1.476800000000000000e+04
1.476900000000000000e+04
1.477900000000000000e+04
1.482900000000000000e+04
1.484000000000000000e+04
1.488000000000000000e+04
1.489700000000000000e+04
1.493000000000000000e+04
1.497700000000000000e+04
1.499400000000000000e+04
1.499900000000000000e+04
1.501300000000000000e+04
1.502400000000000000e+04
1.502900000000000000e+04
1.503500000000000000e+04
1.503700000000000000e+04
1.503800000000000000e+04
1.506800000000000000e+04
1.507500000000000000e+04
1.509200000000000000e+04
1.510200000000000000e+04
1.515900000000000000e+04
1.516000000000000000e+04
1.517500000000000000e+04
1.518900000000000000e+04
1.521500000000000000e+04
1.522800000000000000e+04
1.525700000000000000e+04
1.530100000000000000e+04
1.530200000000000000e+04
1.530300000000000000e+04
1.532400000000000000e+04
1.533700000000000000e+04
1.535200000000000000e+04
1.537100000000000000e+04
1.540800000000000000e+04
1.576500000000000000e+04
1.600100000000000000e+04
1.606700000000000000e+04
1.610700000000000000e+04
1.613100000000000000e+04
1.613200000000000000e+04
1.616400000000000000e+04
1.617200000000000000e+04
1.617800000000000000e+04
1.618100000000000000e+04
1.618300000000000000e+04
1.631900000000000000e+04
1.632300000000000000e+04
1.632400000000000000e+04
1.633800000000000000e+04
1.635300000000000000e+04
1.636600000000000000e+04
1.637500000000000000e+04
1.638100000000000000e+04
1.638600000000000000e+04
1.638900000000000000e+04
1.639200000000000000e+04
1.639800000000000000e+04
1.639900000000000000e+04
1.640000000000000000e+04
1.640100000000000000e+04
1.640500000000000000e+04
1.640900000000000000e+04
1.641500000000000000e+04
1.641800000000000000e+04
1.642000000000000000e+04
1.642500000000000000e+04
1.643300000000000000e+04
1.646600000000000000e+04
1.647900000000000000e+04
1.648500000000000000e+04
1.648800000000000000e+04
1.648900000000000000e+04
1.650200000000000000e+04
1.650400000000000000e+04
1.652000000000000000e+04
1.653600000000000000e+04
1.653900000000000000e+04
1.655100000000000000e+04
1.655500000000000000e+04
1.656000000000000000e+04
1.656900000000000000e+04
1.660900000000000000e+04
1.662700000000000000e+04
1.664900000000000000e+04
1.665900000000000000e+04
1.670600000000000000e+04
1.672900000000000000e+04
1.673500000000000000e+04
1.675000000000000000e+04
1.675300000000000000e+04
1.676000000000000000e+04
1.676300000000000000e+04
1.677600000000000000e+04
1.680400000000000000e+04
1.680600000000000000e+04
1.680700000000000000e+04
1.681900000000000000e+04
1.682200000000000000e+04
1.687900000000000000e+04
1.688000000000000000e+04
1.688100000000000000e+04
1.688700000000000000e+04
1.689000000000000000e+04
1.690500000000000000e+04
1.691500000000000000e+04
1.691600000000000000e+04
1.691900000000000000e+04
1.692200000000000000e+04
1.693700000000000000e+04
1.694200000000000000e+04
1.694400000000000000e+04
1.695300000000000000e+04
1.695700000000000000e+04
1.696500000000000000e+04
1.696800000000000000e+04
1.697200000000000000e+04
1.697300000000000000e+04
1.697400000000000000e+04
1.698100000000000000e+04
1.698500000000000000e+04
1.698700000000000000e+04
1.699100000000000000e+04
1.699400000000000000e+04
1.700100000000000000e+04
1.700800000000000000e+04
1.702500000000000000e+04
1.702900000000000000e+04
1.703200000000000000e+04
1.703800000000000000e+04
1.704000000000000000e+04
1.704900000000000000e+04
1.705300000000000000e+04
1.706100000000000000e+04
1.707100000000000000e+04
1.707700000000000000e+04
1.708200000000000000e+04
1.709300000000000000e+04
1.709700000000000000e+04
1.712300000000000000e+04
1.713100000000000000e+04
1.713500000000000000e+04
1.714100000000000000e+04
1.714400000000000000e+04
1.714500000000000000e+04
1.715100000000000000e+04
1.715300000000000000e+04
1.715600000000000000e+04
1.716900000000000000e+04
1.717000000000000000e+04
1.718100000000000000e+04
1.719500000000000000e+04
1.719600000000000000e+04
1.720700000000000000e+04
1.721200000000000000e+04
1.721800000000000000e+04
1.722200000000000000e+04
1.722300000000000000e+04
1.722500000000000000e+04
1.725400000000000000e+04
1.725900000000000000e+04
1.729400000000000000e+04
1.729600000000000000e+04
1.730400000000000000e+04
1.730800000000000000e+04
1.731500000000000000e+04
1.756100000000000000e+04
1.765300000000000000e+04
1.769700000000000000e+04
1.776700000000000000e+04
1.785900000000000000e+04
1.787000000000000000e+04
1.801700000000000000e+04
1.806000000000000000e+04
1.822900000000000000e+04
1.840000000000000000e+04
1.843300000000000000e+04
1.850100000000000000e+04
1.850400000000000000e+04
1.850500000000000000e+04
1.850700000000000000e+04
1.851500000000000000e+04
1.851700000000000000e+04
1.852800000000000000e+04
1.853200000000000000e+04
1.853600000000000000e+04
1.854000000000000000e+04
1.855200000000000000e+04
1.858700000000000000e+04
1.864000000000000000e+04
1.864100000000000000e+04
1.869200000000000000e+04
1.870600000000000000e+04
1.871700000000000000e+04
1.874800000000000000e+04
1.874900000000000000e+04
1.876000000000000000e+04
1.876700000000000000e+04
1.881800000000000000e+04
1.883300000000000000e+04
1.887300000000000000e+04
1.889100000000000000e+04
1.892700000000000000e+04
1.899200000000000000e+04
1.920200000000000000e+04
1.923800000000000000e+04
1.924500000000000000e+04
1.930600000000000000e+04
1.939700000000000000e+04
1.947100000000000000e+04
1.949200000000000000e+04
1.954000000000000000e+04
1.955800000000000000e+04
1.956700000000000000e+04
1.962700000000000000e+04
1.962800000000000000e+04
1.964200000000000000e+04
1.964900000000000000e+04
1.968800000000000000e+04
1.984000000000000000e+04
1.992300000000000000e+04
1.994000000000000000e+04
1.995100000000000000e+04
2.006400000000000000e+04
2.013000000000000000e+04
2.013500000000000000e+04
2.020100000000000000e+04
2.023000000000000000e+04
2.025700000000000000e+04
2.026000000000000000e+04
2.038500000000000000e+04
2.055400000000000000e+04
2.056400000000000000e+04
2.075700000000000000e+04
2.091600000000000000e+04
2.108700000000000000e+04
2.111600000000000000e+04
2.111800000000000000e+04
2.113400000000000000e+04
2.114200000000000000e+04
2.126300000000000000e+04
2.149200000000000000e+04
2.152800000000000000e+04
2.153300000000000000e+04
2.153700000000000000e+04
2.162600000000000000e+04
2.162700000000000000e+04
2.162800000000000000e+04
2.162900000000000000e+04
2.163000000000000000e+04
2.163200000000000000e+04
2.163300000000000000e+04
2.163600000000000000e+04
2.163800000000000000e+04
2.163900000000000000e+04
2.164200000000000000e+04
2.164300000000000000e+04
2.164400000000000000e+04
2.164500000000000000e+04
2.164700000000000000e+04
2.164800000000000000e+04
2.165100000000000000e+04
2.165200000000000000e+04
2.165300000000000000e+04
2.165500000000000000e+04
2.165600000000000000e+04
2.165700000000000000e+04
2.166000000000000000e+04
2.166100000000000000e+04
2.166200000000000000e+04
2.166500000000000000e+04
2.166600000000000000e+04
2.166900000000000000e+04
2.167000000000000000e+04
2.167100000000000000e+04
2.167200000000000000e+04
2.167300000000000000e+04
2.167400000000000000e+04
2.167500000000000000e+04
2.167700000000000000e+04
2.167800000000000000e+04
2.167900000000000000e+04
2.168100000000000000e+04
2.168200000000000000e+04
2.168300000000000000e+04
2.168700000000000000e+04
2.168800000000000000e+04
2.169100000000000000e+04
2.169300000000000000e+04
2.169400000000000000e+04
2.169500000000000000e+04
2.169800000000000000e+04
2.170300000000000000e+04
2.170600000000000000e+04
2.171300000000000000e+04
2.171700000000000000e+04
2.172000000000000000e+04
2.172100000000000000e+04
2.172800000000000000e+04
2.172900000000000000e+04
2.173000000000000000e+04
2.173200000000000000e+04
2.173300000000000000e+04
2.173500000000000000e+04
2.173600000000000000e+04
2.173800000000000000e+04
2.173900000000000000e+04
2.174000000000000000e+04
2.174100000000000000e+04
2.174200000000000000e+04
2.174300000000000000e+04
2.174600000000000000e+04
2.174700000000000000e+04
2.174800000000000000e+04
2.174900000000000000e+04
2.175000000000000000e+04
2.175100000000000000e+04
2.175300000000000000e+04
2.175600000000000000e+04
2.175700000000000000e+04
2.176100000000000000e+04
2.176200000000000000e+04
2.176800000000000000e+04
2.177000000000000000e+04
2.177300000000000000e+04
2.177700000000000000e+04
2.177800000000000000e+04
2.177900000000000000e+04
2.178000000000000000e+04
2.178200000000000000e+04
2.178400000000000000e+04
2.178600000000000000e+04
2.178700000000000000e+04
2.179000000000000000e+04
2.179200000000000000e+04
2.179500000000000000e+04
2.179700000000000000e+04
2.180000000000000000e+04
2.180600000000000000e+04
2.180800000000000000e+04
2.181400000000000000e+04
2.181600000000000000e+04
2.181700000000000000e+04
2.181900000000000000e+04
2.182300000000000000e+04
2.182500000000000000e+04
2.182700000000000000e+04
2.183100000000000000e+04
2.183600000000000000e+04
2.184200000000000000e+04
2.184500000000000000e+04
2.184900000000000000e+04
2.186000000000000000e+04
2.187500000000000000e+04
2.187600000000000000e+04
2.188300000000000000e+04
2.189000000000000000e+04
2.189100000000000000e+04
2.189200000000000000e+04
2.189400000000000000e+04
2.189500000000000000e+04
2.189700000000000000e+04
2.189900000000000000e+04
2.190000000000000000e+04
2.190300000000000000e+04
2.191600000000000000e+04
2.191800000000000000e+04
2.191900000000000000e+04
2.192900000000000000e+04
2.193200000000000000e+04
2.195600000000000000e+04
2.197600000000000000e+04
2.206100000000000000e+04
2.209500000000000000e+04
2.217200000000000000e+04
2.217300000000000000e+04
2.220200000000000000e+04
2.230100000000000000e+04
2.230200000000000000e+04
2.233700000000000000e+04
2.235300000000000000e+04
2.235400000000000000e+04
2.240500000000000000e+04
2.240900000000000000e+04
2.241200000000000000e+04
2.241900000000000000e+04
2.242000000000000000e+04
2.243100000000000000e+04
2.244200000000000000e+04
2.246700000000000000e+04
2.247900000000000000e+04
2.256900000000000000e+04
2.257300000000000000e+04
2.257900000000000000e+04
2.259500000000000000e+04
2.265800000000000000e+04
2.266200000000000000e+04
2.266600000000000000e+04
2.278700000000000000e+04
2.279400000000000000e+04
2.285400000000000000e+04
2.295500000000000000e+04
2.298300000000000000e+04
2.305500000000000000e+04
2.308700000000000000e+04
2.311800000000000000e+04
2.317300000000000000e+04
2.322300000000000000e+04
2.332100000000000000e+04
2.332200000000000000e+04
2.335300000000000000e+04
2.337600000000000000e+04
2.340300000000000000e+04
2.340700000000000000e+04
2.340900000000000000e+04
2.341100000000000000e+04
2.344200000000000000e+04
2.344300000000000000e+04
2.349900000000000000e+04
2.352900000000000000e+04
2.360600000000000000e+04
2.361500000000000000e+04
2.370800000000000000e+04
2.371100000000000000e+04
2.373700000000000000e+04
2.376400000000000000e+04
2.385000000000000000e+04
2.389600000000000000e+04
2.391300000000000000e+04
2.393500000000000000e+04
2.399400000000000000e+04
2.400400000000000000e+04
2.400700000000000000e+04
2.400800000000000000e+04
2.425600000000000000e+04
2.426200000000000000e+04
2.426300000000000000e+04
2.427700000000000000e+04
2.432900000000000000e+04
2.440500000000000000e+04
2.443100000000000000e+04
2.443200000000000000e+04
2.445800000000000000e+04
2.445900000000000000e+04
2.446400000000000000e+04
2.448900000000000000e+04
2.449100000000000000e+04
2.449500000000000000e+04
2.450100000000000000e+04
2.452300000000000000e+04
2.455100000000000000e+04
2.455600000000000000e+04
2.463000000000000000e+04
2.464700000000000000e+04
2.464900000000000000e+04
2.467600000000000000e+04
2.471400000000000000e+04
2.475300000000000000e+04
2.475800000000000000e+04
2.479000000000000000e+04
2.485100000000000000e+04
2.488900000000000000e+04
2.489800000000000000e+04
2.492900000000000000e+04
2.497000000000000000e+04
2.498100000000000000e+04
2.498400000000000000e+04
2.499800000000000000e+04
2.502600000000000000e+04
2.505000000000000000e+04
2.508400000000000000e+04
2.511300000000000000e+04
2.514600000000000000e+04
2.530500000000000000e+04
2.532200000000000000e+04
2.540600000000000000e+04
2.543500000000000000e+04
2.556400000000000000e+04
2.557200000000000000e+04
2.565000000000000000e+04
2.565800000000000000e+04
2.566000000000000000e+04
2.568800000000000000e+04
2.569700000000000000e+04
2.570300000000000000e+04
2.574100000000000000e+04
2.574200000000000000e+04
2.575100000000000000e+04
2.577600000000000000e+04
2.577800000000000000e+04
2.581300000000000000e+04
2.581700000000000000e+04
2.593000000000000000e+04
2.596300000000000000e+04
2.598000000000000000e+04
2.599300000000000000e+04
2.600700000000000000e+04
2.601600000000000000e+04
2.602700000000000000e+04
2.604800000000000000e+04
2.609100000000000000e+04
2.609200000000000000e+04
2.614000000000000000e+04
2.615400000000000000e+04
2.618000000000000000e+04
2.621200000000000000e+04
2.621300000000000000e+04
2.626300000000000000e+04
2.629200000000000000e+04
2.632300000000000000e+04
2.638300000000000000e+04
2.639800000000000000e+04
2.649300000000000000e+04
2.656600000000000000e+04
2.657800000000000000e+04
2.659000000000000000e+04
2.662600000000000000e+04
2.663600000000000000e+04
2.664000000000000000e+04
2.664800000000000000e+04
2.665400000000000000e+04
2.666700000000000000e+04
2.667200000000000000e+04
2.667900000000000000e+04
2.672500000000000000e+04
2.677700000000000000e+04
2.682200000000000000e+04
2.682500000000000000e+04
2.685800000000000000e+04
2.686500000000000000e+04
2.687500000000000000e+04
2.687600000000000000e+04
2.689500000000000000e+04
2.692400000000000000e+04
2.698600000000000000e+04
2.703000000000000000e+04
2.705400000000000000e+04
2.710800000000000000e+04
2.711000000000000000e+04
2.711200000000000000e+04
2.715000000000000000e+04
2.715300000000000000e+04
2.717400000000000000e+04
2.718100000000000000e+04
2.718700000000000000e+04
2.720800000000000000e+04
2.722100000000000000e+04
2.722900000000000000e+04
2.723600000000000000e+04
2.725400000000000000e+04
2.725500000000000000e+04
2.729800000000000000e+04
2.730600000000000000e+04
2.731600000000000000e+04
2.731900000000000000e+04
2.733600000000000000e+04
2.737000000000000000e+04
2.737700000000000000e+04
2.743100000000000000e+04
2.744000000000000000e+04
2.746500000000000000e+04
2.752000000000000000e+04
2.756500000000000000e+04
2.759900000000000000e+04
2.760600000000000000e+04
2.760700000000000000e+04
2.760800000000000000e+04
2.761100000000000000e+04
2.762100000000000000e+04
2.762500000000000000e+04
2.769000000000000000e+04
2.769600000000000000e+04
2.775900000000000000e+04
2.780400000000000000e+04
2.780600000000000000e+04
2.782500000000000000e+04
2.783200000000000000e+04
2.786600000000000000e+04
2.791100000000000000e+04
2.795500000000000000e+04
2.818700000000000000e+04
2.821400000000000000e+04
2.825800000000000000e+04
2.827100000000000000e+04
2.827300000000000000e+04
2.827500000000000000e+04
2.828500000000000000e+04
2.861700000000000000e+04
2.866800000000000000e+04
2.871900000000000000e+04
2.886400000000000000e+04
2.888800000000000000e+04
2.889100000000000000e+04
2.889500000000000000e+04
2.889700000000000000e+04
2.891300000000000000e+04
2.892000000000000000e+04
2.892800000000000000e+04
2.892900000000000000e+04
2.893000000000000000e+04
2.893200000000000000e+04
2.893600000000000000e+04
2.893700000000000000e+04
2.893900000000000000e+04
2.894000000000000000e+04
2.894300000000000000e+04
2.894700000000000000e+04
2.894800000000000000e+04
2.895100000000000000e+04
2.895200000000000000e+04
2.895300000000000000e+04
2.895800000000000000e+04
2.895900000000000000e+04
2.896300000000000000e+04
2.896400000000000000e+04
2.896500000000000000e+04
2.896600000000000000e+04
2.896900000000000000e+04
2.897000000000000000e+04
2.897300000000000000e+04
2.898000000000000000e+04
2.898100000000000000e+04
2.898500000000000000e+04
2.899200000000000000e+04
2.899400000000000000e+04
2.899800000000000000e+04
2.900100000000000000e+04
2.901500000000000000e+04
2.902100000000000000e+04
2.902300000000000000e+04
2.902600000000000000e+04
2.903000000000000000e+04
2.903400000000000000e+04
2.903600000000000000e+04
2.904200000000000000e+04
2.904800000000000000e+04
2.905200000000000000e+04
2.905400000000000000e+04
2.905700000000000000e+04
2.906300000000000000e+04
2.906600000000000000e+04
2.907200000000000000e+04
2.907600000000000000e+04
2.907700000000000000e+04
2.907800000000000000e+04
2.908300000000000000e+04
2.908400000000000000e+04
2.908800000000000000e+04
2.908900000000000000e+04
2.909900000000000000e+04
2.910000000000000000e+04
2.911100000000000000e+04
2.911500000000000000e+04
2.912100000000000000e+04
2.912300000000000000e+04
2.912600000000000000e+04
2.912800000000000000e+04
2.912900000000000000e+04
2.913000000000000000e+04
2.913300000000000000e+04
2.913500000000000000e+04
2.913600000000000000e+04
2.913700000000000000e+04
2.914200000000000000e+04
2.915900000000000000e+04
2.916100000000000000e+04
2.917200000000000000e+04
2.917300000000000000e+04
2.918100000000000000e+04
2.918200000000000000e+04
2.918300000000000000e+04
2.919600000000000000e+04
2.919700000000000000e+04
2.919900000000000000e+04
2.920000000000000000e+04
2.920700000000000000e+04
2.920800000000000000e+04
2.921200000000000000e+04
2.922100000000000000e+04
2.922600000000000000e+04
2.923600000000000000e+04
2.923800000000000000e+04
2.924100000000000000e+04
2.924900000000000000e+04
2.925100000000000000e+04
2.925500000000000000e+04
2.925700000000000000e+04
2.926900000000000000e+04
2.927300000000000000e+04
2.927500000000000000e+04
2.929700000000000000e+04
2.931100000000000000e+04
2.931200000000000000e+04
2.931300000000000000e+04
2.932400000000000000e+04
2.933000000000000000e+04
2.936800000000000000e+04
2.937300000000000000e+04
2.937500000000000000e+04
2.939600000000000000e+04
2.942700000000000000e+04
2.947900000000000000e+04
2.948300000000000000e+04
2.949500000000000000e+04
2.953800000000000000e+04
2.954200000000000000e+04
2.955900000000000000e+04
2.956800000000000000e+04
2.958400000000000000e+04
2.961400000000000000e+04
2.962400000000000000e+04
2.967800000000000000e+04
2.968100000000000000e+04
2.969500000000000000e+04
2.972200000000000000e+04
2.975100000000000000e+04
2.979100000000000000e+04
2.982000000000000000e+04
2.986500000000000000e+04
2.986800000000000000e+04
2.988500000000000000e+04
2.988600000000000000e+04
2.990300000000000000e+04
2.993700000000000000e+04
2.995200000000000000e+04
2.996900000000000000e+04
2.998600000000000000e+04
3.003000000000000000e+04
3.005000000000000000e+04
3.019700000000000000e+04
3.024600000000000000e+04
3.025600000000000000e+04
3.026500000000000000e+04
3.028200000000000000e+04
3.032000000000000000e+04
3.034600000000000000e+04
3.036300000000000000e+04
3.040400000000000000e+04
3.047100000000000000e+04
3.049800000000000000e+04
3.051000000000000000e+04
3.051400000000000000e+04
3.051500000000000000e+04
3.051700000000000000e+04
3.051800000000000000e+04
3.052100000000000000e+04
3.052500000000000000e+04
3.057600000000000000e+04
3.057900000000000000e+04
3.058800000000000000e+04
3.061400000000000000e+04
3.061700000000000000e+04
3.062700000000000000e+04
3.063100000000000000e+04
3.063600000000000000e+04
3.063800000000000000e+04
3.064300000000000000e+04
3.066900000000000000e+04
3.068600000000000000e+04
3.077900000000000000e+04
3.079400000000000000e+04
3.081800000000000000e+04
3.082700000000000000e+04
3.083400000000000000e+04
3.084500000000000000e+04
3.085200000000000000e+04
3.087600000000000000e+04
3.090500000000000000e+04
3.090600000000000000e+04
3.091200000000000000e+04
3.091900000000000000e+04
3.092000000000000000e+04
3.092400000000000000e+04
3.092600000000000000e+04
3.093400000000000000e+04
3.094200000000000000e+04
3.094700000000000000e+04
3.095300000000000000e+04
3.105800000000000000e+04
3.105900000000000000e+04
3.106500000000000000e+04
3.107200000000000000e+04
3.107900000000000000e+04
3.137000000000000000e+04
3.137600000000000000e+04
3.147900000000000000e+04
3.149100000000000000e+04
3.149600000000000000e+04
3.159000000000000000e+04
3.160600000000000000e+04
3.161600000000000000e+04
3.161900000000000000e+04
3.162000000000000000e+04
3.162100000000000000e+04
3.162500000000000000e+04
3.163500000000000000e+04
3.164100000000000000e+04
3.167100000000000000e+04
3.178700000000000000e+04
3.180000000000000000e+04
3.183300000000000000e+04
3.184700000000000000e+04
3.184900000000000000e+04
3.193800000000000000e+04
3.218000000000000000e+04
3.220700000000000000e+04
3.222400000000000000e+04
3.224500000000000000e+04
3.227700000000000000e+04
3.228100000000000000e+04
3.228200000000000000e+04
3.229200000000000000e+04
3.239500000000000000e+04
3.242900000000000000e+04
3.246400000000000000e+04
3.248500000000000000e+04
3.249000000000000000e+04
3.250300000000000000e+04
3.251000000000000000e+04
3.268300000000000000e+04
3.272100000000000000e+04
3.273800000000000000e+04
3.289600000000000000e+04
3.292700000000000000e+04
3.293100000000000000e+04
3.295700000000000000e+04
3.303200000000000000e+04
3.304500000000000000e+04
3.308800000000000000e+04
3.309200000000000000e+04
3.314100000000000000e+04
3.316300000000000000e+04
3.316500000000000000e+04
3.316600000000000000e+04
3.316800000000000000e+04
3.317400000000000000e+04
3.317600000000000000e+04
3.317700000000000000e+04
3.317800000000000000e+04
3.318000000000000000e+04
3.318200000000000000e+04
3.318600000000000000e+04
3.318700000000000000e+04
3.318900000000000000e+04
3.319000000000000000e+04
3.319400000000000000e+04
3.319500000000000000e+04
3.319600000000000000e+04
3.319700000000000000e+04
3.321400000000000000e+04
3.323800000000000000e+04
3.327600000000000000e+04
3.328200000000000000e+04
3.328400000000000000e+04
3.331100000000000000e+04
3.331500000000000000e+04
3.332600000000000000e+04
3.333700000000000000e+04
3.334400000000000000e+04
3.334700000000000000e+04
3.335400000000000000e+04
3.340000000000000000e+04
3.342500000000000000e+04
3.345600000000000000e+04
3.348800000000000000e+04
3.350400000000000000e+04
3.352100000000000000e+04
3.356900000000000000e+04
3.360800000000000000e+04
3.362900000000000000e+04
3.364000000000000000e+04
3.370900000000000000e+04
3.385400000000000000e+04
3.388200000000000000e+04
3.389000000000000000e+04
3.389200000000000000e+04
3.393100000000000000e+04
3.394600000000000000e+04
3.398300000000000000e+04
3.403600000000000000e+04
3.405400000000000000e+04
3.407900000000000000e+04
3.408000000000000000e+04
3.408300000000000000e+04
3.410100000000000000e+04
3.412800000000000000e+04
3.415100000000000000e+04
3.415300000000000000e+04
3.417000000000000000e+04
3.421100000000000000e+04
3.421700000000000000e+04
3.422000000000000000e+04
3.423800000000000000e+04
3.426000000000000000e+04
3.430300000000000000e+04
3.438300000000000000e+04
3.438400000000000000e+04
3.439700000000000000e+04
3.446900000000000000e+04
3.448800000000000000e+04
3.453600000000000000e+04
3.457900000000000000e+04
3.458700000000000000e+04
3.459000000000000000e+04
3.459100000000000000e+04
3.462100000000000000e+04
3.463000000000000000e+04
3.468200000000000000e+04
3.469800000000000000e+04
3.471400000000000000e+04
3.473000000000000000e+04
3.473200000000000000e+04
3.473600000000000000e+04
3.473900000000000000e+04
3.476900000000000000e+04
3.477000000000000000e+04
3.477500000000000000e+04
3.478800000000000000e+04
3.479000000000000000e+04
3.480600000000000000e+04
3.480800000000000000e+04
3.482800000000000000e+04
3.485000000000000000e+04
3.485200000000000000e+04
3.488200000000000000e+04
3.501500000000000000e+04
3.503500000000000000e+04
3.503800000000000000e+04
3.504000000000000000e+04
3.510900000000000000e+04
3.511200000000000000e+04
3.511400000000000000e+04
3.511500000000000000e+04
3.511600000000000000e+04
3.511700000000000000e+04
3.512000000000000000e+04
3.512600000000000000e+04
3.515900000000000000e+04
3.516200000000000000e+04
3.516700000000000000e+04
3.520000000000000000e+04
3.527100000000000000e+04
3.528900000000000000e+04
3.529000000000000000e+04
3.529100000000000000e+04
3.534900000000000000e+04
3.537700000000000000e+04
3.540800000000000000e+04
3.542900000000000000e+04
3.547600000000000000e+04
3.552800000000000000e+04
3.553000000000000000e+04
3.557200000000000000e+04
3.570000000000000000e+04
3.575000000000000000e+04
3.581400000000000000e+04
3.581700000000000000e+04
3.595000000000000000e+04
3.595100000000000000e+04
3.598000000000000000e+04
3.600700000000000000e+04
3.601300000000000000e+04
3.602400000000000000e+04
3.606600000000000000e+04
3.606800000000000000e+04
3.607300000000000000e+04
3.608500000000000000e+04
3.608900000000000000e+04
3.609800000000000000e+04
3.609900000000000000e+04
3.610000000000000000e+04
3.610100000000000000e+04
3.610500000000000000e+04
3.610800000000000000e+04
3.611300000000000000e+04
3.611400000000000000e+04
3.611500000000000000e+04
3.611700000000000000e+04
3.612000000000000000e+04
3.612300000000000000e+04
3.612800000000000000e+04
3.613300000000000000e+04
3.613400000000000000e+04
3.613600000000000000e+04
3.614200000000000000e+04
3.614300000000000000e+04
3.614400000000000000e+04
3.615000000000000000e+04
3.619500000000000000e+04
3.620900000000000000e+04
3.621000000000000000e+04
3.621600000000000000e+04
3.622800000000000000e+04
3.623300000000000000e+04
3.623400000000000000e+04
3.624400000000000000e+04
3.627700000000000000e+04
3.628100000000000000e+04
3.628300000000000000e+04
3.628400000000000000e+04
3.629800000000000000e+04
3.630300000000000000e+04
3.631100000000000000e+04
3.631300000000000000e+04
3.631900000000000000e+04
3.633300000000000000e+04
3.633700000000000000e+04
3.634600000000000000e+04
3.634800000000000000e+04
3.635200000000000000e+04
3.635500000000000000e+04
3.635700000000000000e+04
3.637400000000000000e+04
3.638600000000000000e+04
3.639100000000000000e+04
3.639200000000000000e+04
3.639500000000000000e+04
3.640200000000000000e+04
3.640300000000000000e+04
3.640400000000000000e+04
3.641400000000000000e+04
3.642000000000000000e+04
3.642600000000000000e+04
3.643100000000000000e+04
3.643700000000000000e+04
3.649200000000000000e+04
3.653600000000000000e+04
3.653800000000000000e+04
3.654000000000000000e+04
3.654100000000000000e+04
3.654300000000000000e+04
3.654400000000000000e+04
3.654600000000000000e+04
3.655100000000000000e+04
3.655600000000000000e+04
3.655700000000000000e+04
3.656300000000000000e+04
3.656700000000000000e+04
3.656800000000000000e+04
3.657000000000000000e+04
3.657100000000000000e+04
3.657200000000000000e+04
3.657500000000000000e+04
3.657900000000000000e+04
3.658100000000000000e+04
3.658300000000000000e+04
3.658500000000000000e+04
3.658800000000000000e+04
3.658900000000000000e+04
3.659000000000000000e+04
3.659200000000000000e+04
3.659300000000000000e+04
3.660200000000000000e+04
3.660300000000000000e+04
3.660900000000000000e+04
3.661000000000000000e+04
3.661400000000000000e+04
3.661500000000000000e+04
3.661800000000000000e+04
3.662600000000000000e+04
3.662700000000000000e+04
3.662900000000000000e+04
3.663400000000000000e+04
3.663900000000000000e+04
3.664100000000000000e+04
3.664200000000000000e+04
3.664600000000000000e+04
3.664800000000000000e+04
3.665000000000000000e+04
3.665100000000000000e+04
3.665200000000000000e+04
3.665800000000000000e+04
3.665900000000000000e+04
3.666500000000000000e+04
3.666900000000000000e+04
3.667000000000000000e+04
3.667100000000000000e+04
3.667800000000000000e+04
3.667900000000000000e+04
3.668400000000000000e+04
3.668500000000000000e+04
3.668600000000000000e+04
3.668700000000000000e+04
3.668900000000000000e+04
3.669100000000000000e+04
3.669300000000000000e+04
3.669600000000000000e+04
3.670300000000000000e+04
3.670400000000000000e+04
3.670900000000000000e+04
3.671300000000000000e+04
3.671400000000000000e+04
3.671500000000000000e+04
3.671600000000000000e+04
3.671800000000000000e+04
3.671900000000000000e+04
3.672100000000000000e+04
3.672300000000000000e+04
3.672500000000000000e+04
3.672700000000000000e+04
3.673000000000000000e+04
3.673100000000000000e+04
3.673400000000000000e+04
3.673600000000000000e+04
3.673700000000000000e+04
3.674000000000000000e+04
3.674200000000000000e+04
3.674600000000000000e+04
3.675100000000000000e+04
3.675500000000000000e+04
3.675800000000000000e+04
3.676000000000000000e+04
3.676400000000000000e+04
3.676600000000000000e+04
3.677000000000000000e+04
3.677400000000000000e+04
3.677600000000000000e+04
3.677700000000000000e+04
3.677800000000000000e+04
3.677900000000000000e+04
3.678100000000000000e+04
3.678500000000000000e+04
3.678600000000000000e+04
3.678700000000000000e+04
3.678800000000000000e+04
3.678900000000000000e+04
3.679100000000000000e+04
3.679200000000000000e+04
3.679300000000000000e+04
3.679500000000000000e+04
3.679800000000000000e+04
3.680300000000000000e+04
3.680600000000000000e+04
3.680700000000000000e+04
3.681300000000000000e+04
3.681800000000000000e+04
3.682000000000000000e+04
3.682100000000000000e+04
3.682800000000000000e+04
3.683300000000000000e+04
3.683400000000000000e+04
3.683600000000000000e+04
3.683800000000000000e+04
3.683900000000000000e+04
3.684400000000000000e+04
3.684500000000000000e+04
3.684600000000000000e+04
3.684700000000000000e+04
3.684800000000000000e+04
3.685000000000000000e+04
3.686000000000000000e+04
3.686500000000000000e+04
3.687300000000000000e+04
3.687400000000000000e+04
3.687600000000000000e+04
3.687900000000000000e+04
3.688200000000000000e+04
3.688700000000000000e+04
3.688800000000000000e+04
3.688900000000000000e+04
3.689000000000000000e+04
3.689200000000000000e+04
3.689700000000000000e+04
3.689800000000000000e+04
3.690300000000000000e+04
3.690500000000000000e+04
3.690600000000000000e+04
3.690800000000000000e+04
3.690900000000000000e+04
3.691100000000000000e+04
3.691600000000000000e+04
3.691700000000000000e+04
3.692000000000000000e+04
3.692400000000000000e+04
3.692500000000000000e+04
3.692600000000000000e+04
3.692800000000000000e+04
3.693200000000000000e+04
3.693500000000000000e+04
3.693900000000000000e+04
3.694200000000000000e+04
3.694300000000000000e+04
3.694400000000000000e+04
3.694800000000000000e+04
3.694900000000000000e+04
3.695000000000000000e+04
3.695600000000000000e+04
3.695900000000000000e+04
3.696000000000000000e+04
3.696500000000000000e+04
3.696600000000000000e+04
3.696700000000000000e+04
3.697000000000000000e+04
3.697500000000000000e+04
3.697700000000000000e+04
3.698300000000000000e+04
3.698900000000000000e+04
3.699500000000000000e+04
3.699800000000000000e+04
3.699900000000000000e+04
3.700100000000000000e+04
3.700300000000000000e+04
3.700700000000000000e+04
3.700900000000000000e+04
3.701300000000000000e+04
3.701900000000000000e+04
3.702100000000000000e+04
3.702300000000000000e+04
3.702700000000000000e+04
3.703000000000000000e+04
3.703600000000000000e+04
3.704000000000000000e+04
3.704100000000000000e+04
3.704400000000000000e+04
3.704500000000000000e+04
3.704600000000000000e+04
3.704800000000000000e+04
3.705600000000000000e+04
3.705800000000000000e+04
3.706300000000000000e+04
3.706400000000000000e+04
3.706500000000000000e+04
3.706700000000000000e+04
3.706900000000000000e+04
3.707300000000000000e+04
3.707700000000000000e+04
3.707800000000000000e+04
3.708100000000000000e+04
3.708400000000000000e+04
3.708700000000000000e+04
3.708800000000000000e+04
3.709100000000000000e+04
3.709200000000000000e+04
3.709300000000000000e+04
3.709400000000000000e+04
3.709900000000000000e+04
3.710300000000000000e+04
3.710500000000000000e+04
3.711100000000000000e+04
3.711300000000000000e+04
3.711400000000000000e+04
3.711600000000000000e+04
3.711900000000000000e+04
3.712800000000000000e+04
3.713000000000000000e+04
3.713300000000000000e+04
3.713500000000000000e+04
3.713700000000000000e+04
3.714800000000000000e+04
3.714900000000000000e+04
3.715700000000000000e+04
3.716200000000000000e+04
3.716300000000000000e+04
3.716600000000000000e+04
3.718400000000000000e+04
3.718800000000000000e+04
3.719100000000000000e+04
3.721500000000000000e+04
3.722500000000000000e+04
3.723100000000000000e+04
3.723300000000000000e+04
3.723700000000000000e+04
3.723800000000000000e+04
3.724200000000000000e+04
3.725700000000000000e+04
3.725900000000000000e+04
3.728000000000000000e+04
3.728900000000000000e+04
3.729300000000000000e+04
3.729900000000000000e+04
3.730200000000000000e+04
3.730600000000000000e+04
3.730900000000000000e+04
3.731400000000000000e+04
3.731600000000000000e+04
3.731800000000000000e+04
3.732100000000000000e+04
3.735700000000000000e+04
3.736100000000000000e+04
3.740600000000000000e+04
3.741000000000000000e+04
3.741200000000000000e+04
3.741300000000000000e+04
3.741400000000000000e+04
3.741900000000000000e+04
3.742000000000000000e+04
3.742100000000000000e+04
3.742200000000000000e+04
3.742800000000000000e+04
3.743600000000000000e+04
3.743800000000000000e+04
3.744500000000000000e+04
3.744700000000000000e+04
3.744800000000000000e+04
3.744900000000000000e+04
3.745000000000000000e+04
3.745200000000000000e+04
3.745300000000000000e+04
3.746400000000000000e+04
3.746600000000000000e+04
3.746900000000000000e+04
3.747000000000000000e+04
3.747700000000000000e+04
3.748500000000000000e+04
3.748600000000000000e+04
3.748700000000000000e+04
3.748800000000000000e+04
3.749100000000000000e+04
3.750100000000000000e+04
3.750200000000000000e+04
3.750400000000000000e+04
3.751000000000000000e+04
3.751100000000000000e+04
3.751300000000000000e+04
3.751800000000000000e+04
3.752000000000000000e+04
3.752200000000000000e+04
3.752400000000000000e+04
3.753200000000000000e+04
3.754000000000000000e+04
3.754300000000000000e+04
3.754900000000000000e+04
3.755000000000000000e+04
3.755900000000000000e+04
3.756100000000000000e+04
3.756400000000000000e+04
3.756500000000000000e+04
3.757100000000000000e+04
3.757200000000000000e+04
3.757300000000000000e+04
3.757500000000000000e+04
3.757600000000000000e+04
3.757900000000000000e+04
3.758200000000000000e+04
3.758600000000000000e+04
3.758800000000000000e+04
3.759200000000000000e+04
3.759400000000000000e+04
3.760000000000000000e+04
3.760500000000000000e+04
3.760600000000000000e+04
3.760800000000000000e+04
3.761300000000000000e+04
3.761800000000000000e+04
3.762000000000000000e+04
3.762300000000000000e+04
3.762400000000000000e+04
3.762500000000000000e+04
3.763000000000000000e+04
3.763100000000000000e+04
3.763200000000000000e+04
3.763300000000000000e+04
3.763400000000000000e+04
3.763500000000000000e+04
3.764200000000000000e+04
3.764700000000000000e+04
3.765400000000000000e+04
3.765500000000000000e+04
3.765700000000000000e+04
3.765800000000000000e+04
3.766200000000000000e+04
3.766300000000000000e+04
3.766500000000000000e+04
3.766700000000000000e+04
3.767300000000000000e+04
3.767800000000000000e+04
3.770100000000000000e+04
3.770400000000000000e+04
3.771400000000000000e+04
3.771600000000000000e+04
3.771800000000000000e+04
3.771900000000000000e+04
3.772500000000000000e+04
3.772600000000000000e+04
3.772800000000000000e+04
3.772900000000000000e+04
3.773000000000000000e+04
3.773100000000000000e+04
3.773300000000000000e+04
3.774100000000000000e+04
3.774500000000000000e+04
3.774800000000000000e+04
3.775500000000000000e+04
3.775800000000000000e+04
3.776000000000000000e+04
3.776100000000000000e+04
3.776200000000000000e+04
3.776500000000000000e+04
3.776800000000000000e+04
3.776900000000000000e+04
3.777000000000000000e+04
3.777300000000000000e+04
3.777700000000000000e+04
3.778100000000000000e+04
3.778300000000000000e+04
3.779000000000000000e+04
3.779100000000000000e+04
3.780100000000000000e+04
3.780200000000000000e+04
3.780600000000000000e+04
3.780800000000000000e+04
3.780900000000000000e+04
3.781400000000000000e+04
3.781500000000000000e+04
3.781600000000000000e+04
3.782300000000000000e+04
3.782400000000000000e+04
3.788000000000000000e+04
3.788200000000000000e+04
3.789300000000000000e+04
3.790800000000000000e+04
3.792000000000000000e+04
3.792900000000000000e+04
3.793000000000000000e+04
3.793200000000000000e+04
3.793300000000000000e+04
3.793400000000000000e+04
3.794900000000000000e+04
3.795400000000000000e+04
3.796300000000000000e+04
3.796700000000000000e+04
3.797600000000000000e+04
3.797700000000000000e+04
3.798000000000000000e+04
3.798200000000000000e+04
3.798300000000000000e+04
3.799600000000000000e+04
3.800300000000000000e+04
3.801700000000000000e+04
3.802500000000000000e+04
3.802700000000000000e+04
3.803400000000000000e+04
3.803600000000000000e+04
3.804000000000000000e+04
3.804200000000000000e+04
3.806900000000000000e+04
3.807000000000000000e+04
3.807100000000000000e+04
3.807300000000000000e+04
3.807500000000000000e+04
3.807800000000000000e+04
3.808100000000000000e+04
3.808200000000000000e+04
3.808400000000000000e+04
3.808500000000000000e+04
3.808900000000000000e+04
3.809700000000000000e+04
3.809800000000000000e+04
3.810100000000000000e+04
3.810200000000000000e+04
3.811300000000000000e+04
3.811800000000000000e+04
3.812200000000000000e+04
3.812500000000000000e+04
3.812800000000000000e+04
3.812900000000000000e+04
3.813100000000000000e+04
3.813900000000000000e+04
3.814200000000000000e+04
3.814700000000000000e+04
3.815100000000000000e+04
3.815200000000000000e+04
3.815700000000000000e+04
3.815900000000000000e+04
3.817100000000000000e+04
3.817400000000000000e+04
3.817900000000000000e+04
3.818000000000000000e+04
3.818300000000000000e+04
3.818800000000000000e+04
3.819900000000000000e+04
3.820100000000000000e+04
3.820900000000000000e+04
3.821100000000000000e+04
3.821200000000000000e+04
3.821900000000000000e+04
3.822000000000000000e+04
3.822400000000000000e+04
3.822500000000000000e+04
3.823400000000000000e+04
3.823900000000000000e+04
3.824700000000000000e+04
3.824900000000000000e+04
3.825600000000000000e+04
3.825800000000000000e+04
3.826000000000000000e+04
3.827000000000000000e+04
3.827400000000000000e+04
3.827500000000000000e+04
3.827600000000000000e+04
3.828000000000000000e+04
3.828100000000000000e+04
3.828200000000000000e+04
3.828400000000000000e+04
3.828700000000000000e+04
3.829200000000000000e+04
3.830000000000000000e+04
3.830100000000000000e+04
3.834700000000000000e+04
3.835700000000000000e+04
3.836100000000000000e+04
3.836400000000000000e+04
3.836700000000000000e+04
3.837000000000000000e+04
3.837300000000000000e+04
3.837400000000000000e+04
3.838300000000000000e+04
3.838400000000000000e+04
3.839200000000000000e+04
3.842200000000000000e+04
3.842400000000000000e+04
3.842600000000000000e+04
3.842700000000000000e+04
3.842800000000000000e+04
3.843000000000000000e+04
3.843300000000000000e+04
3.843400000000000000e+04
3.843500000000000000e+04
3.843600000000000000e+04
3.843800000000000000e+04
3.844200000000000000e+04
3.844600000000000000e+04
3.844900000000000000e+04
3.845400000000000000e+04
3.845500000000000000e+04
3.845600000000000000e+04
3.845700000000000000e+04
3.845800000000000000e+04
3.845900000000000000e+04
3.846100000000000000e+04
3.846200000000000000e+04
3.846600000000000000e+04
3.846700000000000000e+04
3.847000000000000000e+04
3.847100000000000000e+04
3.847200000000000000e+04
3.847300000000000000e+04
3.847600000000000000e+04
3.847700000000000000e+04
3.847800000000000000e+04
3.847900000000000000e+04
3.848000000000000000e+04
3.848100000000000000e+04
3.848400000000000000e+04
3.848600000000000000e+04
3.848900000000000000e+04
3.849000000000000000e+04
3.849100000000000000e+04
3.849200000000000000e+04
3.849400000000000000e+04
3.849700000000000000e+04
3.849800000000000000e+04
3.850300000000000000e+04
3.850400000000000000e+04
3.850500000000000000e+04
3.850900000000000000e+04
3.851100000000000000e+04
3.851800000000000000e+04
3.852400000000000000e+04
3.852700000000000000e+04
3.853200000000000000e+04
3.853500000000000000e+04
3.853600000000000000e+04
3.853800000000000000e+04
3.854000000000000000e+04
3.854100000000000000e+04
3.854200000000000000e+04
3.854500000000000000e+04
3.854600000000000000e+04
3.855000000000000000e+04
3.855800000000000000e+04
3.855900000000000000e+04
3.856000000000000000e+04
3.856400000000000000e+04
3.856600000000000000e+04
3.856700000000000000e+04
3.856900000000000000e+04
3.857000000000000000e+04
3.857100000000000000e+04
3.857200000000000000e+04
3.857300000000000000e+04
3.857700000000000000e+04
3.858400000000000000e+04
3.858500000000000000e+04
3.858600000000000000e+04
3.859100000000000000e+04
3.859200000000000000e+04
3.859300000000000000e+04
3.859500000000000000e+04
3.859700000000000000e+04
3.860200000000000000e+04
3.860300000000000000e+04
3.860500000000000000e+04
3.860700000000000000e+04
3.860800000000000000e+04
3.861100000000000000e+04
3.861200000000000000e+04
3.861600000000000000e+04
3.861900000000000000e+04
3.862000000000000000e+04
3.862200000000000000e+04
3.862300000000000000e+04
3.862400000000000000e+04
3.862500000000000000e+04
3.862700000000000000e+04
3.862800000000000000e+04
3.863100000000000000e+04
3.863300000000000000e+04
3.863500000000000000e+04
3.863800000000000000e+04
3.864100000000000000e+04
3.864800000000000000e+04
3.865200000000000000e+04
3.865700000000000000e+04
3.865800000000000000e+04
3.866000000000000000e+04
3.866200000000000000e+04
3.866700000000000000e+04
3.866900000000000000e+04
3.867200000000000000e+04
3.867600000000000000e+04
3.868300000000000000e+04
3.868500000000000000e+04
3.868900000000000000e+04
3.869000000000000000e+04
3.869100000000000000e+04
3.869400000000000000e+04
3.869500000000000000e+04
3.870100000000000000e+04
3.870400000000000000e+04
3.870700000000000000e+04
3.870900000000000000e+04
3.871000000000000000e+04
3.871100000000000000e+04
3.871200000000000000e+04
3.871300000000000000e+04
3.872100000000000000e+04
3.874600000000000000e+04
3.875200000000000000e+04
3.875400000000000000e+04
3.875600000000000000e+04
3.875700000000000000e+04
3.877300000000000000e+04
3.877500000000000000e+04
3.878300000000000000e+04
3.879300000000000000e+04
3.880700000000000000e+04
3.880800000000000000e+04
3.881200000000000000e+04
3.882900000000000000e+04
3.884200000000000000e+04
3.884300000000000000e+04
3.884600000000000000e+04
3.888400000000000000e+04
3.891600000000000000e+04
3.891900000000000000e+04
3.893300000000000000e+04
3.893400000000000000e+04
3.895300000000000000e+04
3.895500000000000000e+04
3.895600000000000000e+04
3.895700000000000000e+04
3.900500000000000000e+04
3.901700000000000000e+04
3.902300000000000000e+04
3.902500000000000000e+04
3.906300000000000000e+04
3.907700000000000000e+04
3.910000000000000000e+04
3.911400000000000000e+04
3.911800000000000000e+04
3.918200000000000000e+04
3.918300000000000000e+04
3.919000000000000000e+04
3.922800000000000000e+04
3.923700000000000000e+04
3.923900000000000000e+04
3.924500000000000000e+04
3.930200000000000000e+04
3.930400000000000000e+04
3.930600000000000000e+04
3.933700000000000000e+04
3.935500000000000000e+04
3.941700000000000000e+04
3.941800000000000000e+04
3.941900000000000000e+04
3.942000000000000000e+04
3.942100000000000000e+04
3.944600000000000000e+04
3.944700000000000000e+04
3.948100000000000000e+04
3.953600000000000000e+04
3.964700000000000000e+04
3.966000000000000000e+04
3.966200000000000000e+04
3.967300000000000000e+04
3.970100000000000000e+04
3.970800000000000000e+04
3.973600000000000000e+04
3.973700000000000000e+04
3.974200000000000000e+04
3.974600000000000000e+04
3.976000000000000000e+04
3.976500000000000000e+04
3.977400000000000000e+04
3.977800000000000000e+04
3.978000000000000000e+04
3.978100000000000000e+04
3.978200000000000000e+04
3.978400000000000000e+04
3.978600000000000000e+04
3.985400000000000000e+04
3.985500000000000000e+04
3.985700000000000000e+04
3.985800000000000000e+04
3.990400000000000000e+04
3.995400000000000000e+04
3.998000000000000000e+04
3.999000000000000000e+04
3.999100000000000000e+04
3.999400000000000000e+04
3.999700000000000000e+04
4.000600000000000000e+04
4.001700000000000000e+04
4.003200000000000000e+04
4.005000000000000000e+04
4.005200000000000000e+04
4.005500000000000000e+04
4.007900000000000000e+04
4.015700000000000000e+04
4.019600000000000000e+04
4.036200000000000000e+04
4.039000000000000000e+04
4.040000000000000000e+04
4.041400000000000000e+04
4.043500000000000000e+04
4.043800000000000000e+04
4.047200000000000000e+04
4.048000000000000000e+04
4.048200000000000000e+04
4.049700000000000000e+04
4.058000000000000000e+04
4.060400000000000000e+04
4.063900000000000000e+04
4.064000000000000000e+04
4.066000000000000000e+04
4.066200000000000000e+04
4.067800000000000000e+04
4.071000000000000000e+04
4.081700000000000000e+04
4.083400000000000000e+04
4.086500000000000000e+04
4.086600000000000000e+04
4.088800000000000000e+04
4.089900000000000000e+04
4.090000000000000000e+04
4.090100000000000000e+04
4.090700000000000000e+04
4.091500000000000000e+04
4.094500000000000000e+04
4.100700000000000000e+04
4.102000000000000000e+04
4.103100000000000000e+04
4.103200000000000000e+04
4.103300000000000000e+04
4.104900000000000000e+04
4.117700000000000000e+04
4.118600000000000000e+04
4.120400000000000000e+04
4.122300000000000000e+04
4.128200000000000000e+04
4.128300000000000000e+04
4.131600000000000000e+04
4.133100000000000000e+04
4.135500000000000000e+04
4.140700000000000000e+04
4.143500000000000000e+04
4.145200000000000000e+04
4.145600000000000000e+04
4.147800000000000000e+04
4.149600000000000000e+04
4.149900000000000000e+04
4.154800000000000000e+04
