9.000000000000000000e+00
5.600000000000000000e+01
9.300000000000000000e+01
2.790000000000000000e+02
2.810000000000000000e+02
2.910000000000000000e+02
2.930000000000000000e+02
3.050000000000000000e+02
3.150000000000000000e+02
3.670000000000000000e+02
3.730000000000000000e+02
3.860000000000000000e+02
3.920000000000000000e+02
4.060000000000000000e+02
4.390000000000000000e+02
5.250000000000000000e+02
5.530000000000000000e+02
5.820000000000000000e+02
6.290000000000000000e+02
6.400000000000000000e+02
7.210000000000000000e+02
7.400000000000000000e+02
7.640000000000000000e+02
7.870000000000000000e+02
8.080000000000000000e+02
8.190000000000000000e+02
8.250000000000000000e+02
8.450000000000000000e+02
9.070000000000000000e+02
9.420000000000000000e+02
9.450000000000000000e+02
9.730000000000000000e+02
9.790000000000000000e+02
9.930000000000000000e+02
9.940000000000000000e+02
9.990000000000000000e+02
1.036000000000000000e+03
1.203000000000000000e+03
1.245000000000000000e+03
1.247000000000000000e+03
1.277000000000000000e+03
1.370000000000000000e+03
1.375000000000000000e+03
1.389000000000000000e+03
1.391000000000000000e+03
1.427000000000000000e+03
1.434000000000000000e+03
1.438000000000000000e+03
1.439000000000000000e+03
1.466000000000000000e+03
1.500000000000000000e+03
1.528000000000000000e+03
1.530000000000000000e+03
1.537000000000000000e+03
1.593000000000000000e+03
1.595000000000000000e+03
1.619000000000000000e+03
1.622000000000000000e+03
1.663000000000000000e+03
1.671000000000000000e+03
1.673000000000000000e+03
1.674000000000000000e+03
1.688000000000000000e+03
1.694000000000000000e+03
1.774000000000000000e+03
1.791000000000000000e+03
1.950000000000000000e+03
2.082000000000000000e+03
2.096000000000000000e+03
2.100000000000000000e+03
2.107000000000000000e+03
2.145000000000000000e+03
2.407000000000000000e+03
2.456000000000000000e+03
2.611000000000000000e+03
2.800000000000000000e+03
2.828000000000000000e+03
2.884000000000000000e+03
2.961000000000000000e+03
2.999000000000000000e+03
3.081000000000000000e+03
3.168000000000000000e+03
3.213000000000000000e+03
3.219000000000000000e+03
3.222000000000000000e+03
3.229000000000000000e+03
3.230000000000000000e+03
3.259000000000000000e+03
3.271000000000000000e+03
3.278000000000000000e+03
3.320000000000000000e+03
3.324000000000000000e+03
3.339000000000000000e+03
3.363000000000000000e+03
3.387000000000000000e+03
3.390000000000000000e+03
3.392000000000000000e+03
3.417000000000000000e+03
3.477000000000000000e+03
3.523000000000000000e+03
3.793000000000000000e+03
3.809000000000000000e+03
3.810000000000000000e+03
3.813000000000000000e+03
4.157000000000000000e+03
4.304000000000000000e+03
4.347000000000000000e+03
4.351000000000000000e+03
4.358000000000000000e+03
4.413000000000000000e+03
4.437000000000000000e+03
4.448000000000000000e+03
4.469000000000000000e+03
4.477000000000000000e+03
4.483000000000000000e+03
4.485000000000000000e+03
4.518000000000000000e+03
4.565000000000000000e+03
4.569000000000000000e+03
4.587000000000000000e+03
4.669000000000000000e+03
4.721000000000000000e+03
4.746000000000000000e+03
4.908000000000000000e+03
4.917000000000000000e+03
4.939000000000000000e+03
4.967000000000000000e+03
4.997000000000000000e+03
5.001000000000000000e+03
5.027000000000000000e+03
5.149000000000000000e+03
5.250000000000000000e+03
5.280000000000000000e+03
5.353000000000000000e+03
5.370000000000000000e+03
5.372000000000000000e+03
5.385000000000000000e+03
5.388000000000000000e+03
5.396000000000000000e+03
5.452000000000000000e+03
5.506000000000000000e+03
5.514000000000000000e+03
5.531000000000000000e+03
5.702000000000000000e+03
5.731000000000000000e+03
5.735000000000000000e+03
5.742000000000000000e+03
5.890000000000000000e+03
5.973000000000000000e+03
5.979000000000000000e+03
5.995000000000000000e+03
6.010000000000000000e+03
6.032000000000000000e+03
6.062000000000000000e+03
6.063000000000000000e+03
6.149000000000000000e+03
6.153000000000000000e+03
6.174000000000000000e+03
6.227000000000000000e+03
6.273000000000000000e+03
6.279000000000000000e+03
6.291000000000000000e+03
6.303000000000000000e+03
6.338000000000000000e+03
6.390000000000000000e+03
6.406000000000000000e+03
6.447000000000000000e+03
6.493000000000000000e+03
6.528000000000000000e+03
6.568000000000000000e+03
6.590000000000000000e+03
6.599000000000000000e+03
6.600000000000000000e+03
6.605000000000000000e+03
6.627000000000000000e+03
6.629000000000000000e+03
6.646000000000000000e+03
6.655000000000000000e+03
6.656000000000000000e+03
6.667000000000000000e+03
6.680000000000000000e+03
6.690000000000000000e+03
6.702000000000000000e+03
6.721000000000000000e+03
6.757000000000000000e+03
6.763000000000000000e+03
6.799000000000000000e+03
6.818000000000000000e+03
6.819000000000000000e+03
6.820000000000000000e+03
6.822000000000000000e+03
6.823000000000000000e+03
6.828000000000000000e+03
6.864000000000000000e+03
6.866000000000000000e+03
6.889000000000000000e+03
6.899000000000000000e+03
6.903000000000000000e+03
6.929000000000000000e+03
7.022000000000000000e+03
7.045000000000000000e+03
7.049000000000000000e+03
7.141000000000000000e+03
7.191000000000000000e+03
7.228000000000000000e+03
7.250000000000000000e+03
7.357000000000000000e+03
7.391000000000000000e+03
7.449000000000000000e+03
7.450000000000000000e+03
7.471000000000000000e+03
7.478000000000000000e+03
7.479000000000000000e+03
7.509000000000000000e+03
7.525000000000000000e+03
7.549000000000000000e+03
7.555000000000000000e+03
7.591000000000000000e+03
7.603000000000000000e+03
7.607000000000000000e+03
7.643000000000000000e+03
7.646000000000000000e+03
7.647000000000000000e+03
7.658000000000000000e+03
7.663000000000000000e+03
7.687000000000000000e+03
7.690000000000000000e+03
7.691000000000000000e+03
7.692000000000000000e+03
7.713000000000000000e+03
7.724000000000000000e+03
7.728000000000000000e+03
7.733000000000000000e+03
7.778000000000000000e+03
7.800000000000000000e+03
7.821000000000000000e+03
7.858000000000000000e+03
7.860000000000000000e+03
7.984000000000000000e+03
7.996000000000000000e+03
7.997000000000000000e+03
8.004000000000000000e+03
8.012000000000000000e+03
8.058000000000000000e+03
8.086000000000000000e+03
8.146000000000000000e+03
8.191000000000000000e+03
8.249000000000000000e+03
8.266000000000000000e+03
8.297000000000000000e+03
8.596000000000000000e+03
8.601000000000000000e+03
8.684000000000000000e+03
8.687000000000000000e+03
8.722000000000000000e+03
8.730000000000000000e+03
8.802000000000000000e+03
8.956000000000000000e+03
8.977000000000000000e+03
8.983000000000000000e+03
9.010000000000000000e+03
9.033000000000000000e+03
9.310000000000000000e+03
9.312000000000000000e+03
9.339000000000000000e+03
9.353000000000000000e+03
9.416000000000000000e+03
9.490000000000000000e+03
9.740000000000000000e+03
9.761000000000000000e+03
9.921000000000000000e+03
9.962000000000000000e+03
9.976000000000000000e+03
1.004100000000000000e+04
1.004400000000000000e+04
1.004500000000000000e+04
1.006000000000000000e+04
1.015000000000000000e+04
1.021200000000000000e+04
1.022600000000000000e+04
1.025400000000000000e+04
1.025600000000000000e+04
1.025800000000000000e+04
1.029700000000000000e+04
1.041700000000000000e+04
1.048300000000000000e+04
1.058100000000000000e+04
1.061200000000000000e+04
1.062200000000000000e+04
1.066700000000000000e+04
1.070900000000000000e+04
1.071000000000000000e+04
1.071300000000000000e+04
1.071700000000000000e+04
1.072700000000000000e+04
1.073100000000000000e+04
1.073200000000000000e+04
1.081700000000000000e+04
1.087300000000000000e+04
1.093300000000000000e+04
1.102800000000000000e+04
1.103000000000000000e+04
1.103100000000000000e+04
1.103200000000000000e+04
1.103700000000000000e+04
1.114200000000000000e+04
1.114300000000000000e+04
1.118100000000000000e+04
1.118400000000000000e+04
1.121800000000000000e+04
1.122100000000000000e+04
1.123000000000000000e+04
1.123300000000000000e+04
1.123600000000000000e+04
1.124200000000000000e+04
1.124600000000000000e+04
1.125700000000000000e+04
1.125800000000000000e+04
1.126500000000000000e+04
1.129400000000000000e+04
1.131300000000000000e+04
1.133100000000000000e+04
1.134900000000000000e+04
1.138100000000000000e+04
1.138200000000000000e+04
1.138900000000000000e+04
1.140300000000000000e+04
1.141000000000000000e+04
1.141900000000000000e+04
1.142300000000000000e+04
1.142400000000000000e+04
1.142900000000000000e+04
1.143100000000000000e+04
1.143900000000000000e+04
1.144100000000000000e+04
1.144400000000000000e+04
1.145300000000000000e+04
1.145500000000000000e+04
1.147600000000000000e+04
1.148000000000000000e+04
1.152500000000000000e+04
1.156600000000000000e+04
1.158000000000000000e+04
1.163700000000000000e+04
1.170100000000000000e+04
1.170200000000000000e+04
1.170300000000000000e+04
1.172600000000000000e+04
1.174000000000000000e+04
1.176100000000000000e+04
1.176500000000000000e+04
1.176600000000000000e+04
1.176900000000000000e+04
1.177500000000000000e+04
1.178500000000000000e+04
1.178600000000000000e+04
1.178700000000000000e+04
1.178800000000000000e+04
1.179200000000000000e+04
1.179300000000000000e+04
1.180500000000000000e+04
1.180800000000000000e+04
1.181300000000000000e+04
1.181600000000000000e+04
1.181800000000000000e+04
1.182700000000000000e+04
1.182800000000000000e+04
1.183100000000000000e+04
1.183900000000000000e+04
1.184200000000000000e+04
1.184400000000000000e+04
1.184500000000000000e+04
1.184800000000000000e+04
1.184900000000000000e+04
1.185000000000000000e+04
1.185500000000000000e+04
1.185600000000000000e+04
1.186200000000000000e+04
1.188300000000000000e+04
1.188500000000000000e+04
1.188800000000000000e+04
1.189300000000000000e+04
1.189600000000000000e+04
1.194100000000000000e+04
1.194600000000000000e+04
1.199300000000000000e+04
1.200300000000000000e+04
1.200500000000000000e+04
1.202200000000000000e+04
1.202300000000000000e+04
1.202400000000000000e+04
1.202900000000000000e+04
1.204900000000000000e+04
1.206600000000000000e+04
1.208000000000000000e+04
1.208100000000000000e+04
1.208600000000000000e+04
1.208700000000000000e+04
1.209400000000000000e+04
1.209500000000000000e+04
1.209700000000000000e+04
1.209900000000000000e+04
1.211600000000000000e+04
1.214800000000000000e+04
1.217000000000000000e+04
1.221100000000000000e+04
1.221900000000000000e+04
1.222100000000000000e+04
1.226300000000000000e+04
1.226600000000000000e+04
1.226900000000000000e+04
1.227600000000000000e+04
1.227800000000000000e+04
1.227900000000000000e+04
1.228100000000000000e+04
1.228400000000000000e+04
1.229200000000000000e+04
1.229700000000000000e+04
1.229800000000000000e+04
1.229900000000000000e+04
1.230900000000000000e+04
1.231600000000000000e+04
1.231700000000000000e+04
1.232500000000000000e+04
1.232600000000000000e+04
1.232900000000000000e+04
1.233200000000000000e+04
1.233600000000000000e+04
1.233800000000000000e+04
1.233900000000000000e+04
1.234600000000000000e+04
1.235000000000000000e+04
1.235100000000000000e+04
1.236900000000000000e+04
1.238300000000000000e+04
1.238400000000000000e+04
1.238900000000000000e+04
1.239700000000000000e+04
1.240600000000000000e+04
1.242300000000000000e+04
1.242800000000000000e+04
1.244000000000000000e+04
1.244700000000000000e+04
1.248000000000000000e+04
1.250000000000000000e+04
1.250500000000000000e+04
1.251100000000000000e+04
1.256900000000000000e+04
1.257800000000000000e+04
1.259400000000000000e+04
1.259900000000000000e+04
1.260300000000000000e+04
1.260800000000000000e+04
1.260900000000000000e+04
1.262700000000000000e+04
1.263400000000000000e+04
1.263600000000000000e+04
1.264000000000000000e+04
1.265200000000000000e+04
1.265300000000000000e+04
1.265700000000000000e+04
1.265800000000000000e+04
1.266100000000000000e+04
1.266400000000000000e+04
1.266700000000000000e+04
1.269100000000000000e+04
1.269300000000000000e+04
1.269400000000000000e+04
1.270100000000000000e+04
1.270200000000000000e+04
1.270400000000000000e+04
1.270700000000000000e+04
1.271100000000000000e+04
1.271800000000000000e+04
1.273000000000000000e+04
1.273700000000000000e+04
1.273800000000000000e+04
1.274400000000000000e+04
1.274600000000000000e+04
1.275500000000000000e+04
1.276600000000000000e+04
1.277500000000000000e+04
1.279200000000000000e+04
1.280300000000000000e+04
1.281200000000000000e+04
1.281300000000000000e+04
1.281500000000000000e+04
1.282700000000000000e+04
1.283800000000000000e+04
1.284000000000000000e+04
1.284200000000000000e+04
1.285700000000000000e+04
1.287000000000000000e+04
1.291400000000000000e+04
1.291600000000000000e+04
1.292000000000000000e+04
1.293300000000000000e+04
1.294100000000000000e+04
1.294700000000000000e+04
1.295800000000000000e+04
1.295900000000000000e+04
1.296400000000000000e+04
1.297000000000000000e+04
1.297600000000000000e+04
1.298200000000000000e+04
1.299300000000000000e+04
1.299400000000000000e+04
1.299500000000000000e+04
1.300500000000000000e+04
1.300600000000000000e+04
1.300700000000000000e+04
1.300800000000000000e+04
1.301200000000000000e+04
1.301300000000000000e+04
1.302900000000000000e+04
1.303100000000000000e+04
1.303300000000000000e+04
1.303600000000000000e+04
1.303700000000000000e+04
1.304000000000000000e+04
1.304100000000000000e+04
1.304200000000000000e+04
1.305000000000000000e+04
1.306000000000000000e+04
1.306300000000000000e+04
1.306700000000000000e+04
1.307100000000000000e+04
1.307300000000000000e+04
1.307400000000000000e+04
1.307500000000000000e+04
1.308300000000000000e+04
1.309500000000000000e+04
1.310600000000000000e+04
1.310900000000000000e+04
1.311000000000000000e+04
1.312600000000000000e+04
1.314700000000000000e+04
1.315300000000000000e+04
1.315600000000000000e+04
1.317300000000000000e+04
1.317400000000000000e+04
1.319200000000000000e+04
1.319600000000000000e+04
1.320500000000000000e+04
1.320600000000000000e+04
1.321000000000000000e+04
1.321100000000000000e+04
1.321300000000000000e+04
1.321400000000000000e+04
1.322500000000000000e+04
1.324100000000000000e+04
1.327500000000000000e+04
1.327600000000000000e+04
1.327900000000000000e+04
1.329700000000000000e+04
1.338500000000000000e+04
1.339000000000000000e+04
1.339500000000000000e+04
1.339700000000000000e+04
1.339800000000000000e+04
1.340200000000000000e+04
1.340300000000000000e+04
1.340600000000000000e+04
1.340900000000000000e+04
1.342500000000000000e+04
1.342600000000000000e+04
1.344600000000000000e+04
1.346300000000000000e+04
1.346400000000000000e+04
1.349900000000000000e+04
1.351900000000000000e+04
1.352100000000000000e+04
1.353300000000000000e+04
1.353600000000000000e+04
1.354200000000000000e+04
1.354700000000000000e+04
1.356100000000000000e+04
1.356500000000000000e+04
1.358000000000000000e+04
1.358500000000000000e+04
1.361600000000000000e+04
1.362300000000000000e+04
1.363100000000000000e+04
1.363400000000000000e+04
1.372300000000000000e+04
1.381300000000000000e+04
1.391300000000000000e+04
1.399000000000000000e+04
1.399100000000000000e+04
1.402200000000000000e+04
1.405000000000000000e+04
1.407300000000000000e+04
1.409200000000000000e+04
1.411400000000000000e+04
1.416100000000000000e+04
1.424300000000000000e+04
1.426600000000000000e+04
1.430200000000000000e+04
1.430500000000000000e+04
1.430700000000000000e+04
1.431500000000000000e+04
1.432300000000000000e+04
1.433700000000000000e+04
1.435300000000000000e+04
1.435700000000000000e+04
1.437200000000000000e+04
1.444400000000000000e+04
1.446400000000000000e+04
1.449800000000000000e+04
1.454500000000000000e+04
1.460200000000000000e+04
1.463400000000000000e+04
1.463500000000000000e+04
1.464400000000000000e+04
1.465000000000000000e+04
1.465200000000000000e+04
1.467000000000000000e+04
1.468200000000000000e+04
1.468400000000000000e+04
1.472200000000000000e+04
1.473200000000000000e+04
1.475000000000000000e+04
1.477000000000000000e+04
1.477100000000000000e+04
1.477700000000000000e+04
1.478000000000000000e+04
1.478900000000000000e+04
1.480300000000000000e+04
1.483200000000000000e+04
1.487300000000000000e+04
1.488500000000000000e+04
1.503400000000000000e+04
1.509700000000000000e+04
1.519600000000000000e+04
1.528400000000000000e+04
1.529400000000000000e+04
1.529600000000000000e+04
1.531400000000000000e+04
1.532900000000000000e+04
1.533300000000000000e+04
1.533400000000000000e+04
1.533600000000000000e+04
1.533800000000000000e+04
1.539100000000000000e+04
1.542600000000000000e+04
1.570300000000000000e+04
1.571200000000000000e+04
1.593700000000000000e+04
1.598200000000000000e+04
1.599800000000000000e+04
1.601300000000000000e+04
1.601500000000000000e+04
1.604200000000000000e+04
1.605400000000000000e+04
1.608500000000000000e+04
1.608800000000000000e+04
1.609500000000000000e+04
1.609800000000000000e+04
1.619000000000000000e+04
1.673000000000000000e+04
1.676100000000000000e+04
1.676200000000000000e+04
1.677200000000000000e+04
1.678100000000000000e+04
1.679100000000000000e+04
1.679500000000000000e+04
1.685000000000000000e+04
1.705900000000000000e+04
1.719700000000000000e+04
1.719900000000000000e+04
1.781500000000000000e+04
1.797900000000000000e+04
1.803400000000000000e+04
1.811900000000000000e+04
1.844600000000000000e+04
1.846100000000000000e+04
1.846500000000000000e+04
1.847600000000000000e+04
1.847800000000000000e+04
1.848900000000000000e+04
1.866800000000000000e+04
1.871200000000000000e+04
1.871400000000000000e+04
1.873400000000000000e+04
1.874400000000000000e+04
1.883400000000000000e+04
1.884100000000000000e+04
1.884400000000000000e+04
1.884900000000000000e+04
1.887600000000000000e+04
1.892200000000000000e+04
1.896300000000000000e+04
1.902400000000000000e+04
1.904500000000000000e+04
1.904800000000000000e+04
1.908400000000000000e+04
1.916700000000000000e+04
1.918000000000000000e+04
1.919500000000000000e+04
1.919800000000000000e+04
1.924000000000000000e+04
1.924200000000000000e+04
1.925300000000000000e+04
1.946600000000000000e+04
1.946700000000000000e+04
1.946800000000000000e+04
1.947000000000000000e+04
1.947200000000000000e+04
1.947300000000000000e+04
1.947900000000000000e+04
1.948800000000000000e+04
1.949000000000000000e+04
1.950200000000000000e+04
1.951700000000000000e+04
1.952000000000000000e+04
1.952400000000000000e+04
1.953100000000000000e+04
1.953300000000000000e+04
1.953700000000000000e+04
1.954900000000000000e+04
1.967100000000000000e+04
1.967400000000000000e+04
1.967600000000000000e+04
1.970600000000000000e+04
1.979500000000000000e+04
1.980600000000000000e+04
1.982100000000000000e+04
1.982300000000000000e+04
1.982500000000000000e+04
1.985700000000000000e+04
1.986000000000000000e+04
1.987500000000000000e+04
1.988100000000000000e+04
1.988800000000000000e+04
1.993200000000000000e+04
1.993600000000000000e+04
1.994700000000000000e+04
1.995600000000000000e+04
1.996800000000000000e+04
1.998200000000000000e+04
1.998300000000000000e+04
2.006800000000000000e+04
2.007800000000000000e+04
2.014900000000000000e+04
2.017500000000000000e+04
2.017600000000000000e+04
2.018400000000000000e+04
2.019300000000000000e+04
2.023400000000000000e+04
2.036200000000000000e+04
2.036700000000000000e+04
2.044700000000000000e+04
2.048000000000000000e+04
2.048500000000000000e+04
2.049100000000000000e+04
2.054500000000000000e+04
2.054800000000000000e+04
2.077900000000000000e+04
2.078000000000000000e+04
2.078300000000000000e+04
2.078400000000000000e+04
2.078500000000000000e+04
2.079400000000000000e+04
2.079600000000000000e+04
2.079700000000000000e+04
2.080300000000000000e+04
2.080500000000000000e+04
2.080800000000000000e+04
2.081200000000000000e+04
2.081900000000000000e+04
2.100000000000000000e+04
2.116800000000000000e+04
2.122600000000000000e+04
2.124400000000000000e+04
2.148200000000000000e+04
2.152900000000000000e+04
2.153200000000000000e+04
2.156700000000000000e+04
2.160000000000000000e+04
2.160200000000000000e+04
2.160400000000000000e+04
2.160500000000000000e+04
2.161000000000000000e+04
2.161100000000000000e+04
2.161400000000000000e+04
2.161600000000000000e+04
2.161700000000000000e+04
2.161900000000000000e+04
2.162000000000000000e+04
2.212700000000000000e+04
2.214800000000000000e+04
2.225300000000000000e+04
2.243300000000000000e+04
2.243600000000000000e+04
2.248900000000000000e+04
2.254500000000000000e+04
2.255200000000000000e+04
2.260100000000000000e+04
2.260700000000000000e+04
2.267600000000000000e+04
2.278500000000000000e+04
2.279200000000000000e+04
2.284900000000000000e+04
2.286800000000000000e+04
2.293400000000000000e+04
2.323000000000000000e+04
2.327200000000000000e+04
2.330800000000000000e+04
2.338100000000000000e+04
2.338400000000000000e+04
2.339000000000000000e+04
2.339100000000000000e+04
2.340600000000000000e+04
2.352600000000000000e+04
2.356800000000000000e+04
2.366700000000000000e+04
2.367000000000000000e+04
2.369000000000000000e+04
2.385300000000000000e+04
2.405600000000000000e+04
2.405800000000000000e+04
2.407100000000000000e+04
2.415900000000000000e+04
2.416100000000000000e+04
2.416300000000000000e+04
2.416500000000000000e+04
2.418500000000000000e+04
2.418700000000000000e+04
2.424200000000000000e+04
2.425300000000000000e+04
2.425700000000000000e+04
2.436200000000000000e+04
2.449600000000000000e+04
2.451900000000000000e+04
2.453500000000000000e+04
2.459000000000000000e+04
2.460800000000000000e+04
2.462400000000000000e+04
2.464400000000000000e+04
2.467200000000000000e+04
2.479100000000000000e+04
2.482300000000000000e+04
2.484400000000000000e+04
2.491300000000000000e+04
2.491400000000000000e+04
2.497200000000000000e+04
2.497400000000000000e+04
2.497500000000000000e+04
2.497700000000000000e+04
2.506500000000000000e+04
2.511600000000000000e+04
2.515800000000000000e+04
2.517900000000000000e+04
2.518300000000000000e+04
2.518900000000000000e+04
2.521100000000000000e+04
2.521300000000000000e+04
2.522700000000000000e+04
2.524200000000000000e+04
2.524400000000000000e+04
2.532000000000000000e+04
2.532100000000000000e+04
2.533800000000000000e+04
2.536600000000000000e+04
2.539000000000000000e+04
2.539100000000000000e+04
2.539200000000000000e+04
2.539400000000000000e+04
2.544800000000000000e+04
2.546200000000000000e+04
2.550800000000000000e+04
2.552600000000000000e+04
2.552700000000000000e+04
2.552800000000000000e+04
2.554500000000000000e+04
2.554700000000000000e+04
2.554900000000000000e+04
2.555700000000000000e+04
2.556300000000000000e+04
2.559800000000000000e+04
2.559900000000000000e+04
2.560900000000000000e+04
2.561300000000000000e+04
2.565600000000000000e+04
2.565700000000000000e+04
2.569200000000000000e+04
2.569300000000000000e+04
2.570200000000000000e+04
2.576800000000000000e+04
2.594900000000000000e+04
2.598900000000000000e+04
2.599100000000000000e+04
2.599200000000000000e+04
2.599400000000000000e+04
2.604900000000000000e+04
2.606200000000000000e+04
2.607800000000000000e+04
2.608000000000000000e+04
2.611400000000000000e+04
2.617200000000000000e+04
2.621000000000000000e+04
2.623000000000000000e+04
2.629400000000000000e+04
2.648100000000000000e+04
2.651300000000000000e+04
2.651400000000000000e+04
2.653600000000000000e+04
2.658600000000000000e+04
2.660900000000000000e+04
2.662100000000000000e+04
2.665200000000000000e+04
2.666000000000000000e+04
2.678700000000000000e+04
2.680100000000000000e+04
2.685700000000000000e+04
2.697600000000000000e+04
2.703900000000000000e+04
2.705500000000000000e+04
2.705800000000000000e+04
2.708000000000000000e+04
2.710000000000000000e+04
2.710100000000000000e+04
2.710200000000000000e+04
2.715700000000000000e+04
2.717100000000000000e+04
2.717700000000000000e+04
2.717800000000000000e+04
2.723300000000000000e+04
2.724200000000000000e+04
2.726000000000000000e+04
2.726700000000000000e+04
2.732800000000000000e+04
2.733000000000000000e+04
2.734000000000000000e+04
2.734100000000000000e+04
2.734300000000000000e+04
2.735200000000000000e+04
2.735300000000000000e+04
2.735700000000000000e+04
2.736500000000000000e+04
2.740200000000000000e+04
2.741500000000000000e+04
2.743900000000000000e+04
2.748200000000000000e+04
2.754200000000000000e+04
2.756900000000000000e+04
2.759000000000000000e+04
2.759800000000000000e+04
2.760400000000000000e+04
2.761400000000000000e+04
2.762700000000000000e+04
2.763300000000000000e+04
2.765200000000000000e+04
2.769900000000000000e+04
2.771900000000000000e+04
2.773600000000000000e+04
2.776700000000000000e+04
2.778300000000000000e+04
2.782100000000000000e+04
2.786500000000000000e+04
2.792900000000000000e+04
2.801200000000000000e+04
2.801500000000000000e+04
2.802000000000000000e+04
2.802800000000000000e+04
2.805400000000000000e+04
2.808100000000000000e+04
2.808200000000000000e+04
2.808700000000000000e+04
2.823700000000000000e+04
2.824400000000000000e+04
2.826900000000000000e+04
2.827200000000000000e+04
2.827700000000000000e+04
2.827900000000000000e+04
2.828200000000000000e+04
2.828400000000000000e+04
2.828700000000000000e+04
2.830400000000000000e+04
2.830800000000000000e+04
2.831000000000000000e+04
2.831100000000000000e+04
2.831200000000000000e+04
2.831900000000000000e+04
2.832400000000000000e+04
2.833300000000000000e+04
2.833700000000000000e+04
2.834000000000000000e+04
2.835100000000000000e+04
2.835700000000000000e+04
2.836400000000000000e+04
2.838500000000000000e+04
2.839100000000000000e+04
2.840100000000000000e+04
2.840300000000000000e+04
2.840400000000000000e+04
2.841000000000000000e+04
2.841300000000000000e+04
2.842000000000000000e+04
2.842400000000000000e+04
2.843000000000000000e+04
2.843800000000000000e+04
2.844000000000000000e+04
2.844300000000000000e+04
2.845400000000000000e+04
2.845900000000000000e+04
2.848400000000000000e+04
2.849100000000000000e+04
2.850000000000000000e+04
2.850400000000000000e+04
2.850700000000000000e+04
2.851400000000000000e+04
2.851500000000000000e+04
2.853400000000000000e+04
2.854500000000000000e+04
2.854900000000000000e+04
2.855600000000000000e+04
2.856200000000000000e+04
2.857000000000000000e+04
2.857500000000000000e+04
2.859700000000000000e+04
2.859800000000000000e+04
2.860900000000000000e+04
2.861400000000000000e+04
2.861600000000000000e+04
2.862500000000000000e+04
2.865100000000000000e+04
2.867900000000000000e+04
2.868300000000000000e+04
2.868700000000000000e+04
2.884800000000000000e+04
2.887800000000000000e+04
2.934000000000000000e+04
2.938300000000000000e+04
2.939700000000000000e+04
2.940100000000000000e+04
2.941200000000000000e+04
2.943100000000000000e+04
2.948600000000000000e+04
2.951400000000000000e+04
2.953300000000000000e+04
2.954600000000000000e+04
2.963900000000000000e+04
2.967500000000000000e+04
2.968400000000000000e+04
2.975200000000000000e+04
2.976500000000000000e+04
2.977500000000000000e+04
2.977600000000000000e+04
2.978800000000000000e+04
2.990000000000000000e+04
2.995800000000000000e+04
2.999400000000000000e+04
3.003300000000000000e+04
3.005900000000000000e+04
3.006900000000000000e+04
3.007600000000000000e+04
3.009400000000000000e+04
3.009900000000000000e+04
3.010300000000000000e+04
3.013400000000000000e+04
3.031900000000000000e+04
3.035600000000000000e+04
3.038800000000000000e+04
3.053000000000000000e+04
3.063000000000000000e+04
3.066600000000000000e+04
3.072200000000000000e+04
3.073600000000000000e+04
3.077300000000000000e+04
3.080200000000000000e+04
3.082000000000000000e+04
3.096200000000000000e+04
3.109000000000000000e+04
3.114100000000000000e+04
3.121300000000000000e+04
3.121600000000000000e+04
3.123000000000000000e+04
3.124900000000000000e+04
3.125100000000000000e+04
3.132400000000000000e+04
3.133600000000000000e+04
3.138600000000000000e+04
3.138900000000000000e+04
3.139200000000000000e+04
3.140200000000000000e+04
3.143600000000000000e+04
3.147500000000000000e+04
3.150400000000000000e+04
3.153300000000000000e+04
3.154000000000000000e+04
3.155300000000000000e+04
3.155400000000000000e+04
3.155500000000000000e+04
3.155600000000000000e+04
3.155700000000000000e+04
3.155800000000000000e+04
3.155900000000000000e+04
3.156100000000000000e+04
3.173000000000000000e+04
3.174000000000000000e+04
3.174100000000000000e+04
3.201800000000000000e+04
3.205200000000000000e+04
3.206200000000000000e+04
3.207300000000000000e+04
3.210800000000000000e+04
3.211100000000000000e+04
3.211400000000000000e+04
3.211500000000000000e+04
3.211600000000000000e+04
3.211700000000000000e+04
3.212900000000000000e+04
3.213700000000000000e+04
3.216600000000000000e+04
3.217100000000000000e+04
3.218900000000000000e+04
3.219100000000000000e+04
3.219500000000000000e+04
3.219600000000000000e+04
3.219700000000000000e+04
3.219800000000000000e+04
3.220000000000000000e+04
3.220800000000000000e+04
3.222800000000000000e+04
3.226300000000000000e+04
3.227800000000000000e+04
3.229800000000000000e+04
3.230500000000000000e+04
3.231200000000000000e+04
3.234300000000000000e+04
3.238800000000000000e+04
3.240400000000000000e+04
3.240700000000000000e+04
3.241600000000000000e+04
3.242200000000000000e+04
3.244200000000000000e+04
3.254400000000000000e+04
3.254600000000000000e+04
3.255100000000000000e+04
3.255300000000000000e+04
3.257000000000000000e+04
3.257400000000000000e+04
3.257800000000000000e+04
3.257900000000000000e+04
3.258000000000000000e+04
3.258200000000000000e+04
3.258500000000000000e+04
3.258800000000000000e+04
3.270100000000000000e+04
3.278700000000000000e+04
3.282700000000000000e+04
3.282800000000000000e+04
3.283600000000000000e+04
3.314200000000000000e+04
3.316900000000000000e+04
3.321100000000000000e+04
3.330500000000000000e+04
3.330600000000000000e+04
3.330700000000000000e+04
3.332300000000000000e+04
3.335700000000000000e+04
3.336600000000000000e+04
3.338900000000000000e+04
3.339200000000000000e+04
3.339300000000000000e+04
3.339700000000000000e+04
3.340200000000000000e+04
3.342700000000000000e+04
3.344100000000000000e+04
3.345500000000000000e+04
3.345900000000000000e+04
3.346100000000000000e+04
3.348000000000000000e+04
3.349300000000000000e+04
3.351700000000000000e+04
3.355000000000000000e+04
3.355200000000000000e+04
3.356300000000000000e+04
3.357800000000000000e+04
3.358600000000000000e+04
3.360900000000000000e+04
3.361500000000000000e+04
3.361900000000000000e+04
3.367400000000000000e+04
3.367700000000000000e+04
3.367800000000000000e+04
3.368300000000000000e+04
3.368800000000000000e+04
3.379100000000000000e+04
3.379900000000000000e+04
3.380000000000000000e+04
3.383400000000000000e+04
3.388900000000000000e+04
3.389100000000000000e+04
3.392200000000000000e+04
3.397500000000000000e+04
3.397700000000000000e+04
3.404600000000000000e+04
3.410500000000000000e+04
3.410600000000000000e+04
3.415900000000000000e+04
3.418400000000000000e+04
3.423900000000000000e+04
3.424100000000000000e+04
3.425000000000000000e+04
3.425400000000000000e+04
3.427700000000000000e+04
3.428000000000000000e+04
3.429800000000000000e+04
3.431600000000000000e+04
3.431800000000000000e+04
3.432100000000000000e+04
3.432800000000000000e+04
3.434300000000000000e+04
3.436100000000000000e+04
3.436800000000000000e+04
3.437700000000000000e+04
3.438700000000000000e+04
3.439200000000000000e+04
3.439800000000000000e+04
3.441200000000000000e+04
3.441300000000000000e+04
3.441800000000000000e+04
3.443200000000000000e+04
3.443900000000000000e+04
3.444000000000000000e+04
3.448100000000000000e+04
3.450700000000000000e+04
3.454600000000000000e+04
3.454700000000000000e+04
3.455100000000000000e+04
3.455200000000000000e+04
3.462300000000000000e+04
3.471900000000000000e+04
3.473800000000000000e+04
3.488100000000000000e+04
3.489300000000000000e+04
3.491800000000000000e+04
3.506600000000000000e+04
3.506700000000000000e+04
3.507200000000000000e+04
3.508500000000000000e+04
3.513000000000000000e+04
3.516600000000000000e+04
3.528200000000000000e+04
3.528800000000000000e+04
3.530900000000000000e+04
3.534000000000000000e+04
3.536600000000000000e+04
3.538200000000000000e+04
3.541400000000000000e+04
3.542100000000000000e+04
3.542200000000000000e+04
3.542400000000000000e+04
3.544000000000000000e+04
3.544500000000000000e+04
3.544800000000000000e+04
3.546400000000000000e+04
3.546900000000000000e+04
3.547300000000000000e+04
3.547700000000000000e+04
3.549300000000000000e+04
3.549400000000000000e+04
3.550000000000000000e+04
3.550300000000000000e+04
3.556700000000000000e+04
3.556900000000000000e+04
3.557700000000000000e+04
3.557800000000000000e+04
3.560200000000000000e+04
3.561600000000000000e+04
3.561800000000000000e+04
3.562400000000000000e+04
3.565000000000000000e+04
3.566600000000000000e+04
3.567000000000000000e+04
3.568500000000000000e+04
3.570100000000000000e+04
3.570200000000000000e+04
3.570300000000000000e+04
3.572300000000000000e+04
3.574600000000000000e+04
3.578700000000000000e+04
3.579500000000000000e+04
3.584800000000000000e+04
3.585200000000000000e+04
3.585300000000000000e+04
3.585400000000000000e+04
3.585500000000000000e+04
3.586000000000000000e+04
3.586800000000000000e+04
3.586900000000000000e+04
3.588000000000000000e+04
3.588200000000000000e+04
3.588300000000000000e+04
3.588400000000000000e+04
3.588600000000000000e+04
3.588800000000000000e+04
3.591600000000000000e+04
3.594900000000000000e+04
3.595400000000000000e+04
3.600900000000000000e+04
3.616700000000000000e+04
3.616800000000000000e+04
3.637600000000000000e+04
3.645300000000000000e+04
3.648400000000000000e+04
3.783900000000000000e+04
3.784100000000000000e+04
3.784200000000000000e+04
3.784300000000000000e+04
3.802900000000000000e+04
3.833700000000000000e+04
3.834500000000000000e+04
3.881800000000000000e+04
3.881900000000000000e+04
3.882200000000000000e+04
3.890200000000000000e+04
3.892200000000000000e+04
3.892400000000000000e+04
3.892500000000000000e+04
3.904500000000000000e+04
3.904700000000000000e+04
3.904900000000000000e+04
3.905000000000000000e+04
3.905700000000000000e+04
3.905800000000000000e+04
3.905900000000000000e+04
3.906400000000000000e+04
3.907100000000000000e+04
3.907200000000000000e+04
3.907300000000000000e+04
3.907400000000000000e+04
3.907800000000000000e+04
3.908100000000000000e+04
3.908500000000000000e+04
3.910700000000000000e+04
3.911300000000000000e+04
3.911700000000000000e+04
3.912300000000000000e+04
3.912500000000000000e+04
3.912600000000000000e+04
3.914000000000000000e+04
3.922600000000000000e+04
3.922700000000000000e+04
3.923100000000000000e+04
3.924100000000000000e+04
3.929600000000000000e+04
3.930800000000000000e+04
3.930900000000000000e+04
3.933800000000000000e+04
3.950900000000000000e+04
3.961600000000000000e+04
3.963000000000000000e+04
3.963100000000000000e+04
3.967100000000000000e+04
3.967200000000000000e+04
3.967500000000000000e+04
3.969700000000000000e+04
3.978700000000000000e+04
3.985600000000000000e+04
3.989100000000000000e+04
4.010200000000000000e+04
4.011300000000000000e+04
4.011400000000000000e+04
4.011500000000000000e+04
4.014000000000000000e+04
4.015300000000000000e+04
4.017500000000000000e+04
4.021800000000000000e+04
4.021900000000000000e+04
4.022000000000000000e+04
4.024700000000000000e+04
4.026100000000000000e+04
4.026200000000000000e+04
4.026400000000000000e+04
4.026500000000000000e+04
4.031600000000000000e+04
4.031700000000000000e+04
4.031900000000000000e+04
4.040700000000000000e+04
4.044000000000000000e+04
4.044200000000000000e+04
4.046500000000000000e+04
4.052800000000000000e+04
4.053300000000000000e+04
4.058100000000000000e+04
4.059500000000000000e+04
4.064700000000000000e+04
4.068000000000000000e+04
4.069300000000000000e+04
4.069700000000000000e+04
4.086300000000000000e+04
4.091100000000000000e+04
4.106900000000000000e+04
4.110600000000000000e+04
4.117600000000000000e+04
4.131400000000000000e+04
4.134000000000000000e+04
4.139300000000000000e+04
4.151200000000000000e+04
