6.500000000000000000e+01
6.700000000000000000e+01
8.400000000000000000e+01
1.050000000000000000e+02
1.060000000000000000e+02
1.180000000000000000e+02
1.200000000000000000e+02
1.250000000000000000e+02
1.270000000000000000e+02
1.280000000000000000e+02
2.040000000000000000e+02
2.440000000000000000e+02
2.760000000000000000e+02
2.780000000000000000e+02
3.240000000000000000e+02
4.050000000000000000e+02
4.160000000000000000e+02
4.210000000000000000e+02
4.320000000000000000e+02
4.430000000000000000e+02
4.590000000000000000e+02
4.850000000000000000e+02
4.970000000000000000e+02
5.030000000000000000e+02
5.350000000000000000e+02
5.410000000000000000e+02
5.560000000000000000e+02
6.080000000000000000e+02
6.450000000000000000e+02
6.630000000000000000e+02
7.010000000000000000e+02
7.030000000000000000e+02
7.040000000000000000e+02
7.060000000000000000e+02
7.070000000000000000e+02
7.100000000000000000e+02
7.110000000000000000e+02
7.320000000000000000e+02
7.470000000000000000e+02
7.800000000000000000e+02
7.830000000000000000e+02
7.970000000000000000e+02
8.100000000000000000e+02
8.520000000000000000e+02
8.780000000000000000e+02
8.980000000000000000e+02
9.780000000000000000e+02
1.002000000000000000e+03
1.004000000000000000e+03
1.005000000000000000e+03
1.006000000000000000e+03
1.037000000000000000e+03
1.120000000000000000e+03
1.154000000000000000e+03
1.200000000000000000e+03
1.207000000000000000e+03
1.210000000000000000e+03
1.214000000000000000e+03
1.231000000000000000e+03
1.246000000000000000e+03
1.249000000000000000e+03
1.262000000000000000e+03
1.271000000000000000e+03
1.294000000000000000e+03
1.325000000000000000e+03
1.517000000000000000e+03
1.705000000000000000e+03
1.851000000000000000e+03
1.869000000000000000e+03
1.972000000000000000e+03
1.994000000000000000e+03
2.094000000000000000e+03
2.149000000000000000e+03
2.178000000000000000e+03
2.200000000000000000e+03
2.247000000000000000e+03
2.293000000000000000e+03
2.355000000000000000e+03
2.420000000000000000e+03
2.472000000000000000e+03
2.473000000000000000e+03
2.475000000000000000e+03
2.566000000000000000e+03
2.605000000000000000e+03
2.791000000000000000e+03
2.867000000000000000e+03
2.916000000000000000e+03
2.930000000000000000e+03
2.984000000000000000e+03
2.989000000000000000e+03
2.997000000000000000e+03
3.047000000000000000e+03
3.048000000000000000e+03
3.078000000000000000e+03
3.090000000000000000e+03
3.314000000000000000e+03
3.359000000000000000e+03
3.386000000000000000e+03
3.435000000000000000e+03
3.478000000000000000e+03
3.485000000000000000e+03
3.486000000000000000e+03
3.488000000000000000e+03
3.529000000000000000e+03
3.624000000000000000e+03
3.641000000000000000e+03
3.649000000000000000e+03
3.664000000000000000e+03
3.680000000000000000e+03
3.686000000000000000e+03
3.715000000000000000e+03
3.836000000000000000e+03
3.893000000000000000e+03
3.904000000000000000e+03
3.906000000000000000e+03
3.911000000000000000e+03
3.913000000000000000e+03
3.922000000000000000e+03
3.927000000000000000e+03
3.935000000000000000e+03
3.975000000000000000e+03
4.006000000000000000e+03
4.012000000000000000e+03
4.013000000000000000e+03
4.015000000000000000e+03
4.016000000000000000e+03
4.035000000000000000e+03
4.041000000000000000e+03
4.042000000000000000e+03
4.089000000000000000e+03
4.092000000000000000e+03
4.110000000000000000e+03
4.138000000000000000e+03
4.188000000000000000e+03
4.352000000000000000e+03
4.376000000000000000e+03
4.403000000000000000e+03
4.425000000000000000e+03
4.426000000000000000e+03
4.428000000000000000e+03
4.430000000000000000e+03
4.449000000000000000e+03
4.481000000000000000e+03
4.548000000000000000e+03
4.591000000000000000e+03
4.632000000000000000e+03
4.659000000000000000e+03
4.662000000000000000e+03
4.667000000000000000e+03
4.698000000000000000e+03
4.886000000000000000e+03
4.965000000000000000e+03
5.067000000000000000e+03
5.076000000000000000e+03
5.091000000000000000e+03
5.153000000000000000e+03
5.154000000000000000e+03
5.156000000000000000e+03
5.188000000000000000e+03
5.201000000000000000e+03
5.214000000000000000e+03
5.291000000000000000e+03
5.333000000000000000e+03
5.383000000000000000e+03
5.424000000000000000e+03
5.426000000000000000e+03
5.440000000000000000e+03
5.629000000000000000e+03
5.657000000000000000e+03
5.695000000000000000e+03
5.717000000000000000e+03
5.721000000000000000e+03
5.724000000000000000e+03
5.746000000000000000e+03
5.859000000000000000e+03
5.925000000000000000e+03
5.943000000000000000e+03
5.967000000000000000e+03
6.009000000000000000e+03
6.083000000000000000e+03
6.167000000000000000e+03
6.200000000000000000e+03
6.214000000000000000e+03
6.226000000000000000e+03
6.236000000000000000e+03
6.238000000000000000e+03
6.261000000000000000e+03
6.283000000000000000e+03
6.284000000000000000e+03
6.298000000000000000e+03
6.301000000000000000e+03
6.310000000000000000e+03
6.337000000000000000e+03
6.358000000000000000e+03
6.368000000000000000e+03
6.371000000000000000e+03
6.436000000000000000e+03
6.473000000000000000e+03
6.504000000000000000e+03
6.516000000000000000e+03
6.525000000000000000e+03
6.567000000000000000e+03
6.852000000000000000e+03
6.881000000000000000e+03
7.046000000000000000e+03
7.047000000000000000e+03
7.097000000000000000e+03
7.099000000000000000e+03
7.105000000000000000e+03
7.127000000000000000e+03
7.136000000000000000e+03
7.153000000000000000e+03
7.173000000000000000e+03
7.235000000000000000e+03
7.238000000000000000e+03
7.264000000000000000e+03
7.316000000000000000e+03
7.317000000000000000e+03
7.351000000000000000e+03
7.355000000000000000e+03
7.361000000000000000e+03
7.430000000000000000e+03
7.472000000000000000e+03
7.493000000000000000e+03
7.518000000000000000e+03
7.568000000000000000e+03
7.624000000000000000e+03
7.649000000000000000e+03
7.711000000000000000e+03
7.765000000000000000e+03
7.768000000000000000e+03
7.773000000000000000e+03
7.780000000000000000e+03
7.790000000000000000e+03
7.791000000000000000e+03
7.792000000000000000e+03
7.793000000000000000e+03
7.794000000000000000e+03
7.796000000000000000e+03
7.798000000000000000e+03
7.804000000000000000e+03
7.810000000000000000e+03
7.855000000000000000e+03
7.867000000000000000e+03
7.875000000000000000e+03
7.876000000000000000e+03
7.878000000000000000e+03
7.884000000000000000e+03
7.886000000000000000e+03
7.887000000000000000e+03
7.888000000000000000e+03
7.893000000000000000e+03
7.895000000000000000e+03
7.896000000000000000e+03
7.900000000000000000e+03
7.906000000000000000e+03
7.918000000000000000e+03
7.922000000000000000e+03
7.943000000000000000e+03
7.945000000000000000e+03
7.950000000000000000e+03
7.964000000000000000e+03
7.970000000000000000e+03
8.013000000000000000e+03
8.024000000000000000e+03
8.036000000000000000e+03
8.044000000000000000e+03
8.076000000000000000e+03
8.178000000000000000e+03
8.238000000000000000e+03
8.247000000000000000e+03
8.280000000000000000e+03
8.336000000000000000e+03
8.369000000000000000e+03
8.424000000000000000e+03
8.429000000000000000e+03
8.450000000000000000e+03
8.499000000000000000e+03
8.509000000000000000e+03
8.573000000000000000e+03
8.660000000000000000e+03
8.754000000000000000e+03
8.759000000000000000e+03
8.770000000000000000e+03
8.795000000000000000e+03
8.826000000000000000e+03
8.842000000000000000e+03
8.916000000000000000e+03
8.923000000000000000e+03
8.935000000000000000e+03
8.942000000000000000e+03
9.022000000000000000e+03
9.024000000000000000e+03
9.025000000000000000e+03
9.028000000000000000e+03
9.030000000000000000e+03
9.034000000000000000e+03
9.047000000000000000e+03
9.048000000000000000e+03
9.049000000000000000e+03
9.055000000000000000e+03
9.056000000000000000e+03
9.123000000000000000e+03
9.175000000000000000e+03
9.177000000000000000e+03
9.178000000000000000e+03
9.180000000000000000e+03
9.183000000000000000e+03
9.266000000000000000e+03
9.322000000000000000e+03
9.340000000000000000e+03
9.387000000000000000e+03
9.446000000000000000e+03
9.459000000000000000e+03
9.460000000000000000e+03
9.469000000000000000e+03
9.473000000000000000e+03
9.500000000000000000e+03
9.548000000000000000e+03
9.608000000000000000e+03
9.661000000000000000e+03
9.702000000000000000e+03
9.773000000000000000e+03
9.784000000000000000e+03
9.787000000000000000e+03
9.857000000000000000e+03
9.859000000000000000e+03
9.892000000000000000e+03
9.895000000000000000e+03
9.937000000000000000e+03
9.944000000000000000e+03
1.003700000000000000e+04
1.005400000000000000e+04
1.005900000000000000e+04
1.008100000000000000e+04
1.022200000000000000e+04
1.022700000000000000e+04
1.024500000000000000e+04
1.024700000000000000e+04
1.027200000000000000e+04
1.027400000000000000e+04
1.030300000000000000e+04
1.031000000000000000e+04
1.052700000000000000e+04
1.061400000000000000e+04
1.065000000000000000e+04
1.066900000000000000e+04
1.067400000000000000e+04
1.068700000000000000e+04
1.080100000000000000e+04
1.082200000000000000e+04
1.082900000000000000e+04
1.098900000000000000e+04
1.101700000000000000e+04
1.103800000000000000e+04
1.104100000000000000e+04
1.106400000000000000e+04
1.107200000000000000e+04
1.109300000000000000e+04
1.112800000000000000e+04
1.116800000000000000e+04
1.117100000000000000e+04
1.117200000000000000e+04
1.258900000000000000e+04
1.319400000000000000e+04
1.364600000000000000e+04
1.364800000000000000e+04
1.365800000000000000e+04
1.381600000000000000e+04
1.382800000000000000e+04
1.388100000000000000e+04
1.390000000000000000e+04
1.390600000000000000e+04
1.393400000000000000e+04
1.394200000000000000e+04
1.396400000000000000e+04
1.402000000000000000e+04
1.404500000000000000e+04
1.406000000000000000e+04
1.411000000000000000e+04
1.414400000000000000e+04
1.438300000000000000e+04
1.443000000000000000e+04
1.443100000000000000e+04
1.443300000000000000e+04
1.462400000000000000e+04
1.465700000000000000e+04
1.475100000000000000e+04
1.491500000000000000e+04
1.492700000000000000e+04
1.496500000000000000e+04
1.496600000000000000e+04
1.497000000000000000e+04
1.510900000000000000e+04
1.515800000000000000e+04
1.526800000000000000e+04
1.526900000000000000e+04
1.527000000000000000e+04
1.527100000000000000e+04
1.527700000000000000e+04
1.529000000000000000e+04
1.529100000000000000e+04
1.529900000000000000e+04
1.530500000000000000e+04
1.532500000000000000e+04
1.535600000000000000e+04
1.536200000000000000e+04
1.537300000000000000e+04
1.537700000000000000e+04
1.538700000000000000e+04
1.539000000000000000e+04
1.540400000000000000e+04
1.541400000000000000e+04
1.542000000000000000e+04
1.546100000000000000e+04
1.547200000000000000e+04
1.547800000000000000e+04
1.562500000000000000e+04
1.571400000000000000e+04
1.571900000000000000e+04
1.572000000000000000e+04
1.572200000000000000e+04
1.572400000000000000e+04
1.572900000000000000e+04
1.574500000000000000e+04
1.579700000000000000e+04
1.580100000000000000e+04
1.581400000000000000e+04
1.581700000000000000e+04
1.582300000000000000e+04
1.582900000000000000e+04
1.583400000000000000e+04
1.584000000000000000e+04
1.587500000000000000e+04
1.588000000000000000e+04
1.589900000000000000e+04
1.590900000000000000e+04
1.595400000000000000e+04
1.595800000000000000e+04
1.596500000000000000e+04
1.598300000000000000e+04
1.600500000000000000e+04
1.601400000000000000e+04
1.609000000000000000e+04
1.615300000000000000e+04
1.615700000000000000e+04
1.615900000000000000e+04
1.618400000000000000e+04
1.623500000000000000e+04
1.624200000000000000e+04
1.627200000000000000e+04
1.627800000000000000e+04
1.676900000000000000e+04
1.678200000000000000e+04
1.686300000000000000e+04
1.699600000000000000e+04
1.707900000000000000e+04
1.723000000000000000e+04
1.723500000000000000e+04
1.724000000000000000e+04
1.724400000000000000e+04
1.728100000000000000e+04
1.730200000000000000e+04
1.737500000000000000e+04
1.739500000000000000e+04
1.744600000000000000e+04
1.760400000000000000e+04
1.767900000000000000e+04
1.772900000000000000e+04
1.800700000000000000e+04
1.819600000000000000e+04
1.826400000000000000e+04
1.831300000000000000e+04
1.835200000000000000e+04
1.835700000000000000e+04
1.835800000000000000e+04
1.835900000000000000e+04
1.836000000000000000e+04
1.836100000000000000e+04
1.836200000000000000e+04
1.836300000000000000e+04
1.836400000000000000e+04
1.836500000000000000e+04
1.836600000000000000e+04
1.836700000000000000e+04
1.836800000000000000e+04
1.836900000000000000e+04
1.837000000000000000e+04
1.837100000000000000e+04
1.837200000000000000e+04
1.837300000000000000e+04
1.837500000000000000e+04
1.837600000000000000e+04
1.837700000000000000e+04
1.837800000000000000e+04
1.838000000000000000e+04
1.838200000000000000e+04
1.839200000000000000e+04
1.839500000000000000e+04
1.840300000000000000e+04
1.840500000000000000e+04
1.840900000000000000e+04
1.841000000000000000e+04
1.841200000000000000e+04
1.841400000000000000e+04
1.841600000000000000e+04
1.841800000000000000e+04
1.842000000000000000e+04
1.842100000000000000e+04
1.842300000000000000e+04
1.846700000000000000e+04
1.885100000000000000e+04
1.885200000000000000e+04
1.885400000000000000e+04
1.886000000000000000e+04
1.887100000000000000e+04
1.891300000000000000e+04
1.892600000000000000e+04
1.893700000000000000e+04
1.898500000000000000e+04
1.902700000000000000e+04
1.902800000000000000e+04
1.902900000000000000e+04
1.903100000000000000e+04
1.919000000000000000e+04
1.945600000000000000e+04
1.967000000000000000e+04
2.003100000000000000e+04
2.003500000000000000e+04
2.004300000000000000e+04
2.004500000000000000e+04
2.004700000000000000e+04
2.011400000000000000e+04
2.019600000000000000e+04
2.028200000000000000e+04
2.057300000000000000e+04
2.060200000000000000e+04
2.067400000000000000e+04
2.067900000000000000e+04
2.078600000000000000e+04
2.081400000000000000e+04
2.098800000000000000e+04
2.098900000000000000e+04
2.104700000000000000e+04
2.123500000000000000e+04
2.123700000000000000e+04
2.126000000000000000e+04
2.126100000000000000e+04
2.126200000000000000e+04
2.135200000000000000e+04
2.137000000000000000e+04
2.138200000000000000e+04
2.150200000000000000e+04
2.150600000000000000e+04
2.150700000000000000e+04
2.152100000000000000e+04
2.154000000000000000e+04
2.157900000000000000e+04
2.162400000000000000e+04
2.189600000000000000e+04
2.190600000000000000e+04
2.190700000000000000e+04
2.193500000000000000e+04
2.196900000000000000e+04
2.198800000000000000e+04
2.202600000000000000e+04
2.204900000000000000e+04
2.205300000000000000e+04
2.205600000000000000e+04
2.211800000000000000e+04
2.212300000000000000e+04
2.216400000000000000e+04
2.227000000000000000e+04
2.228000000000000000e+04
2.232700000000000000e+04
2.263100000000000000e+04
2.267100000000000000e+04
2.267200000000000000e+04
2.268300000000000000e+04
2.283100000000000000e+04
2.297300000000000000e+04
2.302400000000000000e+04
2.310200000000000000e+04
2.310300000000000000e+04
2.310700000000000000e+04
2.311200000000000000e+04
2.313900000000000000e+04
2.314300000000000000e+04
2.314400000000000000e+04
2.314500000000000000e+04
2.317600000000000000e+04
2.319600000000000000e+04
2.319900000000000000e+04
2.331200000000000000e+04
2.331900000000000000e+04
2.332400000000000000e+04
2.332600000000000000e+04
2.334000000000000000e+04
2.341400000000000000e+04
2.342300000000000000e+04
2.344900000000000000e+04
2.345200000000000000e+04
2.346300000000000000e+04
2.352300000000000000e+04
2.353400000000000000e+04
2.358500000000000000e+04
2.364400000000000000e+04
2.364500000000000000e+04
2.364700000000000000e+04
2.365200000000000000e+04
2.365600000000000000e+04
2.365700000000000000e+04
2.365900000000000000e+04
2.367300000000000000e+04
2.368000000000000000e+04
2.372400000000000000e+04
2.372700000000000000e+04
2.372800000000000000e+04
2.380700000000000000e+04
2.386300000000000000e+04
2.386600000000000000e+04
2.386700000000000000e+04
2.387100000000000000e+04
2.387200000000000000e+04
2.387300000000000000e+04
2.387400000000000000e+04
2.387500000000000000e+04
2.389200000000000000e+04
2.389500000000000000e+04
2.389700000000000000e+04
2.389800000000000000e+04
2.389900000000000000e+04
2.390000000000000000e+04
2.390100000000000000e+04
2.390200000000000000e+04
2.390300000000000000e+04
2.390500000000000000e+04
2.390600000000000000e+04
2.390700000000000000e+04
2.390800000000000000e+04
2.390900000000000000e+04
2.391000000000000000e+04
2.391100000000000000e+04
2.391200000000000000e+04
2.391400000000000000e+04
2.391500000000000000e+04
2.391700000000000000e+04
2.391800000000000000e+04
2.391900000000000000e+04
2.392000000000000000e+04
2.393800000000000000e+04
2.406000000000000000e+04
2.419900000000000000e+04
2.426100000000000000e+04
2.428600000000000000e+04
2.428700000000000000e+04
2.428800000000000000e+04
2.429300000000000000e+04
2.429600000000000000e+04
2.430300000000000000e+04
2.438100000000000000e+04
2.447400000000000000e+04
2.447500000000000000e+04
2.447900000000000000e+04
2.452100000000000000e+04
2.452200000000000000e+04
2.455200000000000000e+04
2.456700000000000000e+04
2.459600000000000000e+04
2.459700000000000000e+04
2.461700000000000000e+04
2.467800000000000000e+04
2.467900000000000000e+04
2.468000000000000000e+04
2.468100000000000000e+04
2.468300000000000000e+04
2.468400000000000000e+04
2.468500000000000000e+04
2.468600000000000000e+04
2.468700000000000000e+04
2.469200000000000000e+04
2.469300000000000000e+04
2.472800000000000000e+04
2.473400000000000000e+04
2.474500000000000000e+04
2.475000000000000000e+04
2.475400000000000000e+04
2.476600000000000000e+04
2.484900000000000000e+04
2.487900000000000000e+04
2.488000000000000000e+04
2.488100000000000000e+04
2.488300000000000000e+04
2.488600000000000000e+04
2.491600000000000000e+04
2.493400000000000000e+04
2.495900000000000000e+04
2.503500000000000000e+04
2.505100000000000000e+04
2.505200000000000000e+04
2.507200000000000000e+04
2.507400000000000000e+04
2.508000000000000000e+04
2.509000000000000000e+04
2.510000000000000000e+04
2.510300000000000000e+04
2.510900000000000000e+04
2.511200000000000000e+04
2.511500000000000000e+04
2.518800000000000000e+04
2.519300000000000000e+04
2.522100000000000000e+04
2.526600000000000000e+04
2.528500000000000000e+04
2.528700000000000000e+04
2.529700000000000000e+04
2.530200000000000000e+04
2.530400000000000000e+04
2.531500000000000000e+04
2.533600000000000000e+04
2.535300000000000000e+04
2.535800000000000000e+04
2.537000000000000000e+04
2.537100000000000000e+04
2.537200000000000000e+04
2.537300000000000000e+04
2.539600000000000000e+04
2.540800000000000000e+04
2.542400000000000000e+04
2.542600000000000000e+04
2.542800000000000000e+04
2.543700000000000000e+04
2.545100000000000000e+04
2.549700000000000000e+04
2.550300000000000000e+04
2.551600000000000000e+04
2.552200000000000000e+04
2.552300000000000000e+04
2.553700000000000000e+04
2.554600000000000000e+04
2.556600000000000000e+04
2.559100000000000000e+04
2.562800000000000000e+04
2.562900000000000000e+04
2.566200000000000000e+04
2.566600000000000000e+04
2.572700000000000000e+04
2.572800000000000000e+04
2.573000000000000000e+04
2.573800000000000000e+04
2.574000000000000000e+04
2.575200000000000000e+04
2.576700000000000000e+04
2.581800000000000000e+04
2.581900000000000000e+04
2.583200000000000000e+04
2.583700000000000000e+04
2.586100000000000000e+04
2.586200000000000000e+04
2.586400000000000000e+04
2.587100000000000000e+04
2.589200000000000000e+04
2.589300000000000000e+04
2.590600000000000000e+04
2.590700000000000000e+04
2.592400000000000000e+04
2.592500000000000000e+04
2.592800000000000000e+04
2.592900000000000000e+04
2.593700000000000000e+04
2.595800000000000000e+04
2.596600000000000000e+04
2.596700000000000000e+04
2.596800000000000000e+04
2.596900000000000000e+04
2.597000000000000000e+04
2.597100000000000000e+04
2.600000000000000000e+04
2.600400000000000000e+04
2.602800000000000000e+04
2.603300000000000000e+04
2.606100000000000000e+04
2.606400000000000000e+04
2.606900000000000000e+04
2.609600000000000000e+04
2.610000000000000000e+04
2.612300000000000000e+04
2.613000000000000000e+04
2.616000000000000000e+04
2.617100000000000000e+04
2.618700000000000000e+04
2.618900000000000000e+04
2.619400000000000000e+04
2.619500000000000000e+04
2.620100000000000000e+04
2.622300000000000000e+04
2.623300000000000000e+04
2.623800000000000000e+04
2.623900000000000000e+04
2.628800000000000000e+04
2.629500000000000000e+04
2.630200000000000000e+04
2.630300000000000000e+04
2.636800000000000000e+04
2.640300000000000000e+04
2.643200000000000000e+04
2.646100000000000000e+04
2.653000000000000000e+04
2.653100000000000000e+04
2.659800000000000000e+04
2.670000000000000000e+04
2.676200000000000000e+04
2.678200000000000000e+04
2.682400000000000000e+04
2.693800000000000000e+04
2.693900000000000000e+04
2.698900000000000000e+04
2.699200000000000000e+04
2.701200000000000000e+04
2.702000000000000000e+04
2.703100000000000000e+04
2.704100000000000000e+04
2.705100000000000000e+04
2.707800000000000000e+04
2.708500000000000000e+04
2.709000000000000000e+04
2.709100000000000000e+04
2.718600000000000000e+04
2.719200000000000000e+04
2.725100000000000000e+04
2.727100000000000000e+04
2.730400000000000000e+04
2.730900000000000000e+04
2.735800000000000000e+04
2.737300000000000000e+04
2.738200000000000000e+04
2.739000000000000000e+04
2.746300000000000000e+04
2.746800000000000000e+04
2.747200000000000000e+04
2.749100000000000000e+04
2.749900000000000000e+04
2.755200000000000000e+04
2.755800000000000000e+04
2.758200000000000000e+04
2.758300000000000000e+04
2.763200000000000000e+04
2.764400000000000000e+04
2.764600000000000000e+04
2.764900000000000000e+04
2.765300000000000000e+04
2.765800000000000000e+04
2.768300000000000000e+04
2.769500000000000000e+04
2.771400000000000000e+04
2.772000000000000000e+04
2.772400000000000000e+04
2.772800000000000000e+04
2.772900000000000000e+04
2.773200000000000000e+04
2.773300000000000000e+04
2.773800000000000000e+04
2.774700000000000000e+04
2.776800000000000000e+04
2.777600000000000000e+04
2.779300000000000000e+04
2.782800000000000000e+04
2.782900000000000000e+04
2.785500000000000000e+04
2.785700000000000000e+04
2.785800000000000000e+04
2.787900000000000000e+04
2.788000000000000000e+04
2.788400000000000000e+04
2.788800000000000000e+04
2.789000000000000000e+04
2.789400000000000000e+04
2.789700000000000000e+04
2.789800000000000000e+04
2.789900000000000000e+04
2.791200000000000000e+04
2.791500000000000000e+04
2.797500000000000000e+04
2.798900000000000000e+04
2.865600000000000000e+04
2.866000000000000000e+04
2.873100000000000000e+04
2.887700000000000000e+04
2.922200000000000000e+04
2.932200000000000000e+04
2.932500000000000000e+04
2.934200000000000000e+04
2.934500000000000000e+04
2.938100000000000000e+04
2.947700000000000000e+04
2.948500000000000000e+04
2.948700000000000000e+04
2.949300000000000000e+04
2.949600000000000000e+04
2.949900000000000000e+04
2.950300000000000000e+04
2.954000000000000000e+04
2.954800000000000000e+04
2.954900000000000000e+04
2.956200000000000000e+04
2.956400000000000000e+04
2.957300000000000000e+04
2.957700000000000000e+04
2.959100000000000000e+04
2.961200000000000000e+04
2.962300000000000000e+04
2.962500000000000000e+04
2.962600000000000000e+04
2.962800000000000000e+04
2.963000000000000000e+04
2.964100000000000000e+04
2.964500000000000000e+04
2.964700000000000000e+04
2.965100000000000000e+04
2.966400000000000000e+04
2.966700000000000000e+04
2.966800000000000000e+04
2.968800000000000000e+04
2.969200000000000000e+04
2.971700000000000000e+04
2.978500000000000000e+04
2.979400000000000000e+04
2.980700000000000000e+04
2.983000000000000000e+04
2.983100000000000000e+04
2.984700000000000000e+04
2.985700000000000000e+04
2.987700000000000000e+04
2.988000000000000000e+04
2.989200000000000000e+04
2.989600000000000000e+04
2.991700000000000000e+04
2.994200000000000000e+04
2.997000000000000000e+04
2.997200000000000000e+04
2.997400000000000000e+04
2.998700000000000000e+04
3.001200000000000000e+04
3.001400000000000000e+04
3.003500000000000000e+04
3.003800000000000000e+04
3.005200000000000000e+04
3.005500000000000000e+04
3.006600000000000000e+04
3.007500000000000000e+04
3.008100000000000000e+04
3.008700000000000000e+04
3.010800000000000000e+04
3.011200000000000000e+04
3.011500000000000000e+04
3.012100000000000000e+04
3.012500000000000000e+04
3.013600000000000000e+04
3.014400000000000000e+04
3.016400000000000000e+04
3.016800000000000000e+04
3.017200000000000000e+04
3.017400000000000000e+04
3.017500000000000000e+04
3.017800000000000000e+04
3.018700000000000000e+04
3.019500000000000000e+04
3.020600000000000000e+04
3.022400000000000000e+04
3.022700000000000000e+04
3.023200000000000000e+04
3.023800000000000000e+04
3.023900000000000000e+04
3.024000000000000000e+04
3.024100000000000000e+04
3.024700000000000000e+04
3.026600000000000000e+04
3.030000000000000000e+04
3.030200000000000000e+04
3.030300000000000000e+04
3.032500000000000000e+04
3.033300000000000000e+04
3.033900000000000000e+04
3.034300000000000000e+04
3.034400000000000000e+04
3.035300000000000000e+04
3.035800000000000000e+04
3.036800000000000000e+04
3.037700000000000000e+04
3.037800000000000000e+04
3.038600000000000000e+04
3.039100000000000000e+04
3.039300000000000000e+04
3.042100000000000000e+04
3.043100000000000000e+04
3.044700000000000000e+04
3.044800000000000000e+04
3.046300000000000000e+04
3.046400000000000000e+04
3.046600000000000000e+04
3.047600000000000000e+04
3.049900000000000000e+04
3.050400000000000000e+04
3.050600000000000000e+04
3.051100000000000000e+04
3.052000000000000000e+04
3.052300000000000000e+04
3.059600000000000000e+04
3.062200000000000000e+04
3.062300000000000000e+04
3.071500000000000000e+04
3.071600000000000000e+04
3.071900000000000000e+04
3.081700000000000000e+04
3.083900000000000000e+04
3.096900000000000000e+04
3.097000000000000000e+04
3.098200000000000000e+04
3.099000000000000000e+04
3.099100000000000000e+04
3.099900000000000000e+04
3.103000000000000000e+04
3.103400000000000000e+04
3.105100000000000000e+04
3.120200000000000000e+04
3.121700000000000000e+04
3.122200000000000000e+04
3.123600000000000000e+04
3.123700000000000000e+04
3.123800000000000000e+04
3.123900000000000000e+04
3.124100000000000000e+04
3.124300000000000000e+04
3.126700000000000000e+04
3.131700000000000000e+04
3.137700000000000000e+04
3.138400000000000000e+04
3.148000000000000000e+04
3.148300000000000000e+04
3.148400000000000000e+04
3.148600000000000000e+04
3.148700000000000000e+04
3.148800000000000000e+04
3.149700000000000000e+04
3.150100000000000000e+04
3.151000000000000000e+04
3.172200000000000000e+04
3.175700000000000000e+04
3.175900000000000000e+04
3.187400000000000000e+04
3.190400000000000000e+04
3.194100000000000000e+04
3.194200000000000000e+04
3.194500000000000000e+04
3.198700000000000000e+04
3.200400000000000000e+04
3.202100000000000000e+04
3.209500000000000000e+04
3.209600000000000000e+04
3.223300000000000000e+04
3.227200000000000000e+04
3.231400000000000000e+04
3.237200000000000000e+04
3.237800000000000000e+04
3.237900000000000000e+04
3.238400000000000000e+04
3.244400000000000000e+04
3.244800000000000000e+04
3.245300000000000000e+04
3.245400000000000000e+04
3.246900000000000000e+04
3.259300000000000000e+04
3.271100000000000000e+04
3.271600000000000000e+04
3.276700000000000000e+04
3.276900000000000000e+04
3.277100000000000000e+04
3.281400000000000000e+04
3.281700000000000000e+04
3.282000000000000000e+04
3.282200000000000000e+04
3.297900000000000000e+04
3.299500000000000000e+04
3.299600000000000000e+04
3.299700000000000000e+04
3.299800000000000000e+04
3.299900000000000000e+04
3.300000000000000000e+04
3.300100000000000000e+04
3.300200000000000000e+04
3.300300000000000000e+04
3.300400000000000000e+04
3.300500000000000000e+04
3.300600000000000000e+04
3.300700000000000000e+04
3.300800000000000000e+04
3.300900000000000000e+04
3.301000000000000000e+04
3.301100000000000000e+04
3.301200000000000000e+04
3.301300000000000000e+04
3.301400000000000000e+04
3.301500000000000000e+04
3.301600000000000000e+04
3.301700000000000000e+04
3.301800000000000000e+04
3.301900000000000000e+04
3.302000000000000000e+04
3.302100000000000000e+04
3.302200000000000000e+04
3.302300000000000000e+04
3.302400000000000000e+04
3.302500000000000000e+04
3.302600000000000000e+04
3.302700000000000000e+04
3.302800000000000000e+04
3.302900000000000000e+04
3.303000000000000000e+04
3.303100000000000000e+04
3.303300000000000000e+04
3.303400000000000000e+04
3.303500000000000000e+04
3.303600000000000000e+04
3.303700000000000000e+04
3.303800000000000000e+04
3.309800000000000000e+04
3.314300000000000000e+04
3.324000000000000000e+04
3.324100000000000000e+04
3.324200000000000000e+04
3.324300000000000000e+04
3.324400000000000000e+04
3.324600000000000000e+04
3.324700000000000000e+04
3.324800000000000000e+04
3.324900000000000000e+04
3.325000000000000000e+04
3.325100000000000000e+04
3.325200000000000000e+04
3.325400000000000000e+04
3.325500000000000000e+04
3.325600000000000000e+04
3.325700000000000000e+04
3.325800000000000000e+04
3.326800000000000000e+04
3.328700000000000000e+04
3.330900000000000000e+04
3.369800000000000000e+04
3.385600000000000000e+04
3.385700000000000000e+04
3.385800000000000000e+04
3.388300000000000000e+04
3.401700000000000000e+04
3.401800000000000000e+04
3.401900000000000000e+04
3.403100000000000000e+04
3.469600000000000000e+04
3.469900000000000000e+04
3.489500000000000000e+04
3.489600000000000000e+04
3.501000000000000000e+04
3.504100000000000000e+04
3.505600000000000000e+04
3.505800000000000000e+04
3.508400000000000000e+04
3.510100000000000000e+04
3.513700000000000000e+04
3.513900000000000000e+04
3.514000000000000000e+04
3.514100000000000000e+04
3.514200000000000000e+04
3.514300000000000000e+04
3.514400000000000000e+04
3.514500000000000000e+04
3.514600000000000000e+04
3.514700000000000000e+04
3.514800000000000000e+04
3.514900000000000000e+04
3.515100000000000000e+04
3.516300000000000000e+04
3.520700000000000000e+04
3.520800000000000000e+04
3.527300000000000000e+04
3.539500000000000000e+04
3.573200000000000000e+04
3.573400000000000000e+04
3.575400000000000000e+04
3.580400000000000000e+04
3.580700000000000000e+04
3.583500000000000000e+04
3.583900000000000000e+04
3.584100000000000000e+04
3.584400000000000000e+04
3.587500000000000000e+04
3.587700000000000000e+04
3.591000000000000000e+04
3.595500000000000000e+04
3.596900000000000000e+04
3.598100000000000000e+04
3.598600000000000000e+04
3.601600000000000000e+04
3.603200000000000000e+04
3.603400000000000000e+04
3.603500000000000000e+04
3.603600000000000000e+04
3.603700000000000000e+04
3.604300000000000000e+04
3.604800000000000000e+04
3.616300000000000000e+04
3.617700000000000000e+04
3.625900000000000000e+04
3.626300000000000000e+04
3.636000000000000000e+04
3.644500000000000000e+04
3.646500000000000000e+04
3.652600000000000000e+04
3.719500000000000000e+04
3.719800000000000000e+04
3.719900000000000000e+04
3.720200000000000000e+04
3.723200000000000000e+04
3.733200000000000000e+04
3.735000000000000000e+04
3.735400000000000000e+04
3.735800000000000000e+04
3.740000000000000000e+04
3.750800000000000000e+04
3.784500000000000000e+04
3.785100000000000000e+04
3.803900000000000000e+04
3.832300000000000000e+04
3.832500000000000000e+04
3.832800000000000000e+04
3.876800000000000000e+04
3.881100000000000000e+04
3.881300000000000000e+04
3.881400000000000000e+04
3.881500000000000000e+04
3.881600000000000000e+04
3.882400000000000000e+04
3.891500000000000000e+04
3.891800000000000000e+04
3.892800000000000000e+04
3.894300000000000000e+04
3.898400000000000000e+04
3.900000000000000000e+04
3.900100000000000000e+04
3.901900000000000000e+04
3.903800000000000000e+04
3.908900000000000000e+04
3.909000000000000000e+04
3.909400000000000000e+04
3.916900000000000000e+04
3.917200000000000000e+04
3.917700000000000000e+04
3.920600000000000000e+04
3.920700000000000000e+04
3.925800000000000000e+04
3.926000000000000000e+04
3.928000000000000000e+04
3.931800000000000000e+04
3.933500000000000000e+04
3.935100000000000000e+04
3.935200000000000000e+04
3.939500000000000000e+04
3.943800000000000000e+04
3.947600000000000000e+04
3.949000000000000000e+04
3.950700000000000000e+04
3.950800000000000000e+04
3.951300000000000000e+04
3.952500000000000000e+04
3.952800000000000000e+04
3.952900000000000000e+04
3.953500000000000000e+04
3.958200000000000000e+04
3.959200000000000000e+04
3.969800000000000000e+04
3.977000000000000000e+04
3.985100000000000000e+04
3.989200000000000000e+04
3.989500000000000000e+04
3.989700000000000000e+04
3.989800000000000000e+04
3.990000000000000000e+04
3.990600000000000000e+04
3.993000000000000000e+04
3.993100000000000000e+04
3.993200000000000000e+04
3.993300000000000000e+04
3.993500000000000000e+04
3.993600000000000000e+04
3.993700000000000000e+04
3.993800000000000000e+04
3.993900000000000000e+04
3.994000000000000000e+04
3.994100000000000000e+04
3.994400000000000000e+04
3.996200000000000000e+04
3.998400000000000000e+04
4.012500000000000000e+04
4.018800000000000000e+04
4.018900000000000000e+04
4.022300000000000000e+04
4.022900000000000000e+04
4.023200000000000000e+04
4.023300000000000000e+04
4.023400000000000000e+04
4.023500000000000000e+04
4.023600000000000000e+04
4.026000000000000000e+04
4.031400000000000000e+04
4.032700000000000000e+04
4.032800000000000000e+04
4.035100000000000000e+04
4.035400000000000000e+04
4.036300000000000000e+04
4.036400000000000000e+04
4.036500000000000000e+04
4.036600000000000000e+04
4.036900000000000000e+04
4.037100000000000000e+04
4.037200000000000000e+04
4.037300000000000000e+04
4.037400000000000000e+04
4.037500000000000000e+04
4.040900000000000000e+04
4.041500000000000000e+04
4.041600000000000000e+04
4.041700000000000000e+04
4.041800000000000000e+04
4.041900000000000000e+04
4.042000000000000000e+04
4.043100000000000000e+04
4.049000000000000000e+04
4.049800000000000000e+04
4.051200000000000000e+04
4.051600000000000000e+04
4.051900000000000000e+04
4.052500000000000000e+04
4.053000000000000000e+04
4.056700000000000000e+04
4.056800000000000000e+04
4.056900000000000000e+04
4.058800000000000000e+04
4.059000000000000000e+04
4.059900000000000000e+04
4.060600000000000000e+04
4.064600000000000000e+04
4.066400000000000000e+04
4.066600000000000000e+04
4.066700000000000000e+04
4.067900000000000000e+04
4.068700000000000000e+04
4.073000000000000000e+04
4.085700000000000000e+04
4.085900000000000000e+04
4.086000000000000000e+04
4.086100000000000000e+04
4.086200000000000000e+04
4.087200000000000000e+04
4.087400000000000000e+04
4.093200000000000000e+04
4.093300000000000000e+04
4.093400000000000000e+04
4.095700000000000000e+04
4.097000000000000000e+04
4.097200000000000000e+04
4.097300000000000000e+04
4.097400000000000000e+04
4.097600000000000000e+04
4.097700000000000000e+04
4.101000000000000000e+04
4.102200000000000000e+04
4.106500000000000000e+04
4.106700000000000000e+04
4.109000000000000000e+04
4.112800000000000000e+04
4.113000000000000000e+04
4.113200000000000000e+04
4.115000000000000000e+04
4.116700000000000000e+04
4.116800000000000000e+04
4.118000000000000000e+04
4.118100000000000000e+04
4.118400000000000000e+04
4.119400000000000000e+04
4.119900000000000000e+04
4.122400000000000000e+04
4.124300000000000000e+04
4.125200000000000000e+04
4.126000000000000000e+04
4.126900000000000000e+04
4.127500000000000000e+04
4.130400000000000000e+04
4.130700000000000000e+04
4.133800000000000000e+04
4.135200000000000000e+04
4.135400000000000000e+04
4.137000000000000000e+04
4.137600000000000000e+04
4.137900000000000000e+04
4.138600000000000000e+04
4.139700000000000000e+04
4.140200000000000000e+04
4.141100000000000000e+04
4.142900000000000000e+04
4.148400000000000000e+04
4.150600000000000000e+04
4.154700000000000000e+04
