1.190000000000000000e+02
1.210000000000000000e+02
1.510000000000000000e+02
1.530000000000000000e+02
1.680000000000000000e+02
1.690000000000000000e+02
1.730000000000000000e+02
1.740000000000000000e+02
1.920000000000000000e+02
2.730000000000000000e+02
2.870000000000000000e+02
2.970000000000000000e+02
2.990000000000000000e+02
3.100000000000000000e+02
3.130000000000000000e+02
3.180000000000000000e+02
3.200000000000000000e+02
3.250000000000000000e+02
3.350000000000000000e+02
3.480000000000000000e+02
3.580000000000000000e+02
3.640000000000000000e+02
3.650000000000000000e+02
4.020000000000000000e+02
4.030000000000000000e+02
4.070000000000000000e+02
4.640000000000000000e+02
5.290000000000000000e+02
5.910000000000000000e+02
6.360000000000000000e+02
6.510000000000000000e+02
6.880000000000000000e+02
7.480000000000000000e+02
7.520000000000000000e+02
7.960000000000000000e+02
9.340000000000000000e+02
1.087000000000000000e+03
1.142000000000000000e+03
1.304000000000000000e+03
1.477000000000000000e+03
1.529000000000000000e+03
1.540000000000000000e+03
1.548000000000000000e+03
1.629000000000000000e+03
1.654000000000000000e+03
1.661000000000000000e+03
1.662000000000000000e+03
1.664000000000000000e+03
1.666000000000000000e+03
1.731000000000000000e+03
1.948000000000000000e+03
1.962000000000000000e+03
1.982000000000000000e+03
2.011000000000000000e+03
2.022000000000000000e+03
2.028000000000000000e+03
2.061000000000000000e+03
2.129000000000000000e+03
2.139000000000000000e+03
2.142000000000000000e+03
2.146000000000000000e+03
2.203000000000000000e+03
2.254000000000000000e+03
2.258000000000000000e+03
2.302000000000000000e+03
2.306000000000000000e+03
2.330000000000000000e+03
2.331000000000000000e+03
2.396000000000000000e+03
2.765000000000000000e+03
2.840000000000000000e+03
3.183000000000000000e+03
3.205000000000000000e+03
3.414000000000000000e+03
3.419000000000000000e+03
3.426000000000000000e+03
3.427000000000000000e+03
3.448000000000000000e+03
3.475000000000000000e+03
3.482000000000000000e+03
3.496000000000000000e+03
3.541000000000000000e+03
3.544000000000000000e+03
3.610000000000000000e+03
3.613000000000000000e+03
3.630000000000000000e+03
3.637000000000000000e+03
3.638000000000000000e+03
3.646000000000000000e+03
3.668000000000000000e+03
3.673000000000000000e+03
3.679000000000000000e+03
3.688000000000000000e+03
3.705000000000000000e+03
3.720000000000000000e+03
3.721000000000000000e+03
3.722000000000000000e+03
3.728000000000000000e+03
3.747000000000000000e+03
3.763000000000000000e+03
3.987000000000000000e+03
4.029000000000000000e+03
4.057000000000000000e+03
4.061000000000000000e+03
4.079000000000000000e+03
4.133000000000000000e+03
4.158000000000000000e+03
4.382000000000000000e+03
4.663000000000000000e+03
4.672000000000000000e+03
4.725000000000000000e+03
4.799000000000000000e+03
4.802000000000000000e+03
4.803000000000000000e+03
4.804000000000000000e+03
4.805000000000000000e+03
4.808000000000000000e+03
4.810000000000000000e+03
4.816000000000000000e+03
4.820000000000000000e+03
4.824000000000000000e+03
4.836000000000000000e+03
4.838000000000000000e+03
4.841000000000000000e+03
4.854000000000000000e+03
4.862000000000000000e+03
4.864000000000000000e+03
4.866000000000000000e+03
4.869000000000000000e+03
4.871000000000000000e+03
4.872000000000000000e+03
4.875000000000000000e+03
4.885000000000000000e+03
4.887000000000000000e+03
4.889000000000000000e+03
4.892000000000000000e+03
4.894000000000000000e+03
4.896000000000000000e+03
4.904000000000000000e+03
4.905000000000000000e+03
4.907000000000000000e+03
4.911000000000000000e+03
4.927000000000000000e+03
4.931000000000000000e+03
4.953000000000000000e+03
4.955000000000000000e+03
4.961000000000000000e+03
4.964000000000000000e+03
4.972000000000000000e+03
5.018000000000000000e+03
5.023000000000000000e+03
5.024000000000000000e+03
5.037000000000000000e+03
5.048000000000000000e+03
5.053000000000000000e+03
5.055000000000000000e+03
5.068000000000000000e+03
5.099000000000000000e+03
5.116000000000000000e+03
5.118000000000000000e+03
5.126000000000000000e+03
5.137000000000000000e+03
5.305000000000000000e+03
5.428000000000000000e+03
5.500000000000000000e+03
5.511000000000000000e+03
5.512000000000000000e+03
5.602000000000000000e+03
5.614000000000000000e+03
5.650000000000000000e+03
5.696000000000000000e+03
5.707000000000000000e+03
5.736000000000000000e+03
5.738000000000000000e+03
5.740000000000000000e+03
5.894000000000000000e+03
5.913000000000000000e+03
5.918000000000000000e+03
5.942000000000000000e+03
5.944000000000000000e+03
5.982000000000000000e+03
6.090000000000000000e+03
6.097000000000000000e+03
6.111000000000000000e+03
6.143000000000000000e+03
6.159000000000000000e+03
6.178000000000000000e+03
6.195000000000000000e+03
6.205000000000000000e+03
6.223000000000000000e+03
6.225000000000000000e+03
6.235000000000000000e+03
6.256000000000000000e+03
6.257000000000000000e+03
6.263000000000000000e+03
6.512000000000000000e+03
6.548000000000000000e+03
6.549000000000000000e+03
6.569000000000000000e+03
6.577000000000000000e+03
6.578000000000000000e+03
6.606000000000000000e+03
6.670000000000000000e+03
6.675000000000000000e+03
6.707000000000000000e+03
6.710000000000000000e+03
6.728000000000000000e+03
6.760000000000000000e+03
6.792000000000000000e+03
6.851000000000000000e+03
6.874000000000000000e+03
6.880000000000000000e+03
6.904000000000000000e+03
6.911000000000000000e+03
6.926000000000000000e+03
6.987000000000000000e+03
6.993000000000000000e+03
7.008000000000000000e+03
7.040000000000000000e+03
7.223000000000000000e+03
7.274000000000000000e+03
7.304000000000000000e+03
7.346000000000000000e+03
7.350000000000000000e+03
7.360000000000000000e+03
7.411000000000000000e+03
7.455000000000000000e+03
7.467000000000000000e+03
7.535000000000000000e+03
7.547000000000000000e+03
7.562000000000000000e+03
7.605000000000000000e+03
7.700000000000000000e+03
7.736000000000000000e+03
7.771000000000000000e+03
7.772000000000000000e+03
7.785000000000000000e+03
7.818000000000000000e+03
7.962000000000000000e+03
7.975000000000000000e+03
7.978000000000000000e+03
7.979000000000000000e+03
7.980000000000000000e+03
7.985000000000000000e+03
7.987000000000000000e+03
7.988000000000000000e+03
8.019000000000000000e+03
8.020000000000000000e+03
8.022000000000000000e+03
8.695000000000000000e+03
8.733000000000000000e+03
8.779000000000000000e+03
8.926000000000000000e+03
8.954000000000000000e+03
8.986000000000000000e+03
8.996000000000000000e+03
9.000000000000000000e+03
9.027000000000000000e+03
9.042000000000000000e+03
9.059000000000000000e+03
9.062000000000000000e+03
9.102000000000000000e+03
9.111000000000000000e+03
9.113000000000000000e+03
9.300000000000000000e+03
9.305000000000000000e+03
9.394000000000000000e+03
9.413000000000000000e+03
9.417000000000000000e+03
9.441000000000000000e+03
9.455000000000000000e+03
9.520000000000000000e+03
9.537000000000000000e+03
9.576000000000000000e+03
9.601000000000000000e+03
9.887000000000000000e+03
9.916000000000000000e+03
9.928000000000000000e+03
9.948000000000000000e+03
9.951000000000000000e+03
9.957000000000000000e+03
9.981000000000000000e+03
9.992000000000000000e+03
1.000300000000000000e+04
1.004200000000000000e+04
1.005200000000000000e+04
1.005500000000000000e+04
1.007200000000000000e+04
1.009800000000000000e+04
1.010200000000000000e+04
1.011700000000000000e+04
1.013100000000000000e+04
1.013600000000000000e+04
1.014300000000000000e+04
1.014700000000000000e+04
1.015100000000000000e+04
1.015400000000000000e+04
1.016200000000000000e+04
1.020800000000000000e+04
1.024200000000000000e+04
1.026400000000000000e+04
1.035400000000000000e+04
1.038900000000000000e+04
1.044900000000000000e+04
1.057300000000000000e+04
1.058900000000000000e+04
1.059000000000000000e+04
1.059600000000000000e+04
1.060000000000000000e+04
1.061900000000000000e+04
1.062600000000000000e+04
1.063400000000000000e+04
1.064300000000000000e+04
1.064700000000000000e+04
1.065500000000000000e+04
1.068600000000000000e+04
1.070600000000000000e+04
1.072100000000000000e+04
1.073000000000000000e+04
1.073700000000000000e+04
1.074100000000000000e+04
1.074500000000000000e+04
1.074700000000000000e+04
1.074800000000000000e+04
1.075000000000000000e+04
1.075200000000000000e+04
1.075500000000000000e+04
1.076200000000000000e+04
1.076600000000000000e+04
1.076700000000000000e+04
1.077000000000000000e+04
1.077200000000000000e+04
1.077800000000000000e+04
1.078100000000000000e+04
1.078800000000000000e+04
1.079500000000000000e+04
1.080900000000000000e+04
1.083300000000000000e+04
1.083400000000000000e+04
1.084300000000000000e+04
1.086800000000000000e+04
1.087100000000000000e+04
1.088000000000000000e+04
1.088700000000000000e+04
1.089500000000000000e+04
1.091700000000000000e+04
1.092000000000000000e+04
1.092400000000000000e+04
1.093000000000000000e+04
1.093800000000000000e+04
1.094100000000000000e+04
1.095400000000000000e+04
1.096400000000000000e+04
1.096500000000000000e+04
1.097500000000000000e+04
1.098800000000000000e+04
1.099300000000000000e+04
1.099700000000000000e+04
1.100200000000000000e+04
1.115000000000000000e+04
1.115900000000000000e+04
1.116000000000000000e+04
1.117600000000000000e+04
1.117700000000000000e+04
1.120200000000000000e+04
1.131100000000000000e+04
1.155700000000000000e+04
1.159400000000000000e+04
1.161500000000000000e+04
1.164100000000000000e+04
1.206500000000000000e+04
1.221400000000000000e+04
1.223100000000000000e+04
1.223600000000000000e+04
1.223700000000000000e+04
1.248500000000000000e+04
1.251800000000000000e+04
1.275200000000000000e+04
1.285200000000000000e+04
1.285800000000000000e+04
1.301900000000000000e+04
1.312700000000000000e+04
1.324600000000000000e+04
1.332300000000000000e+04
1.333600000000000000e+04
1.340000000000000000e+04
1.343300000000000000e+04
1.346600000000000000e+04
1.364900000000000000e+04
1.365000000000000000e+04
1.366100000000000000e+04
1.367100000000000000e+04
1.367700000000000000e+04
1.367800000000000000e+04
1.368500000000000000e+04
1.374800000000000000e+04
1.375000000000000000e+04
1.375500000000000000e+04
1.375700000000000000e+04
1.377000000000000000e+04
1.377100000000000000e+04
1.377500000000000000e+04
1.380900000000000000e+04
1.381400000000000000e+04
1.382900000000000000e+04
1.389000000000000000e+04
1.390100000000000000e+04
1.419000000000000000e+04
1.419700000000000000e+04
1.419800000000000000e+04
1.420300000000000000e+04
1.420400000000000000e+04
1.428800000000000000e+04
1.429600000000000000e+04
1.430300000000000000e+04
1.434400000000000000e+04
1.434900000000000000e+04
1.435400000000000000e+04
1.438100000000000000e+04
1.438900000000000000e+04
1.442000000000000000e+04
1.444100000000000000e+04
1.447900000000000000e+04
1.450300000000000000e+04
1.450800000000000000e+04
1.458300000000000000e+04
1.465900000000000000e+04
1.467900000000000000e+04
1.471800000000000000e+04
1.474200000000000000e+04
1.475500000000000000e+04
1.475700000000000000e+04
1.477400000000000000e+04
1.480700000000000000e+04
1.483600000000000000e+04
1.493300000000000000e+04
1.494500000000000000e+04
1.495600000000000000e+04
1.495700000000000000e+04
1.495800000000000000e+04
1.495900000000000000e+04
1.498800000000000000e+04
1.499600000000000000e+04
1.499700000000000000e+04
1.502500000000000000e+04
1.503200000000000000e+04
1.504400000000000000e+04
1.504500000000000000e+04
1.506200000000000000e+04
1.506900000000000000e+04
1.507600000000000000e+04
1.507800000000000000e+04
1.508000000000000000e+04
1.508100000000000000e+04
1.508900000000000000e+04
1.509400000000000000e+04
1.509800000000000000e+04
1.510100000000000000e+04
1.510300000000000000e+04
1.510400000000000000e+04
1.510600000000000000e+04
1.510700000000000000e+04
1.510800000000000000e+04
1.511300000000000000e+04
1.511600000000000000e+04
1.512100000000000000e+04
1.513000000000000000e+04
1.513200000000000000e+04
1.513300000000000000e+04
1.513400000000000000e+04
1.514000000000000000e+04
1.514100000000000000e+04
1.514400000000000000e+04
1.514500000000000000e+04
1.514600000000000000e+04
1.514800000000000000e+04
1.515600000000000000e+04
1.515700000000000000e+04
1.516300000000000000e+04
1.516400000000000000e+04
1.517100000000000000e+04
1.517200000000000000e+04
1.517300000000000000e+04
1.517400000000000000e+04
1.518200000000000000e+04
1.518700000000000000e+04
1.518800000000000000e+04
1.519400000000000000e+04
1.519700000000000000e+04
1.519800000000000000e+04
1.520400000000000000e+04
1.520500000000000000e+04
1.520600000000000000e+04
1.521000000000000000e+04
1.521400000000000000e+04
1.521600000000000000e+04
1.521900000000000000e+04
1.522300000000000000e+04
1.522700000000000000e+04
1.523400000000000000e+04
1.524100000000000000e+04
1.524400000000000000e+04
1.524600000000000000e+04
1.524800000000000000e+04
1.525500000000000000e+04
1.525800000000000000e+04
1.526200000000000000e+04
1.526500000000000000e+04
1.526700000000000000e+04
1.528500000000000000e+04
1.529800000000000000e+04
1.542400000000000000e+04
1.543400000000000000e+04
1.571700000000000000e+04
1.586600000000000000e+04
1.597400000000000000e+04
1.598600000000000000e+04
1.600200000000000000e+04
1.603800000000000000e+04
1.629300000000000000e+04
1.630700000000000000e+04
1.631100000000000000e+04
1.631200000000000000e+04
1.631500000000000000e+04
1.632000000000000000e+04
1.632900000000000000e+04
1.633100000000000000e+04
1.633700000000000000e+04
1.634400000000000000e+04
1.635000000000000000e+04
1.637300000000000000e+04
1.640200000000000000e+04
1.640600000000000000e+04
1.641100000000000000e+04
1.643100000000000000e+04
1.643400000000000000e+04
1.644700000000000000e+04
1.644800000000000000e+04
1.645700000000000000e+04
1.645800000000000000e+04
1.646800000000000000e+04
1.647500000000000000e+04
1.647700000000000000e+04
1.648000000000000000e+04
1.648200000000000000e+04
1.649300000000000000e+04
1.649400000000000000e+04
1.652400000000000000e+04
1.653000000000000000e+04
1.653200000000000000e+04
1.654000000000000000e+04
1.654100000000000000e+04
1.655400000000000000e+04
1.662400000000000000e+04
1.664400000000000000e+04
1.674400000000000000e+04
1.674800000000000000e+04
1.692100000000000000e+04
1.692500000000000000e+04
1.695200000000000000e+04
1.698200000000000000e+04
1.700200000000000000e+04
1.702800000000000000e+04
1.710000000000000000e+04
1.710600000000000000e+04
1.712700000000000000e+04
1.713300000000000000e+04
1.717800000000000000e+04
1.718400000000000000e+04
1.721500000000000000e+04
1.725300000000000000e+04
1.732400000000000000e+04
1.732600000000000000e+04
1.732700000000000000e+04
1.732900000000000000e+04
1.733400000000000000e+04
1.733500000000000000e+04
1.733600000000000000e+04
1.733700000000000000e+04
1.733800000000000000e+04
1.734100000000000000e+04
1.734400000000000000e+04
1.734900000000000000e+04
1.735400000000000000e+04
1.735500000000000000e+04
1.735800000000000000e+04
1.736800000000000000e+04
1.736900000000000000e+04
1.737000000000000000e+04
1.737200000000000000e+04
1.738400000000000000e+04
1.738600000000000000e+04
1.738700000000000000e+04
1.739100000000000000e+04
1.739200000000000000e+04
1.739600000000000000e+04
1.739700000000000000e+04
1.739900000000000000e+04
1.740100000000000000e+04
1.740200000000000000e+04
1.740500000000000000e+04
1.740600000000000000e+04
1.740700000000000000e+04
1.740800000000000000e+04
1.740900000000000000e+04
1.741000000000000000e+04
1.741200000000000000e+04
1.741400000000000000e+04
1.741500000000000000e+04
1.741700000000000000e+04
1.742000000000000000e+04
1.742100000000000000e+04
1.742200000000000000e+04
1.742500000000000000e+04
1.742700000000000000e+04
1.742800000000000000e+04
1.742900000000000000e+04
1.743200000000000000e+04
1.743400000000000000e+04
1.743500000000000000e+04
1.743600000000000000e+04
1.743800000000000000e+04
1.744000000000000000e+04
1.744200000000000000e+04
1.744300000000000000e+04
1.744800000000000000e+04
1.745400000000000000e+04
1.745600000000000000e+04
1.746000000000000000e+04
1.747000000000000000e+04
1.747700000000000000e+04
1.747800000000000000e+04
1.748500000000000000e+04
1.748700000000000000e+04
1.749100000000000000e+04
1.749500000000000000e+04
1.750000000000000000e+04
1.750200000000000000e+04
1.750600000000000000e+04
1.750700000000000000e+04
1.751300000000000000e+04
1.752800000000000000e+04
1.753100000000000000e+04
1.753200000000000000e+04
1.753300000000000000e+04
1.754100000000000000e+04
1.754200000000000000e+04
1.754400000000000000e+04
1.754800000000000000e+04
1.755200000000000000e+04
1.755600000000000000e+04
1.755700000000000000e+04
1.756300000000000000e+04
1.756700000000000000e+04
1.756800000000000000e+04
1.756900000000000000e+04
1.757600000000000000e+04
1.758300000000000000e+04
1.758400000000000000e+04
1.758800000000000000e+04
1.758900000000000000e+04
1.759000000000000000e+04
1.759100000000000000e+04
1.759200000000000000e+04
1.759300000000000000e+04
1.759400000000000000e+04
1.759600000000000000e+04
1.760200000000000000e+04
1.761500000000000000e+04
1.761600000000000000e+04
1.762000000000000000e+04
1.762300000000000000e+04
1.762400000000000000e+04
1.762500000000000000e+04
1.762700000000000000e+04
1.763000000000000000e+04
1.763100000000000000e+04
1.763600000000000000e+04
1.763700000000000000e+04
1.764200000000000000e+04
1.764300000000000000e+04
1.764700000000000000e+04
1.764900000000000000e+04
1.765500000000000000e+04
1.765600000000000000e+04
1.766000000000000000e+04
1.766300000000000000e+04
1.766700000000000000e+04
1.767500000000000000e+04
1.767800000000000000e+04
1.768000000000000000e+04
1.768600000000000000e+04
1.768700000000000000e+04
1.768900000000000000e+04
1.769000000000000000e+04
1.769100000000000000e+04
1.769300000000000000e+04
1.769600000000000000e+04
1.769900000000000000e+04
1.770100000000000000e+04
1.770200000000000000e+04
1.770300000000000000e+04
1.770600000000000000e+04
1.771000000000000000e+04
1.771200000000000000e+04
1.771300000000000000e+04
1.771400000000000000e+04
1.771600000000000000e+04
1.772000000000000000e+04
1.772200000000000000e+04
1.772400000000000000e+04
1.773300000000000000e+04
1.773800000000000000e+04
1.774500000000000000e+04
1.774700000000000000e+04
1.774900000000000000e+04
1.775000000000000000e+04
1.775100000000000000e+04
1.775200000000000000e+04
1.775500000000000000e+04
1.777300000000000000e+04
1.777900000000000000e+04
1.779500000000000000e+04
1.780000000000000000e+04
1.780300000000000000e+04
1.780700000000000000e+04
1.780800000000000000e+04
1.780900000000000000e+04
1.781200000000000000e+04
1.783000000000000000e+04
1.784000000000000000e+04
1.784100000000000000e+04
1.784700000000000000e+04
1.788200000000000000e+04
1.793600000000000000e+04
1.794500000000000000e+04
1.794900000000000000e+04
1.797100000000000000e+04
1.799200000000000000e+04
1.800100000000000000e+04
1.807200000000000000e+04
1.808100000000000000e+04
1.809000000000000000e+04
1.809700000000000000e+04
1.810700000000000000e+04
1.811800000000000000e+04
1.818700000000000000e+04
1.821600000000000000e+04
1.833700000000000000e+04
1.833900000000000000e+04
1.834200000000000000e+04
1.834300000000000000e+04
1.834400000000000000e+04
1.834600000000000000e+04
1.834800000000000000e+04
1.834900000000000000e+04
1.835000000000000000e+04
1.835100000000000000e+04
1.835400000000000000e+04
1.838300000000000000e+04
1.838500000000000000e+04
1.838600000000000000e+04
1.838700000000000000e+04
1.838800000000000000e+04
1.838900000000000000e+04
1.839000000000000000e+04
1.839100000000000000e+04
1.839300000000000000e+04
1.839400000000000000e+04
1.839600000000000000e+04
1.839800000000000000e+04
1.839900000000000000e+04
1.840100000000000000e+04
1.840200000000000000e+04
1.840400000000000000e+04
1.840700000000000000e+04
1.840800000000000000e+04
1.844200000000000000e+04
1.844500000000000000e+04
1.846000000000000000e+04
1.847300000000000000e+04
1.848100000000000000e+04
1.848200000000000000e+04
1.848400000000000000e+04
1.848500000000000000e+04
1.848600000000000000e+04
1.848700000000000000e+04
1.848800000000000000e+04
1.849100000000000000e+04
1.849300000000000000e+04
1.849600000000000000e+04
1.849800000000000000e+04
1.850200000000000000e+04
1.850300000000000000e+04
1.850600000000000000e+04
1.851800000000000000e+04
1.853500000000000000e+04
1.854300000000000000e+04
1.854700000000000000e+04
1.855500000000000000e+04
1.855900000000000000e+04
1.856600000000000000e+04
1.857600000000000000e+04
1.857700000000000000e+04
1.858000000000000000e+04
1.858400000000000000e+04
1.859100000000000000e+04
1.859900000000000000e+04
1.860400000000000000e+04
1.862000000000000000e+04
1.862100000000000000e+04
1.863800000000000000e+04
1.863900000000000000e+04
1.865200000000000000e+04
1.866400000000000000e+04
1.868000000000000000e+04
1.868500000000000000e+04
1.869000000000000000e+04
1.869300000000000000e+04
1.869500000000000000e+04
1.869700000000000000e+04
1.870200000000000000e+04
1.870800000000000000e+04
1.871000000000000000e+04
1.871300000000000000e+04
1.872700000000000000e+04
1.873600000000000000e+04
1.883100000000000000e+04
1.883900000000000000e+04
1.884300000000000000e+04
1.898100000000000000e+04
1.902600000000000000e+04
1.903500000000000000e+04
1.913800000000000000e+04
1.915300000000000000e+04
1.917600000000000000e+04
1.918800000000000000e+04
1.922100000000000000e+04
1.925600000000000000e+04
1.926400000000000000e+04
1.927800000000000000e+04
1.928800000000000000e+04
1.929700000000000000e+04
1.929900000000000000e+04
1.930700000000000000e+04
1.931100000000000000e+04
1.931200000000000000e+04
1.931300000000000000e+04
1.931500000000000000e+04
1.932500000000000000e+04
1.933300000000000000e+04
1.934000000000000000e+04
1.934100000000000000e+04
1.934200000000000000e+04
1.935900000000000000e+04
1.937900000000000000e+04
1.938700000000000000e+04
1.938800000000000000e+04
1.939200000000000000e+04
1.939500000000000000e+04
1.955400000000000000e+04
1.955500000000000000e+04
1.956100000000000000e+04
1.958900000000000000e+04
1.959900000000000000e+04
1.960000000000000000e+04
1.960600000000000000e+04
1.960900000000000000e+04
1.961100000000000000e+04
1.961500000000000000e+04
1.961600000000000000e+04
1.962000000000000000e+04
1.965300000000000000e+04
1.988500000000000000e+04
1.989800000000000000e+04
1.991100000000000000e+04
1.992600000000000000e+04
1.997600000000000000e+04
1.997900000000000000e+04
2.001800000000000000e+04
2.003300000000000000e+04
2.003700000000000000e+04
2.003900000000000000e+04
2.022200000000000000e+04
2.022400000000000000e+04
2.022600000000000000e+04
2.023700000000000000e+04
2.023900000000000000e+04
2.024300000000000000e+04
2.024500000000000000e+04
2.024600000000000000e+04
2.025300000000000000e+04
2.026600000000000000e+04
2.027100000000000000e+04
2.027400000000000000e+04
2.027500000000000000e+04
2.027900000000000000e+04
2.028100000000000000e+04
2.029600000000000000e+04
2.030500000000000000e+04
2.030900000000000000e+04
2.031100000000000000e+04
2.032800000000000000e+04
2.035100000000000000e+04
2.035900000000000000e+04
2.036400000000000000e+04
2.037400000000000000e+04
2.039800000000000000e+04
2.040900000000000000e+04
2.043700000000000000e+04
2.046500000000000000e+04
2.047600000000000000e+04
2.047900000000000000e+04
2.049700000000000000e+04
2.050200000000000000e+04
2.051800000000000000e+04
2.053300000000000000e+04
2.056200000000000000e+04
2.082600000000000000e+04
2.099500000000000000e+04
2.100600000000000000e+04
2.102000000000000000e+04
2.103600000000000000e+04
2.103800000000000000e+04
2.104000000000000000e+04
2.104300000000000000e+04
2.111200000000000000e+04
2.112700000000000000e+04
2.113000000000000000e+04
2.127300000000000000e+04
2.148500000000000000e+04
2.148700000000000000e+04
2.148900000000000000e+04
2.152500000000000000e+04
2.154500000000000000e+04
2.155000000000000000e+04
2.155100000000000000e+04
2.155800000000000000e+04
2.156000000000000000e+04
2.156100000000000000e+04
2.157800000000000000e+04
2.159100000000000000e+04
2.160700000000000000e+04
2.161800000000000000e+04
2.162100000000000000e+04
2.185700000000000000e+04
2.187000000000000000e+04
2.187400000000000000e+04
2.188000000000000000e+04
2.199300000000000000e+04
2.207700000000000000e+04
2.208200000000000000e+04
2.209000000000000000e+04
2.209300000000000000e+04
2.213600000000000000e+04
2.214600000000000000e+04
2.224000000000000000e+04
2.243200000000000000e+04
2.244500000000000000e+04
2.244800000000000000e+04
2.244900000000000000e+04
2.245400000000000000e+04
2.245600000000000000e+04
2.246000000000000000e+04
2.246600000000000000e+04
2.246800000000000000e+04
2.260500000000000000e+04
2.261300000000000000e+04
2.261900000000000000e+04
2.262500000000000000e+04
2.263200000000000000e+04
2.263300000000000000e+04
2.266000000000000000e+04
2.266800000000000000e+04
2.269200000000000000e+04
2.269400000000000000e+04
2.269500000000000000e+04
2.269600000000000000e+04
2.269700000000000000e+04
2.269800000000000000e+04
2.269900000000000000e+04
2.270000000000000000e+04
2.270200000000000000e+04
2.270300000000000000e+04
2.270500000000000000e+04
2.270600000000000000e+04
2.270800000000000000e+04
2.270900000000000000e+04
2.271100000000000000e+04
2.271200000000000000e+04
2.271800000000000000e+04
2.271900000000000000e+04
2.272200000000000000e+04
2.276700000000000000e+04
2.277300000000000000e+04
2.285500000000000000e+04
2.301400000000000000e+04
2.301900000000000000e+04
2.311900000000000000e+04
2.312700000000000000e+04
2.317100000000000000e+04
2.317200000000000000e+04
2.319000000000000000e+04
2.319200000000000000e+04
2.319500000000000000e+04
2.319700000000000000e+04
2.320400000000000000e+04
2.324900000000000000e+04
2.328500000000000000e+04
2.336700000000000000e+04
2.336800000000000000e+04
2.337200000000000000e+04
2.337300000000000000e+04
2.337800000000000000e+04
2.337900000000000000e+04
2.338500000000000000e+04
2.338600000000000000e+04
2.338800000000000000e+04
2.338900000000000000e+04
2.339300000000000000e+04
2.339600000000000000e+04
2.339800000000000000e+04
2.340400000000000000e+04
2.340800000000000000e+04
2.341000000000000000e+04
2.341200000000000000e+04
2.346700000000000000e+04
2.347000000000000000e+04
2.356200000000000000e+04
2.356600000000000000e+04
2.360500000000000000e+04
2.368100000000000000e+04
2.368200000000000000e+04
2.368600000000000000e+04
2.371700000000000000e+04
2.371800000000000000e+04
2.371900000000000000e+04
2.375700000000000000e+04
2.376000000000000000e+04
2.376100000000000000e+04
2.376900000000000000e+04
2.377900000000000000e+04
2.378600000000000000e+04
2.394300000000000000e+04
2.395100000000000000e+04
2.398900000000000000e+04
2.399300000000000000e+04
2.399500000000000000e+04
2.400000000000000000e+04
2.401300000000000000e+04
2.401600000000000000e+04
2.401900000000000000e+04
2.402600000000000000e+04
2.402900000000000000e+04
2.403000000000000000e+04
2.403200000000000000e+04
2.403300000000000000e+04
2.424700000000000000e+04
2.432800000000000000e+04
2.439200000000000000e+04
2.443500000000000000e+04
2.444400000000000000e+04
2.448300000000000000e+04
2.451300000000000000e+04
2.451500000000000000e+04
2.456100000000000000e+04
2.456600000000000000e+04
2.461900000000000000e+04
2.470000000000000000e+04
2.470700000000000000e+04
2.474400000000000000e+04
2.478000000000000000e+04
2.478100000000000000e+04
2.478200000000000000e+04
2.478500000000000000e+04
2.482100000000000000e+04
2.482400000000000000e+04
2.483900000000000000e+04
2.484300000000000000e+04
2.487000000000000000e+04
2.489000000000000000e+04
2.489200000000000000e+04
2.489300000000000000e+04
2.489400000000000000e+04
2.489500000000000000e+04
2.489600000000000000e+04
2.490000000000000000e+04
2.499500000000000000e+04
2.499600000000000000e+04
2.499700000000000000e+04
2.499900000000000000e+04
2.500100000000000000e+04
2.500600000000000000e+04
2.504100000000000000e+04
2.516000000000000000e+04
2.516700000000000000e+04
2.517700000000000000e+04
2.518600000000000000e+04
2.520700000000000000e+04
2.523700000000000000e+04
2.523800000000000000e+04
2.526000000000000000e+04
2.526400000000000000e+04
2.526700000000000000e+04
2.528600000000000000e+04
2.528800000000000000e+04
2.529900000000000000e+04
2.532900000000000000e+04
2.533100000000000000e+04
2.533400000000000000e+04
2.534100000000000000e+04
2.535000000000000000e+04
2.535500000000000000e+04
2.535900000000000000e+04
2.538500000000000000e+04
2.542100000000000000e+04
2.542500000000000000e+04
2.544100000000000000e+04
2.545600000000000000e+04
2.546700000000000000e+04
2.546800000000000000e+04
2.552500000000000000e+04
2.556000000000000000e+04
2.559700000000000000e+04
2.560800000000000000e+04
2.563500000000000000e+04
2.566100000000000000e+04
2.566300000000000000e+04
2.566500000000000000e+04
2.568100000000000000e+04
2.570800000000000000e+04
2.571500000000000000e+04
2.571600000000000000e+04
2.573300000000000000e+04
2.573900000000000000e+04
2.574700000000000000e+04
2.574800000000000000e+04
2.576100000000000000e+04
2.576900000000000000e+04
2.578900000000000000e+04
2.579300000000000000e+04
2.586600000000000000e+04
2.586700000000000000e+04
2.586900000000000000e+04
2.588600000000000000e+04
2.590100000000000000e+04
2.590200000000000000e+04
2.590900000000000000e+04
2.591100000000000000e+04
2.591200000000000000e+04
2.591600000000000000e+04
2.592700000000000000e+04
2.593400000000000000e+04
2.593500000000000000e+04
2.593600000000000000e+04
2.593800000000000000e+04
2.593900000000000000e+04
2.594000000000000000e+04
2.594100000000000000e+04
2.594200000000000000e+04
2.597800000000000000e+04
2.600500000000000000e+04
2.601200000000000000e+04
2.601400000000000000e+04
2.601500000000000000e+04
2.601700000000000000e+04
2.601800000000000000e+04
2.603700000000000000e+04
2.603800000000000000e+04
2.603900000000000000e+04
2.604000000000000000e+04
2.604100000000000000e+04
2.606500000000000000e+04
2.606600000000000000e+04
2.609000000000000000e+04
2.613900000000000000e+04
2.616400000000000000e+04
2.616500000000000000e+04
2.616600000000000000e+04
2.616700000000000000e+04
2.621100000000000000e+04
2.630800000000000000e+04
2.646500000000000000e+04
2.657100000000000000e+04
2.659300000000000000e+04
2.674500000000000000e+04
2.675700000000000000e+04
2.677500000000000000e+04
2.678500000000000000e+04
2.678800000000000000e+04
2.679500000000000000e+04
2.681400000000000000e+04
2.685900000000000000e+04
2.686300000000000000e+04
2.686400000000000000e+04
2.686600000000000000e+04
2.686800000000000000e+04
2.688500000000000000e+04
2.700200000000000000e+04
2.701000000000000000e+04
2.702300000000000000e+04
2.705000000000000000e+04
2.706300000000000000e+04
2.708400000000000000e+04
2.712100000000000000e+04
2.712700000000000000e+04
2.715200000000000000e+04
2.715500000000000000e+04
2.716400000000000000e+04
2.718500000000000000e+04
2.719900000000000000e+04
2.720300000000000000e+04
2.720500000000000000e+04
2.721200000000000000e+04
2.722000000000000000e+04
2.722500000000000000e+04
2.722800000000000000e+04
2.723100000000000000e+04
2.725600000000000000e+04
2.725800000000000000e+04
2.727400000000000000e+04
2.732700000000000000e+04
2.736700000000000000e+04
2.740700000000000000e+04
2.744400000000000000e+04
2.745100000000000000e+04
2.755100000000000000e+04
2.758900000000000000e+04
2.763100000000000000e+04
2.763400000000000000e+04
2.764200000000000000e+04
2.771600000000000000e+04
2.772500000000000000e+04
2.772700000000000000e+04
2.774400000000000000e+04
2.778700000000000000e+04
2.778900000000000000e+04
2.779200000000000000e+04
2.779500000000000000e+04
2.779700000000000000e+04
2.780900000000000000e+04
2.781300000000000000e+04
2.781400000000000000e+04
2.781600000000000000e+04
2.781800000000000000e+04
2.782600000000000000e+04
2.783000000000000000e+04
2.783400000000000000e+04
2.783600000000000000e+04
2.785100000000000000e+04
2.790200000000000000e+04
2.804900000000000000e+04
2.810000000000000000e+04
2.811500000000000000e+04
2.812900000000000000e+04
2.814600000000000000e+04
2.816500000000000000e+04
2.816600000000000000e+04
2.817300000000000000e+04
2.818000000000000000e+04
2.821900000000000000e+04
2.824000000000000000e+04
2.825100000000000000e+04
2.826600000000000000e+04
2.829100000000000000e+04
2.830200000000000000e+04
2.831700000000000000e+04
2.836000000000000000e+04
2.836900000000000000e+04
2.856700000000000000e+04
2.859300000000000000e+04
2.861300000000000000e+04
2.863800000000000000e+04
2.863900000000000000e+04
2.868200000000000000e+04
2.869500000000000000e+04
2.869900000000000000e+04
2.870000000000000000e+04
2.872500000000000000e+04
2.874000000000000000e+04
2.875200000000000000e+04
2.875300000000000000e+04
2.876200000000000000e+04
2.877900000000000000e+04
2.879400000000000000e+04
2.880500000000000000e+04
2.880700000000000000e+04
2.881100000000000000e+04
2.882500000000000000e+04
2.883900000000000000e+04
2.884100000000000000e+04
2.884700000000000000e+04
2.885200000000000000e+04
2.886500000000000000e+04
2.886700000000000000e+04
2.886900000000000000e+04
2.920600000000000000e+04
2.935800000000000000e+04
2.936000000000000000e+04
2.936700000000000000e+04
2.937200000000000000e+04
2.938200000000000000e+04
2.938900000000000000e+04
2.940600000000000000e+04
2.943200000000000000e+04
2.943400000000000000e+04
2.944100000000000000e+04
2.950600000000000000e+04
2.959000000000000000e+04
2.960800000000000000e+04
2.965200000000000000e+04
2.966300000000000000e+04
2.967700000000000000e+04
2.968200000000000000e+04
2.968900000000000000e+04
2.970900000000000000e+04
2.972300000000000000e+04
2.973600000000000000e+04
2.979800000000000000e+04
2.980500000000000000e+04
2.982800000000000000e+04
2.984800000000000000e+04
2.990400000000000000e+04
3.008600000000000000e+04
3.011600000000000000e+04
3.011900000000000000e+04
3.012800000000000000e+04
3.014600000000000000e+04
3.015400000000000000e+04
3.017700000000000000e+04
3.017900000000000000e+04
3.018400000000000000e+04
3.019300000000000000e+04
3.020100000000000000e+04
3.022000000000000000e+04
3.022100000000000000e+04
3.023700000000000000e+04
3.024800000000000000e+04
3.025100000000000000e+04
3.034100000000000000e+04
3.038200000000000000e+04
3.038700000000000000e+04
3.039500000000000000e+04
3.041200000000000000e+04
3.045100000000000000e+04
3.062100000000000000e+04
3.075900000000000000e+04
3.076200000000000000e+04
3.077700000000000000e+04
3.078100000000000000e+04
3.086200000000000000e+04
3.095200000000000000e+04
3.095400000000000000e+04
3.104600000000000000e+04
3.118800000000000000e+04
3.119800000000000000e+04
3.119900000000000000e+04
3.124800000000000000e+04
3.126800000000000000e+04
3.127000000000000000e+04
3.127100000000000000e+04
3.127400000000000000e+04
3.127600000000000000e+04
3.127700000000000000e+04
3.128100000000000000e+04
3.128300000000000000e+04
3.128500000000000000e+04
3.128900000000000000e+04
3.129400000000000000e+04
3.129600000000000000e+04
3.130900000000000000e+04
3.149400000000000000e+04
3.150800000000000000e+04
3.152100000000000000e+04
3.152600000000000000e+04
3.152700000000000000e+04
3.158700000000000000e+04
3.158800000000000000e+04
3.159100000000000000e+04
3.159400000000000000e+04
3.159800000000000000e+04
3.159900000000000000e+04
3.160200000000000000e+04
3.160400000000000000e+04
3.161000000000000000e+04
3.161700000000000000e+04
3.162800000000000000e+04
3.163300000000000000e+04
3.163900000000000000e+04
3.164000000000000000e+04
3.176800000000000000e+04
3.177400000000000000e+04
3.177500000000000000e+04
3.177800000000000000e+04
3.177900000000000000e+04
3.178500000000000000e+04
3.178900000000000000e+04
3.179000000000000000e+04
3.179300000000000000e+04
3.179600000000000000e+04
3.179700000000000000e+04
3.180100000000000000e+04
3.180400000000000000e+04
3.180600000000000000e+04
3.180700000000000000e+04
3.180800000000000000e+04
3.183200000000000000e+04
3.183600000000000000e+04
3.183700000000000000e+04
3.184000000000000000e+04
3.184100000000000000e+04
3.184500000000000000e+04
3.184600000000000000e+04
3.185100000000000000e+04
3.185300000000000000e+04
3.185400000000000000e+04
3.185700000000000000e+04
3.191100000000000000e+04
3.191200000000000000e+04
3.192200000000000000e+04
3.195400000000000000e+04
3.195500000000000000e+04
3.196300000000000000e+04
3.196600000000000000e+04
3.197900000000000000e+04
3.198000000000000000e+04
3.198100000000000000e+04
3.199200000000000000e+04
3.199300000000000000e+04
3.199600000000000000e+04
3.201600000000000000e+04
3.203000000000000000e+04
3.203300000000000000e+04
3.203400000000000000e+04
3.203600000000000000e+04
3.203800000000000000e+04
3.203900000000000000e+04
3.204100000000000000e+04
3.204200000000000000e+04
3.207100000000000000e+04
3.207400000000000000e+04
3.208900000000000000e+04
3.211000000000000000e+04
3.211200000000000000e+04
3.211900000000000000e+04
3.212300000000000000e+04
3.218300000000000000e+04
3.218800000000000000e+04
3.220100000000000000e+04
3.220300000000000000e+04
3.223000000000000000e+04
3.223200000000000000e+04
3.225600000000000000e+04
3.226500000000000000e+04
3.226800000000000000e+04
3.227100000000000000e+04
3.227500000000000000e+04
3.227900000000000000e+04
3.228000000000000000e+04
3.228500000000000000e+04
3.228600000000000000e+04
3.228900000000000000e+04
3.229100000000000000e+04
3.239300000000000000e+04
3.245600000000000000e+04
3.253500000000000000e+04
3.259400000000000000e+04
3.264000000000000000e+04
3.270400000000000000e+04
3.270500000000000000e+04
3.270900000000000000e+04
3.271700000000000000e+04
3.271900000000000000e+04
3.272200000000000000e+04
3.272300000000000000e+04
3.272400000000000000e+04
3.272500000000000000e+04
3.272600000000000000e+04
3.273200000000000000e+04
3.273400000000000000e+04
3.273500000000000000e+04
3.273600000000000000e+04
3.273700000000000000e+04
3.273900000000000000e+04
3.274100000000000000e+04
3.274200000000000000e+04
3.274500000000000000e+04
3.274600000000000000e+04
3.274900000000000000e+04
3.275200000000000000e+04
3.275300000000000000e+04
3.275800000000000000e+04
3.276000000000000000e+04
3.276300000000000000e+04
3.279900000000000000e+04
3.283500000000000000e+04
3.287400000000000000e+04
3.294700000000000000e+04
3.295300000000000000e+04
3.297600000000000000e+04
3.298300000000000000e+04
3.308600000000000000e+04
3.316400000000000000e+04
3.316700000000000000e+04
3.317200000000000000e+04
3.317500000000000000e+04
3.318800000000000000e+04
3.319800000000000000e+04
3.319900000000000000e+04
3.320000000000000000e+04
3.320400000000000000e+04
3.323600000000000000e+04
3.333500000000000000e+04
3.335200000000000000e+04
3.336800000000000000e+04
3.338300000000000000e+04
3.339900000000000000e+04
3.340300000000000000e+04
3.341000000000000000e+04
3.344300000000000000e+04
3.344600000000000000e+04
3.345800000000000000e+04
3.346400000000000000e+04
3.348100000000000000e+04
3.348500000000000000e+04
3.348900000000000000e+04
3.349200000000000000e+04
3.349400000000000000e+04
3.350100000000000000e+04
3.350900000000000000e+04
3.351400000000000000e+04
3.351900000000000000e+04
3.352400000000000000e+04
3.352500000000000000e+04
3.353600000000000000e+04
3.353900000000000000e+04
3.358000000000000000e+04
3.359600000000000000e+04
3.360100000000000000e+04
3.364900000000000000e+04
3.365400000000000000e+04
3.370800000000000000e+04
3.372300000000000000e+04
3.372800000000000000e+04
3.377300000000000000e+04
3.380500000000000000e+04
3.394400000000000000e+04
3.396200000000000000e+04
3.397800000000000000e+04
3.406100000000000000e+04
3.406300000000000000e+04
3.407400000000000000e+04
3.407500000000000000e+04
3.408200000000000000e+04
3.409200000000000000e+04
3.409300000000000000e+04
3.409400000000000000e+04
3.409500000000000000e+04
3.409700000000000000e+04
3.417900000000000000e+04
3.419800000000000000e+04
3.419900000000000000e+04
3.420400000000000000e+04
3.420700000000000000e+04
3.421400000000000000e+04
3.423000000000000000e+04
3.423200000000000000e+04
3.423600000000000000e+04
3.423700000000000000e+04
3.424000000000000000e+04
3.424300000000000000e+04
3.424400000000000000e+04
3.424900000000000000e+04
3.428200000000000000e+04
3.428400000000000000e+04
3.428500000000000000e+04
3.428700000000000000e+04
3.429000000000000000e+04
3.429900000000000000e+04
3.430200000000000000e+04
3.430500000000000000e+04
3.432300000000000000e+04
3.432400000000000000e+04
3.433200000000000000e+04
3.433700000000000000e+04
3.435100000000000000e+04
3.435300000000000000e+04
3.435400000000000000e+04
3.435800000000000000e+04
3.436400000000000000e+04
3.437000000000000000e+04
3.437300000000000000e+04
3.437400000000000000e+04
3.437600000000000000e+04
3.439300000000000000e+04
3.441700000000000000e+04
3.442200000000000000e+04
3.442300000000000000e+04
3.444200000000000000e+04
3.444400000000000000e+04
3.446300000000000000e+04
3.447200000000000000e+04
3.447500000000000000e+04
3.449000000000000000e+04
3.449300000000000000e+04
3.449400000000000000e+04
3.450300000000000000e+04
3.450600000000000000e+04
3.451400000000000000e+04
3.451600000000000000e+04
3.452000000000000000e+04
3.452200000000000000e+04
3.456300000000000000e+04
3.458200000000000000e+04
3.459200000000000000e+04
3.459800000000000000e+04
3.459900000000000000e+04
3.460100000000000000e+04
3.460300000000000000e+04
3.460400000000000000e+04
3.460500000000000000e+04
3.460600000000000000e+04
3.460800000000000000e+04
3.461000000000000000e+04
3.461100000000000000e+04
3.461200000000000000e+04
3.461300000000000000e+04
3.461400000000000000e+04
3.461500000000000000e+04
3.461600000000000000e+04
3.461700000000000000e+04
3.461900000000000000e+04
3.462000000000000000e+04
3.462200000000000000e+04
3.462400000000000000e+04
3.462500000000000000e+04
3.462600000000000000e+04
3.462700000000000000e+04
3.462800000000000000e+04
3.462900000000000000e+04
3.463100000000000000e+04
3.463200000000000000e+04
3.463300000000000000e+04
3.463400000000000000e+04
3.463500000000000000e+04
3.463600000000000000e+04
3.463700000000000000e+04
3.463800000000000000e+04
3.463900000000000000e+04
3.464000000000000000e+04
3.464100000000000000e+04
3.464200000000000000e+04
3.464300000000000000e+04
3.464400000000000000e+04
3.464500000000000000e+04
3.464700000000000000e+04
3.464900000000000000e+04
3.465000000000000000e+04
3.465100000000000000e+04
3.465200000000000000e+04
3.465300000000000000e+04
3.465400000000000000e+04
3.465500000000000000e+04
3.465600000000000000e+04
3.465700000000000000e+04
3.465800000000000000e+04
3.465900000000000000e+04
3.466000000000000000e+04
3.466100000000000000e+04
3.466200000000000000e+04
3.466300000000000000e+04
3.466400000000000000e+04
3.466500000000000000e+04
3.466700000000000000e+04
3.466800000000000000e+04
3.466900000000000000e+04
3.467000000000000000e+04
3.467100000000000000e+04
3.467200000000000000e+04
3.467300000000000000e+04
3.467400000000000000e+04
3.467500000000000000e+04
3.467600000000000000e+04
3.467700000000000000e+04
3.467800000000000000e+04
3.467900000000000000e+04
3.468100000000000000e+04
3.468300000000000000e+04
3.468400000000000000e+04
3.468500000000000000e+04
3.468600000000000000e+04
3.468700000000000000e+04
3.468800000000000000e+04
3.468900000000000000e+04
3.469000000000000000e+04
3.469100000000000000e+04
3.469200000000000000e+04
3.469300000000000000e+04
3.469400000000000000e+04
3.469500000000000000e+04
3.474000000000000000e+04
3.475800000000000000e+04
3.476500000000000000e+04
3.476700000000000000e+04
3.478100000000000000e+04
3.480000000000000000e+04
3.483200000000000000e+04
3.483400000000000000e+04
3.484000000000000000e+04
3.484100000000000000e+04
3.487600000000000000e+04
3.502800000000000000e+04
3.503100000000000000e+04
3.503600000000000000e+04
3.504800000000000000e+04
3.509500000000000000e+04
3.515200000000000000e+04
3.516500000000000000e+04
3.519700000000000000e+04
3.520400000000000000e+04
3.522600000000000000e+04
3.522700000000000000e+04
3.523000000000000000e+04
3.530100000000000000e+04
3.530700000000000000e+04
3.531600000000000000e+04
3.531700000000000000e+04
3.533700000000000000e+04
3.533800000000000000e+04
3.533900000000000000e+04
3.534200000000000000e+04
3.534300000000000000e+04
3.536200000000000000e+04
3.536300000000000000e+04
3.537800000000000000e+04
3.538400000000000000e+04
3.541500000000000000e+04
3.544200000000000000e+04
3.544400000000000000e+04
3.544600000000000000e+04
3.548100000000000000e+04
3.550400000000000000e+04
3.551100000000000000e+04
3.551300000000000000e+04
3.554200000000000000e+04
3.556200000000000000e+04
3.558700000000000000e+04
3.559000000000000000e+04
3.559300000000000000e+04
3.562100000000000000e+04
3.563200000000000000e+04
3.563400000000000000e+04
3.563800000000000000e+04
3.565300000000000000e+04
3.565500000000000000e+04
3.565700000000000000e+04
3.565800000000000000e+04
3.567200000000000000e+04
3.567700000000000000e+04
3.568200000000000000e+04
3.569000000000000000e+04
3.569200000000000000e+04
3.572600000000000000e+04
3.572700000000000000e+04
3.578000000000000000e+04
3.578100000000000000e+04
3.582900000000000000e+04
3.584200000000000000e+04
3.584600000000000000e+04
3.584900000000000000e+04
3.592000000000000000e+04
3.626700000000000000e+04
3.652700000000000000e+04
3.720900000000000000e+04
3.731700000000000000e+04
3.792300000000000000e+04
3.817500000000000000e+04
3.824100000000000000e+04
3.830200000000000000e+04
3.839300000000000000e+04
3.840300000000000000e+04
3.862900000000000000e+04
3.865600000000000000e+04
3.866300000000000000e+04
3.867800000000000000e+04
3.888000000000000000e+04
3.888300000000000000e+04
3.889100000000000000e+04
3.889200000000000000e+04
3.892000000000000000e+04
3.892900000000000000e+04
3.893700000000000000e+04
3.893900000000000000e+04
3.894100000000000000e+04
3.894200000000000000e+04
3.894500000000000000e+04
3.894600000000000000e+04
3.899300000000000000e+04
3.902200000000000000e+04
3.902400000000000000e+04
3.902800000000000000e+04
3.902900000000000000e+04
3.904000000000000000e+04
3.904100000000000000e+04
3.904200000000000000e+04
3.904300000000000000e+04
3.905100000000000000e+04
3.905300000000000000e+04
3.910900000000000000e+04
3.911000000000000000e+04
3.911500000000000000e+04
3.912700000000000000e+04
3.916100000000000000e+04
3.916300000000000000e+04
3.916400000000000000e+04
3.916500000000000000e+04
3.916600000000000000e+04
3.916700000000000000e+04
3.919200000000000000e+04
3.919900000000000000e+04
3.921200000000000000e+04
3.921300000000000000e+04
3.921600000000000000e+04
3.935400000000000000e+04
3.935600000000000000e+04
3.935700000000000000e+04
3.935900000000000000e+04
3.936000000000000000e+04
3.936100000000000000e+04
3.936400000000000000e+04
3.972800000000000000e+04
3.997800000000000000e+04
3.998200000000000000e+04
3.998900000000000000e+04
3.999300000000000000e+04
3.999500000000000000e+04
3.999600000000000000e+04
3.999800000000000000e+04
4.000000000000000000e+04
4.000100000000000000e+04
4.000200000000000000e+04
4.000500000000000000e+04
4.000800000000000000e+04
4.000900000000000000e+04
4.001000000000000000e+04
4.001200000000000000e+04
4.001400000000000000e+04
4.001500000000000000e+04
4.001600000000000000e+04
4.001800000000000000e+04
4.002000000000000000e+04
4.003500000000000000e+04
4.008300000000000000e+04
4.009300000000000000e+04
4.009500000000000000e+04
4.010100000000000000e+04
4.018400000000000000e+04
4.038500000000000000e+04
4.044900000000000000e+04
4.047700000000000000e+04
4.050100000000000000e+04
4.050500000000000000e+04
4.050600000000000000e+04
4.050700000000000000e+04
4.050800000000000000e+04
4.050900000000000000e+04
4.051000000000000000e+04
4.051100000000000000e+04
4.053600000000000000e+04
4.053800000000000000e+04
4.055700000000000000e+04
4.056600000000000000e+04
4.057900000000000000e+04
4.069400000000000000e+04
4.101800000000000000e+04
4.104000000000000000e+04
4.107300000000000000e+04
4.109800000000000000e+04
4.110200000000000000e+04
4.111000000000000000e+04
4.113100000000000000e+04
4.115700000000000000e+04
4.117000000000000000e+04
4.120900000000000000e+04
4.121600000000000000e+04
4.124100000000000000e+04
4.125000000000000000e+04
4.125700000000000000e+04
4.126400000000000000e+04
4.130900000000000000e+04
4.136900000000000000e+04
4.137800000000000000e+04
4.138800000000000000e+04
4.139900000000000000e+04
4.140800000000000000e+04
4.147200000000000000e+04
4.148000000000000000e+04
4.149100000000000000e+04
4.150900000000000000e+04
