1.000000000000000000e+01
3.400000000000000000e+01
7.000000000000000000e+01
1.020000000000000000e+02
1.030000000000000000e+02
1.160000000000000000e+02
1.330000000000000000e+02
1.500000000000000000e+02
1.630000000000000000e+02
1.700000000000000000e+02
1.830000000000000000e+02
1.840000000000000000e+02
1.850000000000000000e+02
2.050000000000000000e+02
2.060000000000000000e+02
2.150000000000000000e+02
2.170000000000000000e+02
2.190000000000000000e+02
2.240000000000000000e+02
2.320000000000000000e+02
2.520000000000000000e+02
2.770000000000000000e+02
3.450000000000000000e+02
3.490000000000000000e+02
3.500000000000000000e+02
3.510000000000000000e+02
3.540000000000000000e+02
3.800000000000000000e+02
4.250000000000000000e+02
4.290000000000000000e+02
4.450000000000000000e+02
4.620000000000000000e+02
4.800000000000000000e+02
5.460000000000000000e+02
5.590000000000000000e+02
5.630000000000000000e+02
6.100000000000000000e+02
6.210000000000000000e+02
6.390000000000000000e+02
6.620000000000000000e+02
6.690000000000000000e+02
6.890000000000000000e+02
7.000000000000000000e+02
7.140000000000000000e+02
7.280000000000000000e+02
7.410000000000000000e+02
7.690000000000000000e+02
7.860000000000000000e+02
8.020000000000000000e+02
8.130000000000000000e+02
8.280000000000000000e+02
8.340000000000000000e+02
8.350000000000000000e+02
8.390000000000000000e+02
8.510000000000000000e+02
8.530000000000000000e+02
8.570000000000000000e+02
8.600000000000000000e+02
8.850000000000000000e+02
8.890000000000000000e+02
9.180000000000000000e+02
9.200000000000000000e+02
9.830000000000000000e+02
9.850000000000000000e+02
1.010000000000000000e+03
1.014000000000000000e+03
1.029000000000000000e+03
1.035000000000000000e+03
1.100000000000000000e+03
1.101000000000000000e+03
1.115000000000000000e+03
1.126000000000000000e+03
1.134000000000000000e+03
1.138000000000000000e+03
1.139000000000000000e+03
1.147000000000000000e+03
1.172000000000000000e+03
1.190000000000000000e+03
1.191000000000000000e+03
1.257000000000000000e+03
1.264000000000000000e+03
1.267000000000000000e+03
1.279000000000000000e+03
1.345000000000000000e+03
1.348000000000000000e+03
1.359000000000000000e+03
1.363000000000000000e+03
1.402000000000000000e+03
1.405000000000000000e+03
1.445000000000000000e+03
1.458000000000000000e+03
1.520000000000000000e+03
1.617000000000000000e+03
1.648000000000000000e+03
1.650000000000000000e+03
1.676000000000000000e+03
1.772000000000000000e+03
1.794000000000000000e+03
1.837000000000000000e+03
1.845000000000000000e+03
1.870000000000000000e+03
1.891000000000000000e+03
1.907000000000000000e+03
1.925000000000000000e+03
1.957000000000000000e+03
2.008000000000000000e+03
2.071000000000000000e+03
2.080000000000000000e+03
2.160000000000000000e+03
2.189000000000000000e+03
2.216000000000000000e+03
2.242000000000000000e+03
2.287000000000000000e+03
2.289000000000000000e+03
2.308000000000000000e+03
2.320000000000000000e+03
2.442000000000000000e+03
2.523000000000000000e+03
2.540000000000000000e+03
2.571000000000000000e+03
2.589000000000000000e+03
2.616000000000000000e+03
2.625000000000000000e+03
2.637000000000000000e+03
2.661000000000000000e+03
2.675000000000000000e+03
2.682000000000000000e+03
2.700000000000000000e+03
2.714000000000000000e+03
2.720000000000000000e+03
2.728000000000000000e+03
2.738000000000000000e+03
2.762000000000000000e+03
2.769000000000000000e+03
2.849000000000000000e+03
2.890000000000000000e+03
2.896000000000000000e+03
2.918000000000000000e+03
2.919000000000000000e+03
2.922000000000000000e+03
2.965000000000000000e+03
2.966000000000000000e+03
3.060000000000000000e+03
3.107000000000000000e+03
3.149000000000000000e+03
3.153000000000000000e+03
3.178000000000000000e+03
3.179000000000000000e+03
3.191000000000000000e+03
3.207000000000000000e+03
3.220000000000000000e+03
3.237000000000000000e+03
3.249000000000000000e+03
3.255000000000000000e+03
3.343000000000000000e+03
3.368000000000000000e+03
3.474000000000000000e+03
3.484000000000000000e+03
3.504000000000000000e+03
3.537000000000000000e+03
3.549000000000000000e+03
3.551000000000000000e+03
3.559000000000000000e+03
3.560000000000000000e+03
3.562000000000000000e+03
3.579000000000000000e+03
3.580000000000000000e+03
3.597000000000000000e+03
3.604000000000000000e+03
3.614000000000000000e+03
3.629000000000000000e+03
3.632000000000000000e+03
3.634000000000000000e+03
3.660000000000000000e+03
3.674000000000000000e+03
3.678000000000000000e+03
3.681000000000000000e+03
3.683000000000000000e+03
3.687000000000000000e+03
3.689000000000000000e+03
3.699000000000000000e+03
3.700000000000000000e+03
3.706000000000000000e+03
3.714000000000000000e+03
3.725000000000000000e+03
3.731000000000000000e+03
3.737000000000000000e+03
3.750000000000000000e+03
3.758000000000000000e+03
3.764000000000000000e+03
3.775000000000000000e+03
3.777000000000000000e+03
3.782000000000000000e+03
3.790000000000000000e+03
3.802000000000000000e+03
3.947000000000000000e+03
3.948000000000000000e+03
3.959000000000000000e+03
3.979000000000000000e+03
3.990000000000000000e+03
4.020000000000000000e+03
4.226000000000000000e+03
4.254000000000000000e+03
4.301000000000000000e+03
4.339000000000000000e+03
4.363000000000000000e+03
4.375000000000000000e+03
4.380000000000000000e+03
4.399000000000000000e+03
4.406000000000000000e+03
4.407000000000000000e+03
4.411000000000000000e+03
4.416000000000000000e+03
4.419000000000000000e+03
4.423000000000000000e+03
4.431000000000000000e+03
4.435000000000000000e+03
4.440000000000000000e+03
4.455000000000000000e+03
4.473000000000000000e+03
4.484000000000000000e+03
4.504000000000000000e+03
4.517000000000000000e+03
4.519000000000000000e+03
4.529000000000000000e+03
4.530000000000000000e+03
4.536000000000000000e+03
4.539000000000000000e+03
4.540000000000000000e+03
4.545000000000000000e+03
4.546000000000000000e+03
4.559000000000000000e+03
4.563000000000000000e+03
4.574000000000000000e+03
4.582000000000000000e+03
4.590000000000000000e+03
4.597000000000000000e+03
4.605000000000000000e+03
4.607000000000000000e+03
4.611000000000000000e+03
4.615000000000000000e+03
4.616000000000000000e+03
4.633000000000000000e+03
4.642000000000000000e+03
4.647000000000000000e+03
4.649000000000000000e+03
4.658000000000000000e+03
4.660000000000000000e+03
4.683000000000000000e+03
4.689000000000000000e+03
4.700000000000000000e+03
4.704000000000000000e+03
4.724000000000000000e+03
4.726000000000000000e+03
4.729000000000000000e+03
4.730000000000000000e+03
4.734000000000000000e+03
4.756000000000000000e+03
4.817000000000000000e+03
4.826000000000000000e+03
4.828000000000000000e+03
4.833000000000000000e+03
4.857000000000000000e+03
4.874000000000000000e+03
4.915000000000000000e+03
4.991000000000000000e+03
5.011000000000000000e+03
5.026000000000000000e+03
5.075000000000000000e+03
5.146000000000000000e+03
5.198000000000000000e+03
5.276000000000000000e+03
5.281000000000000000e+03
5.288000000000000000e+03
5.292000000000000000e+03
5.309000000000000000e+03
5.331000000000000000e+03
5.334000000000000000e+03
5.407000000000000000e+03
5.419000000000000000e+03
5.459000000000000000e+03
5.461000000000000000e+03
5.463000000000000000e+03
5.467000000000000000e+03
5.468000000000000000e+03
5.476000000000000000e+03
5.501000000000000000e+03
5.662000000000000000e+03
5.667000000000000000e+03
5.669000000000000000e+03
5.675000000000000000e+03
5.723000000000000000e+03
5.739000000000000000e+03
5.756000000000000000e+03
5.766000000000000000e+03
5.775000000000000000e+03
5.780000000000000000e+03
5.812000000000000000e+03
5.815000000000000000e+03
5.872000000000000000e+03
5.882000000000000000e+03
5.907000000000000000e+03
5.954000000000000000e+03
5.963000000000000000e+03
5.980000000000000000e+03
5.983000000000000000e+03
5.987000000000000000e+03
5.991000000000000000e+03
5.992000000000000000e+03
5.993000000000000000e+03
6.005000000000000000e+03
6.012000000000000000e+03
6.049000000000000000e+03
6.091000000000000000e+03
6.103000000000000000e+03
6.106000000000000000e+03
6.112000000000000000e+03
6.113000000000000000e+03
6.139000000000000000e+03
6.196000000000000000e+03
6.255000000000000000e+03
6.285000000000000000e+03
6.305000000000000000e+03
6.325000000000000000e+03
6.384000000000000000e+03
6.393000000000000000e+03
6.415000000000000000e+03
6.431000000000000000e+03
6.438000000000000000e+03
6.441000000000000000e+03
6.449000000000000000e+03
6.465000000000000000e+03
6.498000000000000000e+03
6.507000000000000000e+03
6.557000000000000000e+03
6.560000000000000000e+03
6.583000000000000000e+03
6.595000000000000000e+03
6.622000000000000000e+03
6.634000000000000000e+03
6.640000000000000000e+03
6.647000000000000000e+03
6.649000000000000000e+03
6.668000000000000000e+03
6.676000000000000000e+03
6.726000000000000000e+03
6.748000000000000000e+03
6.800000000000000000e+03
6.861000000000000000e+03
6.871000000000000000e+03
6.878000000000000000e+03
6.882000000000000000e+03
6.901000000000000000e+03
6.977000000000000000e+03
7.004000000000000000e+03
7.006000000000000000e+03
7.007000000000000000e+03
7.035000000000000000e+03
7.086000000000000000e+03
7.089000000000000000e+03
7.096000000000000000e+03
7.119000000000000000e+03
7.139000000000000000e+03
7.180000000000000000e+03
7.194000000000000000e+03
7.201000000000000000e+03
7.211000000000000000e+03
7.318000000000000000e+03
7.323000000000000000e+03
7.348000000000000000e+03
7.366000000000000000e+03
7.489000000000000000e+03
7.538000000000000000e+03
7.544000000000000000e+03
7.558000000000000000e+03
7.584000000000000000e+03
7.590000000000000000e+03
7.621000000000000000e+03
7.623000000000000000e+03
7.626000000000000000e+03
7.635000000000000000e+03
7.652000000000000000e+03
7.673000000000000000e+03
7.764000000000000000e+03
7.777000000000000000e+03
7.783000000000000000e+03
7.834000000000000000e+03
7.835000000000000000e+03
7.837000000000000000e+03
7.839000000000000000e+03
7.854000000000000000e+03
8.031000000000000000e+03
8.065000000000000000e+03
8.139000000000000000e+03
8.142000000000000000e+03
8.143000000000000000e+03
8.153000000000000000e+03
8.217000000000000000e+03
8.236000000000000000e+03
8.253000000000000000e+03
8.296000000000000000e+03
8.347000000000000000e+03
8.355000000000000000e+03
8.363000000000000000e+03
8.398000000000000000e+03
8.466000000000000000e+03
8.470000000000000000e+03
8.532000000000000000e+03
8.541000000000000000e+03
8.546000000000000000e+03
8.556000000000000000e+03
8.589000000000000000e+03
8.610000000000000000e+03
8.627000000000000000e+03
8.644000000000000000e+03
8.650000000000000000e+03
8.652000000000000000e+03
8.662000000000000000e+03
8.694000000000000000e+03
8.696000000000000000e+03
8.697000000000000000e+03
8.701000000000000000e+03
8.709000000000000000e+03
8.714000000000000000e+03
8.715000000000000000e+03
8.717000000000000000e+03
8.726000000000000000e+03
8.727000000000000000e+03
8.738000000000000000e+03
8.749000000000000000e+03
8.752000000000000000e+03
8.781000000000000000e+03
8.812000000000000000e+03
8.813000000000000000e+03
8.830000000000000000e+03
8.874000000000000000e+03
8.876000000000000000e+03
8.895000000000000000e+03
8.915000000000000000e+03
8.934000000000000000e+03
8.941000000000000000e+03
9.014000000000000000e+03
9.039000000000000000e+03
9.044000000000000000e+03
9.057000000000000000e+03
9.078000000000000000e+03
9.080000000000000000e+03
9.087000000000000000e+03
9.124000000000000000e+03
9.136000000000000000e+03
9.172000000000000000e+03
9.176000000000000000e+03
9.223000000000000000e+03
9.268000000000000000e+03
9.335000000000000000e+03
9.349000000000000000e+03
9.366000000000000000e+03
9.396000000000000000e+03
9.410000000000000000e+03
9.425000000000000000e+03
9.434000000000000000e+03
9.442000000000000000e+03
9.474000000000000000e+03
9.512000000000000000e+03
9.516000000000000000e+03
9.523000000000000000e+03
9.532000000000000000e+03
9.533000000000000000e+03
9.539000000000000000e+03
9.542000000000000000e+03
9.571000000000000000e+03
9.572000000000000000e+03
9.591000000000000000e+03
9.600000000000000000e+03
9.615000000000000000e+03
9.640000000000000000e+03
9.648000000000000000e+03
9.664000000000000000e+03
9.689000000000000000e+03
9.699000000000000000e+03
9.713000000000000000e+03
9.719000000000000000e+03
9.727000000000000000e+03
9.738000000000000000e+03
9.741000000000000000e+03
9.768000000000000000e+03
9.806000000000000000e+03
9.808000000000000000e+03
9.817000000000000000e+03
9.823000000000000000e+03
9.854000000000000000e+03
9.863000000000000000e+03
9.864000000000000000e+03
9.876000000000000000e+03
9.903000000000000000e+03
9.952000000000000000e+03
9.974000000000000000e+03
9.977000000000000000e+03
9.997000000000000000e+03
1.004700000000000000e+04
1.006100000000000000e+04
1.006400000000000000e+04
1.008800000000000000e+04
1.010500000000000000e+04
1.014500000000000000e+04
1.024000000000000000e+04
1.026600000000000000e+04
1.026700000000000000e+04
1.028200000000000000e+04
1.029800000000000000e+04
1.030200000000000000e+04
1.030700000000000000e+04
1.031300000000000000e+04
1.031700000000000000e+04
1.034000000000000000e+04
1.035900000000000000e+04
1.036800000000000000e+04
1.037500000000000000e+04
1.037700000000000000e+04
1.038000000000000000e+04
1.038300000000000000e+04
1.039200000000000000e+04
1.039500000000000000e+04
1.039800000000000000e+04
1.039900000000000000e+04
1.042100000000000000e+04
1.042500000000000000e+04
1.043200000000000000e+04
1.044200000000000000e+04
1.047300000000000000e+04
1.050100000000000000e+04
1.051400000000000000e+04
1.052100000000000000e+04
1.053200000000000000e+04
1.054200000000000000e+04
1.055800000000000000e+04
1.057700000000000000e+04
1.057800000000000000e+04
1.057900000000000000e+04
1.058300000000000000e+04
1.058800000000000000e+04
1.059400000000000000e+04
1.063000000000000000e+04
1.066300000000000000e+04
1.067500000000000000e+04
1.070500000000000000e+04
1.084800000000000000e+04
1.087400000000000000e+04
1.096600000000000000e+04
1.112900000000000000e+04
1.142000000000000000e+04
1.148600000000000000e+04
1.151100000000000000e+04
1.152600000000000000e+04
1.163600000000000000e+04
1.204500000000000000e+04
1.268100000000000000e+04
1.367500000000000000e+04
1.369400000000000000e+04
1.369600000000000000e+04
1.373100000000000000e+04
1.375800000000000000e+04
1.378700000000000000e+04
1.379300000000000000e+04
1.383600000000000000e+04
1.385200000000000000e+04
1.394100000000000000e+04
1.395000000000000000e+04
1.405300000000000000e+04
1.410800000000000000e+04
1.420000000000000000e+04
1.420600000000000000e+04
1.422400000000000000e+04
1.422500000000000000e+04
1.434100000000000000e+04
1.455400000000000000e+04
1.456300000000000000e+04
1.457700000000000000e+04
1.459500000000000000e+04
1.460900000000000000e+04
1.484800000000000000e+04
1.485100000000000000e+04
1.486700000000000000e+04
1.489100000000000000e+04
1.491700000000000000e+04
1.493500000000000000e+04
1.493600000000000000e+04
1.493700000000000000e+04
1.493800000000000000e+04
1.494600000000000000e+04
1.494700000000000000e+04
1.494800000000000000e+04
1.494900000000000000e+04
1.498000000000000000e+04
1.500500000000000000e+04
1.511800000000000000e+04
1.532600000000000000e+04
1.535800000000000000e+04
1.536000000000000000e+04
1.536400000000000000e+04
1.536800000000000000e+04
1.537600000000000000e+04
1.538600000000000000e+04
1.542200000000000000e+04
1.547000000000000000e+04
1.558200000000000000e+04
1.572300000000000000e+04
1.575900000000000000e+04
1.576900000000000000e+04
1.583100000000000000e+04
1.585000000000000000e+04
1.586100000000000000e+04
1.586300000000000000e+04
1.590000000000000000e+04
1.594000000000000000e+04
1.594300000000000000e+04
1.602800000000000000e+04
1.604100000000000000e+04
1.607100000000000000e+04
1.607300000000000000e+04
1.609600000000000000e+04
1.613300000000000000e+04
1.613800000000000000e+04
1.614200000000000000e+04
1.615000000000000000e+04
1.616600000000000000e+04
1.629600000000000000e+04
1.631000000000000000e+04
1.633400000000000000e+04
1.640400000000000000e+04
1.646000000000000000e+04
1.651900000000000000e+04
1.654300000000000000e+04
1.655800000000000000e+04
1.663000000000000000e+04
1.663500000000000000e+04
1.666400000000000000e+04
1.667600000000000000e+04
1.667800000000000000e+04
1.668900000000000000e+04
1.670000000000000000e+04
1.670100000000000000e+04
1.670300000000000000e+04
1.674700000000000000e+04
1.675400000000000000e+04
1.675700000000000000e+04
1.676400000000000000e+04
1.676700000000000000e+04
1.677800000000000000e+04
1.678300000000000000e+04
1.679200000000000000e+04
1.679900000000000000e+04
1.681500000000000000e+04
1.682600000000000000e+04
1.682700000000000000e+04
1.682900000000000000e+04
1.683000000000000000e+04
1.683200000000000000e+04
1.683300000000000000e+04
1.683600000000000000e+04
1.683900000000000000e+04
1.684000000000000000e+04
1.684300000000000000e+04
1.684400000000000000e+04
1.684500000000000000e+04
1.684700000000000000e+04
1.684800000000000000e+04
1.684900000000000000e+04
1.685100000000000000e+04
1.685200000000000000e+04
1.685300000000000000e+04
1.685400000000000000e+04
1.685500000000000000e+04
1.685600000000000000e+04
1.687400000000000000e+04
1.687700000000000000e+04
1.723300000000000000e+04
1.730700000000000000e+04
1.763800000000000000e+04
1.766600000000000000e+04
1.767700000000000000e+04
1.770900000000000000e+04
1.772700000000000000e+04
1.783900000000000000e+04
1.786200000000000000e+04
1.804800000000000000e+04
1.815300000000000000e+04
1.816300000000000000e+04
1.818800000000000000e+04
1.818900000000000000e+04
1.842700000000000000e+04
1.842800000000000000e+04
1.842900000000000000e+04
1.843000000000000000e+04
1.843400000000000000e+04
1.889000000000000000e+04
1.895200000000000000e+04
1.903000000000000000e+04
1.903700000000000000e+04
1.903800000000000000e+04
1.906000000000000000e+04
1.926200000000000000e+04
1.927300000000000000e+04
1.928600000000000000e+04
1.930000000000000000e+04
1.939100000000000000e+04
1.942900000000000000e+04
1.944200000000000000e+04
1.946000000000000000e+04
1.949400000000000000e+04
1.950100000000000000e+04
1.950500000000000000e+04
1.952800000000000000e+04
1.960100000000000000e+04
1.966900000000000000e+04
1.969000000000000000e+04
1.970900000000000000e+04
1.971300000000000000e+04
1.972100000000000000e+04
1.972700000000000000e+04
1.972900000000000000e+04
1.973200000000000000e+04
1.973500000000000000e+04
1.980100000000000000e+04
1.980900000000000000e+04
1.981700000000000000e+04
1.981800000000000000e+04
1.982400000000000000e+04
1.983300000000000000e+04
1.985600000000000000e+04
1.987600000000000000e+04
1.988200000000000000e+04
1.988700000000000000e+04
1.990600000000000000e+04
1.990800000000000000e+04
1.991300000000000000e+04
1.992500000000000000e+04
1.993700000000000000e+04
1.997400000000000000e+04
1.997700000000000000e+04
1.998100000000000000e+04
1.998600000000000000e+04
1.999200000000000000e+04
1.999900000000000000e+04
2.000100000000000000e+04
2.000700000000000000e+04
2.000900000000000000e+04
2.005000000000000000e+04
2.005700000000000000e+04
2.032500000000000000e+04
2.034000000000000000e+04
2.038900000000000000e+04
2.042800000000000000e+04
2.054300000000000000e+04
2.055300000000000000e+04
2.072900000000000000e+04
2.075100000000000000e+04
2.077100000000000000e+04
2.079000000000000000e+04
2.085400000000000000e+04
2.098600000000000000e+04
2.102500000000000000e+04
2.108200000000000000e+04
2.113600000000000000e+04
2.124000000000000000e+04
2.124700000000000000e+04
2.124800000000000000e+04
2.124900000000000000e+04
2.127500000000000000e+04
2.129900000000000000e+04
2.130000000000000000e+04
2.130200000000000000e+04
2.130300000000000000e+04
2.130500000000000000e+04
2.130600000000000000e+04
2.130700000000000000e+04
2.130900000000000000e+04
2.131000000000000000e+04
2.131100000000000000e+04
2.131500000000000000e+04
2.131700000000000000e+04
2.131900000000000000e+04
2.154100000000000000e+04
2.154600000000000000e+04
2.158700000000000000e+04
2.159700000000000000e+04
2.185200000000000000e+04
2.186400000000000000e+04
2.196600000000000000e+04
2.202700000000000000e+04
2.208600000000000000e+04
2.209200000000000000e+04
2.213000000000000000e+04
2.213200000000000000e+04
2.214700000000000000e+04
2.241400000000000000e+04
2.249600000000000000e+04
2.260000000000000000e+04
2.281300000000000000e+04
2.281400000000000000e+04
2.281800000000000000e+04
2.282100000000000000e+04
2.282600000000000000e+04
2.283000000000000000e+04
2.284500000000000000e+04
2.285900000000000000e+04
2.294800000000000000e+04
2.295200000000000000e+04
2.295600000000000000e+04
2.307500000000000000e+04
2.307600000000000000e+04
2.308800000000000000e+04
2.308900000000000000e+04
2.315200000000000000e+04
2.320000000000000000e+04
2.328700000000000000e+04
2.330900000000000000e+04
2.331000000000000000e+04
2.333500000000000000e+04
2.333600000000000000e+04
2.333900000000000000e+04
2.334500000000000000e+04
2.358700000000000000e+04
2.361000000000000000e+04
2.376800000000000000e+04
2.378200000000000000e+04
2.384900000000000000e+04
2.385100000000000000e+04
2.386000000000000000e+04
2.403800000000000000e+04
2.403900000000000000e+04
2.407200000000000000e+04
2.417300000000000000e+04
2.432300000000000000e+04
2.432400000000000000e+04
2.438400000000000000e+04
2.438500000000000000e+04
2.438600000000000000e+04
2.442000000000000000e+04
2.465000000000000000e+04
2.473000000000000000e+04
2.504900000000000000e+04
2.511100000000000000e+04
2.520500000000000000e+04
2.533500000000000000e+04
2.535400000000000000e+04
2.538700000000000000e+04
2.541000000000000000e+04
2.550600000000000000e+04
2.555400000000000000e+04
2.566700000000000000e+04
2.572500000000000000e+04
2.578100000000000000e+04
2.585200000000000000e+04
2.585500000000000000e+04
2.586500000000000000e+04
2.588500000000000000e+04
2.591900000000000000e+04
2.602600000000000000e+04
2.608100000000000000e+04
2.611700000000000000e+04
2.612900000000000000e+04
2.613200000000000000e+04
2.615200000000000000e+04
2.621800000000000000e+04
2.622400000000000000e+04
2.624000000000000000e+04
2.628600000000000000e+04
2.628700000000000000e+04
2.630700000000000000e+04
2.632800000000000000e+04
2.635600000000000000e+04
2.636400000000000000e+04
2.638600000000000000e+04
2.639400000000000000e+04
2.639600000000000000e+04
2.641100000000000000e+04
2.644400000000000000e+04
2.646900000000000000e+04
2.647700000000000000e+04
2.651700000000000000e+04
2.654300000000000000e+04
2.655200000000000000e+04
2.657300000000000000e+04
2.669700000000000000e+04
2.669800000000000000e+04
2.670600000000000000e+04
2.671000000000000000e+04
2.671600000000000000e+04
2.671700000000000000e+04
2.672700000000000000e+04
2.673000000000000000e+04
2.678900000000000000e+04
2.679000000000000000e+04
2.683200000000000000e+04
2.689900000000000000e+04
2.690800000000000000e+04
2.691000000000000000e+04
2.692600000000000000e+04
2.696500000000000000e+04
2.697300000000000000e+04
2.700500000000000000e+04
2.703600000000000000e+04
2.706600000000000000e+04
2.713600000000000000e+04
2.719700000000000000e+04
2.719800000000000000e+04
2.733700000000000000e+04
2.735100000000000000e+04
2.736100000000000000e+04
2.739400000000000000e+04
2.741000000000000000e+04
2.746700000000000000e+04
2.746900000000000000e+04
2.748800000000000000e+04
2.749800000000000000e+04
2.751900000000000000e+04
2.752600000000000000e+04
2.753200000000000000e+04
2.753400000000000000e+04
2.753900000000000000e+04
2.756800000000000000e+04
2.757200000000000000e+04
2.757700000000000000e+04
2.758500000000000000e+04
2.759100000000000000e+04
2.766800000000000000e+04
2.769400000000000000e+04
2.770000000000000000e+04
2.770500000000000000e+04
2.780200000000000000e+04
2.784500000000000000e+04
2.784700000000000000e+04
2.785000000000000000e+04
2.832700000000000000e+04
2.880400000000000000e+04
2.882600000000000000e+04
2.887300000000000000e+04
2.890300000000000000e+04
2.930300000000000000e+04
2.932700000000000000e+04
2.934300000000000000e+04
2.934600000000000000e+04
2.934700000000000000e+04
2.934900000000000000e+04
2.947200000000000000e+04
2.947500000000000000e+04
2.950900000000000000e+04
2.951600000000000000e+04
2.951700000000000000e+04
2.952100000000000000e+04
2.953000000000000000e+04
2.953200000000000000e+04
2.957100000000000000e+04
2.960700000000000000e+04
2.982100000000000000e+04
2.992100000000000000e+04
2.992400000000000000e+04
2.992500000000000000e+04
2.995900000000000000e+04
2.996800000000000000e+04
2.999200000000000000e+04
3.004200000000000000e+04
3.004600000000000000e+04
3.006000000000000000e+04
3.006100000000000000e+04
3.008400000000000000e+04
3.010400000000000000e+04
3.010700000000000000e+04
3.011000000000000000e+04
3.011400000000000000e+04
3.024300000000000000e+04
3.024900000000000000e+04
3.025300000000000000e+04
3.032200000000000000e+04
3.032600000000000000e+04
3.032700000000000000e+04
3.033500000000000000e+04
3.034700000000000000e+04
3.036200000000000000e+04
3.038000000000000000e+04
3.042900000000000000e+04
3.057100000000000000e+04
3.058900000000000000e+04
3.068300000000000000e+04
3.084600000000000000e+04
3.088400000000000000e+04
3.089000000000000000e+04
3.089200000000000000e+04
3.089400000000000000e+04
3.089600000000000000e+04
3.089700000000000000e+04
3.090100000000000000e+04
3.090200000000000000e+04
3.090300000000000000e+04
3.091700000000000000e+04
3.091800000000000000e+04
3.097600000000000000e+04
3.099200000000000000e+04
3.102800000000000000e+04
3.104900000000000000e+04
3.105500000000000000e+04
3.108200000000000000e+04
3.120500000000000000e+04
3.123200000000000000e+04
3.123300000000000000e+04
3.123400000000000000e+04
3.132700000000000000e+04
3.133100000000000000e+04
3.133400000000000000e+04
3.134500000000000000e+04
3.134800000000000000e+04
3.135300000000000000e+04
3.135800000000000000e+04
3.143700000000000000e+04
3.143900000000000000e+04
3.144000000000000000e+04
3.145000000000000000e+04
3.146300000000000000e+04
3.147100000000000000e+04
3.153400000000000000e+04
3.155100000000000000e+04
3.157200000000000000e+04
3.160100000000000000e+04
3.170800000000000000e+04
3.171800000000000000e+04
3.175300000000000000e+04
3.176300000000000000e+04
3.187900000000000000e+04
3.197700000000000000e+04
3.217200000000000000e+04
3.218600000000000000e+04
3.220400000000000000e+04
3.220900000000000000e+04
3.223600000000000000e+04
3.224100000000000000e+04
3.225100000000000000e+04
3.239100000000000000e+04
3.239800000000000000e+04
3.241000000000000000e+04
3.241300000000000000e+04
3.241700000000000000e+04
3.242100000000000000e+04
3.242600000000000000e+04
3.243300000000000000e+04
3.243400000000000000e+04
3.243500000000000000e+04
3.243600000000000000e+04
3.254700000000000000e+04
3.255000000000000000e+04
3.255600000000000000e+04
3.271800000000000000e+04
3.276600000000000000e+04
3.276800000000000000e+04
3.277300000000000000e+04
3.280700000000000000e+04
3.281000000000000000e+04
3.304300000000000000e+04
3.304600000000000000e+04
3.312300000000000000e+04
3.313300000000000000e+04
3.315800000000000000e+04
3.322300000000000000e+04
3.331900000000000000e+04
3.365900000000000000e+04
3.378800000000000000e+04
3.379000000000000000e+04
3.388500000000000000e+04
3.389800000000000000e+04
3.389900000000000000e+04
3.394000000000000000e+04
3.397300000000000000e+04
3.398000000000000000e+04
3.403000000000000000e+04
3.404200000000000000e+04
3.411900000000000000e+04
3.416100000000000000e+04
3.440400000000000000e+04
3.456500000000000000e+04
3.471200000000000000e+04
3.471600000000000000e+04
3.471700000000000000e+04
3.471800000000000000e+04
3.473100000000000000e+04
3.473700000000000000e+04
3.474700000000000000e+04
3.477400000000000000e+04
3.484400000000000000e+04
3.508700000000000000e+04
3.508900000000000000e+04
3.510200000000000000e+04
3.512300000000000000e+04
3.513400000000000000e+04
3.535300000000000000e+04
3.547000000000000000e+04
3.572100000000000000e+04
3.574700000000000000e+04
3.575800000000000000e+04
3.579100000000000000e+04
3.579700000000000000e+04
3.580800000000000000e+04
3.584300000000000000e+04
3.605500000000000000e+04
3.605900000000000000e+04
3.620300000000000000e+04
3.626000000000000000e+04
3.626900000000000000e+04
3.636100000000000000e+04
3.636200000000000000e+04
3.636300000000000000e+04
3.639300000000000000e+04
3.641300000000000000e+04
3.643300000000000000e+04
3.644200000000000000e+04
3.644800000000000000e+04
3.646700000000000000e+04
3.647600000000000000e+04
3.648200000000000000e+04
3.648300000000000000e+04
3.648500000000000000e+04
3.648900000000000000e+04
3.651200000000000000e+04
3.652200000000000000e+04
3.721000000000000000e+04
3.724400000000000000e+04
3.724500000000000000e+04
3.727300000000000000e+04
3.734200000000000000e+04
3.734800000000000000e+04
3.737900000000000000e+04
3.738000000000000000e+04
3.738700000000000000e+04
3.765200000000000000e+04
3.783400000000000000e+04
3.784400000000000000e+04
3.784800000000000000e+04
3.786100000000000000e+04
3.789200000000000000e+04
3.804900000000000000e+04
3.806300000000000000e+04
3.831900000000000000e+04
3.841700000000000000e+04
3.871700000000000000e+04
3.882300000000000000e+04
3.882600000000000000e+04
3.886000000000000000e+04
3.886200000000000000e+04
3.886300000000000000e+04
3.886400000000000000e+04
3.886700000000000000e+04
3.886900000000000000e+04
3.887000000000000000e+04
3.890900000000000000e+04
3.894700000000000000e+04
3.904400000000000000e+04
3.909900000000000000e+04
3.913800000000000000e+04
3.918100000000000000e+04
3.920200000000000000e+04
3.929400000000000000e+04
3.942900000000000000e+04
3.943000000000000000e+04
3.943200000000000000e+04
3.943300000000000000e+04
3.947500000000000000e+04
3.949600000000000000e+04
3.949700000000000000e+04
3.949800000000000000e+04
3.949900000000000000e+04
3.950000000000000000e+04
3.950100000000000000e+04
3.950200000000000000e+04
3.950300000000000000e+04
3.950400000000000000e+04
3.950500000000000000e+04
3.950600000000000000e+04
3.951900000000000000e+04
3.952300000000000000e+04
3.955000000000000000e+04
3.957300000000000000e+04
3.957400000000000000e+04
3.957500000000000000e+04
3.957600000000000000e+04
3.957700000000000000e+04
3.957800000000000000e+04
3.957900000000000000e+04
3.958000000000000000e+04
3.958100000000000000e+04
3.958300000000000000e+04
3.968400000000000000e+04
3.969900000000000000e+04
3.983200000000000000e+04
3.985900000000000000e+04
3.998100000000000000e+04
3.998800000000000000e+04
4.011100000000000000e+04
4.016600000000000000e+04
4.016900000000000000e+04
4.019300000000000000e+04
4.019700000000000000e+04
4.019800000000000000e+04
4.020600000000000000e+04
4.024300000000000000e+04
4.030800000000000000e+04
4.031000000000000000e+04
4.032400000000000000e+04
4.033600000000000000e+04
4.033700000000000000e+04
4.034700000000000000e+04
4.038100000000000000e+04
4.046700000000000000e+04
4.054700000000000000e+04
4.055200000000000000e+04
4.055400000000000000e+04
4.056400000000000000e+04
4.057400000000000000e+04
4.057500000000000000e+04
4.058700000000000000e+04
4.059600000000000000e+04
4.061800000000000000e+04
4.068500000000000000e+04
4.068900000000000000e+04
4.069000000000000000e+04
4.069100000000000000e+04
4.089300000000000000e+04
4.090200000000000000e+04
4.090300000000000000e+04
4.093000000000000000e+04
4.093100000000000000e+04
4.093600000000000000e+04
4.093700000000000000e+04
4.093800000000000000e+04
4.093900000000000000e+04
4.094000000000000000e+04
4.094100000000000000e+04
4.094300000000000000e+04
4.094400000000000000e+04
4.094800000000000000e+04
4.094900000000000000e+04
4.095000000000000000e+04
4.095100000000000000e+04
4.095300000000000000e+04
4.104100000000000000e+04
4.111400000000000000e+04
4.112600000000000000e+04
4.113500000000000000e+04
4.114200000000000000e+04
4.119500000000000000e+04
4.124900000000000000e+04
4.128700000000000000e+04
4.129400000000000000e+04
4.132200000000000000e+04
4.133400000000000000e+04
4.134600000000000000e+04
4.135300000000000000e+04
4.136400000000000000e+04
4.136700000000000000e+04
4.141300000000000000e+04
4.144400000000000000e+04
4.145400000000000000e+04
4.148600000000000000e+04
4.152800000000000000e+04
4.154100000000000000e+04
