2.100000000000000000e+01
2.300000000000000000e+01
2.500000000000000000e+01
2.900000000000000000e+01
6.400000000000000000e+01
7.400000000000000000e+01
1.640000000000000000e+02
1.660000000000000000e+02
1.900000000000000000e+02
1.990000000000000000e+02
2.140000000000000000e+02
5.860000000000000000e+02
6.520000000000000000e+02
6.810000000000000000e+02
8.150000000000000000e+02
8.550000000000000000e+02
9.140000000000000000e+02
9.270000000000000000e+02
9.280000000000000000e+02
1.685000000000000000e+03
1.707000000000000000e+03
3.584000000000000000e+03
3.794000000000000000e+03
3.896000000000000000e+03
3.968000000000000000e+03
4.000000000000000000e+03
4.787000000000000000e+03
5.253000000000000000e+03
5.256000000000000000e+03
5.263000000000000000e+03
5.651000000000000000e+03
5.904000000000000000e+03
5.970000000000000000e+03
6.031000000000000000e+03
6.185000000000000000e+03
6.520000000000000000e+03
6.915000000000000000e+03
6.933000000000000000e+03
7.043000000000000000e+03
7.070000000000000000e+03
7.258000000000000000e+03
7.332000000000000000e+03
7.352000000000000000e+03
7.385000000000000000e+03
7.737000000000000000e+03
7.956000000000000000e+03
8.000000000000000000e+03
8.006000000000000000e+03
8.007000000000000000e+03
8.015000000000000000e+03
8.021000000000000000e+03
8.337000000000000000e+03
8.692000000000000000e+03
8.877000000000000000e+03
8.994000000000000000e+03
9.018000000000000000e+03
9.288000000000000000e+03
9.289000000000000000e+03
9.290000000000000000e+03
9.432000000000000000e+03
9.440000000000000000e+03
9.814000000000000000e+03
9.850000000000000000e+03
9.910000000000000000e+03
1.004900000000000000e+04
1.005300000000000000e+04
1.062400000000000000e+04
1.063100000000000000e+04
1.085200000000000000e+04
1.093500000000000000e+04
1.102100000000000000e+04
1.102200000000000000e+04
1.102300000000000000e+04
1.108100000000000000e+04
1.108400000000000000e+04
1.108500000000000000e+04
1.108600000000000000e+04
1.126000000000000000e+04
1.157200000000000000e+04
1.169100000000000000e+04
1.190800000000000000e+04
1.201600000000000000e+04
1.205400000000000000e+04
1.209300000000000000e+04
1.225200000000000000e+04
1.230000000000000000e+04
1.243200000000000000e+04
1.247000000000000000e+04
1.253000000000000000e+04
1.260700000000000000e+04
1.277100000000000000e+04
1.285400000000000000e+04
1.288100000000000000e+04
1.295600000000000000e+04
1.296800000000000000e+04
1.298400000000000000e+04
1.300200000000000000e+04
1.304400000000000000e+04
1.306600000000000000e+04
1.309000000000000000e+04
1.318900000000000000e+04
1.322600000000000000e+04
1.325100000000000000e+04
1.337100000000000000e+04
1.337500000000000000e+04
1.350100000000000000e+04
1.356400000000000000e+04
1.360400000000000000e+04
1.371900000000000000e+04
1.372000000000000000e+04
1.372100000000000000e+04
1.372200000000000000e+04
1.375300000000000000e+04
1.402700000000000000e+04
1.403600000000000000e+04
1.404400000000000000e+04
1.411200000000000000e+04
1.412700000000000000e+04
1.415600000000000000e+04
1.423600000000000000e+04
1.423700000000000000e+04
1.423800000000000000e+04
1.424400000000000000e+04
1.424500000000000000e+04
1.424900000000000000e+04
1.426200000000000000e+04
1.428500000000000000e+04
1.432100000000000000e+04
1.435100000000000000e+04
1.435200000000000000e+04
1.435500000000000000e+04
1.435600000000000000e+04
1.435900000000000000e+04
1.436900000000000000e+04
1.437300000000000000e+04
1.437500000000000000e+04
1.439200000000000000e+04
1.439300000000000000e+04
1.439400000000000000e+04
1.441400000000000000e+04
1.455900000000000000e+04
1.456000000000000000e+04
1.456200000000000000e+04
1.456600000000000000e+04
1.457100000000000000e+04
1.457200000000000000e+04
1.457400000000000000e+04
1.457500000000000000e+04
1.457600000000000000e+04
1.459000000000000000e+04
1.459300000000000000e+04
1.459400000000000000e+04
1.460300000000000000e+04
1.460700000000000000e+04
1.460800000000000000e+04
1.461400000000000000e+04
1.461600000000000000e+04
1.462000000000000000e+04
1.462200000000000000e+04
1.462800000000000000e+04
1.462900000000000000e+04
1.463200000000000000e+04
1.463700000000000000e+04
1.466400000000000000e+04
1.467600000000000000e+04
1.469700000000000000e+04
1.471200000000000000e+04
1.472300000000000000e+04
1.473300000000000000e+04
1.474600000000000000e+04
1.474700000000000000e+04
1.476000000000000000e+04
1.478200000000000000e+04
1.479500000000000000e+04
1.479600000000000000e+04
1.479900000000000000e+04
1.481000000000000000e+04
1.481100000000000000e+04
1.481200000000000000e+04
1.481300000000000000e+04
1.481400000000000000e+04
1.481500000000000000e+04
1.483300000000000000e+04
1.488800000000000000e+04
1.498900000000000000e+04
1.502700000000000000e+04
1.503300000000000000e+04
1.515000000000000000e+04
1.523900000000000000e+04
1.575200000000000000e+04
1.599200000000000000e+04
1.657400000000000000e+04
1.659600000000000000e+04
1.831400000000000000e+04
1.842600000000000000e+04
1.854500000000000000e+04
1.858800000000000000e+04
1.860200000000000000e+04
1.860300000000000000e+04
1.860700000000000000e+04
1.861500000000000000e+04
1.861800000000000000e+04
1.862300000000000000e+04
1.863400000000000000e+04
1.864300000000000000e+04
1.864800000000000000e+04
1.866300000000000000e+04
1.866500000000000000e+04
1.869100000000000000e+04
1.869600000000000000e+04
1.870400000000000000e+04
1.873100000000000000e+04
1.873500000000000000e+04
1.875900000000000000e+04
1.915700000000000000e+04
1.923700000000000000e+04
1.932100000000000000e+04
1.954500000000000000e+04
1.996000000000000000e+04
2.021000000000000000e+04
2.021400000000000000e+04
2.021600000000000000e+04
2.133300000000000000e+04
2.133400000000000000e+04
2.133600000000000000e+04
2.133700000000000000e+04
2.148800000000000000e+04
2.169600000000000000e+04
2.170400000000000000e+04
2.171000000000000000e+04
2.171500000000000000e+04
2.176900000000000000e+04
2.178300000000000000e+04
2.178900000000000000e+04
2.179400000000000000e+04
2.180100000000000000e+04
2.188800000000000000e+04
2.192800000000000000e+04
2.195700000000000000e+04
2.198000000000000000e+04
2.198100000000000000e+04
2.198400000000000000e+04
2.199700000000000000e+04
2.199900000000000000e+04
2.200000000000000000e+04
2.200100000000000000e+04
2.200200000000000000e+04
2.200300000000000000e+04
2.200400000000000000e+04
2.200500000000000000e+04
2.200600000000000000e+04
2.200700000000000000e+04
2.200900000000000000e+04
2.201100000000000000e+04
2.231400000000000000e+04
2.232000000000000000e+04
2.232100000000000000e+04
2.232500000000000000e+04
2.232800000000000000e+04
2.234900000000000000e+04
2.235000000000000000e+04
2.235900000000000000e+04
2.236300000000000000e+04
2.236500000000000000e+04
2.236600000000000000e+04
2.236700000000000000e+04
2.236900000000000000e+04
2.237600000000000000e+04
2.237900000000000000e+04
2.239000000000000000e+04
2.240300000000000000e+04
2.312900000000000000e+04
2.327900000000000000e+04
2.328000000000000000e+04
2.328100000000000000e+04
2.328400000000000000e+04
2.328900000000000000e+04
2.329100000000000000e+04
2.329200000000000000e+04
2.329600000000000000e+04
2.359900000000000000e+04
2.360200000000000000e+04
2.360800000000000000e+04
2.361100000000000000e+04
2.361400000000000000e+04
2.361600000000000000e+04
2.361700000000000000e+04
2.362400000000000000e+04
2.362500000000000000e+04
2.362700000000000000e+04
2.363400000000000000e+04
2.376600000000000000e+04
2.377200000000000000e+04
2.381200000000000000e+04
2.381800000000000000e+04
2.405400000000000000e+04
2.408900000000000000e+04
2.409200000000000000e+04
2.409400000000000000e+04
2.409600000000000000e+04
2.409700000000000000e+04
2.409900000000000000e+04
2.410000000000000000e+04
2.410100000000000000e+04
2.410300000000000000e+04
2.410400000000000000e+04
2.410700000000000000e+04
2.410800000000000000e+04
2.410900000000000000e+04
2.411200000000000000e+04
2.411300000000000000e+04
2.411400000000000000e+04
2.411500000000000000e+04
2.411900000000000000e+04
2.412000000000000000e+04
2.412100000000000000e+04
2.412200000000000000e+04
2.412300000000000000e+04
2.412500000000000000e+04
2.412600000000000000e+04
2.412800000000000000e+04
2.412900000000000000e+04
2.413000000000000000e+04
2.413200000000000000e+04
2.413500000000000000e+04
2.413700000000000000e+04
2.413900000000000000e+04
2.414100000000000000e+04
2.414200000000000000e+04
2.414300000000000000e+04
2.414600000000000000e+04
2.415000000000000000e+04
2.415100000000000000e+04
2.415200000000000000e+04
2.415300000000000000e+04
2.415600000000000000e+04
2.415700000000000000e+04
2.416400000000000000e+04
2.431600000000000000e+04
2.431700000000000000e+04
2.431800000000000000e+04
2.433200000000000000e+04
2.438300000000000000e+04
2.457600000000000000e+04
2.470100000000000000e+04
2.470300000000000000e+04
2.470900000000000000e+04
2.471100000000000000e+04
2.471300000000000000e+04
2.473900000000000000e+04
2.474000000000000000e+04
2.485000000000000000e+04
2.486300000000000000e+04
2.500000000000000000e+04
2.500200000000000000e+04
2.500300000000000000e+04
2.501100000000000000e+04
2.501200000000000000e+04
2.508500000000000000e+04
2.509400000000000000e+04
2.509600000000000000e+04
2.509800000000000000e+04
2.509900000000000000e+04
2.510600000000000000e+04
2.510700000000000000e+04
2.510800000000000000e+04
2.511800000000000000e+04
2.511900000000000000e+04
2.512100000000000000e+04
2.512600000000000000e+04
2.512700000000000000e+04
2.513500000000000000e+04
2.524900000000000000e+04
2.528900000000000000e+04
2.532700000000000000e+04
2.533000000000000000e+04
2.536900000000000000e+04
2.541300000000000000e+04
2.549900000000000000e+04
2.560100000000000000e+04
2.568900000000000000e+04
2.569000000000000000e+04
2.569100000000000000e+04
2.588700000000000000e+04
2.588800000000000000e+04
2.588900000000000000e+04
2.589000000000000000e+04
2.598100000000000000e+04
2.598200000000000000e+04
2.598300000000000000e+04
2.598400000000000000e+04
2.598500000000000000e+04
2.598600000000000000e+04
2.601900000000000000e+04
2.602000000000000000e+04
2.602200000000000000e+04
2.603000000000000000e+04
2.603100000000000000e+04
2.605400000000000000e+04
2.610500000000000000e+04
2.610700000000000000e+04
2.610800000000000000e+04
2.610900000000000000e+04
2.611000000000000000e+04
2.611100000000000000e+04
2.611200000000000000e+04
2.611300000000000000e+04
2.618300000000000000e+04
2.618400000000000000e+04
2.618500000000000000e+04
2.619900000000000000e+04
2.620000000000000000e+04
2.624100000000000000e+04
2.624200000000000000e+04
2.624300000000000000e+04
2.624400000000000000e+04
2.624500000000000000e+04
2.624600000000000000e+04
2.624800000000000000e+04
2.625100000000000000e+04
2.625200000000000000e+04
2.625300000000000000e+04
2.625400000000000000e+04
2.626600000000000000e+04
2.626800000000000000e+04
2.628300000000000000e+04
2.629800000000000000e+04
2.731200000000000000e+04
2.732000000000000000e+04
2.747300000000000000e+04
2.761000000000000000e+04
2.763700000000000000e+04
2.768400000000000000e+04
2.772600000000000000e+04
2.781100000000000000e+04
2.805800000000000000e+04
2.807600000000000000e+04
2.810900000000000000e+04
2.815600000000000000e+04
2.815900000000000000e+04
2.818200000000000000e+04
2.820000000000000000e+04
2.821600000000000000e+04
2.835300000000000000e+04
2.837200000000000000e+04
2.838900000000000000e+04
2.847000000000000000e+04
2.847600000000000000e+04
2.849000000000000000e+04
2.851700000000000000e+04
2.852500000000000000e+04
2.853100000000000000e+04
2.853800000000000000e+04
2.855100000000000000e+04
2.867300000000000000e+04
2.869100000000000000e+04
2.869200000000000000e+04
2.889300000000000000e+04
2.889600000000000000e+04
2.889800000000000000e+04
2.890600000000000000e+04
2.890700000000000000e+04
2.891000000000000000e+04
2.891400000000000000e+04
2.891600000000000000e+04
2.892600000000000000e+04
2.893100000000000000e+04
2.895700000000000000e+04
2.896700000000000000e+04
2.897500000000000000e+04
2.898300000000000000e+04
2.899900000000000000e+04
2.900500000000000000e+04
2.901200000000000000e+04
2.901300000000000000e+04
2.901600000000000000e+04
2.901900000000000000e+04
2.902400000000000000e+04
2.903900000000000000e+04
2.904100000000000000e+04
2.904700000000000000e+04
2.905600000000000000e+04
2.906000000000000000e+04
2.910700000000000000e+04
2.911300000000000000e+04
2.911700000000000000e+04
2.913900000000000000e+04
2.914000000000000000e+04
2.914100000000000000e+04
2.915200000000000000e+04
2.915700000000000000e+04
2.915800000000000000e+04
2.916000000000000000e+04
2.916200000000000000e+04
2.916600000000000000e+04
2.916700000000000000e+04
2.917100000000000000e+04
2.918800000000000000e+04
2.918900000000000000e+04
2.920400000000000000e+04
2.922000000000000000e+04
2.922500000000000000e+04
2.923000000000000000e+04
2.923700000000000000e+04
2.923900000000000000e+04
2.924700000000000000e+04
2.924800000000000000e+04
2.925000000000000000e+04
2.925200000000000000e+04
2.925300000000000000e+04
2.925400000000000000e+04
2.926400000000000000e+04
2.926700000000000000e+04
2.926800000000000000e+04
2.927000000000000000e+04
2.927200000000000000e+04
2.927600000000000000e+04
2.927900000000000000e+04
2.928000000000000000e+04
2.928300000000000000e+04
2.928400000000000000e+04
2.928700000000000000e+04
2.928800000000000000e+04
2.929200000000000000e+04
2.929300000000000000e+04
2.929400000000000000e+04
2.929800000000000000e+04
2.929900000000000000e+04
2.930000000000000000e+04
2.930100000000000000e+04
2.931400000000000000e+04
2.931500000000000000e+04
2.931600000000000000e+04
2.931800000000000000e+04
2.958300000000000000e+04
2.966600000000000000e+04
2.969600000000000000e+04
2.981500000000000000e+04
2.996600000000000000e+04
2.999700000000000000e+04
3.007000000000000000e+04
3.013500000000000000e+04
3.020200000000000000e+04
3.026000000000000000e+04
3.026100000000000000e+04
3.026400000000000000e+04
3.027800000000000000e+04
3.030100000000000000e+04
3.036900000000000000e+04
3.042000000000000000e+04
3.045300000000000000e+04
3.050900000000000000e+04
3.054500000000000000e+04
3.059800000000000000e+04
3.060300000000000000e+04
3.066000000000000000e+04
3.076700000000000000e+04
3.078600000000000000e+04
3.079000000000000000e+04
3.079100000000000000e+04
3.080000000000000000e+04
3.080300000000000000e+04
3.080800000000000000e+04
3.082100000000000000e+04
3.082900000000000000e+04
3.083600000000000000e+04
3.084100000000000000e+04
3.087300000000000000e+04
3.110900000000000000e+04
3.111000000000000000e+04
3.111100000000000000e+04
3.113200000000000000e+04
3.120900000000000000e+04
3.121400000000000000e+04
3.122800000000000000e+04
3.145400000000000000e+04
3.184300000000000000e+04
3.194300000000000000e+04
3.195300000000000000e+04
3.196700000000000000e+04
3.196800000000000000e+04
3.198400000000000000e+04
3.199400000000000000e+04
3.200300000000000000e+04
3.206100000000000000e+04
3.208000000000000000e+04
3.213800000000000000e+04
3.213900000000000000e+04
3.214000000000000000e+04
3.214100000000000000e+04
3.214200000000000000e+04
3.214300000000000000e+04
3.214400000000000000e+04
3.214500000000000000e+04
3.214600000000000000e+04
3.214800000000000000e+04
3.214900000000000000e+04
3.215000000000000000e+04
3.215200000000000000e+04
3.215300000000000000e+04
3.215400000000000000e+04
3.215500000000000000e+04
3.215600000000000000e+04
3.215700000000000000e+04
3.215800000000000000e+04
3.215900000000000000e+04
3.216000000000000000e+04
3.216100000000000000e+04
3.216400000000000000e+04
3.217700000000000000e+04
3.246100000000000000e+04
3.263100000000000000e+04
3.263700000000000000e+04
3.263900000000000000e+04
3.275500000000000000e+04
3.276200000000000000e+04
3.287300000000000000e+04
3.287800000000000000e+04
3.289200000000000000e+04
3.289300000000000000e+04
3.289400000000000000e+04
3.289800000000000000e+04
3.289900000000000000e+04
3.290400000000000000e+04
3.292500000000000000e+04
3.293500000000000000e+04
3.294000000000000000e+04
3.294300000000000000e+04
3.294900000000000000e+04
3.296200000000000000e+04
3.296500000000000000e+04
3.296600000000000000e+04
3.297700000000000000e+04
3.298600000000000000e+04
3.298800000000000000e+04
3.313700000000000000e+04
3.317100000000000000e+04
3.322700000000000000e+04
3.371400000000000000e+04
3.373200000000000000e+04
3.390800000000000000e+04
3.395300000000000000e+04
3.473400000000000000e+04
3.475600000000000000e+04
3.476100000000000000e+04
3.478200000000000000e+04
3.478900000000000000e+04
3.479300000000000000e+04
3.480200000000000000e+04
3.480900000000000000e+04
3.481200000000000000e+04
3.485700000000000000e+04
3.487100000000000000e+04
3.487800000000000000e+04
3.488800000000000000e+04
3.520600000000000000e+04
3.530600000000000000e+04
3.573700000000000000e+04
3.574800000000000000e+04
3.581800000000000000e+04
3.582600000000000000e+04
3.584500000000000000e+04
3.591200000000000000e+04
3.594000000000000000e+04
3.607000000000000000e+04
3.607600000000000000e+04
3.607700000000000000e+04
3.608000000000000000e+04
3.608100000000000000e+04
3.609200000000000000e+04
3.609500000000000000e+04
3.609700000000000000e+04
3.610900000000000000e+04
3.611200000000000000e+04
3.612100000000000000e+04
3.612200000000000000e+04
3.612900000000000000e+04
3.613000000000000000e+04
3.613700000000000000e+04
3.613800000000000000e+04
3.613900000000000000e+04
3.614000000000000000e+04
3.614500000000000000e+04
3.614800000000000000e+04
3.614900000000000000e+04
3.615300000000000000e+04
3.615400000000000000e+04
3.615600000000000000e+04
3.617500000000000000e+04
3.617900000000000000e+04
3.618100000000000000e+04
3.618200000000000000e+04
3.618300000000000000e+04
3.618500000000000000e+04
3.618600000000000000e+04
3.618800000000000000e+04
3.619000000000000000e+04
3.619400000000000000e+04
3.619800000000000000e+04
3.619900000000000000e+04
3.620100000000000000e+04
3.620600000000000000e+04
3.621500000000000000e+04
3.621900000000000000e+04
3.622300000000000000e+04
3.622900000000000000e+04
3.623000000000000000e+04
3.623100000000000000e+04
3.623500000000000000e+04
3.623700000000000000e+04
3.623900000000000000e+04
3.624000000000000000e+04
3.624200000000000000e+04
3.624300000000000000e+04
3.624800000000000000e+04
3.625100000000000000e+04
3.625200000000000000e+04
3.625400000000000000e+04
3.628500000000000000e+04
3.628700000000000000e+04
3.628800000000000000e+04
3.628900000000000000e+04
3.629100000000000000e+04
3.629500000000000000e+04
3.629900000000000000e+04
3.630400000000000000e+04
3.631200000000000000e+04
3.632100000000000000e+04
3.633000000000000000e+04
3.633200000000000000e+04
3.634100000000000000e+04
3.634400000000000000e+04
3.635000000000000000e+04
3.635900000000000000e+04
3.637900000000000000e+04
3.638000000000000000e+04
3.638400000000000000e+04
3.638800000000000000e+04
3.640700000000000000e+04
3.641200000000000000e+04
3.641900000000000000e+04
3.642100000000000000e+04
3.642200000000000000e+04
3.642800000000000000e+04
3.647200000000000000e+04
3.647500000000000000e+04
3.649100000000000000e+04
3.650100000000000000e+04
3.650500000000000000e+04
3.650800000000000000e+04
3.651500000000000000e+04
3.653700000000000000e+04
3.653900000000000000e+04
3.654500000000000000e+04
3.654800000000000000e+04
3.655200000000000000e+04
3.655300000000000000e+04
3.655400000000000000e+04
3.655500000000000000e+04
3.655800000000000000e+04
3.656500000000000000e+04
3.657400000000000000e+04
3.658200000000000000e+04
3.658400000000000000e+04
3.659100000000000000e+04
3.659400000000000000e+04
3.659600000000000000e+04
3.659800000000000000e+04
3.659900000000000000e+04
3.660000000000000000e+04
3.660700000000000000e+04
3.661100000000000000e+04
3.661300000000000000e+04
3.661600000000000000e+04
3.662400000000000000e+04
3.663200000000000000e+04
3.664000000000000000e+04
3.664300000000000000e+04
3.664900000000000000e+04
3.665500000000000000e+04
3.665700000000000000e+04
3.666100000000000000e+04
3.666800000000000000e+04
3.667400000000000000e+04
3.668300000000000000e+04
3.668800000000000000e+04
3.669000000000000000e+04
3.669700000000000000e+04
3.670600000000000000e+04
3.672000000000000000e+04
3.672200000000000000e+04
3.675300000000000000e+04
3.676100000000000000e+04
3.676300000000000000e+04
3.676900000000000000e+04
3.677200000000000000e+04
3.678300000000000000e+04
3.679400000000000000e+04
3.679600000000000000e+04
3.679900000000000000e+04
3.680000000000000000e+04
3.680200000000000000e+04
3.680800000000000000e+04
3.681900000000000000e+04
3.683500000000000000e+04
3.684300000000000000e+04
3.685400000000000000e+04
3.686200000000000000e+04
3.686700000000000000e+04
3.687500000000000000e+04
3.687700000000000000e+04
3.688300000000000000e+04
3.688500000000000000e+04
3.689100000000000000e+04
3.690100000000000000e+04
3.690400000000000000e+04
3.691900000000000000e+04
3.692100000000000000e+04
3.692900000000000000e+04
3.693300000000000000e+04
3.694000000000000000e+04
3.694100000000000000e+04
3.695200000000000000e+04
3.695500000000000000e+04
3.695700000000000000e+04
3.695800000000000000e+04
3.696100000000000000e+04
3.696200000000000000e+04
3.696400000000000000e+04
3.697100000000000000e+04
3.697200000000000000e+04
3.698400000000000000e+04
3.699000000000000000e+04
3.699100000000000000e+04
3.700400000000000000e+04
3.700600000000000000e+04
3.702200000000000000e+04
3.702800000000000000e+04
3.702900000000000000e+04
3.703300000000000000e+04
3.703700000000000000e+04
3.705200000000000000e+04
3.705500000000000000e+04
3.706200000000000000e+04
3.707000000000000000e+04
3.707200000000000000e+04
3.707600000000000000e+04
3.707900000000000000e+04
3.708200000000000000e+04
3.710600000000000000e+04
3.712100000000000000e+04
3.712200000000000000e+04
3.713100000000000000e+04
3.713200000000000000e+04
3.713400000000000000e+04
3.714300000000000000e+04
3.715400000000000000e+04
3.715900000000000000e+04
3.716000000000000000e+04
3.717100000000000000e+04
3.725400000000000000e+04
3.726100000000000000e+04
3.726300000000000000e+04
3.726600000000000000e+04
3.727000000000000000e+04
3.727100000000000000e+04
3.727400000000000000e+04
3.727500000000000000e+04
3.727800000000000000e+04
3.728100000000000000e+04
3.728600000000000000e+04
3.729200000000000000e+04
3.729600000000000000e+04
3.730400000000000000e+04
3.730800000000000000e+04
3.731500000000000000e+04
3.731900000000000000e+04
3.737400000000000000e+04
3.742300000000000000e+04
3.742600000000000000e+04
3.743700000000000000e+04
3.743900000000000000e+04
3.744100000000000000e+04
3.745400000000000000e+04
3.748000000000000000e+04
3.749500000000000000e+04
3.750300000000000000e+04
3.751900000000000000e+04
3.752700000000000000e+04
3.753500000000000000e+04
3.753600000000000000e+04
3.755200000000000000e+04
3.755400000000000000e+04
3.755600000000000000e+04
3.755800000000000000e+04
3.757400000000000000e+04
3.757700000000000000e+04
3.758100000000000000e+04
3.758700000000000000e+04
3.758900000000000000e+04
3.759100000000000000e+04
3.759800000000000000e+04
3.760400000000000000e+04
3.761400000000000000e+04
3.761900000000000000e+04
3.762700000000000000e+04
3.764400000000000000e+04
3.765900000000000000e+04
3.766100000000000000e+04
3.766900000000000000e+04
3.767000000000000000e+04
3.767200000000000000e+04
3.767400000000000000e+04
3.767600000000000000e+04
3.767900000000000000e+04
3.768400000000000000e+04
3.768700000000000000e+04
3.768900000000000000e+04
3.769000000000000000e+04
3.769200000000000000e+04
3.769500000000000000e+04
3.769700000000000000e+04
3.770000000000000000e+04
3.770200000000000000e+04
3.770500000000000000e+04
3.770600000000000000e+04
3.770900000000000000e+04
3.771000000000000000e+04
3.771100000000000000e+04
3.771700000000000000e+04
3.772300000000000000e+04
3.772400000000000000e+04
3.773900000000000000e+04
3.774700000000000000e+04
3.777200000000000000e+04
3.777900000000000000e+04
3.778700000000000000e+04
3.779200000000000000e+04
3.779700000000000000e+04
3.780300000000000000e+04
3.781800000000000000e+04
3.782500000000000000e+04
3.788800000000000000e+04
3.790400000000000000e+04
3.790900000000000000e+04
3.791600000000000000e+04
3.791900000000000000e+04
3.792600000000000000e+04
3.793600000000000000e+04
3.793700000000000000e+04
3.795200000000000000e+04
3.795600000000000000e+04
3.795800000000000000e+04
3.795900000000000000e+04
3.796000000000000000e+04
3.796100000000000000e+04
3.796500000000000000e+04
3.797200000000000000e+04
3.797400000000000000e+04
3.797800000000000000e+04
3.797900000000000000e+04
3.798100000000000000e+04
3.798400000000000000e+04
3.798500000000000000e+04
3.798600000000000000e+04
3.798800000000000000e+04
3.799300000000000000e+04
3.799400000000000000e+04
3.799500000000000000e+04
3.799700000000000000e+04
3.799900000000000000e+04
3.800000000000000000e+04
3.800100000000000000e+04
3.800800000000000000e+04
3.800900000000000000e+04
3.801500000000000000e+04
3.801800000000000000e+04
3.801900000000000000e+04
3.802300000000000000e+04
3.803000000000000000e+04
3.803100000000000000e+04
3.803200000000000000e+04
3.803300000000000000e+04
3.804100000000000000e+04
3.804300000000000000e+04
3.804600000000000000e+04
3.805500000000000000e+04
3.805800000000000000e+04
3.806000000000000000e+04
3.808300000000000000e+04
3.808600000000000000e+04
3.809200000000000000e+04
3.809300000000000000e+04
3.809400000000000000e+04
3.810700000000000000e+04
3.811500000000000000e+04
3.812700000000000000e+04
3.813000000000000000e+04
3.813400000000000000e+04
3.813500000000000000e+04
3.815000000000000000e+04
3.816900000000000000e+04
3.817700000000000000e+04
3.820500000000000000e+04
3.820700000000000000e+04
3.821400000000000000e+04
3.821800000000000000e+04
3.822100000000000000e+04
3.822300000000000000e+04
3.823000000000000000e+04
3.823600000000000000e+04
3.824000000000000000e+04
3.824400000000000000e+04
3.826100000000000000e+04
3.826300000000000000e+04
3.826400000000000000e+04
3.826500000000000000e+04
3.826700000000000000e+04
3.827300000000000000e+04
3.832900000000000000e+04
3.833100000000000000e+04
3.834300000000000000e+04
3.834400000000000000e+04
3.835500000000000000e+04
3.836800000000000000e+04
3.837800000000000000e+04
3.839600000000000000e+04
3.839800000000000000e+04
3.841200000000000000e+04
3.842300000000000000e+04
3.846900000000000000e+04
3.850200000000000000e+04
3.850600000000000000e+04
3.851500000000000000e+04
3.851700000000000000e+04
3.852800000000000000e+04
3.853700000000000000e+04
3.853900000000000000e+04
3.855600000000000000e+04
3.856300000000000000e+04
3.857400000000000000e+04
3.857600000000000000e+04
3.858200000000000000e+04
3.858300000000000000e+04
3.858800000000000000e+04
3.859600000000000000e+04
3.859900000000000000e+04
3.860100000000000000e+04
3.860400000000000000e+04
3.860600000000000000e+04
3.860900000000000000e+04
3.861300000000000000e+04
3.861400000000000000e+04
3.861500000000000000e+04
3.862600000000000000e+04
3.863000000000000000e+04
3.863400000000000000e+04
3.863600000000000000e+04
3.863900000000000000e+04
3.864500000000000000e+04
3.864600000000000000e+04
3.864700000000000000e+04
3.865100000000000000e+04
3.865400000000000000e+04
3.866400000000000000e+04
3.866500000000000000e+04
3.866600000000000000e+04
3.867100000000000000e+04
3.867300000000000000e+04
3.867500000000000000e+04
3.867900000000000000e+04
3.868000000000000000e+04
3.868600000000000000e+04
3.869600000000000000e+04
3.869700000000000000e+04
3.869800000000000000e+04
3.869900000000000000e+04
3.870500000000000000e+04
3.872400000000000000e+04
3.872500000000000000e+04
3.872600000000000000e+04
3.872700000000000000e+04
3.872900000000000000e+04
3.873000000000000000e+04
3.873100000000000000e+04
3.873200000000000000e+04
3.873300000000000000e+04
3.873400000000000000e+04
3.873600000000000000e+04
3.877900000000000000e+04
3.878100000000000000e+04
3.878200000000000000e+04
3.878700000000000000e+04
3.878800000000000000e+04
3.879600000000000000e+04
3.883800000000000000e+04
3.885300000000000000e+04
3.887100000000000000e+04
3.887400000000000000e+04
3.896100000000000000e+04
3.896400000000000000e+04
3.907500000000000000e+04
3.911600000000000000e+04
3.912800000000000000e+04
3.920800000000000000e+04
3.920900000000000000e+04
3.924700000000000000e+04
3.925000000000000000e+04
3.929700000000000000e+04
3.933400000000000000e+04
3.938800000000000000e+04
3.943700000000000000e+04
3.943900000000000000e+04
3.944200000000000000e+04
3.944500000000000000e+04
3.944800000000000000e+04
3.944900000000000000e+04
3.945000000000000000e+04
3.945100000000000000e+04
3.945200000000000000e+04
3.945300000000000000e+04
3.945400000000000000e+04
3.945500000000000000e+04
3.945600000000000000e+04
3.945700000000000000e+04
3.945800000000000000e+04
3.945900000000000000e+04
3.946000000000000000e+04
3.946100000000000000e+04
3.946200000000000000e+04
3.946300000000000000e+04
3.946400000000000000e+04
3.946500000000000000e+04
3.946600000000000000e+04
3.946700000000000000e+04
3.946800000000000000e+04
3.946900000000000000e+04
3.947000000000000000e+04
3.947100000000000000e+04
3.947200000000000000e+04
3.947300000000000000e+04
3.948400000000000000e+04
3.948500000000000000e+04
3.948800000000000000e+04
3.948900000000000000e+04
3.949300000000000000e+04
3.949400000000000000e+04
3.949500000000000000e+04
3.952000000000000000e+04
3.952700000000000000e+04
3.953200000000000000e+04
3.953300000000000000e+04
3.955300000000000000e+04
3.955500000000000000e+04
3.955600000000000000e+04
3.955700000000000000e+04
3.955800000000000000e+04
3.955900000000000000e+04
3.956000000000000000e+04
3.956100000000000000e+04
3.958600000000000000e+04
3.958700000000000000e+04
3.958900000000000000e+04
3.959100000000000000e+04
3.960700000000000000e+04
3.962400000000000000e+04
3.962600000000000000e+04
3.962800000000000000e+04
3.963400000000000000e+04
3.964800000000000000e+04
3.965200000000000000e+04
3.966700000000000000e+04
3.967400000000000000e+04
3.968600000000000000e+04
3.969200000000000000e+04
3.970200000000000000e+04
3.971200000000000000e+04
3.971300000000000000e+04
3.971400000000000000e+04
3.971800000000000000e+04
3.972200000000000000e+04
3.972400000000000000e+04
3.973000000000000000e+04
3.974500000000000000e+04
3.974700000000000000e+04
3.974800000000000000e+04
3.974900000000000000e+04
3.975500000000000000e+04
3.975600000000000000e+04
3.976200000000000000e+04
3.976800000000000000e+04
3.977100000000000000e+04
3.977200000000000000e+04
3.978500000000000000e+04
3.978800000000000000e+04
3.994800000000000000e+04
4.026600000000000000e+04
4.026700000000000000e+04
4.026800000000000000e+04
4.026900000000000000e+04
4.027000000000000000e+04
4.027100000000000000e+04
4.027200000000000000e+04
4.027300000000000000e+04
4.027400000000000000e+04
4.027500000000000000e+04
4.027600000000000000e+04
4.027700000000000000e+04
4.027800000000000000e+04
4.027900000000000000e+04
4.028000000000000000e+04
4.028100000000000000e+04
4.028200000000000000e+04
4.028300000000000000e+04
4.028400000000000000e+04
4.028500000000000000e+04
4.028600000000000000e+04
4.028700000000000000e+04
4.028800000000000000e+04
4.028900000000000000e+04
4.029000000000000000e+04
4.029100000000000000e+04
4.029200000000000000e+04
4.029300000000000000e+04
4.029400000000000000e+04
4.029500000000000000e+04
4.029600000000000000e+04
4.029700000000000000e+04
4.029800000000000000e+04
4.029900000000000000e+04
4.030000000000000000e+04
4.030100000000000000e+04
4.030200000000000000e+04
4.030300000000000000e+04
4.030400000000000000e+04
4.030500000000000000e+04
4.030600000000000000e+04
4.030700000000000000e+04
4.030900000000000000e+04
4.037000000000000000e+04
4.043700000000000000e+04
4.058500000000000000e+04
4.061600000000000000e+04
4.063500000000000000e+04
4.063800000000000000e+04
4.064100000000000000e+04
4.064300000000000000e+04
4.064400000000000000e+04
4.067000000000000000e+04
4.067100000000000000e+04
4.067200000000000000e+04
4.067500000000000000e+04
4.067600000000000000e+04
4.069200000000000000e+04
4.072900000000000000e+04
4.076500000000000000e+04
4.076700000000000000e+04
4.077000000000000000e+04
4.077100000000000000e+04
4.077200000000000000e+04
4.077300000000000000e+04
4.077700000000000000e+04
4.077800000000000000e+04
4.077900000000000000e+04
4.078200000000000000e+04
4.078600000000000000e+04
4.078700000000000000e+04
4.079000000000000000e+04
4.079400000000000000e+04
4.079900000000000000e+04
4.080100000000000000e+04
4.080500000000000000e+04
4.080600000000000000e+04
4.084900000000000000e+04
4.085800000000000000e+04
4.089100000000000000e+04
4.107800000000000000e+04
4.118500000000000000e+04
4.119800000000000000e+04
4.141800000000000000e+04
4.153800000000000000e+04
4.154000000000000000e+04
4.154400000000000000e+04
4.154500000000000000e+04
