1.320000000000000000e+02
2.270000000000000000e+02
3.080000000000000000e+02
3.260000000000000000e+02
3.340000000000000000e+02
3.380000000000000000e+02
4.660000000000000000e+02
6.240000000000000000e+02
8.590000000000000000e+02
9.030000000000000000e+02
9.040000000000000000e+02
9.110000000000000000e+02
9.230000000000000000e+02
1.046000000000000000e+03
1.131000000000000000e+03
1.266000000000000000e+03
1.421000000000000000e+03
1.652000000000000000e+03
1.748000000000000000e+03
2.112000000000000000e+03
2.123000000000000000e+03
2.193000000000000000e+03
2.307000000000000000e+03
2.389000000000000000e+03
2.794000000000000000e+03
2.872000000000000000e+03
3.274000000000000000e+03
3.291000000000000000e+03
3.408000000000000000e+03
3.423000000000000000e+03
3.447000000000000000e+03
3.469000000000000000e+03
3.598000000000000000e+03
3.767000000000000000e+03
4.023000000000000000e+03
4.024000000000000000e+03
4.030000000000000000e+03
4.038000000000000000e+03
4.046000000000000000e+03
4.047000000000000000e+03
4.049000000000000000e+03
4.055000000000000000e+03
4.059000000000000000e+03
4.063000000000000000e+03
4.069000000000000000e+03
4.070000000000000000e+03
4.077000000000000000e+03
4.078000000000000000e+03
4.108000000000000000e+03
4.116000000000000000e+03
4.119000000000000000e+03
4.141000000000000000e+03
4.142000000000000000e+03
4.146000000000000000e+03
4.148000000000000000e+03
4.149000000000000000e+03
4.150000000000000000e+03
4.151000000000000000e+03
4.161000000000000000e+03
4.167000000000000000e+03
4.172000000000000000e+03
4.178000000000000000e+03
4.180000000000000000e+03
4.181000000000000000e+03
4.184000000000000000e+03
4.186000000000000000e+03
4.295000000000000000e+03
4.387000000000000000e+03
4.400000000000000000e+03
4.402000000000000000e+03
4.427000000000000000e+03
4.432000000000000000e+03
4.442000000000000000e+03
4.444000000000000000e+03
4.732000000000000000e+03
4.846000000000000000e+03
4.918000000000000000e+03
5.033000000000000000e+03
5.043000000000000000e+03
5.150000000000000000e+03
5.265000000000000000e+03
5.371000000000000000e+03
5.389000000000000000e+03
5.556000000000000000e+03
5.628000000000000000e+03
5.630000000000000000e+03
5.685000000000000000e+03
6.146000000000000000e+03
6.181000000000000000e+03
6.191000000000000000e+03
6.232000000000000000e+03
6.260000000000000000e+03
6.314000000000000000e+03
6.355000000000000000e+03
6.375000000000000000e+03
6.733000000000000000e+03
6.739000000000000000e+03
6.759000000000000000e+03
6.788000000000000000e+03
6.793000000000000000e+03
6.863000000000000000e+03
6.877000000000000000e+03
6.966000000000000000e+03
6.996000000000000000e+03
7.506000000000000000e+03
7.726000000000000000e+03
7.817000000000000000e+03
8.016000000000000000e+03
8.410000000000000000e+03
8.682000000000000000e+03
8.870000000000000000e+03
8.947000000000000000e+03
8.960000000000000000e+03
9.041000000000000000e+03
9.342000000000000000e+03
9.449000000000000000e+03
9.913000000000000000e+03
9.946000000000000000e+03
9.999000000000000000e+03
1.012800000000000000e+04
1.014400000000000000e+04
1.014800000000000000e+04
1.022300000000000000e+04
1.039400000000000000e+04
1.060100000000000000e+04
1.062800000000000000e+04
1.064000000000000000e+04
1.066800000000000000e+04
1.067200000000000000e+04
1.069100000000000000e+04
1.071100000000000000e+04
1.071800000000000000e+04
1.074400000000000000e+04
1.083700000000000000e+04
1.089800000000000000e+04
1.093700000000000000e+04
1.097200000000000000e+04
1.101300000000000000e+04
1.106800000000000000e+04
1.109900000000000000e+04
1.120300000000000000e+04
1.130800000000000000e+04
1.136600000000000000e+04
1.139600000000000000e+04
1.153800000000000000e+04
1.163200000000000000e+04
1.163800000000000000e+04
1.165700000000000000e+04
1.167000000000000000e+04
1.167500000000000000e+04
1.168500000000000000e+04
1.171200000000000000e+04
1.171500000000000000e+04
1.172800000000000000e+04
1.176300000000000000e+04
1.177700000000000000e+04
1.182500000000000000e+04
1.183300000000000000e+04
1.183700000000000000e+04
1.192500000000000000e+04
1.194400000000000000e+04
1.198800000000000000e+04
1.203800000000000000e+04
1.205800000000000000e+04
1.219800000000000000e+04
1.227000000000000000e+04
1.236200000000000000e+04
1.236500000000000000e+04
1.237200000000000000e+04
1.237800000000000000e+04
1.238600000000000000e+04
1.239500000000000000e+04
1.239600000000000000e+04
1.240300000000000000e+04
1.241300000000000000e+04
1.241700000000000000e+04
1.241900000000000000e+04
1.242000000000000000e+04
1.242100000000000000e+04
1.242700000000000000e+04
1.243600000000000000e+04
1.247200000000000000e+04
1.247600000000000000e+04
1.254500000000000000e+04
1.261100000000000000e+04
1.261200000000000000e+04
1.262300000000000000e+04
1.263000000000000000e+04
1.267900000000000000e+04
1.268000000000000000e+04
1.268200000000000000e+04
1.268600000000000000e+04
1.269700000000000000e+04
1.270300000000000000e+04
1.272700000000000000e+04
1.273100000000000000e+04
1.280900000000000000e+04
1.287400000000000000e+04
1.296700000000000000e+04
1.298000000000000000e+04
1.298100000000000000e+04
1.302400000000000000e+04
1.308000000000000000e+04
1.308400000000000000e+04
1.314000000000000000e+04
1.314300000000000000e+04
1.315900000000000000e+04
1.316000000000000000e+04
1.316100000000000000e+04
1.316400000000000000e+04
1.316500000000000000e+04
1.316900000000000000e+04
1.317000000000000000e+04
1.317100000000000000e+04
1.320000000000000000e+04
1.320100000000000000e+04
1.321900000000000000e+04
1.322300000000000000e+04
1.325000000000000000e+04
1.328000000000000000e+04
1.329000000000000000e+04
1.329100000000000000e+04
1.329500000000000000e+04
1.329600000000000000e+04
1.332700000000000000e+04
1.333000000000000000e+04
1.333400000000000000e+04
1.343200000000000000e+04
1.350400000000000000e+04
1.352000000000000000e+04
1.352200000000000000e+04
1.353700000000000000e+04
1.355600000000000000e+04
1.355700000000000000e+04
1.363500000000000000e+04
1.364100000000000000e+04
1.368300000000000000e+04
1.368900000000000000e+04
1.371700000000000000e+04
1.374900000000000000e+04
1.382200000000000000e+04
1.382700000000000000e+04
1.401100000000000000e+04
1.426400000000000000e+04
1.429000000000000000e+04
1.429500000000000000e+04
1.431100000000000000e+04
1.431600000000000000e+04
1.437400000000000000e+04
1.439800000000000000e+04
1.440400000000000000e+04
1.442800000000000000e+04
1.445100000000000000e+04
1.445500000000000000e+04
1.445700000000000000e+04
1.445800000000000000e+04
1.446000000000000000e+04
1.446500000000000000e+04
1.446600000000000000e+04
1.447300000000000000e+04
1.447700000000000000e+04
1.450400000000000000e+04
1.450600000000000000e+04
1.451600000000000000e+04
1.453800000000000000e+04
1.454700000000000000e+04
1.467200000000000000e+04
1.468100000000000000e+04
1.470300000000000000e+04
1.473900000000000000e+04
1.479400000000000000e+04
1.484400000000000000e+04
1.494100000000000000e+04
1.507400000000000000e+04
1.511500000000000000e+04
1.516200000000000000e+04
1.520700000000000000e+04
1.523100000000000000e+04
1.523200000000000000e+04
1.525200000000000000e+04
1.540000000000000000e+04
1.541800000000000000e+04
1.541900000000000000e+04
1.585500000000000000e+04
1.600400000000000000e+04
1.605300000000000000e+04
1.605800000000000000e+04
1.609400000000000000e+04
1.632100000000000000e+04
1.632500000000000000e+04
1.632600000000000000e+04
1.633600000000000000e+04
1.634700000000000000e+04
1.634800000000000000e+04
1.638000000000000000e+04
1.639300000000000000e+04
1.639600000000000000e+04
1.641000000000000000e+04
1.641200000000000000e+04
1.641300000000000000e+04
1.641400000000000000e+04
1.641700000000000000e+04
1.642200000000000000e+04
1.642600000000000000e+04
1.642800000000000000e+04
1.643000000000000000e+04
1.643200000000000000e+04
1.643500000000000000e+04
1.643700000000000000e+04
1.644100000000000000e+04
1.644200000000000000e+04
1.644900000000000000e+04
1.645000000000000000e+04
1.645100000000000000e+04
1.645400000000000000e+04
1.645500000000000000e+04
1.645600000000000000e+04
1.646100000000000000e+04
1.646700000000000000e+04
1.646900000000000000e+04
1.647300000000000000e+04
1.647400000000000000e+04
1.647600000000000000e+04
1.648400000000000000e+04
1.649000000000000000e+04
1.649200000000000000e+04
1.649800000000000000e+04
1.650300000000000000e+04
1.651000000000000000e+04
1.651300000000000000e+04
1.651400000000000000e+04
1.651500000000000000e+04
1.651600000000000000e+04
1.652100000000000000e+04
1.652500000000000000e+04
1.653100000000000000e+04
1.653300000000000000e+04
1.653700000000000000e+04
1.654900000000000000e+04
1.656100000000000000e+04
1.656200000000000000e+04
1.656300000000000000e+04
1.656400000000000000e+04
1.656500000000000000e+04
1.656700000000000000e+04
1.657100000000000000e+04
1.678500000000000000e+04
1.683400000000000000e+04
1.688300000000000000e+04
1.688600000000000000e+04
1.688800000000000000e+04
1.689200000000000000e+04
1.689300000000000000e+04
1.689600000000000000e+04
1.690200000000000000e+04
1.690700000000000000e+04
1.691200000000000000e+04
1.692000000000000000e+04
1.692700000000000000e+04
1.692800000000000000e+04
1.693000000000000000e+04
1.693100000000000000e+04
1.693200000000000000e+04
1.693300000000000000e+04
1.693400000000000000e+04
1.694000000000000000e+04
1.694100000000000000e+04
1.694500000000000000e+04
1.694600000000000000e+04
1.695000000000000000e+04
1.695500000000000000e+04
1.696100000000000000e+04
1.696700000000000000e+04
1.696900000000000000e+04
1.698600000000000000e+04
1.698800000000000000e+04
1.699000000000000000e+04
1.699800000000000000e+04
1.699900000000000000e+04
1.701000000000000000e+04
1.701200000000000000e+04
1.701300000000000000e+04
1.701600000000000000e+04
1.701800000000000000e+04
1.701900000000000000e+04
1.702400000000000000e+04
1.703000000000000000e+04
1.703300000000000000e+04
1.703500000000000000e+04
1.703600000000000000e+04
1.704600000000000000e+04
1.704700000000000000e+04
1.704800000000000000e+04
1.705000000000000000e+04
1.706900000000000000e+04
1.708000000000000000e+04
1.708400000000000000e+04
1.708600000000000000e+04
1.708700000000000000e+04
1.708800000000000000e+04
1.708900000000000000e+04
1.709100000000000000e+04
1.709900000000000000e+04
1.710100000000000000e+04
1.710200000000000000e+04
1.710500000000000000e+04
1.710700000000000000e+04
1.710900000000000000e+04
1.711000000000000000e+04
1.711200000000000000e+04
1.711400000000000000e+04
1.711500000000000000e+04
1.711700000000000000e+04
1.711900000000000000e+04
1.712100000000000000e+04
1.712400000000000000e+04
1.712900000000000000e+04
1.713000000000000000e+04
1.714000000000000000e+04
1.714300000000000000e+04
1.715400000000000000e+04
1.715900000000000000e+04
1.716000000000000000e+04
1.716200000000000000e+04
1.716600000000000000e+04
1.717100000000000000e+04
1.717500000000000000e+04
1.718500000000000000e+04
1.718800000000000000e+04
1.719000000000000000e+04
1.719100000000000000e+04
1.720100000000000000e+04
1.720300000000000000e+04
1.720500000000000000e+04
1.720800000000000000e+04
1.721300000000000000e+04
1.721400000000000000e+04
1.721600000000000000e+04
1.721700000000000000e+04
1.737100000000000000e+04
1.754900000000000000e+04
1.761000000000000000e+04
1.764100000000000000e+04
1.768800000000000000e+04
1.811300000000000000e+04
1.817300000000000000e+04
1.832300000000000000e+04
1.832600000000000000e+04
1.837400000000000000e+04
1.837900000000000000e+04
1.838100000000000000e+04
1.838400000000000000e+04
1.839700000000000000e+04
1.840600000000000000e+04
1.848300000000000000e+04
1.849000000000000000e+04
1.849400000000000000e+04
1.852200000000000000e+04
1.852600000000000000e+04
1.854800000000000000e+04
1.857100000000000000e+04
1.859200000000000000e+04
1.862500000000000000e+04
1.863500000000000000e+04
1.880400000000000000e+04
1.884600000000000000e+04
1.904600000000000000e+04
1.907500000000000000e+04
1.907900000000000000e+04
1.912000000000000000e+04
2.006000000000000000e+04
2.006100000000000000e+04
2.006300000000000000e+04
2.006500000000000000e+04
2.007000000000000000e+04
2.007100000000000000e+04
2.007200000000000000e+04
2.007500000000000000e+04
2.008400000000000000e+04
2.008600000000000000e+04
2.009700000000000000e+04
2.009800000000000000e+04
2.009900000000000000e+04
2.010200000000000000e+04
2.010500000000000000e+04
2.010600000000000000e+04
2.010700000000000000e+04
2.012200000000000000e+04
2.012800000000000000e+04
2.013300000000000000e+04
2.013800000000000000e+04
2.013900000000000000e+04
2.014400000000000000e+04
2.015200000000000000e+04
2.015300000000000000e+04
2.015600000000000000e+04
2.016000000000000000e+04
2.016900000000000000e+04
2.017100000000000000e+04
2.019100000000000000e+04
2.019800000000000000e+04
2.019900000000000000e+04
2.020500000000000000e+04
2.020600000000000000e+04
2.020800000000000000e+04
2.034200000000000000e+04
2.054600000000000000e+04
2.096700000000000000e+04
2.101000000000000000e+04
2.105600000000000000e+04
2.105800000000000000e+04
2.106200000000000000e+04
2.106400000000000000e+04
2.106700000000000000e+04
2.107000000000000000e+04
2.107200000000000000e+04
2.107300000000000000e+04
2.107400000000000000e+04
2.107500000000000000e+04
2.107900000000000000e+04
2.108000000000000000e+04
2.108300000000000000e+04
2.108400000000000000e+04
2.109100000000000000e+04
2.109800000000000000e+04
2.110100000000000000e+04
2.110900000000000000e+04
2.112100000000000000e+04
2.112600000000000000e+04
2.113200000000000000e+04
2.113300000000000000e+04
2.113800000000000000e+04
2.113900000000000000e+04
2.114100000000000000e+04
2.114400000000000000e+04
2.114500000000000000e+04
2.114600000000000000e+04
2.114700000000000000e+04
2.114800000000000000e+04
2.115200000000000000e+04
2.115600000000000000e+04
2.115700000000000000e+04
2.115800000000000000e+04
2.115900000000000000e+04
2.116100000000000000e+04
2.116300000000000000e+04
2.116600000000000000e+04
2.116900000000000000e+04
2.118200000000000000e+04
2.118400000000000000e+04
2.118900000000000000e+04
2.119400000000000000e+04
2.119700000000000000e+04
2.119800000000000000e+04
2.120100000000000000e+04
2.120200000000000000e+04
2.120600000000000000e+04
2.121000000000000000e+04
2.121500000000000000e+04
2.121600000000000000e+04
2.122100000000000000e+04
2.122200000000000000e+04
2.122500000000000000e+04
2.122800000000000000e+04
2.123000000000000000e+04
2.123300000000000000e+04
2.123400000000000000e+04
2.148100000000000000e+04
2.149000000000000000e+04
2.158400000000000000e+04
2.210000000000000000e+04
2.210500000000000000e+04
2.210800000000000000e+04
2.211000000000000000e+04
2.211100000000000000e+04
2.211500000000000000e+04
2.211600000000000000e+04
2.211700000000000000e+04
2.217400000000000000e+04
2.218800000000000000e+04
2.219000000000000000e+04
2.219200000000000000e+04
2.219300000000000000e+04
2.219500000000000000e+04
2.220100000000000000e+04
2.220700000000000000e+04
2.220800000000000000e+04
2.220900000000000000e+04
2.221000000000000000e+04
2.221100000000000000e+04
2.221200000000000000e+04
2.221400000000000000e+04
2.221500000000000000e+04
2.221600000000000000e+04
2.221800000000000000e+04
2.221900000000000000e+04
2.222300000000000000e+04
2.222400000000000000e+04
2.222600000000000000e+04
2.222900000000000000e+04
2.223100000000000000e+04
2.225900000000000000e+04
2.226100000000000000e+04
2.226200000000000000e+04
2.226300000000000000e+04
2.226400000000000000e+04
2.226500000000000000e+04
2.226900000000000000e+04
2.227100000000000000e+04
2.227200000000000000e+04
2.227800000000000000e+04
2.227900000000000000e+04
2.228900000000000000e+04
2.229500000000000000e+04
2.229600000000000000e+04
2.229700000000000000e+04
2.241800000000000000e+04
2.247800000000000000e+04
2.248300000000000000e+04
2.249700000000000000e+04
2.249800000000000000e+04
2.250600000000000000e+04
2.255000000000000000e+04
2.255100000000000000e+04
2.256200000000000000e+04
2.256600000000000000e+04
2.257100000000000000e+04
2.258500000000000000e+04
2.258900000000000000e+04
2.259000000000000000e+04
2.274400000000000000e+04
2.274800000000000000e+04
2.274900000000000000e+04
2.275000000000000000e+04
2.275200000000000000e+04
2.275300000000000000e+04
2.275500000000000000e+04
2.275600000000000000e+04
2.276000000000000000e+04
2.276100000000000000e+04
2.276400000000000000e+04
2.276500000000000000e+04
2.276800000000000000e+04
2.276900000000000000e+04
2.277000000000000000e+04
2.277100000000000000e+04
2.277500000000000000e+04
2.277700000000000000e+04
2.277800000000000000e+04
2.277900000000000000e+04
2.278100000000000000e+04
2.278300000000000000e+04
2.278800000000000000e+04
2.279000000000000000e+04
2.279300000000000000e+04
2.279600000000000000e+04
2.279800000000000000e+04
2.279900000000000000e+04
2.280000000000000000e+04
2.280100000000000000e+04
2.280200000000000000e+04
2.280300000000000000e+04
2.280400000000000000e+04
2.280500000000000000e+04
2.280700000000000000e+04
2.280900000000000000e+04
2.286000000000000000e+04
2.286200000000000000e+04
2.287100000000000000e+04
2.287500000000000000e+04
2.287700000000000000e+04
2.287900000000000000e+04
2.288200000000000000e+04
2.289100000000000000e+04
2.289400000000000000e+04
2.289700000000000000e+04
2.289800000000000000e+04
2.291600000000000000e+04
2.291800000000000000e+04
2.292100000000000000e+04
2.297100000000000000e+04
2.297400000000000000e+04
2.298500000000000000e+04
2.298600000000000000e+04
2.299300000000000000e+04
2.299600000000000000e+04
2.299800000000000000e+04
2.304500000000000000e+04
2.304700000000000000e+04
2.304800000000000000e+04
2.305100000000000000e+04
2.305300000000000000e+04
2.305400000000000000e+04
2.305800000000000000e+04
2.311000000000000000e+04
2.311500000000000000e+04
2.311700000000000000e+04
2.312000000000000000e+04
2.312100000000000000e+04
2.312500000000000000e+04
2.312600000000000000e+04
2.318400000000000000e+04
2.319300000000000000e+04
2.319400000000000000e+04
2.320200000000000000e+04
2.320600000000000000e+04
2.320700000000000000e+04
2.320800000000000000e+04
2.320900000000000000e+04
2.321100000000000000e+04
2.321200000000000000e+04
2.321300000000000000e+04
2.321400000000000000e+04
2.321700000000000000e+04
2.321800000000000000e+04
2.322000000000000000e+04
2.322100000000000000e+04
2.322200000000000000e+04
2.322400000000000000e+04
2.322600000000000000e+04
2.322700000000000000e+04
2.322800000000000000e+04
2.323200000000000000e+04
2.323300000000000000e+04
2.323500000000000000e+04
2.323700000000000000e+04
2.323900000000000000e+04
2.331800000000000000e+04
2.353700000000000000e+04
2.359100000000000000e+04
2.364900000000000000e+04
2.365000000000000000e+04
2.365500000000000000e+04
2.367700000000000000e+04
2.368300000000000000e+04
2.368400000000000000e+04
2.368700000000000000e+04
2.369400000000000000e+04
2.369500000000000000e+04
2.369700000000000000e+04
2.370200000000000000e+04
2.374000000000000000e+04
2.374300000000000000e+04
2.374500000000000000e+04
2.374800000000000000e+04
2.375100000000000000e+04
2.375500000000000000e+04
2.376200000000000000e+04
2.376300000000000000e+04
2.378800000000000000e+04
2.380300000000000000e+04
2.392100000000000000e+04
2.392200000000000000e+04
2.392300000000000000e+04
2.392400000000000000e+04
2.392500000000000000e+04
2.392600000000000000e+04
2.393000000000000000e+04
2.404700000000000000e+04
2.404800000000000000e+04
2.404900000000000000e+04
2.405000000000000000e+04
2.405200000000000000e+04
2.405500000000000000e+04
2.406100000000000000e+04
2.406200000000000000e+04
2.406400000000000000e+04
2.407000000000000000e+04
2.407500000000000000e+04
2.407700000000000000e+04
2.418200000000000000e+04
2.423400000000000000e+04
2.425800000000000000e+04
2.430000000000000000e+04
2.430200000000000000e+04
2.431300000000000000e+04
2.434300000000000000e+04
2.434400000000000000e+04
2.434800000000000000e+04
2.434900000000000000e+04
2.435100000000000000e+04
2.435600000000000000e+04
2.437100000000000000e+04
2.437200000000000000e+04
2.437400000000000000e+04
2.439700000000000000e+04
2.439800000000000000e+04
2.440000000000000000e+04
2.440100000000000000e+04
2.444700000000000000e+04
2.445200000000000000e+04
2.446800000000000000e+04
2.448800000000000000e+04
2.449400000000000000e+04
2.451400000000000000e+04
2.451700000000000000e+04
2.454600000000000000e+04
2.457500000000000000e+04
2.461500000000000000e+04
2.462300000000000000e+04
2.462600000000000000e+04
2.462700000000000000e+04
2.471600000000000000e+04
2.472200000000000000e+04
2.472600000000000000e+04
2.472700000000000000e+04
2.472900000000000000e+04
2.476800000000000000e+04
2.476900000000000000e+04
2.477200000000000000e+04
2.479600000000000000e+04
2.480500000000000000e+04
2.485800000000000000e+04
2.486200000000000000e+04
2.493700000000000000e+04
2.495200000000000000e+04
2.495400000000000000e+04
2.495600000000000000e+04
2.495700000000000000e+04
2.497100000000000000e+04
2.499300000000000000e+04
2.499400000000000000e+04
2.515500000000000000e+04
2.515700000000000000e+04
2.515900000000000000e+04
2.518100000000000000e+04
2.518400000000000000e+04
2.523000000000000000e+04
2.523100000000000000e+04
2.523200000000000000e+04
2.525000000000000000e+04
2.526200000000000000e+04
2.527800000000000000e+04
2.533700000000000000e+04
2.534700000000000000e+04
2.540300000000000000e+04
2.541900000000000000e+04
2.542000000000000000e+04
2.546100000000000000e+04
2.550700000000000000e+04
2.553000000000000000e+04
2.554000000000000000e+04
2.561400000000000000e+04
2.562500000000000000e+04
2.565300000000000000e+04
2.578500000000000000e+04
2.585100000000000000e+04
2.587600000000000000e+04
2.588300000000000000e+04
2.591400000000000000e+04
2.596200000000000000e+04
2.605800000000000000e+04
2.609900000000000000e+04
2.622600000000000000e+04
2.623100000000000000e+04
2.626900000000000000e+04
2.631600000000000000e+04
2.647500000000000000e+04
2.660700000000000000e+04
2.679900000000000000e+04
2.684200000000000000e+04
2.687100000000000000e+04
2.687300000000000000e+04
2.687400000000000000e+04
2.688300000000000000e+04
2.706700000000000000e+04
2.707000000000000000e+04
2.713900000000000000e+04
2.717300000000000000e+04
2.720400000000000000e+04
2.723800000000000000e+04
2.730300000000000000e+04
2.738000000000000000e+04
2.751700000000000000e+04
2.752400000000000000e+04
2.770700000000000000e+04
2.778100000000000000e+04
2.789100000000000000e+04
2.789500000000000000e+04
2.790800000000000000e+04
2.791000000000000000e+04
2.798800000000000000e+04
2.800000000000000000e+04
2.803500000000000000e+04
2.818500000000000000e+04
2.820500000000000000e+04
2.823400000000000000e+04
2.824900000000000000e+04
2.825600000000000000e+04
2.827800000000000000e+04
2.837800000000000000e+04
2.843200000000000000e+04
2.846200000000000000e+04
2.846400000000000000e+04
2.846700000000000000e+04
2.848100000000000000e+04
2.848900000000000000e+04
2.850500000000000000e+04
2.850800000000000000e+04
2.851100000000000000e+04
2.852600000000000000e+04
2.852700000000000000e+04
2.853900000000000000e+04
2.854100000000000000e+04
2.855300000000000000e+04
2.857100000000000000e+04
2.857600000000000000e+04
2.858900000000000000e+04
2.862000000000000000e+04
2.864100000000000000e+04
2.867100000000000000e+04
2.933600000000000000e+04
2.936200000000000000e+04
2.936300000000000000e+04
2.937600000000000000e+04
2.946000000000000000e+04
2.946300000000000000e+04
2.947100000000000000e+04
2.950000000000000000e+04
2.957600000000000000e+04
2.959300000000000000e+04
2.959400000000000000e+04
2.959600000000000000e+04
2.959800000000000000e+04
2.959900000000000000e+04
2.960100000000000000e+04
2.960300000000000000e+04
2.965600000000000000e+04
2.970600000000000000e+04
2.971200000000000000e+04
2.973500000000000000e+04
2.974300000000000000e+04
2.975500000000000000e+04
2.976000000000000000e+04
2.977100000000000000e+04
2.977400000000000000e+04
2.977700000000000000e+04
2.978100000000000000e+04
2.999800000000000000e+04
3.000200000000000000e+04
3.000700000000000000e+04
3.012200000000000000e+04
3.021100000000000000e+04
3.021300000000000000e+04
3.021400000000000000e+04
3.022300000000000000e+04
3.023300000000000000e+04
3.031700000000000000e+04
3.031800000000000000e+04
3.040300000000000000e+04
3.046200000000000000e+04
3.060100000000000000e+04
3.064800000000000000e+04
3.065300000000000000e+04
3.065500000000000000e+04
3.065600000000000000e+04
3.067600000000000000e+04
3.068700000000000000e+04
3.068900000000000000e+04
3.069000000000000000e+04
3.069300000000000000e+04
3.069600000000000000e+04
3.069900000000000000e+04
3.070100000000000000e+04
3.082400000000000000e+04
3.088300000000000000e+04
3.095700000000000000e+04
3.106000000000000000e+04
3.106100000000000000e+04
3.106200000000000000e+04
3.106800000000000000e+04
3.107000000000000000e+04
3.107400000000000000e+04
3.107600000000000000e+04
3.108400000000000000e+04
3.108600000000000000e+04
3.108700000000000000e+04
3.112600000000000000e+04
3.127300000000000000e+04
3.132100000000000000e+04
3.137800000000000000e+04
3.175000000000000000e+04
3.175100000000000000e+04
3.175400000000000000e+04
3.175500000000000000e+04
3.184400000000000000e+04
3.190600000000000000e+04
3.191000000000000000e+04
3.191500000000000000e+04
3.191700000000000000e+04
3.191900000000000000e+04
3.192000000000000000e+04
3.192500000000000000e+04
3.192800000000000000e+04
3.193300000000000000e+04
3.193400000000000000e+04
3.193700000000000000e+04
3.223400000000000000e+04
3.234600000000000000e+04
3.246200000000000000e+04
3.246500000000000000e+04
3.246800000000000000e+04
3.247000000000000000e+04
3.247800000000000000e+04
3.254200000000000000e+04
3.257600000000000000e+04
3.258300000000000000e+04
3.267300000000000000e+04
3.268500000000000000e+04
3.268600000000000000e+04
3.270800000000000000e+04
3.271500000000000000e+04
3.272700000000000000e+04
3.273100000000000000e+04
3.274000000000000000e+04
3.298100000000000000e+04
3.303900000000000000e+04
3.304000000000000000e+04
3.304100000000000000e+04
3.304400000000000000e+04
3.305400000000000000e+04
3.306000000000000000e+04
3.306600000000000000e+04
3.306700000000000000e+04
3.317900000000000000e+04
3.319100000000000000e+04
3.328500000000000000e+04
3.329900000000000000e+04
3.332800000000000000e+04
3.339100000000000000e+04
3.342400000000000000e+04
3.347800000000000000e+04
3.356000000000000000e+04
3.357000000000000000e+04
3.357300000000000000e+04
3.358100000000000000e+04
3.358800000000000000e+04
3.361000000000000000e+04
3.361300000000000000e+04
3.377900000000000000e+04
3.379700000000000000e+04
3.379800000000000000e+04
3.389500000000000000e+04
3.395000000000000000e+04
3.395900000000000000e+04
3.396100000000000000e+04
3.397000000000000000e+04
3.397100000000000000e+04
3.397200000000000000e+04
3.411000000000000000e+04
3.412300000000000000e+04
3.412600000000000000e+04
3.413200000000000000e+04
3.413500000000000000e+04
3.414400000000000000e+04
3.420900000000000000e+04
3.422800000000000000e+04
3.424200000000000000e+04
3.425100000000000000e+04
3.426700000000000000e+04
3.428300000000000000e+04
3.430100000000000000e+04
3.433600000000000000e+04
3.435500000000000000e+04
3.438100000000000000e+04
3.439000000000000000e+04
3.439900000000000000e+04
3.442700000000000000e+04
3.444500000000000000e+04
3.450200000000000000e+04
3.457200000000000000e+04
3.468000000000000000e+04
3.476200000000000000e+04
3.477600000000000000e+04
3.484700000000000000e+04
3.486800000000000000e+04
3.488500000000000000e+04
3.493500000000000000e+04
3.505300000000000000e+04
3.517300000000000000e+04
3.525700000000000000e+04
3.525800000000000000e+04
3.526200000000000000e+04
3.526300000000000000e+04
3.526400000000000000e+04
3.526600000000000000e+04
3.527000000000000000e+04
3.528000000000000000e+04
3.532400000000000000e+04
3.532600000000000000e+04
3.532800000000000000e+04
3.539000000000000000e+04
3.540300000000000000e+04
3.541900000000000000e+04
3.542800000000000000e+04
3.544100000000000000e+04
3.545900000000000000e+04
3.546100000000000000e+04
3.555100000000000000e+04
3.559600000000000000e+04
3.560600000000000000e+04
3.561700000000000000e+04
3.564200000000000000e+04
3.567100000000000000e+04
3.567300000000000000e+04
3.568400000000000000e+04
3.569900000000000000e+04
3.576300000000000000e+04
3.578300000000000000e+04
3.582000000000000000e+04
3.585000000000000000e+04
3.588900000000000000e+04
3.589200000000000000e+04
3.589400000000000000e+04
3.589500000000000000e+04
3.589900000000000000e+04
3.590200000000000000e+04
3.590300000000000000e+04
3.592600000000000000e+04
3.592700000000000000e+04
3.592800000000000000e+04
3.882100000000000000e+04
3.888200000000000000e+04
3.892100000000000000e+04
3.895200000000000000e+04
3.895900000000000000e+04
3.899000000000000000e+04
3.901000000000000000e+04
3.901100000000000000e+04
3.902700000000000000e+04
3.905400000000000000e+04
3.908700000000000000e+04
3.908800000000000000e+04
3.913300000000000000e+04
3.913900000000000000e+04
3.916000000000000000e+04
3.917400000000000000e+04
3.917500000000000000e+04
3.918900000000000000e+04
3.919300000000000000e+04
3.926100000000000000e+04
3.926500000000000000e+04
3.926600000000000000e+04
3.926700000000000000e+04
3.926800000000000000e+04
3.926900000000000000e+04
3.931000000000000000e+04
3.931700000000000000e+04
3.934000000000000000e+04
3.938900000000000000e+04
3.939100000000000000e+04
3.942800000000000000e+04
3.964400000000000000e+04
3.971600000000000000e+04
3.986600000000000000e+04
3.986700000000000000e+04
3.990800000000000000e+04
3.990900000000000000e+04
3.991000000000000000e+04
3.992100000000000000e+04
3.993400000000000000e+04
3.998700000000000000e+04
4.000400000000000000e+04
4.002200000000000000e+04
4.002300000000000000e+04
4.008800000000000000e+04
4.008900000000000000e+04
4.009100000000000000e+04
4.009200000000000000e+04
4.012700000000000000e+04
4.014100000000000000e+04
4.018000000000000000e+04
4.019900000000000000e+04
4.032200000000000000e+04
4.032300000000000000e+04
4.035300000000000000e+04
4.040600000000000000e+04
4.041300000000000000e+04
4.046000000000000000e+04
4.046200000000000000e+04
4.047100000000000000e+04
4.050400000000000000e+04
4.051400000000000000e+04
4.052400000000000000e+04
4.054000000000000000e+04
4.055500000000000000e+04
4.076000000000000000e+04
4.100500000000000000e+04
4.100800000000000000e+04
4.107600000000000000e+04
4.110700000000000000e+04
4.125300000000000000e+04
4.135700000000000000e+04
4.141200000000000000e+04
