1.800000000000000000e+01
2.200000000000000000e+01
2.400000000000000000e+01
2.700000000000000000e+01
2.800000000000000000e+01
6.100000000000000000e+01
2.580000000000000000e+02
6.580000000000000000e+02
9.080000000000000000e+02
9.090000000000000000e+02
9.660000000000000000e+02
9.680000000000000000e+02
9.710000000000000000e+02
9.800000000000000000e+02
1.095000000000000000e+03
1.352000000000000000e+03
1.409000000000000000e+03
1.679000000000000000e+03
2.454000000000000000e+03
2.468000000000000000e+03
3.399000000000000000e+03
3.754000000000000000e+03
3.964000000000000000e+03
3.965000000000000000e+03
3.984000000000000000e+03
3.989000000000000000e+03
3.999000000000000000e+03
4.014000000000000000e+03
4.369000000000000000e+03
4.385000000000000000e+03
4.543000000000000000e+03
4.760000000000000000e+03
4.771000000000000000e+03
4.775000000000000000e+03
4.782000000000000000e+03
4.897000000000000000e+03
5.081000000000000000e+03
5.239000000000000000e+03
5.284000000000000000e+03
5.387000000000000000e+03
5.447000000000000000e+03
5.589000000000000000e+03
5.901000000000000000e+03
5.909000000000000000e+03
5.910000000000000000e+03
5.952000000000000000e+03
6.199000000000000000e+03
6.212000000000000000e+03
6.527000000000000000e+03
6.551000000000000000e+03
6.868000000000000000e+03
6.928000000000000000e+03
7.252000000000000000e+03
7.254000000000000000e+03
7.307000000000000000e+03
7.656000000000000000e+03
7.913000000000000000e+03
7.955000000000000000e+03
7.986000000000000000e+03
7.993000000000000000e+03
8.657000000000000000e+03
8.693000000000000000e+03
8.744000000000000000e+03
8.746000000000000000e+03
8.747000000000000000e+03
8.920000000000000000e+03
9.066000000000000000e+03
9.114000000000000000e+03
9.115000000000000000e+03
9.117000000000000000e+03
9.327000000000000000e+03
9.402000000000000000e+03
9.452000000000000000e+03
9.886000000000000000e+03
1.004300000000000000e+04
1.004800000000000000e+04
1.005000000000000000e+04
1.059700000000000000e+04
1.069200000000000000e+04
1.082100000000000000e+04
1.082300000000000000e+04
1.094000000000000000e+04
1.101400000000000000e+04
1.101900000000000000e+04
1.102000000000000000e+04
1.102600000000000000e+04
1.105400000000000000e+04
1.105500000000000000e+04
1.105600000000000000e+04
1.105700000000000000e+04
1.105800000000000000e+04
1.105900000000000000e+04
1.113300000000000000e+04
1.402300000000000000e+04
1.402800000000000000e+04
1.403200000000000000e+04
1.403500000000000000e+04
1.405100000000000000e+04
1.406200000000000000e+04
1.411700000000000000e+04
1.423200000000000000e+04
1.423900000000000000e+04
1.424000000000000000e+04
1.424100000000000000e+04
1.424200000000000000e+04
1.424700000000000000e+04
1.425100000000000000e+04
1.425400000000000000e+04
1.425500000000000000e+04
1.425600000000000000e+04
1.426100000000000000e+04
1.426300000000000000e+04
1.426500000000000000e+04
1.427100000000000000e+04
1.427600000000000000e+04
1.427800000000000000e+04
1.428000000000000000e+04
1.428300000000000000e+04
1.428600000000000000e+04
1.428700000000000000e+04
1.429900000000000000e+04
1.431800000000000000e+04
1.432700000000000000e+04
1.436000000000000000e+04
1.436200000000000000e+04
1.437100000000000000e+04
1.438800000000000000e+04
1.439600000000000000e+04
1.440600000000000000e+04
1.456400000000000000e+04
1.456500000000000000e+04
1.457000000000000000e+04
1.457300000000000000e+04
1.458400000000000000e+04
1.458600000000000000e+04
1.458700000000000000e+04
1.459900000000000000e+04
1.460100000000000000e+04
1.461200000000000000e+04
1.461900000000000000e+04
1.462700000000000000e+04
1.463000000000000000e+04
1.464900000000000000e+04
1.467300000000000000e+04
1.468500000000000000e+04
1.469600000000000000e+04
1.470800000000000000e+04
1.471000000000000000e+04
1.471300000000000000e+04
1.472600000000000000e+04
1.472900000000000000e+04
1.473000000000000000e+04
1.473100000000000000e+04
1.473600000000000000e+04
1.473800000000000000e+04
1.475200000000000000e+04
1.476200000000000000e+04
1.477500000000000000e+04
1.478300000000000000e+04
1.478400000000000000e+04
1.478500000000000000e+04
1.478600000000000000e+04
1.478800000000000000e+04
1.479100000000000000e+04
1.479700000000000000e+04
1.479800000000000000e+04
1.480900000000000000e+04
1.481600000000000000e+04
1.491300000000000000e+04
1.492300000000000000e+04
1.498200000000000000e+04
1.498400000000000000e+04
1.498700000000000000e+04
1.499500000000000000e+04
1.499800000000000000e+04
1.501200000000000000e+04
1.501700000000000000e+04
1.501800000000000000e+04
1.502100000000000000e+04
1.502300000000000000e+04
1.502600000000000000e+04
1.502800000000000000e+04
1.503100000000000000e+04
1.503900000000000000e+04
1.504100000000000000e+04
1.528000000000000000e+04
1.531300000000000000e+04
1.533500000000000000e+04
1.632700000000000000e+04
1.651800000000000000e+04
1.653500000000000000e+04
1.657500000000000000e+04
1.657800000000000000e+04
1.705200000000000000e+04
1.713400000000000000e+04
1.739300000000000000e+04
1.850900000000000000e+04
1.851100000000000000e+04
1.851600000000000000e+04
1.851900000000000000e+04
1.852400000000000000e+04
1.852500000000000000e+04
1.852700000000000000e+04
1.853400000000000000e+04
1.853700000000000000e+04
1.853800000000000000e+04
1.854200000000000000e+04
1.854400000000000000e+04
1.854600000000000000e+04
1.854900000000000000e+04
1.855300000000000000e+04
1.855600000000000000e+04
1.855700000000000000e+04
1.855800000000000000e+04
1.856000000000000000e+04
1.856200000000000000e+04
1.856300000000000000e+04
1.856800000000000000e+04
1.856900000000000000e+04
1.857000000000000000e+04
1.857300000000000000e+04
1.857400000000000000e+04
1.857500000000000000e+04
1.857800000000000000e+04
1.857900000000000000e+04
1.858100000000000000e+04
1.858500000000000000e+04
1.858600000000000000e+04
1.858900000000000000e+04
1.859000000000000000e+04
1.859700000000000000e+04
1.860000000000000000e+04
1.860500000000000000e+04
1.861000000000000000e+04
1.861100000000000000e+04
1.861200000000000000e+04
1.861300000000000000e+04
1.861900000000000000e+04
1.862200000000000000e+04
1.862400000000000000e+04
1.862600000000000000e+04
1.862700000000000000e+04
1.863200000000000000e+04
1.863300000000000000e+04
1.863700000000000000e+04
1.864200000000000000e+04
1.864500000000000000e+04
1.865100000000000000e+04
1.865400000000000000e+04
1.865800000000000000e+04
1.865900000000000000e+04
1.867200000000000000e+04
1.867600000000000000e+04
1.868200000000000000e+04
1.868300000000000000e+04
1.868900000000000000e+04
1.869400000000000000e+04
1.870000000000000000e+04
1.870700000000000000e+04
1.871100000000000000e+04
1.871900000000000000e+04
1.872200000000000000e+04
1.872300000000000000e+04
1.872400000000000000e+04
1.872600000000000000e+04
1.872900000000000000e+04
1.873000000000000000e+04
1.874000000000000000e+04
1.874500000000000000e+04
1.874700000000000000e+04
1.875000000000000000e+04
1.875100000000000000e+04
1.875200000000000000e+04
1.875300000000000000e+04
1.875500000000000000e+04
1.875600000000000000e+04
1.875800000000000000e+04
1.876100000000000000e+04
1.876300000000000000e+04
1.876400000000000000e+04
1.876600000000000000e+04
1.876800000000000000e+04
1.876900000000000000e+04
1.877100000000000000e+04
1.877200000000000000e+04
1.877400000000000000e+04
1.877500000000000000e+04
1.877600000000000000e+04
1.877700000000000000e+04
1.877800000000000000e+04
1.877900000000000000e+04
1.878100000000000000e+04
1.878200000000000000e+04
1.878300000000000000e+04
1.878400000000000000e+04
1.878700000000000000e+04
1.878900000000000000e+04
1.879000000000000000e+04
1.879100000000000000e+04
1.879600000000000000e+04
1.879700000000000000e+04
1.879800000000000000e+04
1.879900000000000000e+04
1.880100000000000000e+04
1.880200000000000000e+04
1.880300000000000000e+04
1.880700000000000000e+04
1.880800000000000000e+04
1.881000000000000000e+04
1.881100000000000000e+04
1.881200000000000000e+04
1.881400000000000000e+04
1.881500000000000000e+04
1.881600000000000000e+04
1.881900000000000000e+04
1.882000000000000000e+04
1.882200000000000000e+04
1.882300000000000000e+04
1.882500000000000000e+04
1.882700000000000000e+04
1.882800000000000000e+04
1.882900000000000000e+04
1.883200000000000000e+04
1.937700000000000000e+04
1.937800000000000000e+04
1.994400000000000000e+04
2.025400000000000000e+04
2.026300000000000000e+04
2.148300000000000000e+04
2.152300000000000000e+04
2.153900000000000000e+04
2.163100000000000000e+04
2.163400000000000000e+04
2.163700000000000000e+04
2.164000000000000000e+04
2.164100000000000000e+04
2.164600000000000000e+04
2.164900000000000000e+04
2.165000000000000000e+04
2.165400000000000000e+04
2.165800000000000000e+04
2.165900000000000000e+04
2.166300000000000000e+04
2.166400000000000000e+04
2.166700000000000000e+04
2.166800000000000000e+04
2.167600000000000000e+04
2.168000000000000000e+04
2.168400000000000000e+04
2.168500000000000000e+04
2.168600000000000000e+04
2.168900000000000000e+04
2.169000000000000000e+04
2.169200000000000000e+04
2.169700000000000000e+04
2.169900000000000000e+04
2.170000000000000000e+04
2.170100000000000000e+04
2.170200000000000000e+04
2.170500000000000000e+04
2.170700000000000000e+04
2.170800000000000000e+04
2.170900000000000000e+04
2.171100000000000000e+04
2.171200000000000000e+04
2.171400000000000000e+04
2.171600000000000000e+04
2.171800000000000000e+04
2.171900000000000000e+04
2.172200000000000000e+04
2.172300000000000000e+04
2.172400000000000000e+04
2.172500000000000000e+04
2.172600000000000000e+04
2.172700000000000000e+04
2.173100000000000000e+04
2.173400000000000000e+04
2.173700000000000000e+04
2.174500000000000000e+04
2.175200000000000000e+04
2.175400000000000000e+04
2.175500000000000000e+04
2.175800000000000000e+04
2.175900000000000000e+04
2.176000000000000000e+04
2.176300000000000000e+04
2.176400000000000000e+04
2.176500000000000000e+04
2.176600000000000000e+04
2.176700000000000000e+04
2.177100000000000000e+04
2.177200000000000000e+04
2.177400000000000000e+04
2.177500000000000000e+04
2.177600000000000000e+04
2.178100000000000000e+04
2.178500000000000000e+04
2.178800000000000000e+04
2.179100000000000000e+04
2.179300000000000000e+04
2.179600000000000000e+04
2.179800000000000000e+04
2.179900000000000000e+04
2.180200000000000000e+04
2.180400000000000000e+04
2.180500000000000000e+04
2.180700000000000000e+04
2.180900000000000000e+04
2.181000000000000000e+04
2.181100000000000000e+04
2.181200000000000000e+04
2.181300000000000000e+04
2.181500000000000000e+04
2.181800000000000000e+04
2.182000000000000000e+04
2.182100000000000000e+04
2.182400000000000000e+04
2.182800000000000000e+04
2.182900000000000000e+04
2.183000000000000000e+04
2.183200000000000000e+04
2.183400000000000000e+04
2.183500000000000000e+04
2.183700000000000000e+04
2.183800000000000000e+04
2.183900000000000000e+04
2.184100000000000000e+04
2.184300000000000000e+04
2.184400000000000000e+04
2.184600000000000000e+04
2.185000000000000000e+04
2.185100000000000000e+04
2.185300000000000000e+04
2.186200000000000000e+04
2.186600000000000000e+04
2.186800000000000000e+04
2.187800000000000000e+04
2.193400000000000000e+04
2.195800000000000000e+04
2.195900000000000000e+04
2.196000000000000000e+04
2.196400000000000000e+04
2.197000000000000000e+04
2.197100000000000000e+04
2.197200000000000000e+04
2.197300000000000000e+04
2.197400000000000000e+04
2.197500000000000000e+04
2.197700000000000000e+04
2.197800000000000000e+04
2.197900000000000000e+04
2.198200000000000000e+04
2.198300000000000000e+04
2.198500000000000000e+04
2.198600000000000000e+04
2.201000000000000000e+04
2.223900000000000000e+04
2.226700000000000000e+04
2.231200000000000000e+04
2.231900000000000000e+04
2.232400000000000000e+04
2.232900000000000000e+04
2.233600000000000000e+04
2.234300000000000000e+04
2.234600000000000000e+04
2.235800000000000000e+04
2.236200000000000000e+04
2.237200000000000000e+04
2.237800000000000000e+04
2.238200000000000000e+04
2.238400000000000000e+04
2.238700000000000000e+04
2.238900000000000000e+04
2.239400000000000000e+04
2.271300000000000000e+04
2.272900000000000000e+04
2.281200000000000000e+04
2.281500000000000000e+04
2.281700000000000000e+04
2.282300000000000000e+04
2.282400000000000000e+04
2.282500000000000000e+04
2.282900000000000000e+04
2.283800000000000000e+04
2.284000000000000000e+04
2.293100000000000000e+04
2.307200000000000000e+04
2.328200000000000000e+04
2.328800000000000000e+04
2.329300000000000000e+04
2.329400000000000000e+04
2.329500000000000000e+04
2.333100000000000000e+04
2.349600000000000000e+04
2.351700000000000000e+04
2.358800000000000000e+04
2.358900000000000000e+04
2.359000000000000000e+04
2.359200000000000000e+04
2.359400000000000000e+04
2.359700000000000000e+04
2.359800000000000000e+04
2.360100000000000000e+04
2.360400000000000000e+04
2.361300000000000000e+04
2.362100000000000000e+04
2.362600000000000000e+04
2.362800000000000000e+04
2.362900000000000000e+04
2.363000000000000000e+04
2.363100000000000000e+04
2.363200000000000000e+04
2.363300000000000000e+04
2.363500000000000000e+04
2.366400000000000000e+04
2.366500000000000000e+04
2.366600000000000000e+04
2.366800000000000000e+04
2.366900000000000000e+04
2.367100000000000000e+04
2.367200000000000000e+04
2.377100000000000000e+04
2.379200000000000000e+04
2.380800000000000000e+04
2.381100000000000000e+04
2.381700000000000000e+04
2.383100000000000000e+04
2.383800000000000000e+04
2.383900000000000000e+04
2.409500000000000000e+04
2.409800000000000000e+04
2.410200000000000000e+04
2.410500000000000000e+04
2.410600000000000000e+04
2.411000000000000000e+04
2.411100000000000000e+04
2.411600000000000000e+04
2.411700000000000000e+04
2.411800000000000000e+04
2.412400000000000000e+04
2.412700000000000000e+04
2.413100000000000000e+04
2.413300000000000000e+04
2.413400000000000000e+04
2.413600000000000000e+04
2.413800000000000000e+04
2.414000000000000000e+04
2.414400000000000000e+04
2.414500000000000000e+04
2.414700000000000000e+04
2.414800000000000000e+04
2.414900000000000000e+04
2.415400000000000000e+04
2.415500000000000000e+04
2.426400000000000000e+04
2.426500000000000000e+04
2.426600000000000000e+04
2.426700000000000000e+04
2.426900000000000000e+04
2.427100000000000000e+04
2.427200000000000000e+04
2.427300000000000000e+04
2.428200000000000000e+04
2.429000000000000000e+04
2.432700000000000000e+04
2.435900000000000000e+04
2.448200000000000000e+04
2.448500000000000000e+04
2.448600000000000000e+04
2.448700000000000000e+04
2.450700000000000000e+04
2.450900000000000000e+04
2.453100000000000000e+04
2.453200000000000000e+04
2.453300000000000000e+04
2.453600000000000000e+04
2.457700000000000000e+04
2.458100000000000000e+04
2.458400000000000000e+04
2.469500000000000000e+04
2.469700000000000000e+04
2.469900000000000000e+04
2.470800000000000000e+04
2.473700000000000000e+04
2.478300000000000000e+04
2.478400000000000000e+04
2.478800000000000000e+04
2.487400000000000000e+04
2.503600000000000000e+04
2.506800000000000000e+04
2.508700000000000000e+04
2.510100000000000000e+04
2.511700000000000000e+04
2.512000000000000000e+04
2.512200000000000000e+04
2.513000000000000000e+04
2.513200000000000000e+04
2.513700000000000000e+04
2.520100000000000000e+04
2.520200000000000000e+04
2.521900000000000000e+04
2.527400000000000000e+04
2.540200000000000000e+04
2.541200000000000000e+04
2.544000000000000000e+04
2.548100000000000000e+04
2.553500000000000000e+04
2.555500000000000000e+04
2.558000000000000000e+04
2.562100000000000000e+04
2.565500000000000000e+04
2.567000000000000000e+04
2.567100000000000000e+04
2.567200000000000000e+04
2.573600000000000000e+04
2.577400000000000000e+04
2.583900000000000000e+04
2.586800000000000000e+04
2.602900000000000000e+04
2.603200000000000000e+04
2.605500000000000000e+04
2.605600000000000000e+04
2.606000000000000000e+04
2.606300000000000000e+04
2.607200000000000000e+04
2.607300000000000000e+04
2.607400000000000000e+04
2.610400000000000000e+04
2.611800000000000000e+04
2.611900000000000000e+04
2.612000000000000000e+04
2.614100000000000000e+04
2.619200000000000000e+04
2.625700000000000000e+04
2.625900000000000000e+04
2.627300000000000000e+04
2.627400000000000000e+04
2.627500000000000000e+04
2.641300000000000000e+04
2.644800000000000000e+04
2.672800000000000000e+04
2.698200000000000000e+04
2.700900000000000000e+04
2.721600000000000000e+04
2.730800000000000000e+04
2.731700000000000000e+04
2.743200000000000000e+04
2.743500000000000000e+04
2.759300000000000000e+04
2.761800000000000000e+04
2.762200000000000000e+04
2.765500000000000000e+04
2.765700000000000000e+04
2.773000000000000000e+04
2.775000000000000000e+04
2.782700000000000000e+04
2.786400000000000000e+04
2.796000000000000000e+04
2.797600000000000000e+04
2.823900000000000000e+04
2.837300000000000000e+04
2.842600000000000000e+04
2.849500000000000000e+04
2.888600000000000000e+04
2.888700000000000000e+04
2.889000000000000000e+04
2.889200000000000000e+04
2.889400000000000000e+04
2.889900000000000000e+04
2.890100000000000000e+04
2.890200000000000000e+04
2.890400000000000000e+04
2.890500000000000000e+04
2.890900000000000000e+04
2.891100000000000000e+04
2.891200000000000000e+04
2.891500000000000000e+04
2.891700000000000000e+04
2.891800000000000000e+04
2.891900000000000000e+04
2.892100000000000000e+04
2.892200000000000000e+04
2.892300000000000000e+04
2.892400000000000000e+04
2.892500000000000000e+04
2.892700000000000000e+04
2.893300000000000000e+04
2.893400000000000000e+04
2.893500000000000000e+04
2.893800000000000000e+04
2.894100000000000000e+04
2.894400000000000000e+04
2.894500000000000000e+04
2.894600000000000000e+04
2.894900000000000000e+04
2.895000000000000000e+04
2.895400000000000000e+04
2.895500000000000000e+04
2.895600000000000000e+04
2.896000000000000000e+04
2.896100000000000000e+04
2.896200000000000000e+04
2.896800000000000000e+04
2.897100000000000000e+04
2.897200000000000000e+04
2.897400000000000000e+04
2.897700000000000000e+04
2.897800000000000000e+04
2.898200000000000000e+04
2.898400000000000000e+04
2.898700000000000000e+04
2.898800000000000000e+04
2.899000000000000000e+04
2.899100000000000000e+04
2.899300000000000000e+04
2.899500000000000000e+04
2.899600000000000000e+04
2.899700000000000000e+04
2.900000000000000000e+04
2.900200000000000000e+04
2.900300000000000000e+04
2.900400000000000000e+04
2.900700000000000000e+04
2.900800000000000000e+04
2.900900000000000000e+04
2.901000000000000000e+04
2.901100000000000000e+04
2.901400000000000000e+04
2.901700000000000000e+04
2.901800000000000000e+04
2.902000000000000000e+04
2.902200000000000000e+04
2.902500000000000000e+04
2.902700000000000000e+04
2.902800000000000000e+04
2.902900000000000000e+04
2.903100000000000000e+04
2.903500000000000000e+04
2.903700000000000000e+04
2.903800000000000000e+04
2.904000000000000000e+04
2.904300000000000000e+04
2.904400000000000000e+04
2.904600000000000000e+04
2.904900000000000000e+04
2.905000000000000000e+04
2.905100000000000000e+04
2.905300000000000000e+04
2.905500000000000000e+04
2.905800000000000000e+04
2.906100000000000000e+04
2.906500000000000000e+04
2.906700000000000000e+04
2.906800000000000000e+04
2.906900000000000000e+04
2.907300000000000000e+04
2.907400000000000000e+04
2.907500000000000000e+04
2.907900000000000000e+04
2.908000000000000000e+04
2.908100000000000000e+04
2.908200000000000000e+04
2.908500000000000000e+04
2.908600000000000000e+04
2.908700000000000000e+04
2.909000000000000000e+04
2.909100000000000000e+04
2.909200000000000000e+04
2.909300000000000000e+04
2.909400000000000000e+04
2.909600000000000000e+04
2.909800000000000000e+04
2.910100000000000000e+04
2.910200000000000000e+04
2.910300000000000000e+04
2.910500000000000000e+04
2.910600000000000000e+04
2.910800000000000000e+04
2.910900000000000000e+04
2.911000000000000000e+04
2.911200000000000000e+04
2.911400000000000000e+04
2.911600000000000000e+04
2.911900000000000000e+04
2.912000000000000000e+04
2.912200000000000000e+04
2.912400000000000000e+04
2.912500000000000000e+04
2.913100000000000000e+04
2.913200000000000000e+04
2.913400000000000000e+04
2.913800000000000000e+04
2.914300000000000000e+04
2.914400000000000000e+04
2.914500000000000000e+04
2.914600000000000000e+04
2.914700000000000000e+04
2.914800000000000000e+04
2.914900000000000000e+04
2.915000000000000000e+04
2.915100000000000000e+04
2.915300000000000000e+04
2.915400000000000000e+04
2.915600000000000000e+04
2.916300000000000000e+04
2.916400000000000000e+04
2.916500000000000000e+04
2.916800000000000000e+04
2.916900000000000000e+04
2.917000000000000000e+04
2.917400000000000000e+04
2.917500000000000000e+04
2.917600000000000000e+04
2.917700000000000000e+04
2.917800000000000000e+04
2.918000000000000000e+04
2.918400000000000000e+04
2.918500000000000000e+04
2.918600000000000000e+04
2.918700000000000000e+04
2.919000000000000000e+04
2.919100000000000000e+04
2.919200000000000000e+04
2.919300000000000000e+04
2.919400000000000000e+04
2.919500000000000000e+04
2.919800000000000000e+04
2.920100000000000000e+04
2.920200000000000000e+04
2.920500000000000000e+04
2.921000000000000000e+04
2.921400000000000000e+04
2.921900000000000000e+04
2.922800000000000000e+04
2.923100000000000000e+04
2.923200000000000000e+04
2.923400000000000000e+04
2.923500000000000000e+04
2.924000000000000000e+04
2.924500000000000000e+04
2.924600000000000000e+04
2.925600000000000000e+04
2.925800000000000000e+04
2.925900000000000000e+04
2.926000000000000000e+04
2.926100000000000000e+04
2.926300000000000000e+04
2.926600000000000000e+04
2.927100000000000000e+04
2.927700000000000000e+04
2.928200000000000000e+04
2.928500000000000000e+04
2.928600000000000000e+04
2.929600000000000000e+04
2.930900000000000000e+04
2.931000000000000000e+04
2.931700000000000000e+04
2.932000000000000000e+04
2.933200000000000000e+04
2.947300000000000000e+04
2.950400000000000000e+04
2.976100000000000000e+04
2.991600000000000000e+04
2.992300000000000000e+04
2.997900000000000000e+04
3.000000000000000000e+04
3.000600000000000000e+04
3.003600000000000000e+04
3.009000000000000000e+04
3.014500000000000000e+04
3.015200000000000000e+04
3.024500000000000000e+04
3.027900000000000000e+04
3.028100000000000000e+04
3.028300000000000000e+04
3.028500000000000000e+04
3.028600000000000000e+04
3.028700000000000000e+04
3.028800000000000000e+04
3.029000000000000000e+04
3.029200000000000000e+04
3.030700000000000000e+04
3.035400000000000000e+04
3.039000000000000000e+04
3.051900000000000000e+04
3.055500000000000000e+04
3.055600000000000000e+04
3.059400000000000000e+04
3.059900000000000000e+04
3.061500000000000000e+04
3.065800000000000000e+04
3.066100000000000000e+04
3.078700000000000000e+04
3.079200000000000000e+04
3.079800000000000000e+04
3.080100000000000000e+04
3.080400000000000000e+04
3.081500000000000000e+04
3.083200000000000000e+04
3.083800000000000000e+04
3.084400000000000000e+04
3.084800000000000000e+04
3.084900000000000000e+04
3.085500000000000000e+04
3.085700000000000000e+04
3.085800000000000000e+04
3.086300000000000000e+04
3.087200000000000000e+04
3.121200000000000000e+04
3.137100000000000000e+04
3.143100000000000000e+04
3.189800000000000000e+04
3.197000000000000000e+04
3.197400000000000000e+04
3.198500000000000000e+04
3.200200000000000000e+04
3.209800000000000000e+04
3.210000000000000000e+04
3.213100000000000000e+04
3.223500000000000000e+04
3.223700000000000000e+04
3.223800000000000000e+04
3.223900000000000000e+04
3.224400000000000000e+04
3.224800000000000000e+04
3.225300000000000000e+04
3.226400000000000000e+04
3.245800000000000000e+04
3.261100000000000000e+04
3.261200000000000000e+04
3.283900000000000000e+04
3.284100000000000000e+04
3.284700000000000000e+04
3.285900000000000000e+04
3.286000000000000000e+04
3.286600000000000000e+04
3.286700000000000000e+04
3.286800000000000000e+04
3.287200000000000000e+04
3.288000000000000000e+04
3.288200000000000000e+04
3.288400000000000000e+04
3.290200000000000000e+04
3.290300000000000000e+04
3.293400000000000000e+04
3.293800000000000000e+04
3.295400000000000000e+04
3.295500000000000000e+04
3.296100000000000000e+04
3.296700000000000000e+04
3.296900000000000000e+04
3.316000000000000000e+04
3.316100000000000000e+04
3.372200000000000000e+04
3.388100000000000000e+04
3.402500000000000000e+04
3.402600000000000000e+04
3.476300000000000000e+04
3.476800000000000000e+04
3.477200000000000000e+04
3.477300000000000000e+04
3.477700000000000000e+04
3.477900000000000000e+04
3.478700000000000000e+04
3.479100000000000000e+04
3.479900000000000000e+04
3.480700000000000000e+04
3.481100000000000000e+04
3.481500000000000000e+04
3.485400000000000000e+04
3.489100000000000000e+04
3.501100000000000000e+04
3.504200000000000000e+04
3.525300000000000000e+04
3.526700000000000000e+04
3.529500000000000000e+04
3.529800000000000000e+04
3.529900000000000000e+04
3.571800000000000000e+04
3.593900000000000000e+04
3.594200000000000000e+04
3.597200000000000000e+04
3.598300000000000000e+04
3.598500000000000000e+04
3.598700000000000000e+04
3.598800000000000000e+04
3.598900000000000000e+04
3.601100000000000000e+04
3.601200000000000000e+04
3.606200000000000000e+04
3.606300000000000000e+04
3.606400000000000000e+04
3.606500000000000000e+04
3.606700000000000000e+04
3.606900000000000000e+04
3.607100000000000000e+04
3.607200000000000000e+04
3.607400000000000000e+04
3.607500000000000000e+04
3.607800000000000000e+04
3.607900000000000000e+04
3.608200000000000000e+04
3.608300000000000000e+04
3.608400000000000000e+04
3.608600000000000000e+04
3.608700000000000000e+04
3.608800000000000000e+04
3.609000000000000000e+04
3.609100000000000000e+04
3.609300000000000000e+04
3.609400000000000000e+04
3.609600000000000000e+04
3.610200000000000000e+04
3.610300000000000000e+04
3.610400000000000000e+04
3.610600000000000000e+04
3.610700000000000000e+04
3.611000000000000000e+04
3.611100000000000000e+04
3.611600000000000000e+04
3.611800000000000000e+04
3.611900000000000000e+04
3.612400000000000000e+04
3.612500000000000000e+04
3.612600000000000000e+04
3.612700000000000000e+04
3.613100000000000000e+04
3.613200000000000000e+04
3.614100000000000000e+04
3.614600000000000000e+04
3.614700000000000000e+04
3.615100000000000000e+04
3.615200000000000000e+04
3.615500000000000000e+04
3.615800000000000000e+04
3.615900000000000000e+04
3.616000000000000000e+04
3.617400000000000000e+04
3.617600000000000000e+04
3.618700000000000000e+04
3.619100000000000000e+04
3.622000000000000000e+04
3.622400000000000000e+04
3.622500000000000000e+04
3.622600000000000000e+04
3.623200000000000000e+04
3.623600000000000000e+04
3.624100000000000000e+04
3.624600000000000000e+04
3.624700000000000000e+04
3.625000000000000000e+04
3.625500000000000000e+04
3.627800000000000000e+04
3.627900000000000000e+04
3.628000000000000000e+04
3.628200000000000000e+04
3.628600000000000000e+04
3.629000000000000000e+04
3.629200000000000000e+04
3.629300000000000000e+04
3.629400000000000000e+04
3.629600000000000000e+04
3.629700000000000000e+04
3.630100000000000000e+04
3.630200000000000000e+04
3.630500000000000000e+04
3.630600000000000000e+04
3.630700000000000000e+04
3.630800000000000000e+04
3.630900000000000000e+04
3.631000000000000000e+04
3.631400000000000000e+04
3.631500000000000000e+04
3.631600000000000000e+04
3.631700000000000000e+04
3.631800000000000000e+04
3.632000000000000000e+04
3.632200000000000000e+04
3.632300000000000000e+04
3.632400000000000000e+04
3.632500000000000000e+04
3.632600000000000000e+04
3.632700000000000000e+04
3.632900000000000000e+04
3.633100000000000000e+04
3.633500000000000000e+04
3.633600000000000000e+04
3.633800000000000000e+04
3.633900000000000000e+04
3.634000000000000000e+04
3.634300000000000000e+04
3.634500000000000000e+04
3.634700000000000000e+04
3.634900000000000000e+04
3.635100000000000000e+04
3.635300000000000000e+04
3.635400000000000000e+04
3.635600000000000000e+04
3.635800000000000000e+04
3.636800000000000000e+04
3.637000000000000000e+04
3.637100000000000000e+04
3.637200000000000000e+04
3.637300000000000000e+04
3.637500000000000000e+04
3.638200000000000000e+04
3.638300000000000000e+04
3.638700000000000000e+04
3.639400000000000000e+04
3.639600000000000000e+04
3.640500000000000000e+04
3.641100000000000000e+04
3.641600000000000000e+04
3.641800000000000000e+04
3.642400000000000000e+04
3.643000000000000000e+04
3.647000000000000000e+04
3.647100000000000000e+04
3.647300000000000000e+04
3.647400000000000000e+04
3.650300000000000000e+04
3.650400000000000000e+04
3.651400000000000000e+04
3.653500000000000000e+04
3.654200000000000000e+04
3.654700000000000000e+04
3.654900000000000000e+04
3.655000000000000000e+04
3.655900000000000000e+04
3.656000000000000000e+04
3.656100000000000000e+04
3.656200000000000000e+04
3.656400000000000000e+04
3.656600000000000000e+04
3.656900000000000000e+04
3.657300000000000000e+04
3.657600000000000000e+04
3.657700000000000000e+04
3.657800000000000000e+04
3.658000000000000000e+04
3.658700000000000000e+04
3.659700000000000000e+04
3.660100000000000000e+04
3.660400000000000000e+04
3.660500000000000000e+04
3.660600000000000000e+04
3.660800000000000000e+04
3.661200000000000000e+04
3.661700000000000000e+04
3.661900000000000000e+04
3.662000000000000000e+04
3.662100000000000000e+04
3.662200000000000000e+04
3.662300000000000000e+04
3.662500000000000000e+04
3.662800000000000000e+04
3.663000000000000000e+04
3.663100000000000000e+04
3.663300000000000000e+04
3.663500000000000000e+04
3.663600000000000000e+04
3.663700000000000000e+04
3.663800000000000000e+04
3.664400000000000000e+04
3.664500000000000000e+04
3.664700000000000000e+04
3.665300000000000000e+04
3.665400000000000000e+04
3.665600000000000000e+04
3.666000000000000000e+04
3.666200000000000000e+04
3.666300000000000000e+04
3.666400000000000000e+04
3.666600000000000000e+04
3.666700000000000000e+04
3.667200000000000000e+04
3.667300000000000000e+04
3.667500000000000000e+04
3.667600000000000000e+04
3.667700000000000000e+04
3.668000000000000000e+04
3.668100000000000000e+04
3.668200000000000000e+04
3.669200000000000000e+04
3.669400000000000000e+04
3.669500000000000000e+04
3.669800000000000000e+04
3.669900000000000000e+04
3.670000000000000000e+04
3.670100000000000000e+04
3.670200000000000000e+04
3.670500000000000000e+04
3.670700000000000000e+04
3.670800000000000000e+04
3.671000000000000000e+04
3.671100000000000000e+04
3.671200000000000000e+04
3.671700000000000000e+04
3.672400000000000000e+04
3.672600000000000000e+04
3.672800000000000000e+04
3.672900000000000000e+04
3.673200000000000000e+04
3.673300000000000000e+04
3.673500000000000000e+04
3.673800000000000000e+04
3.673900000000000000e+04
3.674100000000000000e+04
3.674300000000000000e+04
3.674400000000000000e+04
3.674500000000000000e+04
3.674700000000000000e+04
3.674800000000000000e+04
3.674900000000000000e+04
3.675000000000000000e+04
3.675200000000000000e+04
3.675400000000000000e+04
3.675600000000000000e+04
3.675700000000000000e+04
3.675900000000000000e+04
3.676200000000000000e+04
3.676500000000000000e+04
3.676700000000000000e+04
3.676800000000000000e+04
3.677100000000000000e+04
3.677300000000000000e+04
3.677500000000000000e+04
3.678000000000000000e+04
3.678200000000000000e+04
3.678400000000000000e+04
3.679000000000000000e+04
3.679700000000000000e+04
3.680100000000000000e+04
3.680400000000000000e+04
3.680500000000000000e+04
3.680900000000000000e+04
3.681000000000000000e+04
3.681100000000000000e+04
3.681200000000000000e+04
3.681400000000000000e+04
3.681500000000000000e+04
3.681600000000000000e+04
3.681700000000000000e+04
3.682200000000000000e+04
3.682300000000000000e+04
3.682400000000000000e+04
3.682500000000000000e+04
3.682600000000000000e+04
3.682700000000000000e+04
3.682900000000000000e+04
3.683000000000000000e+04
3.683100000000000000e+04
3.683200000000000000e+04
3.683700000000000000e+04
3.684000000000000000e+04
3.684100000000000000e+04
3.684200000000000000e+04
3.684900000000000000e+04
3.685100000000000000e+04
3.685200000000000000e+04
3.685300000000000000e+04
3.685500000000000000e+04
3.685600000000000000e+04
3.685700000000000000e+04
3.685800000000000000e+04
3.685900000000000000e+04
3.686100000000000000e+04
3.686300000000000000e+04
3.686400000000000000e+04
3.686600000000000000e+04
3.686800000000000000e+04
3.686900000000000000e+04
3.687000000000000000e+04
3.687100000000000000e+04
3.687200000000000000e+04
3.687800000000000000e+04
3.688000000000000000e+04
3.688100000000000000e+04
3.688400000000000000e+04
3.688600000000000000e+04
3.689300000000000000e+04
3.689400000000000000e+04
3.689500000000000000e+04
3.689600000000000000e+04
3.689900000000000000e+04
3.690000000000000000e+04
3.690200000000000000e+04
3.690700000000000000e+04
3.691000000000000000e+04
3.691200000000000000e+04
3.691300000000000000e+04
3.691400000000000000e+04
3.691500000000000000e+04
3.691800000000000000e+04
3.692200000000000000e+04
3.692300000000000000e+04
3.692700000000000000e+04
3.693000000000000000e+04
3.693100000000000000e+04
3.693400000000000000e+04
3.693600000000000000e+04
3.693700000000000000e+04
3.693800000000000000e+04
3.694500000000000000e+04
3.694600000000000000e+04
3.694700000000000000e+04
3.695100000000000000e+04
3.695300000000000000e+04
3.695400000000000000e+04
3.696300000000000000e+04
3.696800000000000000e+04
3.696900000000000000e+04
3.697300000000000000e+04
3.697400000000000000e+04
3.697600000000000000e+04
3.697800000000000000e+04
3.697900000000000000e+04
3.698000000000000000e+04
3.698100000000000000e+04
3.698200000000000000e+04
3.698500000000000000e+04
3.698600000000000000e+04
3.698700000000000000e+04
3.698800000000000000e+04
3.699200000000000000e+04
3.699300000000000000e+04
3.699400000000000000e+04
3.699600000000000000e+04
3.699700000000000000e+04
3.700000000000000000e+04
3.700200000000000000e+04
3.700500000000000000e+04
3.700800000000000000e+04
3.701000000000000000e+04
3.701100000000000000e+04
3.701200000000000000e+04
3.701400000000000000e+04
3.701500000000000000e+04
3.701600000000000000e+04
3.701700000000000000e+04
3.701800000000000000e+04
3.702000000000000000e+04
3.702400000000000000e+04
3.702500000000000000e+04
3.703100000000000000e+04
3.703200000000000000e+04
3.703400000000000000e+04
3.703500000000000000e+04
3.703800000000000000e+04
3.704200000000000000e+04
3.704300000000000000e+04
3.704700000000000000e+04
3.704900000000000000e+04
3.705000000000000000e+04
3.705100000000000000e+04
3.705700000000000000e+04
3.705900000000000000e+04
3.706000000000000000e+04
3.706100000000000000e+04
3.706600000000000000e+04
3.706800000000000000e+04
3.707100000000000000e+04
3.707500000000000000e+04
3.708000000000000000e+04
3.708300000000000000e+04
3.708500000000000000e+04
3.708600000000000000e+04
3.708900000000000000e+04
3.709000000000000000e+04
3.709500000000000000e+04
3.709600000000000000e+04
3.709700000000000000e+04
3.709800000000000000e+04
3.710000000000000000e+04
3.710100000000000000e+04
3.710200000000000000e+04
3.710400000000000000e+04
3.710700000000000000e+04
3.710800000000000000e+04
3.710900000000000000e+04
3.711000000000000000e+04
3.711200000000000000e+04
3.711500000000000000e+04
3.711700000000000000e+04
3.711800000000000000e+04
3.712000000000000000e+04
3.712300000000000000e+04
3.712400000000000000e+04
3.712500000000000000e+04
3.712600000000000000e+04
3.712700000000000000e+04
3.712900000000000000e+04
3.713600000000000000e+04
3.713800000000000000e+04
3.713900000000000000e+04
3.714000000000000000e+04
3.714100000000000000e+04
3.714200000000000000e+04
3.714400000000000000e+04
3.714500000000000000e+04
3.714600000000000000e+04
3.714700000000000000e+04
3.715000000000000000e+04
3.715100000000000000e+04
3.715200000000000000e+04
3.715300000000000000e+04
3.715500000000000000e+04
3.715600000000000000e+04
3.715800000000000000e+04
3.716100000000000000e+04
3.716400000000000000e+04
3.716500000000000000e+04
3.716700000000000000e+04
3.716800000000000000e+04
3.716900000000000000e+04
3.717000000000000000e+04
3.717200000000000000e+04
3.717300000000000000e+04
3.724900000000000000e+04
3.725100000000000000e+04
3.725500000000000000e+04
3.725600000000000000e+04
3.726200000000000000e+04
3.726500000000000000e+04
3.728700000000000000e+04
3.729000000000000000e+04
3.729100000000000000e+04
3.730000000000000000e+04
3.731100000000000000e+04
3.732000000000000000e+04
3.735600000000000000e+04
3.740900000000000000e+04
3.741100000000000000e+04
3.741500000000000000e+04
3.741600000000000000e+04
3.741700000000000000e+04
3.741800000000000000e+04
3.742400000000000000e+04
3.742500000000000000e+04
3.742700000000000000e+04
3.742900000000000000e+04
3.743200000000000000e+04
3.743300000000000000e+04
3.743400000000000000e+04
3.743500000000000000e+04
3.744000000000000000e+04
3.744300000000000000e+04
3.744400000000000000e+04
3.744600000000000000e+04
3.745100000000000000e+04
3.745500000000000000e+04
3.745600000000000000e+04
3.745700000000000000e+04
3.745800000000000000e+04
3.745900000000000000e+04
3.746000000000000000e+04
3.746200000000000000e+04
3.746300000000000000e+04
3.746500000000000000e+04
3.746700000000000000e+04
3.746800000000000000e+04
3.747100000000000000e+04
3.747200000000000000e+04
3.747300000000000000e+04
3.747400000000000000e+04
3.747500000000000000e+04
3.747800000000000000e+04
3.747900000000000000e+04
3.748100000000000000e+04
3.748200000000000000e+04
3.748300000000000000e+04
3.748400000000000000e+04
3.748900000000000000e+04
3.749000000000000000e+04
3.749200000000000000e+04
3.749300000000000000e+04
3.749400000000000000e+04
3.749600000000000000e+04
3.749800000000000000e+04
3.749900000000000000e+04
3.750000000000000000e+04
3.750500000000000000e+04
3.750700000000000000e+04
3.750900000000000000e+04
3.751200000000000000e+04
3.751400000000000000e+04
3.751500000000000000e+04
3.751600000000000000e+04
3.751700000000000000e+04
3.752100000000000000e+04
3.752300000000000000e+04
3.752500000000000000e+04
3.752600000000000000e+04
3.752800000000000000e+04
3.752900000000000000e+04
3.753000000000000000e+04
3.753100000000000000e+04
3.753300000000000000e+04
3.753400000000000000e+04
3.753700000000000000e+04
3.753900000000000000e+04
3.754100000000000000e+04
3.754200000000000000e+04
3.754400000000000000e+04
3.754500000000000000e+04
3.754600000000000000e+04
3.754700000000000000e+04
3.754800000000000000e+04
3.755100000000000000e+04
3.755500000000000000e+04
3.755700000000000000e+04
3.756000000000000000e+04
3.756300000000000000e+04
3.756600000000000000e+04
3.756700000000000000e+04
3.756800000000000000e+04
3.756900000000000000e+04
3.757000000000000000e+04
3.757800000000000000e+04
3.758000000000000000e+04
3.758300000000000000e+04
3.758400000000000000e+04
3.758500000000000000e+04
3.759000000000000000e+04
3.759300000000000000e+04
3.759500000000000000e+04
3.759600000000000000e+04
3.759700000000000000e+04
3.759900000000000000e+04
3.760100000000000000e+04
3.760200000000000000e+04
3.760300000000000000e+04
3.760700000000000000e+04
3.760900000000000000e+04
3.761000000000000000e+04
3.761100000000000000e+04
3.761200000000000000e+04
3.761500000000000000e+04
3.761600000000000000e+04
3.761700000000000000e+04
3.762100000000000000e+04
3.762200000000000000e+04
3.762600000000000000e+04
3.762800000000000000e+04
3.763600000000000000e+04
3.763700000000000000e+04
3.763800000000000000e+04
3.763900000000000000e+04
3.764000000000000000e+04
3.764100000000000000e+04
3.764300000000000000e+04
3.764500000000000000e+04
3.764600000000000000e+04
3.764800000000000000e+04
3.764900000000000000e+04
3.765000000000000000e+04
3.765100000000000000e+04
3.765300000000000000e+04
3.765600000000000000e+04
3.766000000000000000e+04
3.766400000000000000e+04
3.766600000000000000e+04
3.766800000000000000e+04
3.767100000000000000e+04
3.767500000000000000e+04
3.767700000000000000e+04
3.768000000000000000e+04
3.768100000000000000e+04
3.768200000000000000e+04
3.768300000000000000e+04
3.768500000000000000e+04
3.768600000000000000e+04
3.768800000000000000e+04
3.769100000000000000e+04
3.769400000000000000e+04
3.769600000000000000e+04
3.769800000000000000e+04
3.769900000000000000e+04
3.770300000000000000e+04
3.770700000000000000e+04
3.770800000000000000e+04
3.771200000000000000e+04
3.771300000000000000e+04
3.771500000000000000e+04
3.772000000000000000e+04
3.772100000000000000e+04
3.772200000000000000e+04
3.772700000000000000e+04
3.773200000000000000e+04
3.773400000000000000e+04
3.773500000000000000e+04
3.773600000000000000e+04
3.773700000000000000e+04
3.774000000000000000e+04
3.774200000000000000e+04
3.774300000000000000e+04
3.774400000000000000e+04
3.774600000000000000e+04
3.774900000000000000e+04
3.775000000000000000e+04
3.775100000000000000e+04
3.775200000000000000e+04
3.775300000000000000e+04
3.775400000000000000e+04
3.775600000000000000e+04
3.775700000000000000e+04
3.775900000000000000e+04
3.776300000000000000e+04
3.776400000000000000e+04
3.776600000000000000e+04
3.776700000000000000e+04
3.777100000000000000e+04
3.777400000000000000e+04
3.777500000000000000e+04
3.777600000000000000e+04
3.777800000000000000e+04
3.778000000000000000e+04
3.778200000000000000e+04
3.778400000000000000e+04
3.778500000000000000e+04
3.778600000000000000e+04
3.778800000000000000e+04
3.778900000000000000e+04
3.779300000000000000e+04
3.779400000000000000e+04
3.779500000000000000e+04
3.779600000000000000e+04
3.779800000000000000e+04
3.779900000000000000e+04
3.780000000000000000e+04
3.780400000000000000e+04
3.780500000000000000e+04
3.780700000000000000e+04
3.781000000000000000e+04
3.781100000000000000e+04
3.781200000000000000e+04
3.781300000000000000e+04
3.781700000000000000e+04
3.781900000000000000e+04
3.782000000000000000e+04
3.782100000000000000e+04
3.782200000000000000e+04
3.782600000000000000e+04
3.782800000000000000e+04
3.784000000000000000e+04
3.786200000000000000e+04
3.786400000000000000e+04
3.786500000000000000e+04
3.786600000000000000e+04
3.786700000000000000e+04
3.786900000000000000e+04
3.787000000000000000e+04
3.787100000000000000e+04
3.787200000000000000e+04
3.787300000000000000e+04
3.787500000000000000e+04
3.787600000000000000e+04
3.787700000000000000e+04
3.788400000000000000e+04
3.788600000000000000e+04
3.789100000000000000e+04
3.789400000000000000e+04
3.789700000000000000e+04
3.790200000000000000e+04
3.791100000000000000e+04
3.791800000000000000e+04
3.792700000000000000e+04
3.792800000000000000e+04
3.795100000000000000e+04
3.795300000000000000e+04
3.795700000000000000e+04
3.796200000000000000e+04
3.798700000000000000e+04
3.799100000000000000e+04
3.799800000000000000e+04
3.800400000000000000e+04
3.800700000000000000e+04
3.801100000000000000e+04
3.801200000000000000e+04
3.801300000000000000e+04
3.802000000000000000e+04
3.802200000000000000e+04
3.802400000000000000e+04
3.802800000000000000e+04
3.803500000000000000e+04
3.803700000000000000e+04
3.804700000000000000e+04
3.805100000000000000e+04
3.806600000000000000e+04
3.806800000000000000e+04
3.807200000000000000e+04
3.807400000000000000e+04
3.807600000000000000e+04
3.807700000000000000e+04
3.807900000000000000e+04
3.808000000000000000e+04
3.808700000000000000e+04
3.808800000000000000e+04
3.809000000000000000e+04
3.809100000000000000e+04
3.809500000000000000e+04
3.809600000000000000e+04
3.809900000000000000e+04
3.810000000000000000e+04
3.810300000000000000e+04
3.810400000000000000e+04
3.810500000000000000e+04
3.810800000000000000e+04
3.811100000000000000e+04
3.811200000000000000e+04
3.811400000000000000e+04
3.811600000000000000e+04
3.811700000000000000e+04
3.811900000000000000e+04
3.812000000000000000e+04
3.812100000000000000e+04
3.812400000000000000e+04
3.812600000000000000e+04
3.813200000000000000e+04
3.813300000000000000e+04
3.813600000000000000e+04
3.813700000000000000e+04
3.813800000000000000e+04
3.814000000000000000e+04
3.814100000000000000e+04
3.814300000000000000e+04
3.814400000000000000e+04
3.814500000000000000e+04
3.814600000000000000e+04
3.814800000000000000e+04
3.814900000000000000e+04
3.815300000000000000e+04
3.815400000000000000e+04
3.815500000000000000e+04
3.815600000000000000e+04
3.815800000000000000e+04
3.816000000000000000e+04
3.816100000000000000e+04
3.816400000000000000e+04
3.816500000000000000e+04
3.816600000000000000e+04
3.816700000000000000e+04
3.816800000000000000e+04
3.817000000000000000e+04
3.817200000000000000e+04
3.817300000000000000e+04
3.817600000000000000e+04
3.817800000000000000e+04
3.818100000000000000e+04
3.818400000000000000e+04
3.818500000000000000e+04
3.818600000000000000e+04
3.818700000000000000e+04
3.818900000000000000e+04
3.819000000000000000e+04
3.819100000000000000e+04
3.819300000000000000e+04
3.819400000000000000e+04
3.819500000000000000e+04
3.819700000000000000e+04
3.819800000000000000e+04
3.820000000000000000e+04
3.820200000000000000e+04
3.820300000000000000e+04
3.820400000000000000e+04
3.820600000000000000e+04
3.820800000000000000e+04
3.821000000000000000e+04
3.821300000000000000e+04
3.821500000000000000e+04
3.821600000000000000e+04
3.821700000000000000e+04
3.822200000000000000e+04
3.822600000000000000e+04
3.822700000000000000e+04
3.822800000000000000e+04
3.822900000000000000e+04
3.823100000000000000e+04
3.823200000000000000e+04
3.823300000000000000e+04
3.823500000000000000e+04
3.823700000000000000e+04
3.824200000000000000e+04
3.824300000000000000e+04
3.824500000000000000e+04
3.824600000000000000e+04
3.824800000000000000e+04
3.825100000000000000e+04
3.825200000000000000e+04
3.825300000000000000e+04
3.825400000000000000e+04
3.825500000000000000e+04
3.825700000000000000e+04
3.825900000000000000e+04
3.826200000000000000e+04
3.826600000000000000e+04
3.826800000000000000e+04
3.826900000000000000e+04
3.827100000000000000e+04
3.827200000000000000e+04
3.827700000000000000e+04
3.827800000000000000e+04
3.827900000000000000e+04
3.828300000000000000e+04
3.828500000000000000e+04
3.828600000000000000e+04
3.828800000000000000e+04
3.829000000000000000e+04
3.829100000000000000e+04
3.834800000000000000e+04
3.835100000000000000e+04
3.837200000000000000e+04
3.837900000000000000e+04
3.838800000000000000e+04
3.838900000000000000e+04
3.839000000000000000e+04
3.839500000000000000e+04
3.839700000000000000e+04
3.839900000000000000e+04
3.840400000000000000e+04
3.841400000000000000e+04
3.841500000000000000e+04
3.842000000000000000e+04
3.842100000000000000e+04
3.842500000000000000e+04
3.842900000000000000e+04
3.843100000000000000e+04
3.843700000000000000e+04
3.843900000000000000e+04
3.844100000000000000e+04
3.844300000000000000e+04
3.844400000000000000e+04
3.844500000000000000e+04
3.844700000000000000e+04
3.844800000000000000e+04
3.845000000000000000e+04
3.845100000000000000e+04
3.845200000000000000e+04
3.845300000000000000e+04
3.846000000000000000e+04
3.846300000000000000e+04
3.846400000000000000e+04
3.846500000000000000e+04
3.846800000000000000e+04
3.847500000000000000e+04
3.848200000000000000e+04
3.848300000000000000e+04
3.848500000000000000e+04
3.848700000000000000e+04
3.848800000000000000e+04
3.849300000000000000e+04
3.849500000000000000e+04
3.849600000000000000e+04
3.850000000000000000e+04
3.850100000000000000e+04
3.850700000000000000e+04
3.850800000000000000e+04
3.851000000000000000e+04
3.851200000000000000e+04
3.851300000000000000e+04
3.851400000000000000e+04
3.851600000000000000e+04
3.851900000000000000e+04
3.852000000000000000e+04
3.852100000000000000e+04
3.852300000000000000e+04
3.852500000000000000e+04
3.852600000000000000e+04
3.852900000000000000e+04
3.853000000000000000e+04
3.853300000000000000e+04
3.853400000000000000e+04
3.854300000000000000e+04
3.854400000000000000e+04
3.854700000000000000e+04
3.854800000000000000e+04
3.854900000000000000e+04
3.855100000000000000e+04
3.855300000000000000e+04
3.855400000000000000e+04
3.855500000000000000e+04
3.855700000000000000e+04
3.856100000000000000e+04
3.856200000000000000e+04
3.856500000000000000e+04
3.856800000000000000e+04
3.857500000000000000e+04
3.857800000000000000e+04
3.857900000000000000e+04
3.858000000000000000e+04
3.858100000000000000e+04
3.858700000000000000e+04
3.858900000000000000e+04
3.859000000000000000e+04
3.859400000000000000e+04
3.859800000000000000e+04
3.860000000000000000e+04
3.861000000000000000e+04
3.861700000000000000e+04
3.861800000000000000e+04
3.862100000000000000e+04
3.863200000000000000e+04
3.863700000000000000e+04
3.864000000000000000e+04
3.864200000000000000e+04
3.864300000000000000e+04
3.864400000000000000e+04
3.864900000000000000e+04
3.865000000000000000e+04
3.865500000000000000e+04
3.865900000000000000e+04
3.866100000000000000e+04
3.866800000000000000e+04
3.867000000000000000e+04
3.867400000000000000e+04
3.867700000000000000e+04
3.868100000000000000e+04
3.868200000000000000e+04
3.868400000000000000e+04
3.868700000000000000e+04
3.868800000000000000e+04
3.869200000000000000e+04
3.869300000000000000e+04
3.870200000000000000e+04
3.870300000000000000e+04
3.870600000000000000e+04
3.870800000000000000e+04
3.872200000000000000e+04
3.875100000000000000e+04
3.875500000000000000e+04
3.875900000000000000e+04
3.877800000000000000e+04
3.878400000000000000e+04
3.878500000000000000e+04
3.878600000000000000e+04
3.878900000000000000e+04
3.879000000000000000e+04
3.879500000000000000e+04
3.883400000000000000e+04
3.883500000000000000e+04
3.883700000000000000e+04
3.883900000000000000e+04
3.884400000000000000e+04
3.884500000000000000e+04
3.884700000000000000e+04
3.885400000000000000e+04
3.885500000000000000e+04
3.885900000000000000e+04
3.901200000000000000e+04
3.901300000000000000e+04
3.901400000000000000e+04
3.901600000000000000e+04
3.912100000000000000e+04
3.920500000000000000e+04
3.924600000000000000e+04
3.924800000000000000e+04
3.929900000000000000e+04
3.930000000000000000e+04
3.948000000000000000e+04
3.951400000000000000e+04
3.953100000000000000e+04
3.953400000000000000e+04
3.954000000000000000e+04
3.954300000000000000e+04
3.956500000000000000e+04
3.956600000000000000e+04
3.956700000000000000e+04
3.956800000000000000e+04
3.956900000000000000e+04
3.957000000000000000e+04
3.957100000000000000e+04
3.959300000000000000e+04
3.959400000000000000e+04
3.959600000000000000e+04
3.959700000000000000e+04
3.959800000000000000e+04
3.959900000000000000e+04
3.960000000000000000e+04
3.960100000000000000e+04
3.960400000000000000e+04
3.960500000000000000e+04
3.960600000000000000e+04
3.961100000000000000e+04
3.961200000000000000e+04
3.961400000000000000e+04
3.961500000000000000e+04
3.961700000000000000e+04
3.961800000000000000e+04
3.961900000000000000e+04
3.962000000000000000e+04
3.962100000000000000e+04
3.962200000000000000e+04
3.962500000000000000e+04
3.962700000000000000e+04
3.963700000000000000e+04
3.964100000000000000e+04
3.965300000000000000e+04
3.965400000000000000e+04
3.965500000000000000e+04
3.965600000000000000e+04
3.965800000000000000e+04
3.965900000000000000e+04
3.966100000000000000e+04
3.967800000000000000e+04
3.968000000000000000e+04
3.968300000000000000e+04
3.968500000000000000e+04
3.968800000000000000e+04
3.969600000000000000e+04
3.970300000000000000e+04
3.970400000000000000e+04
3.970600000000000000e+04
3.970900000000000000e+04
3.971000000000000000e+04
3.973200000000000000e+04
3.974300000000000000e+04
3.975000000000000000e+04
3.975200000000000000e+04
3.975300000000000000e+04
3.976100000000000000e+04
3.976700000000000000e+04
3.977500000000000000e+04
3.978300000000000000e+04
3.978900000000000000e+04
3.979100000000000000e+04
3.979200000000000000e+04
3.979400000000000000e+04
3.979500000000000000e+04
3.979700000000000000e+04
3.979900000000000000e+04
3.980000000000000000e+04
3.980700000000000000e+04
3.980800000000000000e+04
3.981800000000000000e+04
3.982000000000000000e+04
3.982200000000000000e+04
3.982400000000000000e+04
3.986200000000000000e+04
3.986300000000000000e+04
3.986400000000000000e+04
3.986500000000000000e+04
3.989600000000000000e+04
3.994900000000000000e+04
3.995300000000000000e+04
3.995500000000000000e+04
4.008600000000000000e+04
4.021100000000000000e+04
4.037600000000000000e+04
4.048800000000000000e+04
4.053100000000000000e+04
4.057000000000000000e+04
4.061400000000000000e+04
4.061500000000000000e+04
4.061700000000000000e+04
4.061900000000000000e+04
4.062000000000000000e+04
4.062100000000000000e+04
4.062200000000000000e+04
4.062300000000000000e+04
4.062500000000000000e+04
4.062600000000000000e+04
4.062700000000000000e+04
4.062800000000000000e+04
4.062900000000000000e+04
4.063000000000000000e+04
4.063100000000000000e+04
4.063200000000000000e+04
4.063300000000000000e+04
4.063400000000000000e+04
4.063600000000000000e+04
4.063700000000000000e+04
4.064200000000000000e+04
4.064800000000000000e+04
4.064900000000000000e+04
4.065200000000000000e+04
4.065400000000000000e+04
4.065900000000000000e+04
4.066100000000000000e+04
4.066500000000000000e+04
4.066800000000000000e+04
4.066900000000000000e+04
4.067300000000000000e+04
4.067400000000000000e+04
4.069500000000000000e+04
4.069800000000000000e+04
4.070000000000000000e+04
4.070100000000000000e+04
4.074400000000000000e+04
4.074600000000000000e+04
4.074700000000000000e+04
4.074800000000000000e+04
4.075000000000000000e+04
4.076100000000000000e+04
4.076200000000000000e+04
4.076300000000000000e+04
4.076400000000000000e+04
4.076600000000000000e+04
4.076800000000000000e+04
4.076900000000000000e+04
4.077400000000000000e+04
4.077500000000000000e+04
4.077600000000000000e+04
4.078000000000000000e+04
4.078100000000000000e+04
4.078300000000000000e+04
4.078400000000000000e+04
4.078500000000000000e+04
4.078800000000000000e+04
4.078900000000000000e+04
4.079200000000000000e+04
4.079500000000000000e+04
4.079600000000000000e+04
4.079700000000000000e+04
4.079800000000000000e+04
4.080000000000000000e+04
4.080200000000000000e+04
4.080300000000000000e+04
4.080400000000000000e+04
4.080700000000000000e+04
4.080800000000000000e+04
4.080900000000000000e+04
4.081000000000000000e+04
4.081100000000000000e+04
4.081200000000000000e+04
4.081300000000000000e+04
4.081600000000000000e+04
4.081800000000000000e+04
4.081900000000000000e+04
4.084500000000000000e+04
4.084600000000000000e+04
4.084700000000000000e+04
4.084800000000000000e+04
4.089000000000000000e+04
4.091400000000000000e+04
4.091600000000000000e+04
4.091700000000000000e+04
4.092000000000000000e+04
4.092100000000000000e+04
4.092200000000000000e+04
4.092300000000000000e+04
4.101300000000000000e+04
4.114100000000000000e+04
4.116100000000000000e+04
4.119200000000000000e+04
4.121300000000000000e+04
4.122100000000000000e+04
4.133900000000000000e+04
4.134700000000000000e+04
4.134900000000000000e+04
4.140400000000000000e+04
4.144200000000000000e+04
4.147300000000000000e+04
4.148200000000000000e+04
4.150700000000000000e+04
4.152000000000000000e+04
4.155000000000000000e+04
