7.600000000000000000e+01
8.500000000000000000e+01
1.980000000000000000e+02
2.070000000000000000e+02
2.100000000000000000e+02
2.130000000000000000e+02
3.230000000000000000e+02
3.240000000000000000e+02
7.930000000000000000e+02
7.940000000000000000e+02
9.030000000000000000e+02
9.080000000000000000e+02
9.550000000000000000e+02
1.020000000000000000e+03
1.129000000000000000e+03
1.204000000000000000e+03
1.295000000000000000e+03
1.298000000000000000e+03
1.337000000000000000e+03
1.339000000000000000e+03
1.340000000000000000e+03
1.341000000000000000e+03
1.348000000000000000e+03
1.350000000000000000e+03
1.381000000000000000e+03
1.487000000000000000e+03
1.495000000000000000e+03
1.581000000000000000e+03
1.609000000000000000e+03
1.648000000000000000e+03
1.843000000000000000e+03
1.846000000000000000e+03
1.858000000000000000e+03
1.860000000000000000e+03
1.877000000000000000e+03
1.954000000000000000e+03
2.148000000000000000e+03
2.158000000000000000e+03
2.164000000000000000e+03
2.166000000000000000e+03
2.178000000000000000e+03
2.181000000000000000e+03
2.183000000000000000e+03
2.201000000000000000e+03
2.224000000000000000e+03
2.232000000000000000e+03
2.241000000000000000e+03
2.281000000000000000e+03
2.361000000000000000e+03
2.378000000000000000e+03
2.394000000000000000e+03
2.398000000000000000e+03
2.406000000000000000e+03
2.417000000000000000e+03
2.519000000000000000e+03
2.528000000000000000e+03
2.575000000000000000e+03
2.577000000000000000e+03
2.580000000000000000e+03
2.596000000000000000e+03
2.603000000000000000e+03
2.645000000000000000e+03
2.650000000000000000e+03
2.652000000000000000e+03
2.683000000000000000e+03
2.684000000000000000e+03
2.701000000000000000e+03
2.704000000000000000e+03
2.712000000000000000e+03
2.759000000000000000e+03
2.813000000000000000e+03
2.815000000000000000e+03
2.816000000000000000e+03
2.819000000000000000e+03
2.845000000000000000e+03
2.860000000000000000e+03
2.862000000000000000e+03
2.863000000000000000e+03
2.864000000000000000e+03
2.867000000000000000e+03
2.869000000000000000e+03
2.875000000000000000e+03
2.894000000000000000e+03
2.968000000000000000e+03
2.974000000000000000e+03
3.228000000000000000e+03
3.232000000000000000e+03
3.316000000000000000e+03
3.472000000000000000e+03
3.474000000000000000e+03
3.490000000000000000e+03
3.504000000000000000e+03
3.517000000000000000e+03
3.560000000000000000e+03
3.580000000000000000e+03
3.639000000000000000e+03
3.657000000000000000e+03
3.740000000000000000e+03
3.786000000000000000e+03
3.809000000000000000e+03
3.865000000000000000e+03
3.876000000000000000e+03
3.885000000000000000e+03
3.896000000000000000e+03
4.047000000000000000e+03
4.053000000000000000e+03
4.094000000000000000e+03
4.105000000000000000e+03
4.109000000000000000e+03
4.110000000000000000e+03
4.111000000000000000e+03
4.182000000000000000e+03
4.213000000000000000e+03
4.298000000000000000e+03
4.399000000000000000e+03
4.404000000000000000e+03
4.476000000000000000e+03
4.499000000000000000e+03
4.502000000000000000e+03
4.516000000000000000e+03
4.521000000000000000e+03
4.522000000000000000e+03
4.536000000000000000e+03
4.575000000000000000e+03
4.588000000000000000e+03
4.696000000000000000e+03
4.717000000000000000e+03
4.735000000000000000e+03
4.752000000000000000e+03
4.753000000000000000e+03
4.761000000000000000e+03
4.774000000000000000e+03
4.880000000000000000e+03
5.177000000000000000e+03
5.284000000000000000e+03
5.310000000000000000e+03
5.311000000000000000e+03
5.380000000000000000e+03
5.381000000000000000e+03
5.399000000000000000e+03
5.400000000000000000e+03
5.402000000000000000e+03
5.405000000000000000e+03
5.406000000000000000e+03
5.409000000000000000e+03
5.410000000000000000e+03
5.411000000000000000e+03
5.415000000000000000e+03
5.427000000000000000e+03
5.493000000000000000e+03
5.495000000000000000e+03
5.509000000000000000e+03
5.514000000000000000e+03
5.517000000000000000e+03
5.527000000000000000e+03
5.530000000000000000e+03
5.531000000000000000e+03
5.602000000000000000e+03
5.605000000000000000e+03
5.672000000000000000e+03
5.680000000000000000e+03
5.779000000000000000e+03
5.821000000000000000e+03
5.849000000000000000e+03
5.850000000000000000e+03
5.911000000000000000e+03
5.919000000000000000e+03
5.922000000000000000e+03
5.936000000000000000e+03
5.948000000000000000e+03
5.979000000000000000e+03
5.981000000000000000e+03
5.982000000000000000e+03
5.986000000000000000e+03
6.065000000000000000e+03
6.111000000000000000e+03
6.133000000000000000e+03
6.194000000000000000e+03
6.209000000000000000e+03
6.214000000000000000e+03
6.236000000000000000e+03
6.252000000000000000e+03
6.255000000000000000e+03
6.256000000000000000e+03
6.402000000000000000e+03
6.420000000000000000e+03
6.484000000000000000e+03
6.510000000000000000e+03
6.523000000000000000e+03
6.541000000000000000e+03
6.550000000000000000e+03
6.556000000000000000e+03
6.633000000000000000e+03
6.663000000000000000e+03
6.665000000000000000e+03
6.684000000000000000e+03
6.696000000000000000e+03
6.742000000000000000e+03
6.770000000000000000e+03
6.771000000000000000e+03
6.880000000000000000e+03
6.887000000000000000e+03
6.913000000000000000e+03
6.986000000000000000e+03
7.001000000000000000e+03
7.044000000000000000e+03
7.127000000000000000e+03
7.141000000000000000e+03
7.177000000000000000e+03
7.182000000000000000e+03
7.209000000000000000e+03
7.210000000000000000e+03
7.211000000000000000e+03
7.212000000000000000e+03
7.309000000000000000e+03
7.363000000000000000e+03
7.376000000000000000e+03
7.413000000000000000e+03
7.435000000000000000e+03
7.569000000000000000e+03
7.572000000000000000e+03
7.573000000000000000e+03
7.581000000000000000e+03
7.603000000000000000e+03
7.614000000000000000e+03
7.731000000000000000e+03
7.810000000000000000e+03
7.815000000000000000e+03
7.834000000000000000e+03
7.847000000000000000e+03
7.859000000000000000e+03
7.860000000000000000e+03
7.950000000000000000e+03
7.980000000000000000e+03
7.997000000000000000e+03
8.037000000000000000e+03
8.043000000000000000e+03
8.071000000000000000e+03
8.092000000000000000e+03
8.133000000000000000e+03
8.204000000000000000e+03
8.388000000000000000e+03
8.396000000000000000e+03
8.403000000000000000e+03
8.414000000000000000e+03
8.587000000000000000e+03
8.739000000000000000e+03
8.812000000000000000e+03
8.820000000000000000e+03
8.821000000000000000e+03
8.825000000000000000e+03
8.837000000000000000e+03
8.924000000000000000e+03
9.038000000000000000e+03
9.053000000000000000e+03
9.108000000000000000e+03
9.164000000000000000e+03
9.238000000000000000e+03
9.401000000000000000e+03
9.447000000000000000e+03
9.537000000000000000e+03
9.574000000000000000e+03
9.579000000000000000e+03
9.581000000000000000e+03
9.585000000000000000e+03
9.628000000000000000e+03
9.635000000000000000e+03
9.734000000000000000e+03
9.793000000000000000e+03
9.871000000000000000e+03
9.943000000000000000e+03
9.944000000000000000e+03
9.946000000000000000e+03
9.954000000000000000e+03
9.970000000000000000e+03
1.001500000000000000e+04
1.005500000000000000e+04
1.005800000000000000e+04
1.008300000000000000e+04
1.008700000000000000e+04
1.009200000000000000e+04
1.009400000000000000e+04
1.009500000000000000e+04
1.009800000000000000e+04
1.010300000000000000e+04
1.013900000000000000e+04
1.021000000000000000e+04
1.028700000000000000e+04
1.030200000000000000e+04
1.033900000000000000e+04
1.036400000000000000e+04
1.037500000000000000e+04
1.037900000000000000e+04
1.041000000000000000e+04
1.046100000000000000e+04
1.050400000000000000e+04
1.053500000000000000e+04
1.060300000000000000e+04
1.061400000000000000e+04
1.063500000000000000e+04
1.063600000000000000e+04
1.064100000000000000e+04
1.070300000000000000e+04
1.078500000000000000e+04
1.082200000000000000e+04
1.083800000000000000e+04
1.095300000000000000e+04
1.096300000000000000e+04
1.096600000000000000e+04
1.098700000000000000e+04
1.101800000000000000e+04
1.101900000000000000e+04
1.102000000000000000e+04
1.102200000000000000e+04
1.105100000000000000e+04
1.106700000000000000e+04
1.107400000000000000e+04
1.115900000000000000e+04
1.116000000000000000e+04
1.116200000000000000e+04
1.117900000000000000e+04
1.120700000000000000e+04
1.121200000000000000e+04
1.124800000000000000e+04
1.130700000000000000e+04
1.149400000000000000e+04
1.149500000000000000e+04
1.152000000000000000e+04
1.152100000000000000e+04
1.153000000000000000e+04
1.162300000000000000e+04
1.165300000000000000e+04
1.165400000000000000e+04
1.176800000000000000e+04
1.180400000000000000e+04
1.180700000000000000e+04
1.182200000000000000e+04
1.185900000000000000e+04
1.198300000000000000e+04
1.202700000000000000e+04
1.204200000000000000e+04
1.212400000000000000e+04
1.213600000000000000e+04
1.213700000000000000e+04
1.214000000000000000e+04
1.214400000000000000e+04
1.220300000000000000e+04
1.223700000000000000e+04
1.224400000000000000e+04
1.234900000000000000e+04
1.238100000000000000e+04
1.243100000000000000e+04
1.244900000000000000e+04
1.245600000000000000e+04
1.249300000000000000e+04
1.249500000000000000e+04
1.250100000000000000e+04
1.251500000000000000e+04
1.272400000000000000e+04
1.274200000000000000e+04
1.275500000000000000e+04
1.289000000000000000e+04
1.289300000000000000e+04
1.294300000000000000e+04
1.298200000000000000e+04
1.300100000000000000e+04
1.301300000000000000e+04
1.307100000000000000e+04
1.307500000000000000e+04
1.307900000000000000e+04
1.308900000000000000e+04
1.310000000000000000e+04
1.311000000000000000e+04
1.311200000000000000e+04
1.314200000000000000e+04
1.315100000000000000e+04
1.315600000000000000e+04
1.315700000000000000e+04
1.316000000000000000e+04
1.316800000000000000e+04
1.323100000000000000e+04
1.328200000000000000e+04
1.330300000000000000e+04
1.330400000000000000e+04
1.339400000000000000e+04
1.345300000000000000e+04
1.349800000000000000e+04
1.350100000000000000e+04
1.350200000000000000e+04
1.351500000000000000e+04
1.353700000000000000e+04
1.357600000000000000e+04
1.385800000000000000e+04
1.386600000000000000e+04
1.387300000000000000e+04
1.408900000000000000e+04
1.421100000000000000e+04
1.421700000000000000e+04
1.428600000000000000e+04
1.433600000000000000e+04
1.435200000000000000e+04
1.437400000000000000e+04
1.438600000000000000e+04
1.442100000000000000e+04
1.451900000000000000e+04
1.455300000000000000e+04
1.463100000000000000e+04
1.475500000000000000e+04
1.497100000000000000e+04
1.503900000000000000e+04
1.519500000000000000e+04
1.519600000000000000e+04
1.530700000000000000e+04
1.553900000000000000e+04
1.554500000000000000e+04
1.556300000000000000e+04
1.562900000000000000e+04
1.566200000000000000e+04
1.569700000000000000e+04
1.571300000000000000e+04
1.573600000000000000e+04
1.593100000000000000e+04
1.594300000000000000e+04
1.602300000000000000e+04
1.602400000000000000e+04
1.604500000000000000e+04
1.612400000000000000e+04
1.616900000000000000e+04
1.617000000000000000e+04
1.623700000000000000e+04
1.623900000000000000e+04
1.624000000000000000e+04
1.629900000000000000e+04
1.634000000000000000e+04
1.635000000000000000e+04
1.636800000000000000e+04
1.638300000000000000e+04
1.640000000000000000e+04
1.650400000000000000e+04
1.651700000000000000e+04
1.651900000000000000e+04
1.652300000000000000e+04
1.652800000000000000e+04
1.652900000000000000e+04
1.653100000000000000e+04
1.653200000000000000e+04
1.656100000000000000e+04
1.658500000000000000e+04
1.660100000000000000e+04
1.661900000000000000e+04
1.671700000000000000e+04
1.671800000000000000e+04
1.671900000000000000e+04
1.672000000000000000e+04
1.672800000000000000e+04
1.672900000000000000e+04
1.682800000000000000e+04
1.692600000000000000e+04
1.703500000000000000e+04
1.705500000000000000e+04
1.708200000000000000e+04
1.709100000000000000e+04
1.711800000000000000e+04
1.714000000000000000e+04
1.714300000000000000e+04
1.714600000000000000e+04
1.716200000000000000e+04
1.716600000000000000e+04
1.719600000000000000e+04
1.719700000000000000e+04
1.721200000000000000e+04
1.722700000000000000e+04
1.724000000000000000e+04
1.725900000000000000e+04
1.726500000000000000e+04
1.726600000000000000e+04
1.727200000000000000e+04
1.733900000000000000e+04
1.737500000000000000e+04
1.748200000000000000e+04
1.748700000000000000e+04
1.754400000000000000e+04
1.754900000000000000e+04
1.757300000000000000e+04
1.762600000000000000e+04
1.763600000000000000e+04
1.767300000000000000e+04
1.768400000000000000e+04
1.770500000000000000e+04
1.778100000000000000e+04
1.802500000000000000e+04
1.810800000000000000e+04
1.827300000000000000e+04
1.828800000000000000e+04
1.830700000000000000e+04
1.830800000000000000e+04
1.832400000000000000e+04
1.837500000000000000e+04
1.838000000000000000e+04
1.838400000000000000e+04
1.838700000000000000e+04
1.838800000000000000e+04
1.842500000000000000e+04
1.846900000000000000e+04
1.856200000000000000e+04
1.857200000000000000e+04
1.857300000000000000e+04
1.859400000000000000e+04
1.861700000000000000e+04
1.864500000000000000e+04
1.868200000000000000e+04
1.872100000000000000e+04
1.876000000000000000e+04
1.877500000000000000e+04
1.888100000000000000e+04
1.888600000000000000e+04
1.889300000000000000e+04
1.896600000000000000e+04
1.897800000000000000e+04
1.909800000000000000e+04
1.913800000000000000e+04
1.914300000000000000e+04
1.919700000000000000e+04
1.921600000000000000e+04
1.930500000000000000e+04
1.935000000000000000e+04
1.935200000000000000e+04
1.939100000000000000e+04
1.945200000000000000e+04
1.953100000000000000e+04
1.953200000000000000e+04
1.959900000000000000e+04
1.960900000000000000e+04
1.974600000000000000e+04
1.974700000000000000e+04
1.975800000000000000e+04
1.977000000000000000e+04
1.991200000000000000e+04
2.003400000000000000e+04
2.004200000000000000e+04
2.010700000000000000e+04
2.012100000000000000e+04
2.019200000000000000e+04
2.020900000000000000e+04
2.024100000000000000e+04
2.024200000000000000e+04
2.040100000000000000e+04
2.044600000000000000e+04
2.048400000000000000e+04
2.052100000000000000e+04
2.057000000000000000e+04
2.060800000000000000e+04
2.062200000000000000e+04
2.066000000000000000e+04
2.066500000000000000e+04
2.072000000000000000e+04
2.073600000000000000e+04
2.081800000000000000e+04
2.082000000000000000e+04
2.091500000000000000e+04
2.091700000000000000e+04
2.107100000000000000e+04
2.111100000000000000e+04
2.127900000000000000e+04
2.128000000000000000e+04
2.129000000000000000e+04
2.129200000000000000e+04
2.151300000000000000e+04
2.170800000000000000e+04
2.173700000000000000e+04
2.185500000000000000e+04
2.191600000000000000e+04
2.192500000000000000e+04
2.195000000000000000e+04
2.195600000000000000e+04
2.197300000000000000e+04
2.197500000000000000e+04
2.199600000000000000e+04
2.199700000000000000e+04
2.199800000000000000e+04
2.200100000000000000e+04
2.201900000000000000e+04
2.204300000000000000e+04
2.204400000000000000e+04
2.204500000000000000e+04
2.204600000000000000e+04
2.204700000000000000e+04
2.205200000000000000e+04
2.205400000000000000e+04
2.206700000000000000e+04
2.206900000000000000e+04
2.207000000000000000e+04
2.207800000000000000e+04
2.207900000000000000e+04
2.210000000000000000e+04
2.210100000000000000e+04
2.211500000000000000e+04
2.214800000000000000e+04
2.215100000000000000e+04
2.215200000000000000e+04
2.215300000000000000e+04
2.215400000000000000e+04
2.216600000000000000e+04
2.216700000000000000e+04
2.217000000000000000e+04
2.221600000000000000e+04
2.227700000000000000e+04
2.228400000000000000e+04
2.229200000000000000e+04
2.230600000000000000e+04
2.251100000000000000e+04
2.262500000000000000e+04
2.285100000000000000e+04
2.286300000000000000e+04
2.289600000000000000e+04
2.292600000000000000e+04
2.299300000000000000e+04
2.304700000000000000e+04
2.325400000000000000e+04
2.326100000000000000e+04
2.326600000000000000e+04
2.329700000000000000e+04
2.329800000000000000e+04
2.329900000000000000e+04
2.331800000000000000e+04
2.333200000000000000e+04
2.335000000000000000e+04
2.346100000000000000e+04
2.346200000000000000e+04
2.349700000000000000e+04
2.356200000000000000e+04
2.365700000000000000e+04
2.368700000000000000e+04
2.376900000000000000e+04
2.381200000000000000e+04
2.381700000000000000e+04
2.382300000000000000e+04
2.382500000000000000e+04
2.385000000000000000e+04
2.385400000000000000e+04
2.386100000000000000e+04
2.400200000000000000e+04
2.409100000000000000e+04
2.411800000000000000e+04
2.422600000000000000e+04
2.424100000000000000e+04
2.432900000000000000e+04
2.440300000000000000e+04
2.442700000000000000e+04
2.442900000000000000e+04
2.449700000000000000e+04
2.459700000000000000e+04
2.461700000000000000e+04
2.463300000000000000e+04
2.477900000000000000e+04
2.495100000000000000e+04
2.502000000000000000e+04
2.504200000000000000e+04
2.511600000000000000e+04
2.512300000000000000e+04
2.523200000000000000e+04
2.523600000000000000e+04
2.526400000000000000e+04
2.526800000000000000e+04
2.532000000000000000e+04
2.547500000000000000e+04
2.547600000000000000e+04
2.563100000000000000e+04
2.564000000000000000e+04
2.564100000000000000e+04
2.566500000000000000e+04
2.566600000000000000e+04
2.566800000000000000e+04
2.567400000000000000e+04
2.572800000000000000e+04
2.575200000000000000e+04
2.575900000000000000e+04
2.581400000000000000e+04
2.584400000000000000e+04
2.589100000000000000e+04
2.591200000000000000e+04
2.596200000000000000e+04
2.600000000000000000e+04
2.600500000000000000e+04
2.600600000000000000e+04
2.601400000000000000e+04
2.602400000000000000e+04
2.603600000000000000e+04
2.626700000000000000e+04
2.634000000000000000e+04
2.639400000000000000e+04
2.641900000000000000e+04
2.645500000000000000e+04
2.658300000000000000e+04
2.658400000000000000e+04
2.667900000000000000e+04
2.668200000000000000e+04
2.677200000000000000e+04
2.684500000000000000e+04
2.691000000000000000e+04
2.693300000000000000e+04
2.694400000000000000e+04
2.694500000000000000e+04
2.696500000000000000e+04
2.703700000000000000e+04
2.723000000000000000e+04
2.723700000000000000e+04
2.742100000000000000e+04
2.760000000000000000e+04
2.760600000000000000e+04
2.760900000000000000e+04
2.778400000000000000e+04
2.780900000000000000e+04
2.797400000000000000e+04
2.797500000000000000e+04
2.801700000000000000e+04
2.814000000000000000e+04
2.823900000000000000e+04
2.824500000000000000e+04
2.826000000000000000e+04
2.831800000000000000e+04
2.846500000000000000e+04
2.850500000000000000e+04
2.862400000000000000e+04
2.871300000000000000e+04
2.871500000000000000e+04
2.879500000000000000e+04
2.880800000000000000e+04
2.887600000000000000e+04
2.897600000000000000e+04
2.897700000000000000e+04
2.897800000000000000e+04
2.897900000000000000e+04
2.912300000000000000e+04
2.929000000000000000e+04
2.934100000000000000e+04
2.941800000000000000e+04
2.949200000000000000e+04
2.976700000000000000e+04
2.979300000000000000e+04
2.987000000000000000e+04
2.993500000000000000e+04
2.993900000000000000e+04
2.996500000000000000e+04
3.000600000000000000e+04
3.002100000000000000e+04
3.024100000000000000e+04
3.027400000000000000e+04
3.029800000000000000e+04
3.033000000000000000e+04
3.033900000000000000e+04
3.037300000000000000e+04
3.049700000000000000e+04
3.049800000000000000e+04
3.050100000000000000e+04
3.050200000000000000e+04
3.059700000000000000e+04
3.068100000000000000e+04
3.071300000000000000e+04
3.077400000000000000e+04
3.080700000000000000e+04
3.092500000000000000e+04
3.116700000000000000e+04
3.125500000000000000e+04
3.125700000000000000e+04
3.128900000000000000e+04
3.129100000000000000e+04
3.135700000000000000e+04
3.149600000000000000e+04
3.150200000000000000e+04
3.158900000000000000e+04
3.159000000000000000e+04
3.159300000000000000e+04
3.161300000000000000e+04
3.161400000000000000e+04
3.162400000000000000e+04
3.162600000000000000e+04
3.172400000000000000e+04
3.173800000000000000e+04
3.182100000000000000e+04
3.183000000000000000e+04
3.183300000000000000e+04
3.184000000000000000e+04
3.184100000000000000e+04
3.188900000000000000e+04
3.192900000000000000e+04
3.195900000000000000e+04
3.196900000000000000e+04
3.198100000000000000e+04
3.201600000000000000e+04
3.203100000000000000e+04
3.203400000000000000e+04
3.205200000000000000e+04
3.208100000000000000e+04
3.208200000000000000e+04
3.208900000000000000e+04
3.210400000000000000e+04
3.212100000000000000e+04
3.215300000000000000e+04
3.216200000000000000e+04
3.221300000000000000e+04
3.221600000000000000e+04
3.224400000000000000e+04
3.230800000000000000e+04
3.233200000000000000e+04
3.234300000000000000e+04
3.240100000000000000e+04
3.240500000000000000e+04
3.240600000000000000e+04
3.245100000000000000e+04
3.247600000000000000e+04
3.255300000000000000e+04
3.255400000000000000e+04
3.258700000000000000e+04
3.267200000000000000e+04
3.278400000000000000e+04
3.278500000000000000e+04
3.278600000000000000e+04
3.279300000000000000e+04
3.280000000000000000e+04
3.280300000000000000e+04
3.280600000000000000e+04
3.288900000000000000e+04
3.291600000000000000e+04
3.309400000000000000e+04
3.318000000000000000e+04
3.323400000000000000e+04
3.324900000000000000e+04
3.326100000000000000e+04
3.326700000000000000e+04
3.326800000000000000e+04
3.326900000000000000e+04
3.329400000000000000e+04
3.331400000000000000e+04
3.344100000000000000e+04
3.354400000000000000e+04
3.354900000000000000e+04
3.362200000000000000e+04
3.365000000000000000e+04
3.371900000000000000e+04
3.377300000000000000e+04
3.393600000000000000e+04
3.393900000000000000e+04
3.394700000000000000e+04
3.394800000000000000e+04
3.395600000000000000e+04
3.400800000000000000e+04
3.408100000000000000e+04
3.410700000000000000e+04
3.410900000000000000e+04
3.418900000000000000e+04
3.419600000000000000e+04
3.419900000000000000e+04
3.420000000000000000e+04
3.420100000000000000e+04
3.420800000000000000e+04
3.421400000000000000e+04
3.422500000000000000e+04
3.422700000000000000e+04
3.422900000000000000e+04
3.430000000000000000e+04
3.431700000000000000e+04
3.431900000000000000e+04
3.435800000000000000e+04
3.437300000000000000e+04
3.441900000000000000e+04
3.447100000000000000e+04
3.449000000000000000e+04
3.449600000000000000e+04
3.451600000000000000e+04
3.451800000000000000e+04
3.451900000000000000e+04
3.453300000000000000e+04
3.464600000000000000e+04
3.464800000000000000e+04
3.467100000000000000e+04
3.478800000000000000e+04
3.481700000000000000e+04
3.482400000000000000e+04
3.482900000000000000e+04
3.483200000000000000e+04
3.483800000000000000e+04
3.489700000000000000e+04
3.491900000000000000e+04
3.492000000000000000e+04
3.492700000000000000e+04
3.493900000000000000e+04
3.494000000000000000e+04
3.494500000000000000e+04
3.496100000000000000e+04
3.496200000000000000e+04
3.498800000000000000e+04
3.498900000000000000e+04
3.499000000000000000e+04
3.499100000000000000e+04
3.499400000000000000e+04
3.502500000000000000e+04
3.506400000000000000e+04
3.508600000000000000e+04
3.512900000000000000e+04
3.513800000000000000e+04
3.514600000000000000e+04
3.515200000000000000e+04
3.519200000000000000e+04
3.520600000000000000e+04
3.521500000000000000e+04
3.522300000000000000e+04
3.522800000000000000e+04
3.524000000000000000e+04
3.533400000000000000e+04
3.538300000000000000e+04
3.538700000000000000e+04
3.544200000000000000e+04
3.544300000000000000e+04
3.550100000000000000e+04
3.559900000000000000e+04
3.566300000000000000e+04
3.567100000000000000e+04
3.571400000000000000e+04
3.573500000000000000e+04
3.573700000000000000e+04
3.573900000000000000e+04
3.581500000000000000e+04
3.581700000000000000e+04
3.591500000000000000e+04
3.594300000000000000e+04
3.594400000000000000e+04
3.596400000000000000e+04
3.598500000000000000e+04
3.603200000000000000e+04
3.605700000000000000e+04
3.606200000000000000e+04
3.607500000000000000e+04
3.611800000000000000e+04
3.615100000000000000e+04
3.618200000000000000e+04
3.619200000000000000e+04
3.621900000000000000e+04
3.623500000000000000e+04
3.623600000000000000e+04
3.623800000000000000e+04
3.630500000000000000e+04
3.632300000000000000e+04
3.634700000000000000e+04
3.641300000000000000e+04
3.642500000000000000e+04
3.643100000000000000e+04
3.647300000000000000e+04
3.650500000000000000e+04
3.651600000000000000e+04
3.655300000000000000e+04
3.657700000000000000e+04
3.664400000000000000e+04
3.668000000000000000e+04
3.671400000000000000e+04
3.671700000000000000e+04
3.672300000000000000e+04
3.675400000000000000e+04
3.675600000000000000e+04
3.683800000000000000e+04
3.684100000000000000e+04
3.685000000000000000e+04
3.696400000000000000e+04
3.696800000000000000e+04
3.697000000000000000e+04
3.697200000000000000e+04
3.698700000000000000e+04
3.698900000000000000e+04
3.699200000000000000e+04
3.699300000000000000e+04
3.699500000000000000e+04
3.706500000000000000e+04
3.710800000000000000e+04
3.711700000000000000e+04
3.711900000000000000e+04
3.714300000000000000e+04
3.714400000000000000e+04
3.718100000000000000e+04
3.718300000000000000e+04
3.718500000000000000e+04
3.730000000000000000e+04
3.735000000000000000e+04
3.739100000000000000e+04
3.750000000000000000e+04
3.751000000000000000e+04
3.751200000000000000e+04
3.754800000000000000e+04
3.755500000000000000e+04
3.760700000000000000e+04
3.762700000000000000e+04
3.764700000000000000e+04
3.765900000000000000e+04
3.766600000000000000e+04
3.766900000000000000e+04
3.773900000000000000e+04
3.775000000000000000e+04
3.776200000000000000e+04
3.778100000000000000e+04
3.778500000000000000e+04
3.779600000000000000e+04
3.781400000000000000e+04
3.800900000000000000e+04
3.804200000000000000e+04
3.806800000000000000e+04
3.809900000000000000e+04
3.812700000000000000e+04
3.816200000000000000e+04
3.816400000000000000e+04
3.816600000000000000e+04
3.816800000000000000e+04
3.818000000000000000e+04
3.820300000000000000e+04
3.820400000000000000e+04
3.820600000000000000e+04
3.820700000000000000e+04
3.822000000000000000e+04
3.822100000000000000e+04
3.822500000000000000e+04
3.822700000000000000e+04
3.825400000000000000e+04
3.826100000000000000e+04
3.826400000000000000e+04
3.833400000000000000e+04
3.834700000000000000e+04
3.841200000000000000e+04
3.842700000000000000e+04
3.843700000000000000e+04
3.844500000000000000e+04
3.845300000000000000e+04
3.851200000000000000e+04
3.854100000000000000e+04
3.855700000000000000e+04
3.863500000000000000e+04
3.864300000000000000e+04
3.868900000000000000e+04
3.869700000000000000e+04
3.877700000000000000e+04
3.886500000000000000e+04
3.887100000000000000e+04
3.894400000000000000e+04
3.896900000000000000e+04
3.897200000000000000e+04
3.899000000000000000e+04
3.899300000000000000e+04
3.900700000000000000e+04
3.901100000000000000e+04
3.901300000000000000e+04
3.901700000000000000e+04
3.907600000000000000e+04
3.911100000000000000e+04
3.911700000000000000e+04
3.916800000000000000e+04
3.917300000000000000e+04
3.917500000000000000e+04
3.918900000000000000e+04
3.919800000000000000e+04
3.920800000000000000e+04
3.921200000000000000e+04
3.921400000000000000e+04
3.921900000000000000e+04
3.922000000000000000e+04
3.924600000000000000e+04
3.932200000000000000e+04
3.934000000000000000e+04
3.946500000000000000e+04
3.949900000000000000e+04
3.960200000000000000e+04
3.961500000000000000e+04
3.961600000000000000e+04
3.962800000000000000e+04
3.963200000000000000e+04
3.964100000000000000e+04
3.964600000000000000e+04
3.965300000000000000e+04
3.966200000000000000e+04
3.968400000000000000e+04
3.970500000000000000e+04
3.973400000000000000e+04
3.975400000000000000e+04
3.977800000000000000e+04
3.984500000000000000e+04
3.985600000000000000e+04
3.986700000000000000e+04
3.992100000000000000e+04
3.994300000000000000e+04
4.006200000000000000e+04
4.006300000000000000e+04
4.011100000000000000e+04
4.026200000000000000e+04
4.028800000000000000e+04
4.031000000000000000e+04
4.032000000000000000e+04
4.039600000000000000e+04
4.042100000000000000e+04
4.042200000000000000e+04
4.042300000000000000e+04
4.044400000000000000e+04
4.045300000000000000e+04
4.045600000000000000e+04
4.048300000000000000e+04
4.053600000000000000e+04
4.054300000000000000e+04
4.056500000000000000e+04
4.060800000000000000e+04
4.074900000000000000e+04
4.081400000000000000e+04
4.084800000000000000e+04
4.084900000000000000e+04
4.085000000000000000e+04
4.086100000000000000e+04
4.090300000000000000e+04
4.103900000000000000e+04
4.108900000000000000e+04
4.119500000000000000e+04
4.128100000000000000e+04
4.193900000000000000e+04
4.212800000000000000e+04
4.217600000000000000e+04
4.219000000000000000e+04
4.220100000000000000e+04
4.222100000000000000e+04
4.227300000000000000e+04
4.229800000000000000e+04
4.231500000000000000e+04
4.233900000000000000e+04
4.234700000000000000e+04
4.234800000000000000e+04
4.235400000000000000e+04
4.238700000000000000e+04
4.240700000000000000e+04
4.243000000000000000e+04
4.246300000000000000e+04
4.246400000000000000e+04
4.247100000000000000e+04
4.250700000000000000e+04
4.253800000000000000e+04
4.253900000000000000e+04
4.255700000000000000e+04
4.255800000000000000e+04
4.259200000000000000e+04
4.276000000000000000e+04
4.277700000000000000e+04
4.278500000000000000e+04
4.279500000000000000e+04
4.285900000000000000e+04
4.291100000000000000e+04
4.291200000000000000e+04
4.292600000000000000e+04
4.294000000000000000e+04
4.297200000000000000e+04
4.302300000000000000e+04
4.305500000000000000e+04
4.315200000000000000e+04
4.315900000000000000e+04
4.316000000000000000e+04
4.318100000000000000e+04
4.319200000000000000e+04
4.320400000000000000e+04
4.322300000000000000e+04
4.322900000000000000e+04
4.327400000000000000e+04
4.328700000000000000e+04
4.332300000000000000e+04
4.332400000000000000e+04
4.334400000000000000e+04
4.335800000000000000e+04
4.336300000000000000e+04
4.338400000000000000e+04
4.339000000000000000e+04
4.340300000000000000e+04
4.340800000000000000e+04
4.341500000000000000e+04
4.345100000000000000e+04
4.347900000000000000e+04
4.348700000000000000e+04
4.349200000000000000e+04
4.349400000000000000e+04
4.363500000000000000e+04
4.366300000000000000e+04
4.366600000000000000e+04
4.368600000000000000e+04
4.371900000000000000e+04
4.373000000000000000e+04
4.374100000000000000e+04
4.374300000000000000e+04
4.375100000000000000e+04
4.375600000000000000e+04
4.377400000000000000e+04
4.378500000000000000e+04
4.379900000000000000e+04
4.381000000000000000e+04
4.386000000000000000e+04
4.386200000000000000e+04
4.388000000000000000e+04
4.394300000000000000e+04
4.395900000000000000e+04
4.404900000000000000e+04
4.405100000000000000e+04
4.405500000000000000e+04
4.422000000000000000e+04
4.426200000000000000e+04
4.426600000000000000e+04
4.427400000000000000e+04
4.427900000000000000e+04
4.429200000000000000e+04
4.447100000000000000e+04
4.447200000000000000e+04
4.450600000000000000e+04
4.451900000000000000e+04
4.457700000000000000e+04
4.459000000000000000e+04
4.463600000000000000e+04
4.464000000000000000e+04
4.466400000000000000e+04
4.466600000000000000e+04
4.466700000000000000e+04
4.467700000000000000e+04
4.467800000000000000e+04
4.467900000000000000e+04
4.468000000000000000e+04
4.471800000000000000e+04
4.472400000000000000e+04
4.479100000000000000e+04
4.482600000000000000e+04
4.493600000000000000e+04
4.496400000000000000e+04
4.500600000000000000e+04
4.511200000000000000e+04
4.511400000000000000e+04
4.516000000000000000e+04
4.521200000000000000e+04
4.523100000000000000e+04
4.525400000000000000e+04
4.530200000000000000e+04
4.530800000000000000e+04
4.533000000000000000e+04
4.533700000000000000e+04
4.534900000000000000e+04
4.536100000000000000e+04
4.536700000000000000e+04
4.536800000000000000e+04
4.538000000000000000e+04
4.543600000000000000e+04
4.543800000000000000e+04
4.549700000000000000e+04
4.550600000000000000e+04
4.551700000000000000e+04
4.559500000000000000e+04
4.559800000000000000e+04
4.563400000000000000e+04
4.566100000000000000e+04
4.569200000000000000e+04
4.575800000000000000e+04
4.576700000000000000e+04
4.577100000000000000e+04
4.579000000000000000e+04
4.579100000000000000e+04
4.580200000000000000e+04
4.588300000000000000e+04
4.589600000000000000e+04
4.589700000000000000e+04
4.596900000000000000e+04
4.609000000000000000e+04
4.610700000000000000e+04
4.612400000000000000e+04
4.613400000000000000e+04
4.619100000000000000e+04
4.619200000000000000e+04
4.625900000000000000e+04
4.626100000000000000e+04
4.627200000000000000e+04
4.627500000000000000e+04
4.630600000000000000e+04
4.633000000000000000e+04
4.633200000000000000e+04
4.634700000000000000e+04
4.637900000000000000e+04
4.638000000000000000e+04
4.642900000000000000e+04
4.645100000000000000e+04
4.645300000000000000e+04
4.646900000000000000e+04
4.653000000000000000e+04
4.656100000000000000e+04
4.657400000000000000e+04
4.658600000000000000e+04
4.659800000000000000e+04
4.660000000000000000e+04
4.660300000000000000e+04
4.660600000000000000e+04
4.661700000000000000e+04
4.662200000000000000e+04
4.662500000000000000e+04
4.662600000000000000e+04
4.662900000000000000e+04
4.663400000000000000e+04
4.663900000000000000e+04
4.664100000000000000e+04
4.665500000000000000e+04
4.667100000000000000e+04
4.678500000000000000e+04
4.678600000000000000e+04
4.689700000000000000e+04
4.696100000000000000e+04
4.696200000000000000e+04
4.696300000000000000e+04
4.699400000000000000e+04
4.700200000000000000e+04
4.700300000000000000e+04
4.701500000000000000e+04
4.704700000000000000e+04
4.705200000000000000e+04
4.707700000000000000e+04
4.720900000000000000e+04
4.721700000000000000e+04
4.723200000000000000e+04
4.729800000000000000e+04
4.730000000000000000e+04
4.737200000000000000e+04
4.738500000000000000e+04
4.739700000000000000e+04
4.743000000000000000e+04
4.748900000000000000e+04
4.751300000000000000e+04
4.757100000000000000e+04
4.761200000000000000e+04
4.761300000000000000e+04
4.762800000000000000e+04
4.764500000000000000e+04
4.764600000000000000e+04
4.766400000000000000e+04
4.766800000000000000e+04
4.771100000000000000e+04
4.773500000000000000e+04
4.774000000000000000e+04
4.774200000000000000e+04
4.774400000000000000e+04
4.775300000000000000e+04
4.777600000000000000e+04
4.777700000000000000e+04
4.779700000000000000e+04
4.787800000000000000e+04
4.791200000000000000e+04
4.807200000000000000e+04
4.809900000000000000e+04
4.823300000000000000e+04
4.826100000000000000e+04
4.830500000000000000e+04
4.836000000000000000e+04
