3.560000000000000000e+02
5.530000000000000000e+02
1.127000000000000000e+03
1.416000000000000000e+03
2.716000000000000000e+03
2.960000000000000000e+03
3.270000000000000000e+03
3.271000000000000000e+03
3.592000000000000000e+03
3.717000000000000000e+03
3.767000000000000000e+03
3.806000000000000000e+03
3.850000000000000000e+03
3.919000000000000000e+03
3.932000000000000000e+03
4.062000000000000000e+03
4.217000000000000000e+03
4.262000000000000000e+03
4.284000000000000000e+03
4.447000000000000000e+03
4.573000000000000000e+03
4.670000000000000000e+03
4.816000000000000000e+03
4.817000000000000000e+03
4.882000000000000000e+03
4.964000000000000000e+03
5.069000000000000000e+03
5.173000000000000000e+03
5.200000000000000000e+03
5.332000000000000000e+03
5.659000000000000000e+03
5.699000000000000000e+03
5.734000000000000000e+03
6.092000000000000000e+03
6.200000000000000000e+03
6.263000000000000000e+03
6.287000000000000000e+03
6.396000000000000000e+03
6.411000000000000000e+03
6.440000000000000000e+03
6.478000000000000000e+03
6.549000000000000000e+03
6.607000000000000000e+03
6.902000000000000000e+03
7.066000000000000000e+03
7.086000000000000000e+03
7.108000000000000000e+03
7.250000000000000000e+03
7.253000000000000000e+03
7.320000000000000000e+03
7.439000000000000000e+03
7.508000000000000000e+03
7.632000000000000000e+03
7.637000000000000000e+03
7.775000000000000000e+03
7.833000000000000000e+03
8.005000000000000000e+03
8.044000000000000000e+03
8.105000000000000000e+03
8.182000000000000000e+03
8.223000000000000000e+03
8.263000000000000000e+03
8.376000000000000000e+03
8.386000000000000000e+03
8.484000000000000000e+03
8.566000000000000000e+03
8.569000000000000000e+03
8.571000000000000000e+03
8.629000000000000000e+03
8.673000000000000000e+03
8.867000000000000000e+03
8.881000000000000000e+03
8.957000000000000000e+03
8.995000000000000000e+03
9.026000000000000000e+03
9.049000000000000000e+03
9.325000000000000000e+03
9.409000000000000000e+03
9.411000000000000000e+03
9.561000000000000000e+03
9.596000000000000000e+03
9.710000000000000000e+03
9.798000000000000000e+03
9.802000000000000000e+03
9.962000000000000000e+03
9.978000000000000000e+03
9.984000000000000000e+03
9.992000000000000000e+03
9.994000000000000000e+03
1.001900000000000000e+04
1.006300000000000000e+04
1.014500000000000000e+04
1.020700000000000000e+04
1.021800000000000000e+04
1.022800000000000000e+04
1.024400000000000000e+04
1.027000000000000000e+04
1.027900000000000000e+04
1.028200000000000000e+04
1.028300000000000000e+04
1.029300000000000000e+04
1.036700000000000000e+04
1.039500000000000000e+04
1.039800000000000000e+04
1.041200000000000000e+04
1.042700000000000000e+04
1.044500000000000000e+04
1.045700000000000000e+04
1.064400000000000000e+04
1.067600000000000000e+04
1.068200000000000000e+04
1.070000000000000000e+04
1.076100000000000000e+04
1.076600000000000000e+04
1.079200000000000000e+04
1.080800000000000000e+04
1.085700000000000000e+04
1.092100000000000000e+04
1.107900000000000000e+04
1.122900000000000000e+04
1.124000000000000000e+04
1.124200000000000000e+04
1.124600000000000000e+04
1.124700000000000000e+04
1.125100000000000000e+04
1.125500000000000000e+04
1.138100000000000000e+04
1.143800000000000000e+04
1.143900000000000000e+04
1.144200000000000000e+04
1.144300000000000000e+04
1.144400000000000000e+04
1.153200000000000000e+04
1.154000000000000000e+04
1.164200000000000000e+04
1.167900000000000000e+04
1.168700000000000000e+04
1.169300000000000000e+04
1.174900000000000000e+04
1.182400000000000000e+04
1.182900000000000000e+04
1.192300000000000000e+04
1.200100000000000000e+04
1.201700000000000000e+04
1.208500000000000000e+04
1.213000000000000000e+04
1.215100000000000000e+04
1.215600000000000000e+04
1.221700000000000000e+04
1.222100000000000000e+04
1.222200000000000000e+04
1.223900000000000000e+04
1.224800000000000000e+04
1.227100000000000000e+04
1.227500000000000000e+04
1.235700000000000000e+04
1.238900000000000000e+04
1.239900000000000000e+04
1.241800000000000000e+04
1.244800000000000000e+04
1.248800000000000000e+04
1.249400000000000000e+04
1.250200000000000000e+04
1.257000000000000000e+04
1.257400000000000000e+04
1.259800000000000000e+04
1.260800000000000000e+04
1.265800000000000000e+04
1.267800000000000000e+04
1.268600000000000000e+04
1.271500000000000000e+04
1.273800000000000000e+04
1.281000000000000000e+04
1.281100000000000000e+04
1.284300000000000000e+04
1.284500000000000000e+04
1.284700000000000000e+04
1.285500000000000000e+04
1.291900000000000000e+04
1.292900000000000000e+04
1.294900000000000000e+04
1.298400000000000000e+04
1.301600000000000000e+04
1.309400000000000000e+04
1.312800000000000000e+04
1.325900000000000000e+04
1.327500000000000000e+04
1.327600000000000000e+04
1.332300000000000000e+04
1.339600000000000000e+04
1.348500000000000000e+04
1.351000000000000000e+04
1.351100000000000000e+04
1.351200000000000000e+04
1.353100000000000000e+04
1.358000000000000000e+04
1.360700000000000000e+04
1.363100000000000000e+04
1.370100000000000000e+04
1.372800000000000000e+04
1.374500000000000000e+04
1.376400000000000000e+04
1.378200000000000000e+04
1.379000000000000000e+04
1.381100000000000000e+04
1.383800000000000000e+04
1.386000000000000000e+04
1.388500000000000000e+04
1.389200000000000000e+04
1.394200000000000000e+04
1.399900000000000000e+04
1.402200000000000000e+04
1.403100000000000000e+04
1.408100000000000000e+04
1.409200000000000000e+04
1.414200000000000000e+04
1.417100000000000000e+04
1.421500000000000000e+04
1.421800000000000000e+04
1.422500000000000000e+04
1.424700000000000000e+04
1.424900000000000000e+04
1.427100000000000000e+04
1.428000000000000000e+04
1.428800000000000000e+04
1.431500000000000000e+04
1.431900000000000000e+04
1.432800000000000000e+04
1.433100000000000000e+04
1.434900000000000000e+04
1.439800000000000000e+04
1.443900000000000000e+04
1.444600000000000000e+04
1.444900000000000000e+04
1.446900000000000000e+04
1.451400000000000000e+04
1.453800000000000000e+04
1.453900000000000000e+04
1.454000000000000000e+04
1.454300000000000000e+04
1.458200000000000000e+04
1.459400000000000000e+04
1.461800000000000000e+04
1.462100000000000000e+04
1.462200000000000000e+04
1.464400000000000000e+04
1.465000000000000000e+04
1.466400000000000000e+04
1.466600000000000000e+04
1.467300000000000000e+04
1.471800000000000000e+04
1.474500000000000000e+04
1.475600000000000000e+04
1.475700000000000000e+04
1.475800000000000000e+04
1.478700000000000000e+04
1.479300000000000000e+04
1.480600000000000000e+04
1.480700000000000000e+04
1.483800000000000000e+04
1.488000000000000000e+04
1.488600000000000000e+04
1.489400000000000000e+04
1.489500000000000000e+04
1.489600000000000000e+04
1.489700000000000000e+04
1.490000000000000000e+04
1.494400000000000000e+04
1.495800000000000000e+04
1.498300000000000000e+04
1.502400000000000000e+04
1.506800000000000000e+04
1.509400000000000000e+04
1.510200000000000000e+04
1.515100000000000000e+04
1.519000000000000000e+04
1.519400000000000000e+04
1.524000000000000000e+04
1.525900000000000000e+04
1.526700000000000000e+04
1.526800000000000000e+04
1.526900000000000000e+04
1.527300000000000000e+04
1.527500000000000000e+04
1.530200000000000000e+04
1.531400000000000000e+04
1.534200000000000000e+04
1.534400000000000000e+04
1.537200000000000000e+04
1.537700000000000000e+04
1.537900000000000000e+04
1.541000000000000000e+04
1.543700000000000000e+04
1.544000000000000000e+04
1.544300000000000000e+04
1.545100000000000000e+04
1.549200000000000000e+04
1.549700000000000000e+04
1.549900000000000000e+04
1.550200000000000000e+04
1.552700000000000000e+04
1.553100000000000000e+04
1.555300000000000000e+04
1.556600000000000000e+04
1.556800000000000000e+04
1.556900000000000000e+04
1.557300000000000000e+04
1.558600000000000000e+04
1.559300000000000000e+04
1.562700000000000000e+04
1.562800000000000000e+04
1.563900000000000000e+04
1.564500000000000000e+04
1.566000000000000000e+04
1.566500000000000000e+04
1.568100000000000000e+04
1.570600000000000000e+04
1.575100000000000000e+04
1.575600000000000000e+04
1.577900000000000000e+04
1.579500000000000000e+04
1.581100000000000000e+04
1.581800000000000000e+04
1.584400000000000000e+04
1.591000000000000000e+04
1.591600000000000000e+04
1.591700000000000000e+04
1.592500000000000000e+04
1.592700000000000000e+04
1.592800000000000000e+04
1.592900000000000000e+04
1.593400000000000000e+04
1.593500000000000000e+04
1.595000000000000000e+04
1.597800000000000000e+04
1.599600000000000000e+04
1.601200000000000000e+04
1.605500000000000000e+04
1.605700000000000000e+04
1.606800000000000000e+04
1.607900000000000000e+04
1.608000000000000000e+04
1.608200000000000000e+04
1.609600000000000000e+04
1.610300000000000000e+04
1.610400000000000000e+04
1.610500000000000000e+04
1.611000000000000000e+04
1.611100000000000000e+04
1.611200000000000000e+04
1.614500000000000000e+04
1.615400000000000000e+04
1.617200000000000000e+04
1.620100000000000000e+04
1.620700000000000000e+04
1.620800000000000000e+04
1.622800000000000000e+04
1.624800000000000000e+04
1.629100000000000000e+04
1.629200000000000000e+04
1.635500000000000000e+04
1.636100000000000000e+04
1.636900000000000000e+04
1.642200000000000000e+04
1.648400000000000000e+04
1.653600000000000000e+04
1.660300000000000000e+04
1.665000000000000000e+04
1.666100000000000000e+04
1.666400000000000000e+04
1.666800000000000000e+04
1.671400000000000000e+04
1.687000000000000000e+04
1.689100000000000000e+04
1.707900000000000000e+04
1.708300000000000000e+04
1.709300000000000000e+04
1.717100000000000000e+04
1.718800000000000000e+04
1.719800000000000000e+04
1.733400000000000000e+04
1.733700000000000000e+04
1.734100000000000000e+04
1.737000000000000000e+04
1.738800000000000000e+04
1.740100000000000000e+04
1.742000000000000000e+04
1.742200000000000000e+04
1.742900000000000000e+04
1.743900000000000000e+04
1.744200000000000000e+04
1.745100000000000000e+04
1.745400000000000000e+04
1.746600000000000000e+04
1.747600000000000000e+04
1.747700000000000000e+04
1.753400000000000000e+04
1.753800000000000000e+04
1.754100000000000000e+04
1.754300000000000000e+04
1.755200000000000000e+04
1.755600000000000000e+04
1.759200000000000000e+04
1.759500000000000000e+04
1.760300000000000000e+04
1.760400000000000000e+04
1.761100000000000000e+04
1.762900000000000000e+04
1.763100000000000000e+04
1.763300000000000000e+04
1.763500000000000000e+04
1.764600000000000000e+04
1.765300000000000000e+04
1.765500000000000000e+04
1.765700000000000000e+04
1.765800000000000000e+04
1.765900000000000000e+04
1.766500000000000000e+04
1.768200000000000000e+04
1.768900000000000000e+04
1.769700000000000000e+04
1.769900000000000000e+04
1.773600000000000000e+04
1.774200000000000000e+04
1.775400000000000000e+04
1.776000000000000000e+04
1.777100000000000000e+04
1.777200000000000000e+04
1.777300000000000000e+04
1.777400000000000000e+04
1.777500000000000000e+04
1.778800000000000000e+04
1.779700000000000000e+04
1.782200000000000000e+04
1.782600000000000000e+04
1.783900000000000000e+04
1.786100000000000000e+04
1.787800000000000000e+04
1.793600000000000000e+04
1.797400000000000000e+04
1.797500000000000000e+04
1.797700000000000000e+04
1.797800000000000000e+04
1.798300000000000000e+04
1.800200000000000000e+04
1.804700000000000000e+04
1.806900000000000000e+04
1.807000000000000000e+04
1.807100000000000000e+04
1.807300000000000000e+04
1.807600000000000000e+04
1.810400000000000000e+04
1.810900000000000000e+04
1.811200000000000000e+04
1.811300000000000000e+04
1.813400000000000000e+04
1.814000000000000000e+04
1.816300000000000000e+04
1.818100000000000000e+04
1.818200000000000000e+04
1.818500000000000000e+04
1.820800000000000000e+04
1.820900000000000000e+04
1.821400000000000000e+04
1.821900000000000000e+04
1.822200000000000000e+04
1.824100000000000000e+04
1.825500000000000000e+04
1.827000000000000000e+04
1.827700000000000000e+04
1.828400000000000000e+04
1.829600000000000000e+04
1.829700000000000000e+04
1.830500000000000000e+04
1.831300000000000000e+04
1.831600000000000000e+04
1.831800000000000000e+04
1.832900000000000000e+04
1.833800000000000000e+04
1.833900000000000000e+04
1.834000000000000000e+04
1.834400000000000000e+04
1.834500000000000000e+04
1.835000000000000000e+04
1.835500000000000000e+04
1.835700000000000000e+04
1.837700000000000000e+04
1.840100000000000000e+04
1.844300000000000000e+04
1.845400000000000000e+04
1.851400000000000000e+04
1.851600000000000000e+04
1.851700000000000000e+04
1.851900000000000000e+04
1.852000000000000000e+04
1.852300000000000000e+04
1.853400000000000000e+04
1.854800000000000000e+04
1.855400000000000000e+04
1.858100000000000000e+04
1.859600000000000000e+04
1.860700000000000000e+04
1.861300000000000000e+04
1.863200000000000000e+04
1.864300000000000000e+04
1.866200000000000000e+04
1.866300000000000000e+04
1.866500000000000000e+04
1.866800000000000000e+04
1.868400000000000000e+04
1.868600000000000000e+04
1.869900000000000000e+04
1.871000000000000000e+04
1.871400000000000000e+04
1.871900000000000000e+04
1.875200000000000000e+04
1.876900000000000000e+04
1.880400000000000000e+04
1.881400000000000000e+04
1.882800000000000000e+04
1.886600000000000000e+04
1.886800000000000000e+04
1.887500000000000000e+04
1.888500000000000000e+04
1.889200000000000000e+04
1.894100000000000000e+04
1.905200000000000000e+04
1.909200000000000000e+04
1.909600000000000000e+04
1.910800000000000000e+04
1.914100000000000000e+04
1.914800000000000000e+04
1.923000000000000000e+04
1.925000000000000000e+04
1.934600000000000000e+04
1.935400000000000000e+04
1.935500000000000000e+04
1.938400000000000000e+04
1.939700000000000000e+04
1.942500000000000000e+04
1.942800000000000000e+04
1.948700000000000000e+04
1.950400000000000000e+04
1.950700000000000000e+04
1.950800000000000000e+04
1.951200000000000000e+04
1.960800000000000000e+04
1.963300000000000000e+04
1.963500000000000000e+04
1.963600000000000000e+04
1.963700000000000000e+04
1.965200000000000000e+04
1.967100000000000000e+04
1.967600000000000000e+04
1.968400000000000000e+04
1.971200000000000000e+04
1.972200000000000000e+04
1.976100000000000000e+04
1.978100000000000000e+04
1.979300000000000000e+04
1.980100000000000000e+04
1.981800000000000000e+04
1.982100000000000000e+04
1.982700000000000000e+04
1.982800000000000000e+04
1.983700000000000000e+04
1.983900000000000000e+04
1.986600000000000000e+04
1.986900000000000000e+04
1.987400000000000000e+04
1.987500000000000000e+04
1.988000000000000000e+04
1.988300000000000000e+04
1.988700000000000000e+04
1.989200000000000000e+04
1.990700000000000000e+04
1.991100000000000000e+04
1.991400000000000000e+04
1.994200000000000000e+04
1.994500000000000000e+04
1.994600000000000000e+04
1.997800000000000000e+04
1.997900000000000000e+04
1.999400000000000000e+04
2.002600000000000000e+04
2.003100000000000000e+04
2.004800000000000000e+04
2.004900000000000000e+04
2.006900000000000000e+04
2.008400000000000000e+04
2.010200000000000000e+04
2.012000000000000000e+04
2.014100000000000000e+04
2.016300000000000000e+04
2.016700000000000000e+04
2.021700000000000000e+04
2.022200000000000000e+04
2.023000000000000000e+04
2.023900000000000000e+04
2.024000000000000000e+04
2.024400000000000000e+04
2.024700000000000000e+04
2.025200000000000000e+04
2.025700000000000000e+04
2.026000000000000000e+04
2.027900000000000000e+04
2.029400000000000000e+04
2.029500000000000000e+04
2.029700000000000000e+04
2.033400000000000000e+04
2.033600000000000000e+04
2.035400000000000000e+04
2.035500000000000000e+04
2.036200000000000000e+04
2.037200000000000000e+04
2.037300000000000000e+04
2.037500000000000000e+04
2.041100000000000000e+04
2.041200000000000000e+04
2.041800000000000000e+04
2.042200000000000000e+04
2.046400000000000000e+04
2.046700000000000000e+04
2.047600000000000000e+04
2.048800000000000000e+04
2.049800000000000000e+04
2.050300000000000000e+04
2.050600000000000000e+04
2.051000000000000000e+04
2.051100000000000000e+04
2.052800000000000000e+04
2.053100000000000000e+04
2.053200000000000000e+04
2.054800000000000000e+04
2.055200000000000000e+04
2.055300000000000000e+04
2.056100000000000000e+04
2.057100000000000000e+04
2.057300000000000000e+04
2.057400000000000000e+04
2.057900000000000000e+04
2.058300000000000000e+04
2.061300000000000000e+04
2.062800000000000000e+04
2.063000000000000000e+04
2.064900000000000000e+04
2.065600000000000000e+04
2.071400000000000000e+04
2.072100000000000000e+04
2.073200000000000000e+04
2.074700000000000000e+04
2.075400000000000000e+04
2.079600000000000000e+04
2.080500000000000000e+04
2.081300000000000000e+04
2.083800000000000000e+04
2.088200000000000000e+04
2.088500000000000000e+04
2.089400000000000000e+04
2.092500000000000000e+04
2.093500000000000000e+04
2.095000000000000000e+04
2.095900000000000000e+04
2.096300000000000000e+04
2.097800000000000000e+04
2.098800000000000000e+04
2.098900000000000000e+04
2.099100000000000000e+04
2.099500000000000000e+04
2.102600000000000000e+04
2.106000000000000000e+04
2.107600000000000000e+04
2.107900000000000000e+04
2.108200000000000000e+04
2.109200000000000000e+04
2.110000000000000000e+04
2.110700000000000000e+04
2.110800000000000000e+04
2.110900000000000000e+04
2.111000000000000000e+04
2.112900000000000000e+04
2.113100000000000000e+04
2.113400000000000000e+04
2.113900000000000000e+04
2.116200000000000000e+04
2.116400000000000000e+04
2.117300000000000000e+04
2.117600000000000000e+04
2.120900000000000000e+04
2.121700000000000000e+04
2.122300000000000000e+04
2.122400000000000000e+04
2.122600000000000000e+04
2.123100000000000000e+04
2.123400000000000000e+04
2.124600000000000000e+04
2.127600000000000000e+04
2.129300000000000000e+04
2.130100000000000000e+04
2.130400000000000000e+04
2.131900000000000000e+04
2.134300000000000000e+04
2.134400000000000000e+04
2.134900000000000000e+04
2.136100000000000000e+04
2.137300000000000000e+04
2.138500000000000000e+04
2.141700000000000000e+04
2.142800000000000000e+04
2.143200000000000000e+04
2.143400000000000000e+04
2.143500000000000000e+04
2.144800000000000000e+04
2.145000000000000000e+04
2.145300000000000000e+04
2.147000000000000000e+04
2.147100000000000000e+04
2.148000000000000000e+04
2.148700000000000000e+04
2.149200000000000000e+04
2.149300000000000000e+04
2.153200000000000000e+04
2.153400000000000000e+04
2.153800000000000000e+04
2.154400000000000000e+04
2.154700000000000000e+04
2.156100000000000000e+04
2.158300000000000000e+04
2.159500000000000000e+04
2.159600000000000000e+04
2.160100000000000000e+04
2.166300000000000000e+04
2.167900000000000000e+04
2.169000000000000000e+04
2.169900000000000000e+04
2.170700000000000000e+04
2.174200000000000000e+04
2.176400000000000000e+04
2.176900000000000000e+04
2.179800000000000000e+04
2.180800000000000000e+04
2.180900000000000000e+04
2.181600000000000000e+04
2.183800000000000000e+04
2.184000000000000000e+04
2.186500000000000000e+04
2.187800000000000000e+04
2.189100000000000000e+04
2.189700000000000000e+04
2.191000000000000000e+04
2.191800000000000000e+04
2.192900000000000000e+04
2.194300000000000000e+04
2.220000000000000000e+04
2.222200000000000000e+04
2.229700000000000000e+04
2.231400000000000000e+04
2.231600000000000000e+04
2.233800000000000000e+04
2.236900000000000000e+04
2.237200000000000000e+04
2.237800000000000000e+04
2.238900000000000000e+04
2.239000000000000000e+04
2.239200000000000000e+04
2.240100000000000000e+04
2.243000000000000000e+04
2.243500000000000000e+04
2.246200000000000000e+04
2.248700000000000000e+04
2.250500000000000000e+04
2.251000000000000000e+04
2.251200000000000000e+04
2.251500000000000000e+04
2.251800000000000000e+04
2.252100000000000000e+04
2.252200000000000000e+04
2.252600000000000000e+04
2.252800000000000000e+04
2.256000000000000000e+04
2.257500000000000000e+04
2.258300000000000000e+04
2.258400000000000000e+04
2.262600000000000000e+04
2.262800000000000000e+04
2.262900000000000000e+04
2.263000000000000000e+04
2.263300000000000000e+04
2.263800000000000000e+04
2.265000000000000000e+04
2.266000000000000000e+04
2.267300000000000000e+04
2.267800000000000000e+04
2.269200000000000000e+04
2.269300000000000000e+04
2.270000000000000000e+04
2.271300000000000000e+04
2.271400000000000000e+04
2.271500000000000000e+04
2.271700000000000000e+04
2.273400000000000000e+04
2.274900000000000000e+04
2.275600000000000000e+04
2.276300000000000000e+04
2.278000000000000000e+04
2.279000000000000000e+04
2.279700000000000000e+04
2.281200000000000000e+04
2.283800000000000000e+04
2.283900000000000000e+04
2.284900000000000000e+04
2.286600000000000000e+04
2.287100000000000000e+04
2.288500000000000000e+04
2.290000000000000000e+04
2.290600000000000000e+04
2.290900000000000000e+04
2.291200000000000000e+04
2.291300000000000000e+04
2.293100000000000000e+04
2.293300000000000000e+04
2.296400000000000000e+04
2.297700000000000000e+04
2.299000000000000000e+04
2.299200000000000000e+04
2.301200000000000000e+04
2.303900000000000000e+04
2.305400000000000000e+04
2.305700000000000000e+04
2.305900000000000000e+04
2.307300000000000000e+04
2.307600000000000000e+04
2.308200000000000000e+04
2.308300000000000000e+04
2.308400000000000000e+04
2.308500000000000000e+04
2.309900000000000000e+04
2.312300000000000000e+04
2.313800000000000000e+04
2.315000000000000000e+04
2.316400000000000000e+04
2.317500000000000000e+04
2.317900000000000000e+04
2.319700000000000000e+04
2.319800000000000000e+04
2.319900000000000000e+04
2.320100000000000000e+04
2.321900000000000000e+04
2.324800000000000000e+04
2.325300000000000000e+04
2.326700000000000000e+04
2.328200000000000000e+04
2.328600000000000000e+04
2.329500000000000000e+04
2.335700000000000000e+04
2.335800000000000000e+04
2.336400000000000000e+04
2.336500000000000000e+04
2.337100000000000000e+04
2.337600000000000000e+04
2.338100000000000000e+04
2.339300000000000000e+04
2.339400000000000000e+04
2.343000000000000000e+04
2.343300000000000000e+04
2.344400000000000000e+04
2.344500000000000000e+04
2.344700000000000000e+04
2.345300000000000000e+04
2.347200000000000000e+04
2.356500000000000000e+04
2.359000000000000000e+04
2.359200000000000000e+04
2.360000000000000000e+04
2.361200000000000000e+04
2.361700000000000000e+04
2.361900000000000000e+04
2.368500000000000000e+04
2.370400000000000000e+04
2.370800000000000000e+04
2.371400000000000000e+04
2.371600000000000000e+04
2.379600000000000000e+04
2.380700000000000000e+04
2.381900000000000000e+04
2.382000000000000000e+04
2.383300000000000000e+04
2.384100000000000000e+04
2.384300000000000000e+04
2.387000000000000000e+04
2.388200000000000000e+04
2.388500000000000000e+04
2.388900000000000000e+04
2.389600000000000000e+04
2.390000000000000000e+04
2.391800000000000000e+04
2.394500000000000000e+04
2.396700000000000000e+04
2.397500000000000000e+04
2.398100000000000000e+04
2.401800000000000000e+04
2.406800000000000000e+04
2.407000000000000000e+04
2.407200000000000000e+04
2.407500000000000000e+04
2.407800000000000000e+04
2.411700000000000000e+04
2.412000000000000000e+04
2.412800000000000000e+04
2.414200000000000000e+04
2.414500000000000000e+04
2.415000000000000000e+04
2.415500000000000000e+04
2.418300000000000000e+04
2.420300000000000000e+04
2.420900000000000000e+04
2.423400000000000000e+04
2.427900000000000000e+04
2.428100000000000000e+04
2.428200000000000000e+04
2.436900000000000000e+04
2.439100000000000000e+04
2.440200000000000000e+04
2.441000000000000000e+04
2.443300000000000000e+04
2.445100000000000000e+04
2.445600000000000000e+04
2.448700000000000000e+04
2.450300000000000000e+04
2.452700000000000000e+04
2.453900000000000000e+04
2.455700000000000000e+04
2.456300000000000000e+04
2.456400000000000000e+04
2.456500000000000000e+04
2.457800000000000000e+04
2.459100000000000000e+04
2.459300000000000000e+04
2.460200000000000000e+04
2.466000000000000000e+04
2.467500000000000000e+04
2.467700000000000000e+04
2.468700000000000000e+04
2.468900000000000000e+04
2.469100000000000000e+04
2.472500000000000000e+04
2.472600000000000000e+04
2.477000000000000000e+04
2.478200000000000000e+04
2.482000000000000000e+04
2.482500000000000000e+04
2.484900000000000000e+04
2.485000000000000000e+04
2.486800000000000000e+04
2.486900000000000000e+04
2.487200000000000000e+04
2.487700000000000000e+04
2.489900000000000000e+04
2.490100000000000000e+04
2.491600000000000000e+04
2.491700000000000000e+04
2.492300000000000000e+04
2.492600000000000000e+04
2.494000000000000000e+04
2.494600000000000000e+04
2.495300000000000000e+04
2.496100000000000000e+04
2.497900000000000000e+04
2.504000000000000000e+04
2.504300000000000000e+04
2.505000000000000000e+04
2.505400000000000000e+04
2.505600000000000000e+04
2.505900000000000000e+04
2.507100000000000000e+04
2.507200000000000000e+04
2.507600000000000000e+04
2.509500000000000000e+04
2.511800000000000000e+04
2.512700000000000000e+04
2.512900000000000000e+04
2.513300000000000000e+04
2.514600000000000000e+04
2.515000000000000000e+04
2.517400000000000000e+04
2.517500000000000000e+04
2.520100000000000000e+04
2.521100000000000000e+04
2.524600000000000000e+04
2.524800000000000000e+04
2.524900000000000000e+04
2.525100000000000000e+04
2.527900000000000000e+04
2.528100000000000000e+04
2.528200000000000000e+04
2.528800000000000000e+04
2.533400000000000000e+04
2.534100000000000000e+04
2.535800000000000000e+04
2.537600000000000000e+04
2.540600000000000000e+04
2.541400000000000000e+04
2.541700000000000000e+04
2.541800000000000000e+04
2.543500000000000000e+04
2.543900000000000000e+04
2.545400000000000000e+04
2.546600000000000000e+04
2.549400000000000000e+04
2.552700000000000000e+04
2.554500000000000000e+04
2.554600000000000000e+04
2.556300000000000000e+04
2.561400000000000000e+04
2.561800000000000000e+04
2.562300000000000000e+04
2.564200000000000000e+04
2.565400000000000000e+04
2.568100000000000000e+04
2.569000000000000000e+04
2.570400000000000000e+04
2.570700000000000000e+04
2.571000000000000000e+04
2.572300000000000000e+04
2.572500000000000000e+04
2.573700000000000000e+04
2.576500000000000000e+04
2.577200000000000000e+04
2.580600000000000000e+04
2.584000000000000000e+04
2.585600000000000000e+04
2.589700000000000000e+04
2.589800000000000000e+04
2.595100000000000000e+04
2.595200000000000000e+04
2.598100000000000000e+04
2.598600000000000000e+04
2.602100000000000000e+04
2.604700000000000000e+04
2.608000000000000000e+04
2.609700000000000000e+04
2.610400000000000000e+04
2.611000000000000000e+04
2.611200000000000000e+04
2.616400000000000000e+04
2.618800000000000000e+04
2.619800000000000000e+04
2.620200000000000000e+04
2.620300000000000000e+04
2.621200000000000000e+04
2.621300000000000000e+04
2.622100000000000000e+04
2.624600000000000000e+04
2.625200000000000000e+04
2.626800000000000000e+04
2.629000000000000000e+04
2.631500000000000000e+04
2.633000000000000000e+04
2.634800000000000000e+04
2.635300000000000000e+04
2.635500000000000000e+04
2.635700000000000000e+04
2.636000000000000000e+04
2.636200000000000000e+04
2.638500000000000000e+04
2.638800000000000000e+04
2.642200000000000000e+04
2.642400000000000000e+04
2.643200000000000000e+04
2.644800000000000000e+04
2.645100000000000000e+04
2.645700000000000000e+04
2.646200000000000000e+04
2.647500000000000000e+04
2.647600000000000000e+04
2.648200000000000000e+04
2.648600000000000000e+04
2.649100000000000000e+04
2.649300000000000000e+04
2.649500000000000000e+04
2.650500000000000000e+04
2.651100000000000000e+04
2.652800000000000000e+04
2.653800000000000000e+04
2.654800000000000000e+04
2.655400000000000000e+04
2.656200000000000000e+04
2.657600000000000000e+04
2.658200000000000000e+04
2.659600000000000000e+04
2.660400000000000000e+04
2.660500000000000000e+04
2.661000000000000000e+04
2.661400000000000000e+04
2.661900000000000000e+04
2.664800000000000000e+04
2.664900000000000000e+04
2.665600000000000000e+04
2.666400000000000000e+04
2.669500000000000000e+04
2.670400000000000000e+04
2.670600000000000000e+04
2.671300000000000000e+04
2.673800000000000000e+04
2.673900000000000000e+04
2.675800000000000000e+04
2.676400000000000000e+04
2.678700000000000000e+04
2.679600000000000000e+04
2.680700000000000000e+04
2.681000000000000000e+04
2.682200000000000000e+04
2.682500000000000000e+04
2.683000000000000000e+04
2.683300000000000000e+04
2.684600000000000000e+04
2.687500000000000000e+04
2.688300000000000000e+04
2.688400000000000000e+04
2.691800000000000000e+04
2.694000000000000000e+04
2.694200000000000000e+04
2.695400000000000000e+04
2.695700000000000000e+04
2.698000000000000000e+04
2.698400000000000000e+04
2.698800000000000000e+04
2.698900000000000000e+04
2.699600000000000000e+04
2.700900000000000000e+04
2.701300000000000000e+04
2.703500000000000000e+04
2.703600000000000000e+04
2.704700000000000000e+04
2.708300000000000000e+04
2.708500000000000000e+04
2.708700000000000000e+04
2.708800000000000000e+04
2.709200000000000000e+04
2.710100000000000000e+04
2.710600000000000000e+04
2.710700000000000000e+04
2.711200000000000000e+04
2.712100000000000000e+04
2.714100000000000000e+04
2.720700000000000000e+04
2.721300000000000000e+04
2.721700000000000000e+04
2.722300000000000000e+04
2.723200000000000000e+04
2.725900000000000000e+04
2.726700000000000000e+04
2.727000000000000000e+04
2.728800000000000000e+04
2.729400000000000000e+04
2.729600000000000000e+04
2.730100000000000000e+04
2.730800000000000000e+04
2.732700000000000000e+04
2.732900000000000000e+04
2.733300000000000000e+04
2.733900000000000000e+04
2.734400000000000000e+04
2.734800000000000000e+04
2.735000000000000000e+04
2.736100000000000000e+04
2.736900000000000000e+04
2.737500000000000000e+04
2.737600000000000000e+04
2.738200000000000000e+04
2.739000000000000000e+04
2.741000000000000000e+04
2.742200000000000000e+04
2.743000000000000000e+04
2.743100000000000000e+04
2.743300000000000000e+04
2.745300000000000000e+04
2.745800000000000000e+04
2.746700000000000000e+04
2.748200000000000000e+04
2.748500000000000000e+04
2.748800000000000000e+04
2.749200000000000000e+04
2.749500000000000000e+04
2.749700000000000000e+04
2.749800000000000000e+04
2.751200000000000000e+04
2.752000000000000000e+04
2.752100000000000000e+04
2.752300000000000000e+04
2.752700000000000000e+04
2.752900000000000000e+04
2.753400000000000000e+04
2.756000000000000000e+04
2.756300000000000000e+04
2.756400000000000000e+04
2.759500000000000000e+04
2.761600000000000000e+04
2.762500000000000000e+04
2.764600000000000000e+04
2.768600000000000000e+04
2.770300000000000000e+04
2.770400000000000000e+04
2.771700000000000000e+04
2.774400000000000000e+04
2.777000000000000000e+04
2.779300000000000000e+04
2.779400000000000000e+04
2.779800000000000000e+04
2.781100000000000000e+04
2.782400000000000000e+04
2.782500000000000000e+04
2.782700000000000000e+04
2.784100000000000000e+04
2.784500000000000000e+04
2.784700000000000000e+04
2.785600000000000000e+04
2.786000000000000000e+04
2.788600000000000000e+04
2.789400000000000000e+04
2.791100000000000000e+04
2.793500000000000000e+04
2.794400000000000000e+04
2.794700000000000000e+04
2.795900000000000000e+04
2.797200000000000000e+04
2.800600000000000000e+04
2.800800000000000000e+04
2.801000000000000000e+04
2.801200000000000000e+04
2.804200000000000000e+04
2.805200000000000000e+04
2.806500000000000000e+04
2.807400000000000000e+04
2.808900000000000000e+04
2.810100000000000000e+04
2.810900000000000000e+04
2.816400000000000000e+04
2.817300000000000000e+04
2.818600000000000000e+04
2.819300000000000000e+04
2.820100000000000000e+04
2.821000000000000000e+04
2.823600000000000000e+04
2.824000000000000000e+04
2.825300000000000000e+04
2.825800000000000000e+04
2.826900000000000000e+04
2.827100000000000000e+04
2.830500000000000000e+04
2.832600000000000000e+04
2.832800000000000000e+04
2.832900000000000000e+04
2.834300000000000000e+04
2.835700000000000000e+04
2.836000000000000000e+04
2.836200000000000000e+04
2.837200000000000000e+04
2.838700000000000000e+04
2.839000000000000000e+04
2.839700000000000000e+04
2.840100000000000000e+04
2.840600000000000000e+04
2.841900000000000000e+04
2.844000000000000000e+04
2.844500000000000000e+04
2.847300000000000000e+04
2.847700000000000000e+04
2.848800000000000000e+04
2.850700000000000000e+04
2.851500000000000000e+04
2.854300000000000000e+04
2.857300000000000000e+04
2.857400000000000000e+04
2.857800000000000000e+04
2.859100000000000000e+04
2.859200000000000000e+04
2.861000000000000000e+04
2.862100000000000000e+04
2.864200000000000000e+04
2.864500000000000000e+04
2.867700000000000000e+04
2.868900000000000000e+04
2.869200000000000000e+04
2.871600000000000000e+04
2.872000000000000000e+04
2.872700000000000000e+04
2.873300000000000000e+04
2.874800000000000000e+04
2.883500000000000000e+04
2.885600000000000000e+04
2.885800000000000000e+04
2.887400000000000000e+04
2.889200000000000000e+04
2.889500000000000000e+04
2.893900000000000000e+04
2.894100000000000000e+04
2.895400000000000000e+04
2.895600000000000000e+04
2.896200000000000000e+04
2.896400000000000000e+04
2.896600000000000000e+04
2.896800000000000000e+04
2.898700000000000000e+04
2.899200000000000000e+04
2.899700000000000000e+04
2.900100000000000000e+04
2.900300000000000000e+04
2.900800000000000000e+04
2.903500000000000000e+04
2.904300000000000000e+04
2.906900000000000000e+04
2.907000000000000000e+04
2.907600000000000000e+04
2.908200000000000000e+04
2.911400000000000000e+04
2.913000000000000000e+04
2.914000000000000000e+04
2.916000000000000000e+04
2.917600000000000000e+04
2.920800000000000000e+04
2.922500000000000000e+04
2.924600000000000000e+04
2.924900000000000000e+04
2.927800000000000000e+04
2.928600000000000000e+04
2.929800000000000000e+04
2.931700000000000000e+04
2.933400000000000000e+04
2.935000000000000000e+04
2.935300000000000000e+04
2.939300000000000000e+04
2.939400000000000000e+04
2.940100000000000000e+04
2.941300000000000000e+04
2.941600000000000000e+04
2.941900000000000000e+04
2.947500000000000000e+04
2.948000000000000000e+04
2.952600000000000000e+04
2.953100000000000000e+04
2.957600000000000000e+04
2.957700000000000000e+04
2.960200000000000000e+04
2.961100000000000000e+04
2.961300000000000000e+04
2.964900000000000000e+04
2.965600000000000000e+04
2.966400000000000000e+04
2.967300000000000000e+04
2.969400000000000000e+04
2.969500000000000000e+04
2.969700000000000000e+04
2.970300000000000000e+04
2.971700000000000000e+04
2.972700000000000000e+04
2.972900000000000000e+04
2.974200000000000000e+04
2.974900000000000000e+04
2.975000000000000000e+04
2.975900000000000000e+04
2.977400000000000000e+04
2.977700000000000000e+04
2.978000000000000000e+04
2.978400000000000000e+04
2.978800000000000000e+04
2.979900000000000000e+04
2.980800000000000000e+04
2.982700000000000000e+04
2.985600000000000000e+04
2.987700000000000000e+04
2.987800000000000000e+04
2.989100000000000000e+04
2.991400000000000000e+04
2.994100000000000000e+04
2.994800000000000000e+04
2.994900000000000000e+04
2.996300000000000000e+04
2.996600000000000000e+04
2.996800000000000000e+04
2.998000000000000000e+04
3.000400000000000000e+04
3.000900000000000000e+04
3.001800000000000000e+04
3.003100000000000000e+04
3.003300000000000000e+04
3.008900000000000000e+04
3.009000000000000000e+04
3.010300000000000000e+04
3.010800000000000000e+04
3.011000000000000000e+04
3.012100000000000000e+04
3.012400000000000000e+04
3.012500000000000000e+04
3.013400000000000000e+04
3.013500000000000000e+04
3.016900000000000000e+04
3.017600000000000000e+04
3.019400000000000000e+04
3.019500000000000000e+04
3.020200000000000000e+04
3.020300000000000000e+04
3.022200000000000000e+04
3.023500000000000000e+04
3.028200000000000000e+04
3.028300000000000000e+04
3.028700000000000000e+04
3.028900000000000000e+04
3.029900000000000000e+04
3.031000000000000000e+04
3.031700000000000000e+04
3.032200000000000000e+04
3.032500000000000000e+04
3.034800000000000000e+04
3.036600000000000000e+04
3.036900000000000000e+04
3.038400000000000000e+04
3.039100000000000000e+04
3.039800000000000000e+04
3.040100000000000000e+04
3.040700000000000000e+04
3.041600000000000000e+04
3.042400000000000000e+04
3.042900000000000000e+04
3.043400000000000000e+04
3.043700000000000000e+04
3.048800000000000000e+04
3.049000000000000000e+04
3.049100000000000000e+04
3.049300000000000000e+04
3.051400000000000000e+04
3.052600000000000000e+04
3.052900000000000000e+04
3.053900000000000000e+04
3.056300000000000000e+04
3.058300000000000000e+04
3.060100000000000000e+04
3.061500000000000000e+04
3.061900000000000000e+04
3.062400000000000000e+04
3.062700000000000000e+04
3.063700000000000000e+04
3.065400000000000000e+04
3.065500000000000000e+04
3.066400000000000000e+04
3.068500000000000000e+04
3.068800000000000000e+04
3.069200000000000000e+04
3.070200000000000000e+04
3.070700000000000000e+04
3.070900000000000000e+04
3.072100000000000000e+04
3.073900000000000000e+04
3.075400000000000000e+04
3.076600000000000000e+04
3.076700000000000000e+04
3.077900000000000000e+04
3.078100000000000000e+04
3.079800000000000000e+04
3.080200000000000000e+04
3.083400000000000000e+04
3.083800000000000000e+04
3.084200000000000000e+04
3.085300000000000000e+04
3.087200000000000000e+04
3.088100000000000000e+04
3.089900000000000000e+04
3.090800000000000000e+04
3.090900000000000000e+04
3.091900000000000000e+04
3.097600000000000000e+04
3.099100000000000000e+04
3.100400000000000000e+04
3.102400000000000000e+04
3.105000000000000000e+04
3.105200000000000000e+04
3.106900000000000000e+04
3.108500000000000000e+04
3.108700000000000000e+04
3.108900000000000000e+04
3.109000000000000000e+04
3.109100000000000000e+04
3.109700000000000000e+04
3.111500000000000000e+04
3.112700000000000000e+04
3.113100000000000000e+04
3.113900000000000000e+04
3.114500000000000000e+04
3.117700000000000000e+04
3.117800000000000000e+04
3.121000000000000000e+04
3.121100000000000000e+04
3.125100000000000000e+04
3.127000000000000000e+04
3.127200000000000000e+04
3.131700000000000000e+04
3.134700000000000000e+04
3.137400000000000000e+04
3.138200000000000000e+04
3.138300000000000000e+04
3.139700000000000000e+04
3.142000000000000000e+04
3.142700000000000000e+04
3.144700000000000000e+04
3.145500000000000000e+04
3.146700000000000000e+04
3.147000000000000000e+04
3.147400000000000000e+04
3.152700000000000000e+04
3.153400000000000000e+04
3.157100000000000000e+04
3.158300000000000000e+04
3.163300000000000000e+04
3.166900000000000000e+04
3.168600000000000000e+04
3.169300000000000000e+04
3.171200000000000000e+04
3.172800000000000000e+04
3.173500000000000000e+04
3.173900000000000000e+04
3.174700000000000000e+04
3.175500000000000000e+04
3.175800000000000000e+04
3.176000000000000000e+04
3.176800000000000000e+04
3.177500000000000000e+04
3.177600000000000000e+04
3.177700000000000000e+04
3.178200000000000000e+04
3.179300000000000000e+04
3.181400000000000000e+04
3.182000000000000000e+04
3.182300000000000000e+04
3.183200000000000000e+04
3.185000000000000000e+04
3.185500000000000000e+04
3.185800000000000000e+04
3.186900000000000000e+04
3.187800000000000000e+04
3.188000000000000000e+04
3.188100000000000000e+04
3.191700000000000000e+04
3.195000000000000000e+04
3.196200000000000000e+04
3.206700000000000000e+04
3.206800000000000000e+04
3.209000000000000000e+04
3.211300000000000000e+04
3.211400000000000000e+04
3.212700000000000000e+04
3.212800000000000000e+04
3.214100000000000000e+04
3.215000000000000000e+04
3.215500000000000000e+04
3.216100000000000000e+04
3.220600000000000000e+04
3.220800000000000000e+04
3.221000000000000000e+04
3.222200000000000000e+04
3.222900000000000000e+04
3.224900000000000000e+04
3.225600000000000000e+04
3.227600000000000000e+04
3.234000000000000000e+04
3.235300000000000000e+04
3.236500000000000000e+04
3.236900000000000000e+04
3.239600000000000000e+04
3.240800000000000000e+04
3.241700000000000000e+04
3.244600000000000000e+04
3.249000000000000000e+04
3.250400000000000000e+04
3.250900000000000000e+04
3.252400000000000000e+04
3.254200000000000000e+04
3.257300000000000000e+04
3.260300000000000000e+04
3.262800000000000000e+04
3.265300000000000000e+04
3.266700000000000000e+04
3.266800000000000000e+04
3.268700000000000000e+04
3.269900000000000000e+04
3.270800000000000000e+04
3.272900000000000000e+04
3.277200000000000000e+04
3.280400000000000000e+04
3.281800000000000000e+04
3.282100000000000000e+04
3.282300000000000000e+04
3.282600000000000000e+04
3.282800000000000000e+04
3.284300000000000000e+04
3.285200000000000000e+04
3.289200000000000000e+04
3.289700000000000000e+04
3.293500000000000000e+04
3.293600000000000000e+04
3.294200000000000000e+04
3.294300000000000000e+04
3.296500000000000000e+04
3.298000000000000000e+04
3.298100000000000000e+04
3.299000000000000000e+04
3.301900000000000000e+04
3.306200000000000000e+04
3.308000000000000000e+04
3.310400000000000000e+04
3.313400000000000000e+04
3.313600000000000000e+04
3.313800000000000000e+04
3.315600000000000000e+04
3.316700000000000000e+04
3.320200000000000000e+04
3.321000000000000000e+04
3.322600000000000000e+04
3.323600000000000000e+04
3.323800000000000000e+04
3.328300000000000000e+04
3.328700000000000000e+04
3.329800000000000000e+04
3.336300000000000000e+04
3.338400000000000000e+04
3.341700000000000000e+04
3.348800000000000000e+04
3.350600000000000000e+04
3.353600000000000000e+04
3.360000000000000000e+04
3.366400000000000000e+04
3.367700000000000000e+04
3.367900000000000000e+04
3.368000000000000000e+04
3.368100000000000000e+04
3.368200000000000000e+04
3.369400000000000000e+04
3.370000000000000000e+04
3.370300000000000000e+04
3.370800000000000000e+04
3.371000000000000000e+04
3.371100000000000000e+04
3.371800000000000000e+04
3.372500000000000000e+04
3.373000000000000000e+04
3.373800000000000000e+04
3.375500000000000000e+04
3.375600000000000000e+04
3.376000000000000000e+04
3.376300000000000000e+04
3.376800000000000000e+04
3.377600000000000000e+04
3.383700000000000000e+04
3.385700000000000000e+04
3.388100000000000000e+04
3.389500000000000000e+04
3.393700000000000000e+04
3.394000000000000000e+04
3.396500000000000000e+04
3.397100000000000000e+04
3.400000000000000000e+04
3.401000000000000000e+04
3.404000000000000000e+04
3.407900000000000000e+04
3.408800000000000000e+04
3.409200000000000000e+04
3.409400000000000000e+04
3.409500000000000000e+04
3.409700000000000000e+04
3.410000000000000000e+04
3.410800000000000000e+04
3.414000000000000000e+04
3.414200000000000000e+04
3.414300000000000000e+04
3.414600000000000000e+04
3.416300000000000000e+04
3.416900000000000000e+04
3.417700000000000000e+04
3.421300000000000000e+04
3.425200000000000000e+04
3.427000000000000000e+04
3.430500000000000000e+04
3.430600000000000000e+04
3.430900000000000000e+04
3.431500000000000000e+04
3.435000000000000000e+04
3.439300000000000000e+04
3.442300000000000000e+04
3.442400000000000000e+04
3.443200000000000000e+04
3.445700000000000000e+04
3.453200000000000000e+04
3.453400000000000000e+04
3.453700000000000000e+04
3.455300000000000000e+04
3.455400000000000000e+04
3.458900000000000000e+04
3.462200000000000000e+04
3.463600000000000000e+04
3.466300000000000000e+04
3.469400000000000000e+04
3.470400000000000000e+04
3.470500000000000000e+04
3.470600000000000000e+04
3.477000000000000000e+04
3.477100000000000000e+04
3.478400000000000000e+04
3.480600000000000000e+04
3.480700000000000000e+04
3.481500000000000000e+04
3.481600000000000000e+04
3.484200000000000000e+04
3.486500000000000000e+04
3.486800000000000000e+04
3.487600000000000000e+04
3.488300000000000000e+04
3.489000000000000000e+04
3.491600000000000000e+04
3.494700000000000000e+04
3.495400000000000000e+04
3.495700000000000000e+04
3.497000000000000000e+04
3.500300000000000000e+04
3.505800000000000000e+04
3.516300000000000000e+04
3.523800000000000000e+04
3.526800000000000000e+04
3.530100000000000000e+04
3.530800000000000000e+04
3.542400000000000000e+04
3.547500000000000000e+04
3.551300000000000000e+04
3.553100000000000000e+04
3.557200000000000000e+04
3.560500000000000000e+04
3.564300000000000000e+04
3.565000000000000000e+04
3.566400000000000000e+04
3.572700000000000000e+04
3.576800000000000000e+04
3.578900000000000000e+04
3.579300000000000000e+04
3.580000000000000000e+04
3.586200000000000000e+04
3.587000000000000000e+04
3.590900000000000000e+04
3.594900000000000000e+04
3.596600000000000000e+04
3.599400000000000000e+04
3.603900000000000000e+04
3.604900000000000000e+04
3.605000000000000000e+04
3.607100000000000000e+04
3.608300000000000000e+04
3.609100000000000000e+04
3.610600000000000000e+04
3.610900000000000000e+04
3.613200000000000000e+04
3.613500000000000000e+04
3.614700000000000000e+04
3.617700000000000000e+04
3.618600000000000000e+04
3.620000000000000000e+04
3.624800000000000000e+04
3.625900000000000000e+04
3.626100000000000000e+04
3.626900000000000000e+04
3.628700000000000000e+04
3.630700000000000000e+04
3.631200000000000000e+04
3.633900000000000000e+04
3.634500000000000000e+04
3.635000000000000000e+04
3.636900000000000000e+04
3.638900000000000000e+04
3.649200000000000000e+04
3.651400000000000000e+04
3.653800000000000000e+04
3.659500000000000000e+04
3.659600000000000000e+04
3.660100000000000000e+04
3.661200000000000000e+04
3.662000000000000000e+04
3.662100000000000000e+04
3.663800000000000000e+04
3.664300000000000000e+04
3.665900000000000000e+04
3.671800000000000000e+04
3.676800000000000000e+04
3.677500000000000000e+04
3.678400000000000000e+04
3.681800000000000000e+04
3.682900000000000000e+04
3.683700000000000000e+04
3.687800000000000000e+04
3.687900000000000000e+04
3.693700000000000000e+04
3.695300000000000000e+04
3.695700000000000000e+04
3.697100000000000000e+04
3.699700000000000000e+04
3.703000000000000000e+04
3.709200000000000000e+04
3.709600000000000000e+04
3.711300000000000000e+04
3.711400000000000000e+04
3.713400000000000000e+04
3.713900000000000000e+04
3.719300000000000000e+04
3.720600000000000000e+04
3.722700000000000000e+04
3.728500000000000000e+04
3.728600000000000000e+04
3.730100000000000000e+04
3.731000000000000000e+04
3.732800000000000000e+04
3.734100000000000000e+04
3.736500000000000000e+04
3.737800000000000000e+04
3.738400000000000000e+04
3.739800000000000000e+04
3.740900000000000000e+04
3.741700000000000000e+04
3.743300000000000000e+04
3.745900000000000000e+04
3.748100000000000000e+04
3.750100000000000000e+04
3.750200000000000000e+04
3.752000000000000000e+04
3.754300000000000000e+04
3.754900000000000000e+04
3.755600000000000000e+04
3.755900000000000000e+04
3.758300000000000000e+04
3.759300000000000000e+04
3.761600000000000000e+04
3.763000000000000000e+04
3.769400000000000000e+04
3.769700000000000000e+04
3.769800000000000000e+04
3.770400000000000000e+04
3.770600000000000000e+04
3.776300000000000000e+04
3.776500000000000000e+04
3.777600000000000000e+04
3.778900000000000000e+04
3.779100000000000000e+04
3.779700000000000000e+04
3.781700000000000000e+04
3.785300000000000000e+04
3.785600000000000000e+04
3.785700000000000000e+04
3.786300000000000000e+04
3.789600000000000000e+04
3.790200000000000000e+04
3.793200000000000000e+04
3.796600000000000000e+04
3.796700000000000000e+04
3.800400000000000000e+04
3.801100000000000000e+04
3.803500000000000000e+04
3.804100000000000000e+04
3.805400000000000000e+04
3.807300000000000000e+04
3.809300000000000000e+04
3.814000000000000000e+04
3.817000000000000000e+04
3.817900000000000000e+04
3.818400000000000000e+04
3.819800000000000000e+04
3.820200000000000000e+04
3.821000000000000000e+04
3.826900000000000000e+04
3.833200000000000000e+04
3.840000000000000000e+04
3.840100000000000000e+04
3.841000000000000000e+04
3.841100000000000000e+04
3.841600000000000000e+04
3.841900000000000000e+04
3.846100000000000000e+04
3.846200000000000000e+04
3.850500000000000000e+04
3.850600000000000000e+04
3.853000000000000000e+04
3.855400000000000000e+04
3.855800000000000000e+04
3.856900000000000000e+04
3.862300000000000000e+04
3.865900000000000000e+04
3.866100000000000000e+04
3.866400000000000000e+04
3.867300000000000000e+04
3.868600000000000000e+04
3.868800000000000000e+04
3.870700000000000000e+04
3.877500000000000000e+04
3.880300000000000000e+04
3.883200000000000000e+04
3.883400000000000000e+04
3.888000000000000000e+04
3.889500000000000000e+04
3.890000000000000000e+04
3.894700000000000000e+04
3.894900000000000000e+04
3.898500000000000000e+04
3.902900000000000000e+04
3.903600000000000000e+04
3.905200000000000000e+04
3.905700000000000000e+04
3.906400000000000000e+04
3.908000000000000000e+04
3.908900000000000000e+04
3.912400000000000000e+04
3.915400000000000000e+04
3.915500000000000000e+04
3.919400000000000000e+04
3.921300000000000000e+04
3.923700000000000000e+04
3.923800000000000000e+04
3.924400000000000000e+04
3.925400000000000000e+04
3.926600000000000000e+04
3.926900000000000000e+04
3.927100000000000000e+04
3.932900000000000000e+04
3.933200000000000000e+04
3.933400000000000000e+04
3.933600000000000000e+04
3.933700000000000000e+04
3.933800000000000000e+04
3.934900000000000000e+04
3.935700000000000000e+04
3.938900000000000000e+04
3.941400000000000000e+04
3.941500000000000000e+04
3.947600000000000000e+04
3.949400000000000000e+04
3.952500000000000000e+04
3.954300000000000000e+04
3.962500000000000000e+04
3.963900000000000000e+04
3.964200000000000000e+04
3.965800000000000000e+04
3.968500000000000000e+04
3.970200000000000000e+04
3.971000000000000000e+04
3.977200000000000000e+04
3.984200000000000000e+04
3.985000000000000000e+04
3.990000000000000000e+04
3.992900000000000000e+04
3.998000000000000000e+04
4.005100000000000000e+04
4.007200000000000000e+04
4.007800000000000000e+04
4.009800000000000000e+04
4.010400000000000000e+04
4.012100000000000000e+04
4.013100000000000000e+04
4.015200000000000000e+04
4.016000000000000000e+04
4.017200000000000000e+04
4.021700000000000000e+04
4.022400000000000000e+04
4.022900000000000000e+04
4.025500000000000000e+04
4.029100000000000000e+04
4.029900000000000000e+04
4.030100000000000000e+04
4.030500000000000000e+04
4.033400000000000000e+04
4.035300000000000000e+04
4.036400000000000000e+04
4.037900000000000000e+04
4.039800000000000000e+04
4.040100000000000000e+04
4.041100000000000000e+04
4.044700000000000000e+04
4.046000000000000000e+04
4.046600000000000000e+04
4.049100000000000000e+04
4.049900000000000000e+04
4.053200000000000000e+04
4.056300000000000000e+04
4.057600000000000000e+04
4.060100000000000000e+04
4.062000000000000000e+04
4.062200000000000000e+04
4.062400000000000000e+04
4.062600000000000000e+04
4.062800000000000000e+04
4.064200000000000000e+04
4.064900000000000000e+04
4.066800000000000000e+04
4.068200000000000000e+04
4.068400000000000000e+04
4.069200000000000000e+04
4.070800000000000000e+04
4.071600000000000000e+04
4.074100000000000000e+04
4.074300000000000000e+04
4.076000000000000000e+04
4.076800000000000000e+04
4.083100000000000000e+04
4.085100000000000000e+04
4.089400000000000000e+04
4.089900000000000000e+04
4.092300000000000000e+04
4.095900000000000000e+04
4.096600000000000000e+04
4.098400000000000000e+04
4.099200000000000000e+04
4.108000000000000000e+04
4.108700000000000000e+04
4.111200000000000000e+04
4.112400000000000000e+04
4.114400000000000000e+04
4.114500000000000000e+04
4.115700000000000000e+04
4.117700000000000000e+04
4.117800000000000000e+04
4.118800000000000000e+04
4.119400000000000000e+04
4.123500000000000000e+04
4.124000000000000000e+04
4.124200000000000000e+04
4.124400000000000000e+04
4.124700000000000000e+04
4.125100000000000000e+04
4.126100000000000000e+04
4.126200000000000000e+04
4.126300000000000000e+04
4.127300000000000000e+04
4.127600000000000000e+04
4.128600000000000000e+04
4.129000000000000000e+04
4.129500000000000000e+04
4.130300000000000000e+04
4.130600000000000000e+04
4.131500000000000000e+04
4.132300000000000000e+04
4.136700000000000000e+04
4.137800000000000000e+04
4.137900000000000000e+04
4.138600000000000000e+04
4.141100000000000000e+04
4.143400000000000000e+04
4.143600000000000000e+04
4.143700000000000000e+04
4.144500000000000000e+04
4.144900000000000000e+04
4.145000000000000000e+04
4.145900000000000000e+04
4.146800000000000000e+04
4.151000000000000000e+04
4.153100000000000000e+04
4.153200000000000000e+04
4.153300000000000000e+04
4.157700000000000000e+04
4.158100000000000000e+04
4.161800000000000000e+04
4.163300000000000000e+04
4.163400000000000000e+04
4.163500000000000000e+04
4.164400000000000000e+04
4.164600000000000000e+04
4.166500000000000000e+04
4.167800000000000000e+04
4.168000000000000000e+04
4.168100000000000000e+04
4.170800000000000000e+04
4.172700000000000000e+04
4.179400000000000000e+04
4.179900000000000000e+04
4.183600000000000000e+04
4.184000000000000000e+04
4.185200000000000000e+04
4.189800000000000000e+04
4.190200000000000000e+04
4.191200000000000000e+04
4.193500000000000000e+04
4.193600000000000000e+04
4.197000000000000000e+04
4.198700000000000000e+04
4.204000000000000000e+04
4.204100000000000000e+04
4.204800000000000000e+04
4.206900000000000000e+04
4.207400000000000000e+04
4.209100000000000000e+04
4.209900000000000000e+04
4.211300000000000000e+04
4.211500000000000000e+04
4.212500000000000000e+04
4.216100000000000000e+04
4.219700000000000000e+04
4.224800000000000000e+04
4.227100000000000000e+04
4.228500000000000000e+04
4.231800000000000000e+04
4.232700000000000000e+04
4.232900000000000000e+04
4.233700000000000000e+04
4.236400000000000000e+04
4.236900000000000000e+04
4.239500000000000000e+04
4.241700000000000000e+04
4.242300000000000000e+04
4.243900000000000000e+04
4.245600000000000000e+04
4.245700000000000000e+04
4.245900000000000000e+04
4.246600000000000000e+04
4.246700000000000000e+04
4.246900000000000000e+04
4.247300000000000000e+04
4.247500000000000000e+04
4.247600000000000000e+04
4.247700000000000000e+04
4.248200000000000000e+04
4.248400000000000000e+04
4.248600000000000000e+04
4.248700000000000000e+04
4.249000000000000000e+04
4.250000000000000000e+04
4.250600000000000000e+04
4.250800000000000000e+04
4.251300000000000000e+04
4.252900000000000000e+04
4.257400000000000000e+04
4.258100000000000000e+04
4.260300000000000000e+04
4.260500000000000000e+04
4.262600000000000000e+04
4.263500000000000000e+04
4.265400000000000000e+04
4.269900000000000000e+04
4.270900000000000000e+04
4.271900000000000000e+04
4.272100000000000000e+04
4.273000000000000000e+04
4.274200000000000000e+04
4.274300000000000000e+04
4.275000000000000000e+04
4.278000000000000000e+04
4.278200000000000000e+04
4.281700000000000000e+04
4.282400000000000000e+04
4.282800000000000000e+04
4.282900000000000000e+04
4.283200000000000000e+04
4.283300000000000000e+04
4.283500000000000000e+04
4.286900000000000000e+04
4.291800000000000000e+04
4.292000000000000000e+04
4.292800000000000000e+04
4.292900000000000000e+04
4.294700000000000000e+04
4.299600000000000000e+04
4.300000000000000000e+04
4.305400000000000000e+04
4.307800000000000000e+04
4.312100000000000000e+04
4.312800000000000000e+04
4.313200000000000000e+04
4.313400000000000000e+04
4.318900000000000000e+04
4.321300000000000000e+04
4.321400000000000000e+04
4.323600000000000000e+04
4.324600000000000000e+04
4.328900000000000000e+04
4.329900000000000000e+04
4.330200000000000000e+04
4.330700000000000000e+04
4.332000000000000000e+04
4.333200000000000000e+04
4.335000000000000000e+04
4.335500000000000000e+04
4.336800000000000000e+04
4.337300000000000000e+04
4.337700000000000000e+04
4.342600000000000000e+04
4.343300000000000000e+04
4.344000000000000000e+04
4.345600000000000000e+04
4.347100000000000000e+04
4.349900000000000000e+04
4.350100000000000000e+04
4.351600000000000000e+04
4.352500000000000000e+04
4.355700000000000000e+04
4.367900000000000000e+04
4.369600000000000000e+04
4.372000000000000000e+04
4.372600000000000000e+04
4.372900000000000000e+04
4.373100000000000000e+04
4.375000000000000000e+04
4.380600000000000000e+04
4.381200000000000000e+04
4.388200000000000000e+04
4.390300000000000000e+04
4.391600000000000000e+04
4.395000000000000000e+04
4.395500000000000000e+04
4.403600000000000000e+04
4.404700000000000000e+04
4.408700000000000000e+04
4.412300000000000000e+04
4.412700000000000000e+04
4.413900000000000000e+04
4.415400000000000000e+04
4.424200000000000000e+04
4.424800000000000000e+04
4.425000000000000000e+04
4.425300000000000000e+04
4.428700000000000000e+04
4.430300000000000000e+04
4.431100000000000000e+04
4.435200000000000000e+04
4.439400000000000000e+04
4.439500000000000000e+04
4.441800000000000000e+04
4.445200000000000000e+04
4.446400000000000000e+04
4.446700000000000000e+04
4.449800000000000000e+04
4.454500000000000000e+04
4.457300000000000000e+04
4.457400000000000000e+04
4.457500000000000000e+04
4.458900000000000000e+04
4.460300000000000000e+04
4.460400000000000000e+04
4.460700000000000000e+04
4.465300000000000000e+04
4.465500000000000000e+04
4.467500000000000000e+04
4.469700000000000000e+04
4.471000000000000000e+04
4.483000000000000000e+04
4.484600000000000000e+04
4.492600000000000000e+04
4.492800000000000000e+04
4.494800000000000000e+04
4.495000000000000000e+04
4.495800000000000000e+04
4.502800000000000000e+04
4.504700000000000000e+04
4.513500000000000000e+04
4.514500000000000000e+04
4.515100000000000000e+04
4.515200000000000000e+04
4.515300000000000000e+04
4.515900000000000000e+04
4.516100000000000000e+04
4.520000000000000000e+04
4.523200000000000000e+04
4.525200000000000000e+04
4.525800000000000000e+04
4.529800000000000000e+04
4.530000000000000000e+04
4.531600000000000000e+04
4.532000000000000000e+04
4.532200000000000000e+04
4.535100000000000000e+04
4.535900000000000000e+04
4.536400000000000000e+04
4.544100000000000000e+04
4.546100000000000000e+04
4.547500000000000000e+04
4.547600000000000000e+04
4.551000000000000000e+04
4.553000000000000000e+04
4.560300000000000000e+04
4.565700000000000000e+04
4.566400000000000000e+04
4.569900000000000000e+04
4.570100000000000000e+04
4.578000000000000000e+04
4.578500000000000000e+04
4.582200000000000000e+04
4.582700000000000000e+04
4.585700000000000000e+04
4.585900000000000000e+04
4.586600000000000000e+04
4.592800000000000000e+04
4.595600000000000000e+04
4.596000000000000000e+04
4.597800000000000000e+04
4.602500000000000000e+04
4.604700000000000000e+04
4.605500000000000000e+04
4.607700000000000000e+04
4.615100000000000000e+04
4.616100000000000000e+04
4.616800000000000000e+04
4.622200000000000000e+04
4.623100000000000000e+04
4.624100000000000000e+04
4.625200000000000000e+04
4.628300000000000000e+04
4.628400000000000000e+04
4.633600000000000000e+04
4.633900000000000000e+04
4.635600000000000000e+04
4.639000000000000000e+04
4.639300000000000000e+04
4.639400000000000000e+04
4.640000000000000000e+04
4.640100000000000000e+04
4.640200000000000000e+04
4.641600000000000000e+04
4.643200000000000000e+04
4.644700000000000000e+04
4.649200000000000000e+04
4.650300000000000000e+04
4.650500000000000000e+04
4.652400000000000000e+04
4.656900000000000000e+04
4.657300000000000000e+04
4.661500000000000000e+04
4.664400000000000000e+04
4.667500000000000000e+04
4.668200000000000000e+04
4.668300000000000000e+04
4.669100000000000000e+04
4.673500000000000000e+04
4.673600000000000000e+04
4.674700000000000000e+04
4.676300000000000000e+04
4.678200000000000000e+04
4.678300000000000000e+04
4.678900000000000000e+04
4.680000000000000000e+04
4.684600000000000000e+04
4.685800000000000000e+04
4.687300000000000000e+04
4.690500000000000000e+04
4.690700000000000000e+04
4.693700000000000000e+04
4.697200000000000000e+04
4.700900000000000000e+04
4.701300000000000000e+04
4.704000000000000000e+04
4.709700000000000000e+04
4.711900000000000000e+04
4.712800000000000000e+04
4.714000000000000000e+04
4.716400000000000000e+04
4.720600000000000000e+04
4.720700000000000000e+04
4.721500000000000000e+04
4.721600000000000000e+04
4.723300000000000000e+04
4.723700000000000000e+04
4.725600000000000000e+04
4.725900000000000000e+04
4.726200000000000000e+04
4.726800000000000000e+04
4.730100000000000000e+04
4.731000000000000000e+04
4.733500000000000000e+04
4.734000000000000000e+04
4.734100000000000000e+04
4.735300000000000000e+04
4.735400000000000000e+04
4.735900000000000000e+04
4.736300000000000000e+04
4.737000000000000000e+04
4.740600000000000000e+04
4.744100000000000000e+04
4.745200000000000000e+04
4.749000000000000000e+04
4.752000000000000000e+04
4.752700000000000000e+04
4.757000000000000000e+04
4.759600000000000000e+04
4.760300000000000000e+04
4.764900000000000000e+04
4.765600000000000000e+04
4.766000000000000000e+04
4.767900000000000000e+04
4.770300000000000000e+04
4.773800000000000000e+04
4.778500000000000000e+04
4.779500000000000000e+04
4.780000000000000000e+04
4.781200000000000000e+04
4.782900000000000000e+04
4.784100000000000000e+04
4.786700000000000000e+04
4.788400000000000000e+04
4.788600000000000000e+04
4.790100000000000000e+04
4.792600000000000000e+04
4.793300000000000000e+04
4.794100000000000000e+04
4.798900000000000000e+04
4.802900000000000000e+04
4.804300000000000000e+04
4.804400000000000000e+04
4.804900000000000000e+04
4.805100000000000000e+04
4.807900000000000000e+04
4.808400000000000000e+04
4.809400000000000000e+04
4.809800000000000000e+04
4.811400000000000000e+04
4.811500000000000000e+04
4.812000000000000000e+04
4.812600000000000000e+04
4.812700000000000000e+04
4.813200000000000000e+04
4.813300000000000000e+04
4.814500000000000000e+04
4.816400000000000000e+04
4.816900000000000000e+04
4.817300000000000000e+04
4.817600000000000000e+04
4.820000000000000000e+04
4.820100000000000000e+04
4.820300000000000000e+04
4.820400000000000000e+04
4.827200000000000000e+04
4.830200000000000000e+04
4.833600000000000000e+04
4.835200000000000000e+04
