0.000000000000000000e+00
4.000000000000000000e+00
9.000000000000000000e+00
1.000000000000000000e+01
1.100000000000000000e+01
1.400000000000000000e+01
1.800000000000000000e+01
1.900000000000000000e+01
2.000000000000000000e+01
2.100000000000000000e+01
2.300000000000000000e+01
2.400000000000000000e+01
2.500000000000000000e+01
2.600000000000000000e+01
2.700000000000000000e+01
2.900000000000000000e+01
3.000000000000000000e+01
3.100000000000000000e+01
3.200000000000000000e+01
3.300000000000000000e+01
3.700000000000000000e+01
4.000000000000000000e+01
4.100000000000000000e+01
4.200000000000000000e+01
4.400000000000000000e+01
4.900000000000000000e+01
5.300000000000000000e+01
5.400000000000000000e+01
5.600000000000000000e+01
5.900000000000000000e+01
6.200000000000000000e+01
6.300000000000000000e+01
6.500000000000000000e+01
7.000000000000000000e+01
8.800000000000000000e+01
9.200000000000000000e+01
9.500000000000000000e+01
1.080000000000000000e+02
1.090000000000000000e+02
1.220000000000000000e+02
1.230000000000000000e+02
1.240000000000000000e+02
1.250000000000000000e+02
1.260000000000000000e+02
1.270000000000000000e+02
1.300000000000000000e+02
1.350000000000000000e+02
1.360000000000000000e+02
1.370000000000000000e+02
1.380000000000000000e+02
1.390000000000000000e+02
1.460000000000000000e+02
1.470000000000000000e+02
1.510000000000000000e+02
1.520000000000000000e+02
1.530000000000000000e+02
1.560000000000000000e+02
1.570000000000000000e+02
1.590000000000000000e+02
1.660000000000000000e+02
1.670000000000000000e+02
1.680000000000000000e+02
1.690000000000000000e+02
1.700000000000000000e+02
1.750000000000000000e+02
1.790000000000000000e+02
1.800000000000000000e+02
1.810000000000000000e+02
1.830000000000000000e+02
1.860000000000000000e+02
1.870000000000000000e+02
1.880000000000000000e+02
1.900000000000000000e+02
1.940000000000000000e+02
1.950000000000000000e+02
1.970000000000000000e+02
2.040000000000000000e+02
2.180000000000000000e+02
2.210000000000000000e+02
2.230000000000000000e+02
2.240000000000000000e+02
2.280000000000000000e+02
2.290000000000000000e+02
2.300000000000000000e+02
2.310000000000000000e+02
2.330000000000000000e+02
2.340000000000000000e+02
2.370000000000000000e+02
2.420000000000000000e+02
2.450000000000000000e+02
2.530000000000000000e+02
2.640000000000000000e+02
2.720000000000000000e+02
2.730000000000000000e+02
2.770000000000000000e+02
2.860000000000000000e+02
2.870000000000000000e+02
2.900000000000000000e+02
3.000000000000000000e+02
3.010000000000000000e+02
3.050000000000000000e+02
3.060000000000000000e+02
3.070000000000000000e+02
3.080000000000000000e+02
3.190000000000000000e+02
3.210000000000000000e+02
3.290000000000000000e+02
3.300000000000000000e+02
3.350000000000000000e+02
3.500000000000000000e+02
3.580000000000000000e+02
3.670000000000000000e+02
3.700000000000000000e+02
3.740000000000000000e+02
3.750000000000000000e+02
3.760000000000000000e+02
3.790000000000000000e+02
3.830000000000000000e+02
3.860000000000000000e+02
3.870000000000000000e+02
3.880000000000000000e+02
4.000000000000000000e+02
4.010000000000000000e+02
4.160000000000000000e+02
4.200000000000000000e+02
4.210000000000000000e+02
4.220000000000000000e+02
4.250000000000000000e+02
4.260000000000000000e+02
4.360000000000000000e+02
4.390000000000000000e+02
4.410000000000000000e+02
4.440000000000000000e+02
4.450000000000000000e+02
4.500000000000000000e+02
4.560000000000000000e+02
4.570000000000000000e+02
4.610000000000000000e+02
4.660000000000000000e+02
4.680000000000000000e+02
4.750000000000000000e+02
4.770000000000000000e+02
4.790000000000000000e+02
4.840000000000000000e+02
4.850000000000000000e+02
4.860000000000000000e+02
4.870000000000000000e+02
4.890000000000000000e+02
4.900000000000000000e+02
4.910000000000000000e+02
4.920000000000000000e+02
4.950000000000000000e+02
5.020000000000000000e+02
5.040000000000000000e+02
5.060000000000000000e+02
5.080000000000000000e+02
5.100000000000000000e+02
5.190000000000000000e+02
5.200000000000000000e+02
5.220000000000000000e+02
5.240000000000000000e+02
5.400000000000000000e+02
5.480000000000000000e+02
5.490000000000000000e+02
5.560000000000000000e+02
5.620000000000000000e+02
5.780000000000000000e+02
5.790000000000000000e+02
5.920000000000000000e+02
5.950000000000000000e+02
6.160000000000000000e+02
6.200000000000000000e+02
6.330000000000000000e+02
6.340000000000000000e+02
6.420000000000000000e+02
6.470000000000000000e+02
6.870000000000000000e+02
7.070000000000000000e+02
7.100000000000000000e+02
7.110000000000000000e+02
7.130000000000000000e+02
7.350000000000000000e+02
7.490000000000000000e+02
7.520000000000000000e+02
7.750000000000000000e+02
7.760000000000000000e+02
7.910000000000000000e+02
7.990000000000000000e+02
8.020000000000000000e+02
8.040000000000000000e+02
8.370000000000000000e+02
8.540000000000000000e+02
8.780000000000000000e+02
9.090000000000000000e+02
9.270000000000000000e+02
9.300000000000000000e+02
9.570000000000000000e+02
9.790000000000000000e+02
9.900000000000000000e+02
1.007000000000000000e+03
1.016000000000000000e+03
1.035000000000000000e+03
1.057000000000000000e+03
1.063000000000000000e+03
1.069000000000000000e+03
1.095000000000000000e+03
1.141000000000000000e+03
1.179000000000000000e+03
1.189000000000000000e+03
1.215000000000000000e+03
1.222000000000000000e+03
1.223000000000000000e+03
1.240000000000000000e+03
1.256000000000000000e+03
1.264000000000000000e+03
1.276000000000000000e+03
1.277000000000000000e+03
1.281000000000000000e+03
1.312000000000000000e+03
1.343000000000000000e+03
1.420000000000000000e+03
1.430000000000000000e+03
1.463000000000000000e+03
1.513000000000000000e+03
1.520000000000000000e+03
1.523000000000000000e+03
1.626000000000000000e+03
1.632000000000000000e+03
1.711000000000000000e+03
1.747000000000000000e+03
1.752000000000000000e+03
1.789000000000000000e+03
1.838000000000000000e+03
1.847000000000000000e+03
1.896000000000000000e+03
1.899000000000000000e+03
1.900000000000000000e+03
1.913000000000000000e+03
1.940000000000000000e+03
1.947000000000000000e+03
1.986000000000000000e+03
2.041000000000000000e+03
2.074000000000000000e+03
2.126000000000000000e+03
2.140000000000000000e+03
2.149000000000000000e+03
2.154000000000000000e+03
2.177000000000000000e+03
2.188000000000000000e+03
2.231000000000000000e+03
2.255000000000000000e+03
2.295000000000000000e+03
2.332000000000000000e+03
2.335000000000000000e+03
2.396000000000000000e+03
2.416000000000000000e+03
2.424000000000000000e+03
2.438000000000000000e+03
2.441000000000000000e+03
2.456000000000000000e+03
2.504000000000000000e+03
2.514000000000000000e+03
2.535000000000000000e+03
2.565000000000000000e+03
2.571000000000000000e+03
2.572000000000000000e+03
2.573000000000000000e+03
2.583000000000000000e+03
2.584000000000000000e+03
2.587000000000000000e+03
2.588000000000000000e+03
2.601000000000000000e+03
2.602000000000000000e+03
2.614000000000000000e+03
2.624000000000000000e+03
2.643000000000000000e+03
2.655000000000000000e+03
2.666000000000000000e+03
2.671000000000000000e+03
2.687000000000000000e+03
2.721000000000000000e+03
2.786000000000000000e+03
2.812000000000000000e+03
2.825000000000000000e+03
2.828000000000000000e+03
2.830000000000000000e+03
2.831000000000000000e+03
2.843000000000000000e+03
2.848000000000000000e+03
2.873000000000000000e+03
2.904000000000000000e+03
2.949000000000000000e+03
2.976000000000000000e+03
3.015000000000000000e+03
3.018000000000000000e+03
3.159000000000000000e+03
3.182000000000000000e+03
3.253000000000000000e+03
3.273000000000000000e+03
3.418000000000000000e+03
3.423000000000000000e+03
3.506000000000000000e+03
3.508000000000000000e+03
3.518000000000000000e+03
3.526000000000000000e+03
3.541000000000000000e+03
3.559000000000000000e+03
3.587000000000000000e+03
3.604000000000000000e+03
3.638000000000000000e+03
3.652000000000000000e+03
3.660000000000000000e+03
3.687000000000000000e+03
3.703000000000000000e+03
3.721000000000000000e+03
3.830000000000000000e+03
3.831000000000000000e+03
3.943000000000000000e+03
4.015000000000000000e+03
4.070000000000000000e+03
4.090000000000000000e+03
4.138000000000000000e+03
4.169000000000000000e+03
4.171000000000000000e+03
4.175000000000000000e+03
4.246000000000000000e+03
4.273000000000000000e+03
4.275000000000000000e+03
4.290000000000000000e+03
4.324000000000000000e+03
4.329000000000000000e+03
4.336000000000000000e+03
4.363000000000000000e+03
4.368000000000000000e+03
4.386000000000000000e+03
4.390000000000000000e+03
4.416000000000000000e+03
4.425000000000000000e+03
4.426000000000000000e+03
4.484000000000000000e+03
4.490000000000000000e+03
4.493000000000000000e+03
4.547000000000000000e+03
4.549000000000000000e+03
4.616000000000000000e+03
4.807000000000000000e+03
4.810000000000000000e+03
4.843000000000000000e+03
4.887000000000000000e+03
4.896000000000000000e+03
4.909000000000000000e+03
4.928000000000000000e+03
4.979000000000000000e+03
5.135000000000000000e+03
5.159000000000000000e+03
5.260000000000000000e+03
5.276000000000000000e+03
5.278000000000000000e+03
5.342000000000000000e+03
5.374000000000000000e+03
5.385000000000000000e+03
5.403000000000000000e+03
5.404000000000000000e+03
5.417000000000000000e+03
5.445000000000000000e+03
5.446000000000000000e+03
5.457000000000000000e+03
5.470000000000000000e+03
5.490000000000000000e+03
5.496000000000000000e+03
5.497000000000000000e+03
5.499000000000000000e+03
5.508000000000000000e+03
5.518000000000000000e+03
5.521000000000000000e+03
5.524000000000000000e+03
5.528000000000000000e+03
5.529000000000000000e+03
5.536000000000000000e+03
5.542000000000000000e+03
5.585000000000000000e+03
5.609000000000000000e+03
5.621000000000000000e+03
5.623000000000000000e+03
5.640000000000000000e+03
5.664000000000000000e+03
5.667000000000000000e+03
5.668000000000000000e+03
5.718000000000000000e+03
5.736000000000000000e+03
5.751000000000000000e+03
5.752000000000000000e+03
5.756000000000000000e+03
5.768000000000000000e+03
5.770000000000000000e+03
5.828000000000000000e+03
5.848000000000000000e+03
5.901000000000000000e+03
5.903000000000000000e+03
5.931000000000000000e+03
5.950000000000000000e+03
5.971000000000000000e+03
6.001000000000000000e+03
6.022000000000000000e+03
6.059000000000000000e+03
6.077000000000000000e+03
6.107000000000000000e+03
6.121000000000000000e+03
6.145000000000000000e+03
6.205000000000000000e+03
6.221000000000000000e+03
6.229000000000000000e+03
6.230000000000000000e+03
6.266000000000000000e+03
6.314000000000000000e+03
6.336000000000000000e+03
6.340000000000000000e+03
6.360000000000000000e+03
6.382000000000000000e+03
6.390000000000000000e+03
6.403000000000000000e+03
6.426000000000000000e+03
6.433000000000000000e+03
6.460000000000000000e+03
6.463000000000000000e+03
6.498000000000000000e+03
6.499000000000000000e+03
6.502000000000000000e+03
6.503000000000000000e+03
6.536000000000000000e+03
6.601000000000000000e+03
6.612000000000000000e+03
6.613000000000000000e+03
6.621000000000000000e+03
6.634000000000000000e+03
6.637000000000000000e+03
6.650000000000000000e+03
6.655000000000000000e+03
6.657000000000000000e+03
6.668000000000000000e+03
6.671000000000000000e+03
6.672000000000000000e+03
6.682000000000000000e+03
6.687000000000000000e+03
6.710000000000000000e+03
6.726000000000000000e+03
6.765000000000000000e+03
6.766000000000000000e+03
6.768000000000000000e+03
6.778000000000000000e+03
6.781000000000000000e+03
6.830000000000000000e+03
6.845000000000000000e+03
6.853000000000000000e+03
6.854000000000000000e+03
6.863000000000000000e+03
6.901000000000000000e+03
6.934000000000000000e+03
6.937000000000000000e+03
6.942000000000000000e+03
6.943000000000000000e+03
6.958000000000000000e+03
6.959000000000000000e+03
6.982000000000000000e+03
7.016000000000000000e+03
7.122000000000000000e+03
7.164000000000000000e+03
7.196000000000000000e+03
7.202000000000000000e+03
7.203000000000000000e+03
7.213000000000000000e+03
7.254000000000000000e+03
7.280000000000000000e+03
7.380000000000000000e+03
7.420000000000000000e+03
7.433000000000000000e+03
7.434000000000000000e+03
7.449000000000000000e+03
7.453000000000000000e+03
7.523000000000000000e+03
7.585000000000000000e+03
7.600000000000000000e+03
7.611000000000000000e+03
7.657000000000000000e+03
7.768000000000000000e+03
7.779000000000000000e+03
7.805000000000000000e+03
7.827000000000000000e+03
7.843000000000000000e+03
7.850000000000000000e+03
7.854000000000000000e+03
7.886000000000000000e+03
7.895000000000000000e+03
7.902000000000000000e+03
7.933000000000000000e+03
7.934000000000000000e+03
7.945000000000000000e+03
7.947000000000000000e+03
7.953000000000000000e+03
7.957000000000000000e+03
7.977000000000000000e+03
8.048000000000000000e+03
8.049000000000000000e+03
8.104000000000000000e+03
8.123000000000000000e+03
8.131000000000000000e+03
8.166000000000000000e+03
8.178000000000000000e+03
8.184000000000000000e+03
8.186000000000000000e+03
8.199000000000000000e+03
8.206000000000000000e+03
8.210000000000000000e+03
8.255000000000000000e+03
8.277000000000000000e+03
8.293000000000000000e+03
8.300000000000000000e+03
8.330000000000000000e+03
8.441000000000000000e+03
8.523000000000000000e+03
8.525000000000000000e+03
8.557000000000000000e+03
8.593000000000000000e+03
8.609000000000000000e+03
8.610000000000000000e+03
8.611000000000000000e+03
8.645000000000000000e+03
8.658000000000000000e+03
8.686000000000000000e+03
8.711000000000000000e+03
8.721000000000000000e+03
8.767000000000000000e+03
8.779000000000000000e+03
8.819000000000000000e+03
8.827000000000000000e+03
8.832000000000000000e+03
8.841000000000000000e+03
8.885000000000000000e+03
8.963000000000000000e+03
8.977000000000000000e+03
8.991000000000000000e+03
9.039000000000000000e+03
9.064000000000000000e+03
9.065000000000000000e+03
9.125000000000000000e+03
9.127000000000000000e+03
9.130000000000000000e+03
9.131000000000000000e+03
9.227000000000000000e+03
9.230000000000000000e+03
9.275000000000000000e+03
9.306000000000000000e+03
9.340000000000000000e+03
9.356000000000000000e+03
9.358000000000000000e+03
9.362000000000000000e+03
9.496000000000000000e+03
9.545000000000000000e+03
9.547000000000000000e+03
9.563000000000000000e+03
9.572000000000000000e+03
9.617000000000000000e+03
9.717000000000000000e+03
9.748000000000000000e+03
9.763000000000000000e+03
9.780000000000000000e+03
9.785000000000000000e+03
9.825000000000000000e+03
9.861000000000000000e+03
9.893000000000000000e+03
9.934000000000000000e+03
9.974000000000000000e+03
9.993000000000000000e+03
1.000000000000000000e+04
1.000500000000000000e+04
1.000900000000000000e+04
1.002000000000000000e+04
1.002300000000000000e+04
1.005400000000000000e+04
1.007100000000000000e+04
1.007500000000000000e+04
1.007800000000000000e+04
1.010200000000000000e+04
1.010800000000000000e+04
1.011700000000000000e+04
1.015500000000000000e+04
1.016400000000000000e+04
1.018900000000000000e+04
1.019900000000000000e+04
1.021900000000000000e+04
1.026200000000000000e+04
1.029200000000000000e+04
1.032200000000000000e+04
1.034600000000000000e+04
1.035000000000000000e+04
1.039100000000000000e+04
1.039200000000000000e+04
1.050700000000000000e+04
1.052200000000000000e+04
1.052700000000000000e+04
1.056700000000000000e+04
1.057800000000000000e+04
1.065500000000000000e+04
1.073000000000000000e+04
1.078200000000000000e+04
1.078600000000000000e+04
1.078700000000000000e+04
1.081000000000000000e+04
1.084600000000000000e+04
1.087700000000000000e+04
1.093900000000000000e+04
1.095200000000000000e+04
1.096000000000000000e+04
1.101400000000000000e+04
1.103800000000000000e+04
1.104900000000000000e+04
1.105600000000000000e+04
1.106500000000000000e+04
1.108700000000000000e+04
1.111100000000000000e+04
1.112000000000000000e+04
1.114500000000000000e+04
1.115500000000000000e+04
1.115700000000000000e+04
1.116500000000000000e+04
1.120400000000000000e+04
1.121300000000000000e+04
1.121800000000000000e+04
1.122600000000000000e+04
1.124500000000000000e+04
1.125600000000000000e+04
1.131100000000000000e+04
1.131400000000000000e+04
1.131600000000000000e+04
1.133500000000000000e+04
1.150600000000000000e+04
1.152400000000000000e+04
1.153800000000000000e+04
1.162100000000000000e+04
1.167100000000000000e+04
1.167500000000000000e+04
1.170900000000000000e+04
1.171300000000000000e+04
1.174100000000000000e+04
1.174200000000000000e+04
1.174600000000000000e+04
1.176200000000000000e+04
1.176600000000000000e+04
1.178500000000000000e+04
1.182700000000000000e+04
1.182800000000000000e+04
1.190400000000000000e+04
1.190600000000000000e+04
1.193100000000000000e+04
1.193800000000000000e+04
1.203100000000000000e+04
1.205100000000000000e+04
1.205200000000000000e+04
1.207500000000000000e+04
1.208400000000000000e+04
1.210700000000000000e+04
1.211900000000000000e+04
1.212700000000000000e+04
1.215400000000000000e+04
1.219500000000000000e+04
1.220800000000000000e+04
1.221600000000000000e+04
1.222000000000000000e+04
1.222700000000000000e+04
1.224900000000000000e+04
1.225300000000000000e+04
1.233600000000000000e+04
1.234300000000000000e+04
1.236600000000000000e+04
1.237200000000000000e+04
1.239500000000000000e+04
1.248200000000000000e+04
1.251600000000000000e+04
1.252200000000000000e+04
1.253400000000000000e+04
1.255900000000000000e+04
1.263700000000000000e+04
1.271600000000000000e+04
1.277400000000000000e+04
1.286600000000000000e+04
1.287300000000000000e+04
1.288100000000000000e+04
1.291400000000000000e+04
1.294600000000000000e+04
1.295300000000000000e+04
1.295400000000000000e+04
1.296400000000000000e+04
1.310300000000000000e+04
1.310500000000000000e+04
1.311900000000000000e+04
1.312500000000000000e+04
1.314700000000000000e+04
1.328500000000000000e+04
1.329200000000000000e+04
1.331700000000000000e+04
1.334000000000000000e+04
1.334600000000000000e+04
1.335500000000000000e+04
1.352500000000000000e+04
1.354800000000000000e+04
1.356300000000000000e+04
1.359800000000000000e+04
1.361300000000000000e+04
1.362000000000000000e+04
1.362500000000000000e+04
1.365300000000000000e+04
1.367500000000000000e+04
1.372900000000000000e+04
1.379100000000000000e+04
1.384900000000000000e+04
1.389600000000000000e+04
1.400300000000000000e+04
1.413400000000000000e+04
1.428400000000000000e+04
1.442800000000000000e+04
1.447000000000000000e+04
1.466900000000000000e+04
1.476000000000000000e+04
1.483400000000000000e+04
1.485400000000000000e+04
1.490200000000000000e+04
1.513200000000000000e+04
1.513700000000000000e+04
1.522300000000000000e+04
1.522400000000000000e+04
1.528300000000000000e+04
1.533400000000000000e+04
1.537400000000000000e+04
1.540400000000000000e+04
1.543100000000000000e+04
1.549600000000000000e+04
1.551200000000000000e+04
1.551700000000000000e+04
1.555000000000000000e+04
1.558100000000000000e+04
1.565900000000000000e+04
1.573000000000000000e+04
1.579600000000000000e+04
1.580900000000000000e+04
1.600200000000000000e+04
1.617300000000000000e+04
1.619000000000000000e+04
1.630700000000000000e+04
1.631200000000000000e+04
1.632300000000000000e+04
1.633000000000000000e+04
1.633100000000000000e+04
1.635700000000000000e+04
1.639500000000000000e+04
1.640500000000000000e+04
1.644200000000000000e+04
1.645200000000000000e+04
1.645800000000000000e+04
1.646300000000000000e+04
1.648000000000000000e+04
1.649000000000000000e+04
1.653000000000000000e+04
1.660600000000000000e+04
1.663900000000000000e+04
1.672700000000000000e+04
1.675200000000000000e+04
1.675300000000000000e+04
1.675800000000000000e+04
1.679800000000000000e+04
1.681000000000000000e+04
1.683700000000000000e+04
1.687900000000000000e+04
1.688700000000000000e+04
1.689200000000000000e+04
1.689900000000000000e+04
1.691400000000000000e+04
1.691500000000000000e+04
1.692500000000000000e+04
1.692700000000000000e+04
1.693400000000000000e+04
1.697600000000000000e+04
1.698200000000000000e+04
1.699400000000000000e+04
1.700600000000000000e+04
1.702800000000000000e+04
1.703400000000000000e+04
1.704600000000000000e+04
1.705300000000000000e+04
1.706700000000000000e+04
1.706800000000000000e+04
1.707000000000000000e+04
1.707300000000000000e+04
1.708900000000000000e+04
1.714700000000000000e+04
1.716400000000000000e+04
1.727400000000000000e+04
1.743200000000000000e+04
1.748500000000000000e+04
1.753500000000000000e+04
1.755400000000000000e+04
1.758800000000000000e+04
1.761200000000000000e+04
1.766700000000000000e+04
1.770000000000000000e+04
1.787300000000000000e+04
1.790600000000000000e+04
1.802400000000000000e+04
1.806300000000000000e+04
1.824200000000000000e+04
1.826900000000000000e+04
1.827400000000000000e+04
1.827600000000000000e+04
1.828500000000000000e+04
1.832100000000000000e+04
1.833000000000000000e+04
1.833200000000000000e+04
1.837100000000000000e+04
1.837900000000000000e+04
1.839400000000000000e+04
1.839600000000000000e+04
1.840500000000000000e+04
1.841000000000000000e+04
1.843200000000000000e+04
1.848100000000000000e+04
1.849000000000000000e+04
1.850200000000000000e+04
1.851100000000000000e+04
1.854300000000000000e+04
1.854900000000000000e+04
1.855900000000000000e+04
1.857900000000000000e+04
1.863300000000000000e+04
1.867000000000000000e+04
1.867800000000000000e+04
1.868300000000000000e+04
1.868800000000000000e+04
1.870100000000000000e+04
1.872300000000000000e+04
1.873100000000000000e+04
1.874200000000000000e+04
1.874300000000000000e+04
1.875000000000000000e+04
1.880300000000000000e+04
1.884600000000000000e+04
1.884800000000000000e+04
1.887700000000000000e+04
1.890900000000000000e+04
1.895000000000000000e+04
1.897600000000000000e+04
1.899300000000000000e+04
1.899500000000000000e+04
1.900800000000000000e+04
1.901400000000000000e+04
1.902400000000000000e+04
1.905100000000000000e+04
1.906900000000000000e+04
1.907100000000000000e+04
1.907900000000000000e+04
1.909300000000000000e+04
1.909400000000000000e+04
1.910500000000000000e+04
1.913200000000000000e+04
1.916200000000000000e+04
1.917800000000000000e+04
1.920900000000000000e+04
1.921500000000000000e+04
1.923200000000000000e+04
1.927700000000000000e+04
1.928200000000000000e+04
1.929800000000000000e+04
1.932900000000000000e+04
1.937700000000000000e+04
1.940200000000000000e+04
1.941200000000000000e+04
1.944400000000000000e+04
1.946700000000000000e+04
1.946800000000000000e+04
1.946900000000000000e+04
1.947000000000000000e+04
1.947100000000000000e+04
1.947600000000000000e+04
1.953300000000000000e+04
1.954900000000000000e+04
1.963400000000000000e+04
1.974100000000000000e+04
1.999800000000000000e+04
2.016200000000000000e+04
2.019900000000000000e+04
2.023700000000000000e+04
2.045400000000000000e+04
2.049900000000000000e+04
2.066100000000000000e+04
2.070100000000000000e+04
2.076300000000000000e+04
2.076700000000000000e+04
2.076800000000000000e+04
2.081000000000000000e+04
2.091400000000000000e+04
2.106500000000000000e+04
2.115500000000000000e+04
2.122200000000000000e+04
2.124800000000000000e+04
2.139800000000000000e+04
2.147800000000000000e+04
2.148600000000000000e+04
2.152900000000000000e+04
2.156400000000000000e+04
2.160400000000000000e+04
2.165700000000000000e+04
2.173300000000000000e+04
2.173900000000000000e+04
2.174500000000000000e+04
2.178300000000000000e+04
2.178400000000000000e+04
2.180400000000000000e+04
2.183300000000000000e+04
2.183400000000000000e+04
2.183900000000000000e+04
2.195200000000000000e+04
2.195900000000000000e+04
2.197000000000000000e+04
2.198000000000000000e+04
2.198900000000000000e+04
2.200400000000000000e+04
2.201500000000000000e+04
2.202000000000000000e+04
2.204200000000000000e+04
2.205000000000000000e+04
2.205500000000000000e+04
2.205700000000000000e+04
2.206100000000000000e+04
2.206600000000000000e+04
2.207100000000000000e+04
2.207400000000000000e+04
2.207500000000000000e+04
2.207700000000000000e+04
2.209300000000000000e+04
2.209400000000000000e+04
2.209500000000000000e+04
2.209600000000000000e+04
2.210200000000000000e+04
2.211200000000000000e+04
2.211600000000000000e+04
2.211700000000000000e+04
2.212600000000000000e+04
2.213000000000000000e+04
2.213300000000000000e+04
2.213600000000000000e+04
2.213800000000000000e+04
2.214900000000000000e+04
2.217800000000000000e+04
2.217900000000000000e+04
2.219200000000000000e+04
2.219300000000000000e+04
2.220200000000000000e+04
2.221400000000000000e+04
2.222900000000000000e+04
2.223400000000000000e+04
2.223800000000000000e+04
2.225200000000000000e+04
2.226700000000000000e+04
2.227100000000000000e+04
2.227300000000000000e+04
2.227400000000000000e+04
2.228000000000000000e+04
2.229100000000000000e+04
2.245600000000000000e+04
2.254500000000000000e+04
2.257600000000000000e+04
2.260500000000000000e+04
2.264000000000000000e+04
2.264900000000000000e+04
2.277600000000000000e+04
2.277700000000000000e+04
2.281500000000000000e+04
2.291100000000000000e+04
2.294400000000000000e+04
2.302300000000000000e+04
2.306800000000000000e+04
2.315400000000000000e+04
2.317100000000000000e+04
2.321100000000000000e+04
2.327100000000000000e+04
2.328100000000000000e+04
2.336600000000000000e+04
2.339600000000000000e+04
2.339700000000000000e+04
2.339900000000000000e+04
2.342000000000000000e+04
2.348500000000000000e+04
2.351400000000000000e+04
2.353600000000000000e+04
2.373800000000000000e+04
2.381100000000000000e+04
2.381300000000000000e+04
2.383100000000000000e+04
2.390500000000000000e+04
2.398800000000000000e+04
2.410600000000000000e+04
2.411100000000000000e+04
2.418500000000000000e+04
2.419700000000000000e+04
2.422200000000000000e+04
2.424400000000000000e+04
2.424700000000000000e+04
2.425700000000000000e+04
2.428000000000000000e+04
2.433800000000000000e+04
2.449500000000000000e+04
2.465100000000000000e+04
2.470200000000000000e+04
2.474000000000000000e+04
2.478300000000000000e+04
2.503200000000000000e+04
2.504700000000000000e+04
2.504800000000000000e+04
2.506200000000000000e+04
2.521600000000000000e+04
2.546500000000000000e+04
2.595400000000000000e+04
2.599700000000000000e+04
2.620500000000000000e+04
2.621700000000000000e+04
2.625000000000000000e+04
2.632800000000000000e+04
2.645900000000000000e+04
2.651400000000000000e+04
2.663700000000000000e+04
2.674500000000000000e+04
2.676800000000000000e+04
2.681100000000000000e+04
2.684200000000000000e+04
2.693400000000000000e+04
2.702200000000000000e+04
2.706000000000000000e+04
2.709500000000000000e+04
2.726200000000000000e+04
2.730200000000000000e+04
2.767300000000000000e+04
2.774000000000000000e+04
2.798900000000000000e+04
2.801100000000000000e+04
2.806900000000000000e+04
2.811400000000000000e+04
2.814800000000000000e+04
2.815100000000000000e+04
2.819000000000000000e+04
2.821300000000000000e+04
2.823500000000000000e+04
2.826800000000000000e+04
2.830700000000000000e+04
2.839600000000000000e+04
2.842900000000000000e+04
2.856300000000000000e+04
2.861800000000000000e+04
2.868500000000000000e+04
2.871000000000000000e+04
2.874600000000000000e+04
2.875700000000000000e+04
2.877600000000000000e+04
2.882400000000000000e+04
2.895000000000000000e+04
2.898400000000000000e+04
2.898600000000000000e+04
2.911200000000000000e+04
2.912900000000000000e+04
2.926100000000000000e+04
2.929400000000000000e+04
2.932200000000000000e+04
2.938600000000000000e+04
2.943100000000000000e+04
2.958100000000000000e+04
2.966600000000000000e+04
2.967000000000000000e+04
2.975800000000000000e+04
2.977800000000000000e+04
2.987300000000000000e+04
2.992000000000000000e+04
2.993200000000000000e+04
2.995400000000000000e+04
2.997500000000000000e+04
2.998100000000000000e+04
3.000500000000000000e+04
3.015100000000000000e+04
3.019100000000000000e+04
3.024300000000000000e+04
3.026900000000000000e+04
3.031800000000000000e+04
3.042700000000000000e+04
3.045200000000000000e+04
3.050500000000000000e+04
3.052200000000000000e+04
3.053500000000000000e+04
3.068300000000000000e+04
3.075500000000000000e+04
3.083900000000000000e+04
3.096700000000000000e+04
3.101600000000000000e+04
3.103300000000000000e+04
3.108200000000000000e+04
3.117900000000000000e+04
3.124900000000000000e+04
3.125200000000000000e+04
3.131500000000000000e+04
3.134000000000000000e+04
3.139200000000000000e+04
3.147100000000000000e+04
3.150600000000000000e+04
3.151500000000000000e+04
3.151600000000000000e+04
3.153700000000000000e+04
3.159200000000000000e+04
3.159800000000000000e+04
3.161100000000000000e+04
3.162200000000000000e+04
3.169700000000000000e+04
3.170600000000000000e+04
3.172300000000000000e+04
3.191000000000000000e+04
3.200000000000000000e+04
3.209100000000000000e+04
3.223400000000000000e+04
3.225300000000000000e+04
3.234600000000000000e+04
3.244400000000000000e+04
3.246000000000000000e+04
3.250500000000000000e+04
3.252300000000000000e+04
3.252600000000000000e+04
3.258200000000000000e+04
3.259000000000000000e+04
3.263200000000000000e+04
3.264100000000000000e+04
3.277000000000000000e+04
3.290300000000000000e+04
3.292600000000000000e+04
3.305400000000000000e+04
3.305900000000000000e+04
3.334700000000000000e+04
3.336500000000000000e+04
3.344300000000000000e+04
3.362900000000000000e+04
3.366100000000000000e+04
3.366800000000000000e+04
3.367300000000000000e+04
3.369200000000000000e+04
3.369700000000000000e+04
3.371700000000000000e+04
3.387300000000000000e+04
3.387900000000000000e+04
3.400100000000000000e+04
3.405200000000000000e+04
3.411400000000000000e+04
3.416800000000000000e+04
3.417300000000000000e+04
3.420900000000000000e+04
3.421500000000000000e+04
3.428900000000000000e+04
3.436800000000000000e+04
3.440900000000000000e+04
3.444400000000000000e+04
3.444600000000000000e+04
3.444700000000000000e+04
3.444800000000000000e+04
3.444900000000000000e+04
3.445000000000000000e+04
3.448200000000000000e+04
3.450300000000000000e+04
3.458400000000000000e+04
3.467800000000000000e+04
3.468500000000000000e+04
3.471100000000000000e+04
3.479900000000000000e+04
3.480500000000000000e+04
3.482200000000000000e+04
3.484400000000000000e+04
3.484800000000000000e+04
3.484900000000000000e+04
3.487100000000000000e+04
3.488000000000000000e+04
3.492900000000000000e+04
3.494400000000000000e+04
3.495500000000000000e+04
3.497100000000000000e+04
3.499700000000000000e+04
3.500100000000000000e+04
3.500500000000000000e+04
3.500900000000000000e+04
3.501600000000000000e+04
3.501900000000000000e+04
3.502400000000000000e+04
3.502800000000000000e+04
3.503100000000000000e+04
3.505200000000000000e+04
3.505600000000000000e+04
3.506600000000000000e+04
3.507500000000000000e+04
3.508200000000000000e+04
3.508300000000000000e+04
3.509100000000000000e+04
3.509200000000000000e+04
3.509300000000000000e+04
3.509800000000000000e+04
3.510200000000000000e+04
3.510900000000000000e+04
3.511600000000000000e+04
3.511900000000000000e+04
3.512100000000000000e+04
3.512400000000000000e+04
3.512500000000000000e+04
3.513200000000000000e+04
3.513400000000000000e+04
3.514200000000000000e+04
3.514900000000000000e+04
3.515000000000000000e+04
3.516400000000000000e+04
3.516600000000000000e+04
3.517000000000000000e+04
3.517100000000000000e+04
3.517200000000000000e+04
3.517300000000000000e+04
3.517800000000000000e+04
3.518000000000000000e+04
3.518200000000000000e+04
3.518300000000000000e+04
3.518500000000000000e+04
3.518600000000000000e+04
3.518700000000000000e+04
3.518800000000000000e+04
3.520100000000000000e+04
3.520700000000000000e+04
3.521300000000000000e+04
3.521700000000000000e+04
3.522400000000000000e+04
3.523100000000000000e+04
3.525300000000000000e+04
3.528600000000000000e+04
3.529200000000000000e+04
3.532100000000000000e+04
3.537700000000000000e+04
3.537800000000000000e+04
3.538200000000000000e+04
3.538600000000000000e+04
3.540700000000000000e+04
3.544900000000000000e+04
3.547900000000000000e+04
3.550000000000000000e+04
3.551200000000000000e+04
3.553200000000000000e+04
3.553500000000000000e+04
3.554500000000000000e+04
3.555600000000000000e+04
3.556700000000000000e+04
3.556900000000000000e+04
3.561200000000000000e+04
3.567400000000000000e+04
3.567600000000000000e+04
3.569600000000000000e+04
3.571700000000000000e+04
3.572400000000000000e+04
3.582900000000000000e+04
3.584000000000000000e+04
3.585100000000000000e+04
3.587800000000000000e+04
3.587900000000000000e+04
3.588000000000000000e+04
3.588100000000000000e+04
3.593100000000000000e+04
3.593200000000000000e+04
3.593300000000000000e+04
3.605500000000000000e+04
3.617200000000000000e+04
3.617300000000000000e+04
3.620700000000000000e+04
3.628200000000000000e+04
3.631700000000000000e+04
3.632400000000000000e+04
3.640500000000000000e+04
3.641800000000000000e+04
3.643700000000000000e+04
3.647400000000000000e+04
3.647800000000000000e+04
3.653400000000000000e+04
3.656400000000000000e+04
3.662900000000000000e+04
3.669900000000000000e+04
3.672200000000000000e+04
3.674900000000000000e+04
3.678500000000000000e+04
3.684300000000000000e+04
3.687200000000000000e+04
3.692600000000000000e+04
3.692700000000000000e+04
3.694100000000000000e+04
3.698100000000000000e+04
3.698300000000000000e+04
3.699000000000000000e+04
3.702400000000000000e+04
3.702700000000000000e+04
3.703700000000000000e+04
3.705700000000000000e+04
3.706200000000000000e+04
3.711100000000000000e+04
3.712600000000000000e+04
3.714100000000000000e+04
3.714800000000000000e+04
3.714900000000000000e+04
3.715900000000000000e+04
3.716000000000000000e+04
3.716600000000000000e+04
3.716700000000000000e+04
3.717100000000000000e+04
3.717700000000000000e+04
3.717800000000000000e+04
3.718000000000000000e+04
3.718600000000000000e+04
3.719100000000000000e+04
3.719800000000000000e+04
3.720500000000000000e+04
3.720700000000000000e+04
3.726000000000000000e+04
3.728000000000000000e+04
3.731900000000000000e+04
3.734600000000000000e+04
3.735600000000000000e+04
3.735700000000000000e+04
3.737700000000000000e+04
3.738000000000000000e+04
3.738900000000000000e+04
3.739400000000000000e+04
3.740700000000000000e+04
3.741000000000000000e+04
3.742400000000000000e+04
3.745200000000000000e+04
3.746700000000000000e+04
3.753500000000000000e+04
3.754400000000000000e+04
3.757100000000000000e+04
3.757700000000000000e+04
3.758000000000000000e+04
3.764100000000000000e+04
3.771700000000000000e+04
3.772100000000000000e+04
3.772400000000000000e+04
3.772500000000000000e+04
3.774600000000000000e+04
3.775300000000000000e+04
3.775400000000000000e+04
3.776800000000000000e+04
3.779800000000000000e+04
3.782400000000000000e+04
3.782500000000000000e+04
3.783900000000000000e+04
3.784100000000000000e+04
3.792800000000000000e+04
3.792900000000000000e+04
3.793000000000000000e+04
3.795000000000000000e+04
3.795700000000000000e+04
3.796200000000000000e+04
3.803900000000000000e+04
3.810100000000000000e+04
3.811400000000000000e+04
3.818100000000000000e+04
3.818700000000000000e+04
3.818800000000000000e+04
3.821900000000000000e+04
3.824900000000000000e+04
3.826600000000000000e+04
3.831500000000000000e+04
3.836900000000000000e+04
3.837800000000000000e+04
3.838300000000000000e+04
3.840200000000000000e+04
3.840900000000000000e+04
3.842000000000000000e+04
3.850700000000000000e+04
3.852800000000000000e+04
3.854200000000000000e+04
3.854400000000000000e+04
3.860400000000000000e+04
3.860700000000000000e+04
3.863100000000000000e+04
3.867900000000000000e+04
3.870100000000000000e+04
3.870500000000000000e+04
3.879600000000000000e+04
3.884300000000000000e+04
3.884600000000000000e+04
3.887600000000000000e+04
3.888400000000000000e+04
3.889300000000000000e+04
3.890700000000000000e+04
3.891200000000000000e+04
3.900200000000000000e+04
3.901200000000000000e+04
3.901400000000000000e+04
3.901900000000000000e+04
3.905300000000000000e+04
3.908800000000000000e+04
3.913000000000000000e+04
3.915900000000000000e+04
3.917400000000000000e+04
3.918000000000000000e+04
3.926000000000000000e+04
3.928700000000000000e+04
3.929000000000000000e+04
3.931000000000000000e+04
3.934400000000000000e+04
3.939500000000000000e+04
3.944500000000000000e+04
3.955600000000000000e+04
3.956700000000000000e+04
3.958800000000000000e+04
3.963600000000000000e+04
3.968100000000000000e+04
3.973800000000000000e+04
3.976000000000000000e+04
3.976300000000000000e+04
3.978100000000000000e+04
3.984900000000000000e+04
3.985900000000000000e+04
3.988400000000000000e+04
3.993100000000000000e+04
3.997500000000000000e+04
3.998700000000000000e+04
3.999800000000000000e+04
4.000100000000000000e+04
4.002800000000000000e+04
4.009400000000000000e+04
4.016700000000000000e+04
4.020500000000000000e+04
4.026700000000000000e+04
4.027400000000000000e+04
4.039200000000000000e+04
4.046500000000000000e+04
4.055800000000000000e+04
4.060600000000000000e+04
4.066200000000000000e+04
4.066900000000000000e+04
4.073200000000000000e+04
4.076500000000000000e+04
4.100100000000000000e+04
4.122600000000000000e+04
4.130200000000000000e+04
4.132600000000000000e+04
4.140000000000000000e+04
4.143500000000000000e+04
4.146700000000000000e+04
4.151700000000000000e+04
4.154400000000000000e+04
4.154600000000000000e+04
4.156000000000000000e+04
4.184100000000000000e+04
4.185100000000000000e+04
4.197700000000000000e+04
4.200600000000000000e+04
4.228900000000000000e+04
4.230400000000000000e+04
4.232100000000000000e+04
4.234900000000000000e+04
4.235200000000000000e+04
4.252500000000000000e+04
4.262400000000000000e+04
4.275900000000000000e+04
4.276900000000000000e+04
4.301700000000000000e+04
4.308300000000000000e+04
4.310700000000000000e+04
4.312300000000000000e+04
4.314000000000000000e+04
4.317700000000000000e+04
4.320600000000000000e+04
4.321200000000000000e+04
4.328100000000000000e+04
4.336000000000000000e+04
4.338500000000000000e+04
4.343900000000000000e+04
4.350700000000000000e+04
4.353900000000000000e+04
4.356300000000000000e+04
4.361300000000000000e+04
4.377900000000000000e+04
4.378700000000000000e+04
4.380400000000000000e+04
4.382700000000000000e+04
4.383400000000000000e+04
4.386300000000000000e+04
4.387100000000000000e+04
4.387600000000000000e+04
4.389500000000000000e+04
4.392000000000000000e+04
4.394700000000000000e+04
4.397900000000000000e+04
4.400200000000000000e+04
4.413700000000000000e+04
4.420800000000000000e+04
4.423800000000000000e+04
4.427600000000000000e+04
4.432800000000000000e+04
4.433700000000000000e+04
4.434400000000000000e+04
4.437900000000000000e+04
4.438900000000000000e+04
4.439100000000000000e+04
4.442300000000000000e+04
4.450800000000000000e+04
4.463000000000000000e+04
4.464900000000000000e+04
4.469100000000000000e+04
4.469200000000000000e+04
4.472800000000000000e+04
4.472900000000000000e+04
4.473100000000000000e+04
4.474700000000000000e+04
4.475600000000000000e+04
4.477400000000000000e+04
4.477900000000000000e+04
4.478000000000000000e+04
4.478500000000000000e+04
4.480000000000000000e+04
4.481400000000000000e+04
4.486200000000000000e+04
4.490200000000000000e+04
4.495200000000000000e+04
4.495700000000000000e+04
4.496100000000000000e+04
4.497000000000000000e+04
4.497200000000000000e+04
4.498600000000000000e+04
4.516600000000000000e+04
4.518400000000000000e+04
4.526400000000000000e+04
4.526600000000000000e+04
4.528700000000000000e+04
4.530300000000000000e+04
4.530700000000000000e+04
4.546000000000000000e+04
4.548500000000000000e+04
4.549900000000000000e+04
4.550000000000000000e+04
4.550700000000000000e+04
4.552200000000000000e+04
4.555600000000000000e+04
4.558500000000000000e+04
4.561200000000000000e+04
4.565400000000000000e+04
4.580300000000000000e+04
4.588500000000000000e+04
4.590900000000000000e+04
4.597600000000000000e+04
4.598200000000000000e+04
4.604900000000000000e+04
4.616600000000000000e+04
4.616700000000000000e+04
4.638500000000000000e+04
4.646100000000000000e+04
4.652600000000000000e+04
4.653200000000000000e+04
4.654300000000000000e+04
4.662000000000000000e+04
4.664200000000000000e+04
4.668800000000000000e+04
4.670200000000000000e+04
4.672400000000000000e+04
4.673000000000000000e+04
4.673800000000000000e+04
4.676500000000000000e+04
4.678100000000000000e+04
4.687000000000000000e+04
4.690000000000000000e+04
4.693600000000000000e+04
4.697300000000000000e+04
4.699500000000000000e+04
4.700100000000000000e+04
4.701200000000000000e+04
4.701900000000000000e+04
4.710700000000000000e+04
4.715200000000000000e+04
4.727600000000000000e+04
4.729100000000000000e+04
4.737700000000000000e+04
4.738100000000000000e+04
4.739800000000000000e+04
4.741100000000000000e+04
4.746000000000000000e+04
4.747100000000000000e+04
4.747400000000000000e+04
4.749200000000000000e+04
4.750900000000000000e+04
4.753800000000000000e+04
4.754200000000000000e+04
4.758200000000000000e+04
4.759800000000000000e+04
4.766500000000000000e+04
4.769400000000000000e+04
4.770800000000000000e+04
4.772000000000000000e+04
4.773900000000000000e+04
4.774700000000000000e+04
4.776300000000000000e+04
4.776700000000000000e+04
4.777200000000000000e+04
4.778400000000000000e+04
4.779000000000000000e+04
4.779200000000000000e+04
4.779300000000000000e+04
4.779400000000000000e+04
4.781500000000000000e+04
4.782800000000000000e+04
4.785800000000000000e+04
4.789100000000000000e+04
4.789700000000000000e+04
4.791900000000000000e+04
4.794000000000000000e+04
4.799200000000000000e+04
4.804100000000000000e+04
4.814800000000000000e+04
4.823200000000000000e+04
4.829000000000000000e+04
4.832700000000000000e+04
