8.860000000000000000e+02
1.085000000000000000e+03
1.511000000000000000e+03
1.566000000000000000e+03
1.904000000000000000e+03
1.932000000000000000e+03
2.168000000000000000e+03
2.379000000000000000e+03
2.451000000000000000e+03
2.461000000000000000e+03
2.492000000000000000e+03
2.638000000000000000e+03
2.692000000000000000e+03
2.746000000000000000e+03
3.190000000000000000e+03
3.383000000000000000e+03
3.437000000000000000e+03
3.478000000000000000e+03
3.479000000000000000e+03
3.483000000000000000e+03
3.689000000000000000e+03
3.906000000000000000e+03
3.921000000000000000e+03
4.332000000000000000e+03
4.440000000000000000e+03
4.543000000000000000e+03
4.619000000000000000e+03
4.644000000000000000e+03
4.823000000000000000e+03
4.837000000000000000e+03
4.858000000000000000e+03
4.863000000000000000e+03
4.864000000000000000e+03
4.960000000000000000e+03
4.968000000000000000e+03
5.053000000000000000e+03
5.078000000000000000e+03
5.304000000000000000e+03
5.346000000000000000e+03
5.629000000000000000e+03
5.642000000000000000e+03
5.695000000000000000e+03
5.706000000000000000e+03
5.823000000000000000e+03
6.028000000000000000e+03
6.069000000000000000e+03
6.206000000000000000e+03
6.219000000000000000e+03
6.223000000000000000e+03
6.350000000000000000e+03
6.366000000000000000e+03
6.399000000000000000e+03
6.441000000000000000e+03
6.442000000000000000e+03
6.469000000000000000e+03
6.488000000000000000e+03
6.500000000000000000e+03
6.535000000000000000e+03
6.553000000000000000e+03
6.585000000000000000e+03
6.810000000000000000e+03
6.868000000000000000e+03
6.871000000000000000e+03
6.893000000000000000e+03
6.911000000000000000e+03
7.002000000000000000e+03
7.023000000000000000e+03
7.114000000000000000e+03
7.158000000000000000e+03
7.186000000000000000e+03
7.188000000000000000e+03
7.205000000000000000e+03
7.252000000000000000e+03
7.300000000000000000e+03
7.357000000000000000e+03
7.369000000000000000e+03
7.455000000000000000e+03
7.500000000000000000e+03
7.531000000000000000e+03
7.597000000000000000e+03
7.647000000000000000e+03
7.674000000000000000e+03
7.791000000000000000e+03
7.889000000000000000e+03
7.903000000000000000e+03
7.914000000000000000e+03
7.935000000000000000e+03
8.017000000000000000e+03
8.020000000000000000e+03
8.023000000000000000e+03
8.061000000000000000e+03
8.086000000000000000e+03
8.087000000000000000e+03
8.107000000000000000e+03
8.117000000000000000e+03
8.158000000000000000e+03
8.218000000000000000e+03
8.261000000000000000e+03
8.292000000000000000e+03
8.301000000000000000e+03
8.372000000000000000e+03
8.463000000000000000e+03
8.476000000000000000e+03
8.478000000000000000e+03
8.494000000000000000e+03
8.503000000000000000e+03
8.619000000000000000e+03
8.641000000000000000e+03
8.718000000000000000e+03
8.726000000000000000e+03
8.742000000000000000e+03
8.768000000000000000e+03
8.800000000000000000e+03
8.815000000000000000e+03
8.852000000000000000e+03
8.858000000000000000e+03
9.067000000000000000e+03
9.097000000000000000e+03
9.100000000000000000e+03
9.119000000000000000e+03
9.154000000000000000e+03
9.212000000000000000e+03
9.249000000000000000e+03
9.252000000000000000e+03
9.254000000000000000e+03
9.278000000000000000e+03
9.320000000000000000e+03
9.348000000000000000e+03
9.398000000000000000e+03
9.408000000000000000e+03
9.438000000000000000e+03
9.478000000000000000e+03
9.499000000000000000e+03
9.593000000000000000e+03
9.618000000000000000e+03
9.670000000000000000e+03
9.799000000000000000e+03
9.816000000000000000e+03
9.966000000000000000e+03
9.986000000000000000e+03
1.010400000000000000e+04
1.014300000000000000e+04
1.019500000000000000e+04
1.030900000000000000e+04
1.043400000000000000e+04
1.045400000000000000e+04
1.051000000000000000e+04
1.051600000000000000e+04
1.062000000000000000e+04
1.062800000000000000e+04
1.064200000000000000e+04
1.079700000000000000e+04
1.080100000000000000e+04
1.084200000000000000e+04
1.085000000000000000e+04
1.086900000000000000e+04
1.116900000000000000e+04
1.129900000000000000e+04
1.137600000000000000e+04
1.137700000000000000e+04
1.143500000000000000e+04
1.143600000000000000e+04
1.144600000000000000e+04
1.147600000000000000e+04
1.153700000000000000e+04
1.156900000000000000e+04
1.165700000000000000e+04
1.173500000000000000e+04
1.184300000000000000e+04
1.186500000000000000e+04
1.190500000000000000e+04
1.192000000000000000e+04
1.194100000000000000e+04
1.195700000000000000e+04
1.207200000000000000e+04
1.207400000000000000e+04
1.207900000000000000e+04
1.208200000000000000e+04
1.213100000000000000e+04
1.213300000000000000e+04
1.218100000000000000e+04
1.218500000000000000e+04
1.221100000000000000e+04
1.221500000000000000e+04
1.222400000000000000e+04
1.223100000000000000e+04
1.223400000000000000e+04
1.223500000000000000e+04
1.234200000000000000e+04
1.238200000000000000e+04
1.245900000000000000e+04
1.246100000000000000e+04
1.247000000000000000e+04
1.247300000000000000e+04
1.251300000000000000e+04
1.252600000000000000e+04
1.252800000000000000e+04
1.253300000000000000e+04
1.265900000000000000e+04
1.273700000000000000e+04
1.274000000000000000e+04
1.277500000000000000e+04
1.277800000000000000e+04
1.280000000000000000e+04
1.282100000000000000e+04
1.282900000000000000e+04
1.289500000000000000e+04
1.292400000000000000e+04
1.295700000000000000e+04
1.297000000000000000e+04
1.298500000000000000e+04
1.301900000000000000e+04
1.305500000000000000e+04
1.311300000000000000e+04
1.313200000000000000e+04
1.313500000000000000e+04
1.317000000000000000e+04
1.319200000000000000e+04
1.320600000000000000e+04
1.321100000000000000e+04
1.321400000000000000e+04
1.322200000000000000e+04
1.328300000000000000e+04
1.330600000000000000e+04
1.334900000000000000e+04
1.335300000000000000e+04
1.337600000000000000e+04
1.338900000000000000e+04
1.339800000000000000e+04
1.341600000000000000e+04
1.343300000000000000e+04
1.346000000000000000e+04
1.347200000000000000e+04
1.349600000000000000e+04
1.350000000000000000e+04
1.361100000000000000e+04
1.363800000000000000e+04
1.365900000000000000e+04
1.368900000000000000e+04
1.369900000000000000e+04
1.371400000000000000e+04
1.374700000000000000e+04
1.377400000000000000e+04
1.377500000000000000e+04
1.380400000000000000e+04
1.380700000000000000e+04
1.381500000000000000e+04
1.383400000000000000e+04
1.388100000000000000e+04
1.388700000000000000e+04
1.389400000000000000e+04
1.391000000000000000e+04
1.393400000000000000e+04
1.394300000000000000e+04
1.394400000000000000e+04
1.395100000000000000e+04
1.406000000000000000e+04
1.407900000000000000e+04
1.410900000000000000e+04
1.411500000000000000e+04
1.415500000000000000e+04
1.423600000000000000e+04
1.424400000000000000e+04
1.424600000000000000e+04
1.425900000000000000e+04
1.429800000000000000e+04
1.444200000000000000e+04
1.450300000000000000e+04
1.451300000000000000e+04
1.452400000000000000e+04
1.455800000000000000e+04
1.456200000000000000e+04
1.456300000000000000e+04
1.460200000000000000e+04
1.461300000000000000e+04
1.463900000000000000e+04
1.469900000000000000e+04
1.470900000000000000e+04
1.473100000000000000e+04
1.473200000000000000e+04
1.478300000000000000e+04
1.480200000000000000e+04
1.480900000000000000e+04
1.482100000000000000e+04
1.485100000000000000e+04
1.487000000000000000e+04
1.490900000000000000e+04
1.492000000000000000e+04
1.495900000000000000e+04
1.496100000000000000e+04
1.498400000000000000e+04
1.501400000000000000e+04
1.503600000000000000e+04
1.503800000000000000e+04
1.505400000000000000e+04
1.506900000000000000e+04
1.507300000000000000e+04
1.507700000000000000e+04
1.507800000000000000e+04
1.508300000000000000e+04
1.509700000000000000e+04
1.510700000000000000e+04
1.511100000000000000e+04
1.512000000000000000e+04
1.512900000000000000e+04
1.514000000000000000e+04
1.514500000000000000e+04
1.521800000000000000e+04
1.523500000000000000e+04
1.527100000000000000e+04
1.530900000000000000e+04
1.531100000000000000e+04
1.531900000000000000e+04
1.534700000000000000e+04
1.538900000000000000e+04
1.541600000000000000e+04
1.542600000000000000e+04
1.542900000000000000e+04
1.546000000000000000e+04
1.546500000000000000e+04
1.546800000000000000e+04
1.551000000000000000e+04
1.552900000000000000e+04
1.555400000000000000e+04
1.555600000000000000e+04
1.555900000000000000e+04
1.562000000000000000e+04
1.576900000000000000e+04
1.577200000000000000e+04
1.581900000000000000e+04
1.585000000000000000e+04
1.591900000000000000e+04
1.593000000000000000e+04
1.599000000000000000e+04
1.599100000000000000e+04
1.599400000000000000e+04
1.601000000000000000e+04
1.601100000000000000e+04
1.602800000000000000e+04
1.604800000000000000e+04
1.606600000000000000e+04
1.608500000000000000e+04
1.613000000000000000e+04
1.616300000000000000e+04
1.616400000000000000e+04
1.616500000000000000e+04
1.627900000000000000e+04
1.630200000000000000e+04
1.631300000000000000e+04
1.632600000000000000e+04
1.636700000000000000e+04
1.654600000000000000e+04
1.655600000000000000e+04
1.657900000000000000e+04
1.659000000000000000e+04
1.661700000000000000e+04
1.668600000000000000e+04
1.670900000000000000e+04
1.674800000000000000e+04
1.685800000000000000e+04
1.686200000000000000e+04
1.698800000000000000e+04
1.698900000000000000e+04
1.703900000000000000e+04
1.707600000000000000e+04
1.707700000000000000e+04
1.711500000000000000e+04
1.721900000000000000e+04
1.729500000000000000e+04
1.732400000000000000e+04
1.732500000000000000e+04
1.732900000000000000e+04
1.733000000000000000e+04
1.733100000000000000e+04
1.739600000000000000e+04
1.745700000000000000e+04
1.748300000000000000e+04
1.748800000000000000e+04
1.749100000000000000e+04
1.755800000000000000e+04
1.759400000000000000e+04
1.767100000000000000e+04
1.768800000000000000e+04
1.770100000000000000e+04
1.770900000000000000e+04
1.771800000000000000e+04
1.773300000000000000e+04
1.775200000000000000e+04
1.778200000000000000e+04
1.779100000000000000e+04
1.780400000000000000e+04
1.785600000000000000e+04
1.786700000000000000e+04
1.788200000000000000e+04
1.788800000000000000e+04
1.790400000000000000e+04
1.790500000000000000e+04
1.790800000000000000e+04
1.791800000000000000e+04
1.795100000000000000e+04
1.797100000000000000e+04
1.801300000000000000e+04
1.801900000000000000e+04
1.802900000000000000e+04
1.804000000000000000e+04
1.805800000000000000e+04
1.809300000000000000e+04
1.813700000000000000e+04
1.814900000000000000e+04
1.815400000000000000e+04
1.816700000000000000e+04
1.819500000000000000e+04
1.819900000000000000e+04
1.822400000000000000e+04
1.824300000000000000e+04
1.828200000000000000e+04
1.829000000000000000e+04
1.829100000000000000e+04
1.829200000000000000e+04
1.830100000000000000e+04
1.834700000000000000e+04
1.840800000000000000e+04
1.843900000000000000e+04
1.850700000000000000e+04
1.851800000000000000e+04
1.856300000000000000e+04
1.861000000000000000e+04
1.865300000000000000e+04
1.868700000000000000e+04
1.871800000000000000e+04
1.880100000000000000e+04
1.882000000000000000e+04
1.883200000000000000e+04
1.893600000000000000e+04
1.900300000000000000e+04
1.904700000000000000e+04
1.907200000000000000e+04
1.909000000000000000e+04
1.917400000000000000e+04
1.918000000000000000e+04
1.922200000000000000e+04
1.922800000000000000e+04
1.927400000000000000e+04
1.938500000000000000e+04
1.952800000000000000e+04
1.962900000000000000e+04
1.965400000000000000e+04
1.967400000000000000e+04
1.980000000000000000e+04
1.985600000000000000e+04
1.987700000000000000e+04
1.989700000000000000e+04
1.989800000000000000e+04
1.992100000000000000e+04
1.995000000000000000e+04
1.995200000000000000e+04
2.001900000000000000e+04
2.003200000000000000e+04
2.003800000000000000e+04
2.004600000000000000e+04
2.005100000000000000e+04
2.008800000000000000e+04
2.012200000000000000e+04
2.013200000000000000e+04
2.016000000000000000e+04
2.017400000000000000e+04
2.022000000000000000e+04
2.025900000000000000e+04
2.027700000000000000e+04
2.028400000000000000e+04
2.028700000000000000e+04
2.030700000000000000e+04
2.030800000000000000e+04
2.032000000000000000e+04
2.033300000000000000e+04
2.033500000000000000e+04
2.036300000000000000e+04
2.040600000000000000e+04
2.043100000000000000e+04
2.043800000000000000e+04
2.044000000000000000e+04
2.047300000000000000e+04
2.050100000000000000e+04
2.051200000000000000e+04
2.054900000000000000e+04
2.060600000000000000e+04
2.063300000000000000e+04
2.064500000000000000e+04
2.065800000000000000e+04
2.066400000000000000e+04
2.072500000000000000e+04
2.072600000000000000e+04
2.072700000000000000e+04
2.078000000000000000e+04
2.082100000000000000e+04
2.082300000000000000e+04
2.085200000000000000e+04
2.089000000000000000e+04
2.089500000000000000e+04
2.090700000000000000e+04
2.093400000000000000e+04
2.094700000000000000e+04
2.097500000000000000e+04
2.100600000000000000e+04
2.100900000000000000e+04
2.103500000000000000e+04
2.104700000000000000e+04
2.109000000000000000e+04
2.109100000000000000e+04
2.118900000000000000e+04
2.119200000000000000e+04
2.119700000000000000e+04
2.124300000000000000e+04
2.124900000000000000e+04
2.125000000000000000e+04
2.125800000000000000e+04
2.126000000000000000e+04
2.126600000000000000e+04
2.126800000000000000e+04
2.128600000000000000e+04
2.131600000000000000e+04
2.132300000000000000e+04
2.138000000000000000e+04
2.138100000000000000e+04
2.141600000000000000e+04
2.142500000000000000e+04
2.143300000000000000e+04
2.147200000000000000e+04
2.148200000000000000e+04
2.148300000000000000e+04
2.152300000000000000e+04
2.152600000000000000e+04
2.153500000000000000e+04
2.154500000000000000e+04
2.157900000000000000e+04
2.158500000000000000e+04
2.160500000000000000e+04
2.161300000000000000e+04
2.163600000000000000e+04
2.163900000000000000e+04
2.164400000000000000e+04
2.165400000000000000e+04
2.170600000000000000e+04
2.180300000000000000e+04
2.188600000000000000e+04
2.188700000000000000e+04
2.189500000000000000e+04
2.189600000000000000e+04
2.203600000000000000e+04
2.216100000000000000e+04
2.221300000000000000e+04
2.229500000000000000e+04
2.229600000000000000e+04
2.229800000000000000e+04
2.230200000000000000e+04
2.231300000000000000e+04
2.231700000000000000e+04
2.234700000000000000e+04
2.235300000000000000e+04
2.236500000000000000e+04
2.237900000000000000e+04
2.239700000000000000e+04
2.241100000000000000e+04
2.241200000000000000e+04
2.241300000000000000e+04
2.247200000000000000e+04
2.248400000000000000e+04
2.248500000000000000e+04
2.248600000000000000e+04
2.249200000000000000e+04
2.249300000000000000e+04
2.254100000000000000e+04
2.254300000000000000e+04
2.257400000000000000e+04
2.265700000000000000e+04
2.270700000000000000e+04
2.274300000000000000e+04
2.274600000000000000e+04
2.279200000000000000e+04
2.285200000000000000e+04
2.285300000000000000e+04
2.298000000000000000e+04
2.298800000000000000e+04
2.301800000000000000e+04
2.305800000000000000e+04
2.307000000000000000e+04
2.310200000000000000e+04
2.311100000000000000e+04
2.312100000000000000e+04
2.313400000000000000e+04
2.315300000000000000e+04
2.321300000000000000e+04
2.321400000000000000e+04
2.327200000000000000e+04
2.329400000000000000e+04
2.331100000000000000e+04
2.331500000000000000e+04
2.332000000000000000e+04
2.336300000000000000e+04
2.337500000000000000e+04
2.337700000000000000e+04
2.341500000000000000e+04
2.345500000000000000e+04
2.346600000000000000e+04
2.349500000000000000e+04
2.354000000000000000e+04
2.363000000000000000e+04
2.366100000000000000e+04
2.372300000000000000e+04
2.372400000000000000e+04
2.372800000000000000e+04
2.374300000000000000e+04
2.374400000000000000e+04
2.375700000000000000e+04
2.379200000000000000e+04
2.383400000000000000e+04
2.389400000000000000e+04
2.392100000000000000e+04
2.392700000000000000e+04
2.394000000000000000e+04
2.396200000000000000e+04
2.398400000000000000e+04
2.415300000000000000e+04
2.415800000000000000e+04
2.420000000000000000e+04
2.421000000000000000e+04
2.421200000000000000e+04
2.422500000000000000e+04
2.425300000000000000e+04
2.426400000000000000e+04
2.429600000000000000e+04
2.430400000000000000e+04
2.434100000000000000e+04
2.436800000000000000e+04
2.438200000000000000e+04
2.439000000000000000e+04
2.443700000000000000e+04
2.443900000000000000e+04
2.444000000000000000e+04
2.444800000000000000e+04
2.445200000000000000e+04
2.446200000000000000e+04
2.448500000000000000e+04
2.455100000000000000e+04
2.458400000000000000e+04
2.458500000000000000e+04
2.458700000000000000e+04
2.460900000000000000e+04
2.461200000000000000e+04
2.461400000000000000e+04
2.461500000000000000e+04
2.463000000000000000e+04
2.467400000000000000e+04
2.475000000000000000e+04
2.475800000000000000e+04
2.478400000000000000e+04
2.480200000000000000e+04
2.486500000000000000e+04
2.488900000000000000e+04
2.489100000000000000e+04
2.489600000000000000e+04
2.490200000000000000e+04
2.498000000000000000e+04
2.505100000000000000e+04
2.505500000000000000e+04
2.507000000000000000e+04
2.508600000000000000e+04
2.509800000000000000e+04
2.515400000000000000e+04
2.519100000000000000e+04
2.519700000000000000e+04
2.525200000000000000e+04
2.528500000000000000e+04
2.531000000000000000e+04
2.534800000000000000e+04
2.536900000000000000e+04
2.538500000000000000e+04
2.539300000000000000e+04
2.539400000000000000e+04
2.547000000000000000e+04
2.549200000000000000e+04
2.549500000000000000e+04
2.550200000000000000e+04
2.551500000000000000e+04
2.554200000000000000e+04
2.554800000000000000e+04
2.555700000000000000e+04
2.558800000000000000e+04
2.559700000000000000e+04
2.560400000000000000e+04
2.561100000000000000e+04
2.562800000000000000e+04
2.564800000000000000e+04
2.567100000000000000e+04
2.568500000000000000e+04
2.568700000000000000e+04
2.578300000000000000e+04
2.579500000000000000e+04
2.579600000000000000e+04
2.583300000000000000e+04
2.584500000000000000e+04
2.584700000000000000e+04
2.587200000000000000e+04
2.588700000000000000e+04
2.590500000000000000e+04
2.592800000000000000e+04
2.594600000000000000e+04
2.594900000000000000e+04
2.597400000000000000e+04
2.599400000000000000e+04
2.601600000000000000e+04
2.603500000000000000e+04
2.606500000000000000e+04
2.607300000000000000e+04
2.607700000000000000e+04
2.608500000000000000e+04
2.608600000000000000e+04
2.609000000000000000e+04
2.611400000000000000e+04
2.615600000000000000e+04
2.619100000000000000e+04
2.622400000000000000e+04
2.622900000000000000e+04
2.623200000000000000e+04
2.624100000000000000e+04
2.627000000000000000e+04
2.630300000000000000e+04
2.633700000000000000e+04
2.642100000000000000e+04
2.643800000000000000e+04
2.648000000000000000e+04
2.649200000000000000e+04
2.652500000000000000e+04
2.655600000000000000e+04
2.655800000000000000e+04
2.656100000000000000e+04
2.657000000000000000e+04
2.660800000000000000e+04
2.662200000000000000e+04
2.664200000000000000e+04
2.668600000000000000e+04
2.669400000000000000e+04
2.673100000000000000e+04
2.673200000000000000e+04
2.673600000000000000e+04
2.677300000000000000e+04
2.678100000000000000e+04
2.679300000000000000e+04
2.680900000000000000e+04
2.682600000000000000e+04
2.687800000000000000e+04
2.689300000000000000e+04
2.690300000000000000e+04
2.690900000000000000e+04
2.691100000000000000e+04
2.691400000000000000e+04
2.693000000000000000e+04
2.695200000000000000e+04
2.696700000000000000e+04
2.697500000000000000e+04
2.698700000000000000e+04
2.700700000000000000e+04
2.700800000000000000e+04
2.709300000000000000e+04
2.711600000000000000e+04
2.711800000000000000e+04
2.715000000000000000e+04
2.717700000000000000e+04
2.718300000000000000e+04
2.723800000000000000e+04
2.726900000000000000e+04
2.727100000000000000e+04
2.741500000000000000e+04
2.741700000000000000e+04
2.743600000000000000e+04
2.744000000000000000e+04
2.745100000000000000e+04
2.750000000000000000e+04
2.751700000000000000e+04
2.751900000000000000e+04
2.752400000000000000e+04
2.753900000000000000e+04
2.758500000000000000e+04
2.761000000000000000e+04
2.773200000000000000e+04
2.773900000000000000e+04
2.779200000000000000e+04
2.786300000000000000e+04
2.786800000000000000e+04
2.787400000000000000e+04
2.787800000000000000e+04
2.789500000000000000e+04
2.793600000000000000e+04
2.795800000000000000e+04
2.796700000000000000e+04
2.799900000000000000e+04
2.804900000000000000e+04
2.805600000000000000e+04
2.806200000000000000e+04
2.806300000000000000e+04
2.808000000000000000e+04
2.808100000000000000e+04
2.808200000000000000e+04
2.810200000000000000e+04
2.826600000000000000e+04
2.829300000000000000e+04
2.831300000000000000e+04
2.831600000000000000e+04
2.832700000000000000e+04
2.841200000000000000e+04
2.852900000000000000e+04
2.853600000000000000e+04
2.853700000000000000e+04
2.859600000000000000e+04
2.862200000000000000e+04
2.864700000000000000e+04
2.865800000000000000e+04
2.867400000000000000e+04
2.870700000000000000e+04
2.877800000000000000e+04
2.883800000000000000e+04
2.884600000000000000e+04
2.886500000000000000e+04
2.895900000000000000e+04
2.899400000000000000e+04
2.902500000000000000e+04
2.904200000000000000e+04
2.904600000000000000e+04
2.906400000000000000e+04
2.906800000000000000e+04
2.909100000000000000e+04
2.912100000000000000e+04
2.913800000000000000e+04
2.916200000000000000e+04
2.921600000000000000e+04
2.923100000000000000e+04
2.923900000000000000e+04
2.925100000000000000e+04
2.925300000000000000e+04
2.925800000000000000e+04
2.925900000000000000e+04
2.931600000000000000e+04
2.932900000000000000e+04
2.937100000000000000e+04
2.940800000000000000e+04
2.941500000000000000e+04
2.942800000000000000e+04
2.947900000000000000e+04
2.950600000000000000e+04
2.953000000000000000e+04
2.959500000000000000e+04
2.959800000000000000e+04
2.962000000000000000e+04
2.963600000000000000e+04
2.964500000000000000e+04
2.965000000000000000e+04
2.970200000000000000e+04
2.970400000000000000e+04
2.973300000000000000e+04
2.973900000000000000e+04
2.974000000000000000e+04
2.977500000000000000e+04
2.981000000000000000e+04
2.983000000000000000e+04
2.983400000000000000e+04
2.984200000000000000e+04
2.987500000000000000e+04
2.988000000000000000e+04
2.989800000000000000e+04
2.995300000000000000e+04
2.997100000000000000e+04
2.997200000000000000e+04
2.998200000000000000e+04
3.005900000000000000e+04
3.006200000000000000e+04
3.007700000000000000e+04
3.010600000000000000e+04
3.011700000000000000e+04
3.014700000000000000e+04
3.015500000000000000e+04
3.021400000000000000e+04
3.021500000000000000e+04
3.021700000000000000e+04
3.026800000000000000e+04
3.028400000000000000e+04
3.028800000000000000e+04
3.039500000000000000e+04
3.039600000000000000e+04
3.051600000000000000e+04
3.052800000000000000e+04
3.054700000000000000e+04
3.055700000000000000e+04
3.055800000000000000e+04
3.056100000000000000e+04
3.057600000000000000e+04
3.066100000000000000e+04
3.067600000000000000e+04
3.069900000000000000e+04
3.070600000000000000e+04
3.071800000000000000e+04
3.072200000000000000e+04
3.073700000000000000e+04
3.074000000000000000e+04
3.079900000000000000e+04
3.080000000000000000e+04
3.080300000000000000e+04
3.082800000000000000e+04
3.083000000000000000e+04
3.083200000000000000e+04
3.085200000000000000e+04
3.086800000000000000e+04
3.087500000000000000e+04
3.089100000000000000e+04
3.090000000000000000e+04
3.091100000000000000e+04
3.093200000000000000e+04
3.094600000000000000e+04
3.095900000000000000e+04
3.099400000000000000e+04
3.099600000000000000e+04
3.099800000000000000e+04
3.103800000000000000e+04
3.107800000000000000e+04
3.112400000000000000e+04
3.113200000000000000e+04
3.114900000000000000e+04
3.130200000000000000e+04
3.132300000000000000e+04
3.134600000000000000e+04
3.135200000000000000e+04
3.135900000000000000e+04
3.143500000000000000e+04
3.146200000000000000e+04
3.157500000000000000e+04
3.158400000000000000e+04
3.164200000000000000e+04
3.165100000000000000e+04
3.165200000000000000e+04
3.165900000000000000e+04
3.166100000000000000e+04
3.171400000000000000e+04
3.174100000000000000e+04
3.174900000000000000e+04
3.177000000000000000e+04
3.179800000000000000e+04
3.182800000000000000e+04
3.187000000000000000e+04
3.193600000000000000e+04
3.194600000000000000e+04
3.199600000000000000e+04
3.201800000000000000e+04
3.204000000000000000e+04
3.204900000000000000e+04
3.210100000000000000e+04
3.215200000000000000e+04
3.218100000000000000e+04
3.218200000000000000e+04
3.219900000000000000e+04
3.224300000000000000e+04
3.226700000000000000e+04
3.228000000000000000e+04
3.228500000000000000e+04
3.235100000000000000e+04
3.237800000000000000e+04
3.242800000000000000e+04
3.244200000000000000e+04
3.244700000000000000e+04
3.247200000000000000e+04
3.248900000000000000e+04
3.253800000000000000e+04
3.256300000000000000e+04
3.257400000000000000e+04
3.264000000000000000e+04
3.267100000000000000e+04
3.267600000000000000e+04
3.270100000000000000e+04
3.270900000000000000e+04
3.274300000000000000e+04
3.275900000000000000e+04
3.276500000000000000e+04
3.283300000000000000e+04
3.284200000000000000e+04
3.284400000000000000e+04
3.284500000000000000e+04
3.284600000000000000e+04
3.292100000000000000e+04
3.294700000000000000e+04
3.296800000000000000e+04
3.297300000000000000e+04
3.298300000000000000e+04
3.299100000000000000e+04
3.302500000000000000e+04
3.304800000000000000e+04
3.305300000000000000e+04
3.305800000000000000e+04
3.309600000000000000e+04
3.317300000000000000e+04
3.318200000000000000e+04
3.319500000000000000e+04
3.327000000000000000e+04
3.330600000000000000e+04
3.331300000000000000e+04
3.332400000000000000e+04
3.332700000000000000e+04
3.333700000000000000e+04
3.337300000000000000e+04
3.337900000000000000e+04
3.340400000000000000e+04
3.341300000000000000e+04
3.342300000000000000e+04
3.345000000000000000e+04
3.345100000000000000e+04
3.351800000000000000e+04
3.352300000000000000e+04
3.353100000000000000e+04
3.353400000000000000e+04
3.354700000000000000e+04
3.358100000000000000e+04
3.365600000000000000e+04
3.366000000000000000e+04
3.369800000000000000e+04
3.370500000000000000e+04
3.371400000000000000e+04
3.372100000000000000e+04
3.372200000000000000e+04
3.373600000000000000e+04
3.373700000000000000e+04
3.374100000000000000e+04
3.374200000000000000e+04
3.374300000000000000e+04
3.374800000000000000e+04
3.377000000000000000e+04
3.377500000000000000e+04
3.378600000000000000e+04
3.384500000000000000e+04
3.386300000000000000e+04
3.388000000000000000e+04
3.391800000000000000e+04
3.393400000000000000e+04
3.401900000000000000e+04
3.403300000000000000e+04
3.405800000000000000e+04
3.407100000000000000e+04
3.411600000000000000e+04
3.413800000000000000e+04
3.423700000000000000e+04
3.428400000000000000e+04
3.433500000000000000e+04
3.435900000000000000e+04
3.436100000000000000e+04
3.438700000000000000e+04
3.445500000000000000e+04
3.448700000000000000e+04
3.449100000000000000e+04
3.450500000000000000e+04
3.450800000000000000e+04
3.459900000000000000e+04
3.464000000000000000e+04
3.468900000000000000e+04
3.475900000000000000e+04
3.479300000000000000e+04
3.484700000000000000e+04
3.495900000000000000e+04
3.502200000000000000e+04
3.517700000000000000e+04
3.522600000000000000e+04
3.526700000000000000e+04
3.528900000000000000e+04
3.532900000000000000e+04
3.534600000000000000e+04
3.541400000000000000e+04
3.545600000000000000e+04
3.548400000000000000e+04
3.551000000000000000e+04
3.553600000000000000e+04
3.558300000000000000e+04
3.561800000000000000e+04
3.563500000000000000e+04
3.563600000000000000e+04
3.563700000000000000e+04
3.578100000000000000e+04
3.579500000000000000e+04
3.582400000000000000e+04
3.583100000000000000e+04
3.594200000000000000e+04
3.594600000000000000e+04
3.600500000000000000e+04
3.602600000000000000e+04
3.604000000000000000e+04
3.612300000000000000e+04
3.616600000000000000e+04
3.618400000000000000e+04
3.619900000000000000e+04
3.628300000000000000e+04
3.631100000000000000e+04
3.634900000000000000e+04
3.636100000000000000e+04
3.642200000000000000e+04
3.646400000000000000e+04
3.648900000000000000e+04
3.652600000000000000e+04
3.652900000000000000e+04
3.656200000000000000e+04
3.659000000000000000e+04
3.659800000000000000e+04
3.660000000000000000e+04
3.664200000000000000e+04
3.670900000000000000e+04
3.671500000000000000e+04
3.671600000000000000e+04
3.678300000000000000e+04
3.678600000000000000e+04
3.688600000000000000e+04
3.691400000000000000e+04
3.697500000000000000e+04
3.699100000000000000e+04
3.701100000000000000e+04
3.701700000000000000e+04
3.707800000000000000e+04
3.708600000000000000e+04
3.721100000000000000e+04
3.725500000000000000e+04
3.728300000000000000e+04
3.733900000000000000e+04
3.742300000000000000e+04
3.747700000000000000e+04
3.753000000000000000e+04
3.753800000000000000e+04
3.755800000000000000e+04
3.758700000000000000e+04
3.765800000000000000e+04
3.771400000000000000e+04
3.773100000000000000e+04
3.786800000000000000e+04
3.788300000000000000e+04
3.790300000000000000e+04
3.793400000000000000e+04
3.796900000000000000e+04
3.798100000000000000e+04
3.798200000000000000e+04
3.800100000000000000e+04
3.802600000000000000e+04
3.802900000000000000e+04
3.810400000000000000e+04
3.815800000000000000e+04
3.816500000000000000e+04
3.817600000000000000e+04
3.820000000000000000e+04
3.821400000000000000e+04
3.822300000000000000e+04
3.823000000000000000e+04
3.830900000000000000e+04
3.834600000000000000e+04
3.836700000000000000e+04
3.848600000000000000e+04
3.849300000000000000e+04
3.857000000000000000e+04
3.858200000000000000e+04
3.865300000000000000e+04
3.879300000000000000e+04
3.883600000000000000e+04
3.887800000000000000e+04
3.889100000000000000e+04
3.889800000000000000e+04
3.894200000000000000e+04
3.896600000000000000e+04
3.897500000000000000e+04
3.900900000000000000e+04
3.902600000000000000e+04
3.907500000000000000e+04
3.909200000000000000e+04
3.911300000000000000e+04
3.911900000000000000e+04
3.917000000000000000e+04
3.918600000000000000e+04
3.922700000000000000e+04
3.923400000000000000e+04
3.923500000000000000e+04
3.928300000000000000e+04
3.931500000000000000e+04
3.935300000000000000e+04
3.940300000000000000e+04
3.948400000000000000e+04
3.950000000000000000e+04
3.955700000000000000e+04
3.966500000000000000e+04
3.967200000000000000e+04
3.969100000000000000e+04
3.982300000000000000e+04
3.984600000000000000e+04
3.988500000000000000e+04
3.991200000000000000e+04
3.992400000000000000e+04
3.996500000000000000e+04
3.999600000000000000e+04
4.002500000000000000e+04
4.003500000000000000e+04
4.003600000000000000e+04
4.003700000000000000e+04
4.007500000000000000e+04
4.007600000000000000e+04
4.007700000000000000e+04
4.008200000000000000e+04
4.009700000000000000e+04
4.010600000000000000e+04
4.012500000000000000e+04
4.021000000000000000e+04
4.021100000000000000e+04
4.021800000000000000e+04
4.022500000000000000e+04
4.025200000000000000e+04
4.027600000000000000e+04
4.035800000000000000e+04
4.036500000000000000e+04
4.037000000000000000e+04
4.037700000000000000e+04
4.046200000000000000e+04
4.050100000000000000e+04
4.052700000000000000e+04
4.055600000000000000e+04
4.062700000000000000e+04
4.063500000000000000e+04
4.063700000000000000e+04
4.066100000000000000e+04
4.069600000000000000e+04
4.071100000000000000e+04
4.073900000000000000e+04
4.075600000000000000e+04
4.079000000000000000e+04
4.081500000000000000e+04
4.083900000000000000e+04
4.084000000000000000e+04
4.086400000000000000e+04
4.088500000000000000e+04
4.092700000000000000e+04
4.093400000000000000e+04
4.094500000000000000e+04
4.101000000000000000e+04
4.107900000000000000e+04
4.116700000000000000e+04
4.118300000000000000e+04
4.118400000000000000e+04
4.124100000000000000e+04
4.126900000000000000e+04
4.127400000000000000e+04
4.128500000000000000e+04
4.129600000000000000e+04
4.129700000000000000e+04
4.132900000000000000e+04
4.133000000000000000e+04
4.133900000000000000e+04
4.137200000000000000e+04
4.141300000000000000e+04
4.144100000000000000e+04
4.144700000000000000e+04
4.150400000000000000e+04
4.153600000000000000e+04
4.155200000000000000e+04
4.170200000000000000e+04
4.173000000000000000e+04
4.178200000000000000e+04
4.181000000000000000e+04
4.181500000000000000e+04
4.181600000000000000e+04
4.184300000000000000e+04
4.186400000000000000e+04
4.186500000000000000e+04
4.187300000000000000e+04
4.188300000000000000e+04
4.191500000000000000e+04
4.191800000000000000e+04
4.191900000000000000e+04
4.192300000000000000e+04
4.192600000000000000e+04
4.193100000000000000e+04
4.194300000000000000e+04
4.195400000000000000e+04
4.197300000000000000e+04
4.198500000000000000e+04
4.201900000000000000e+04
4.203500000000000000e+04
4.203900000000000000e+04
4.206500000000000000e+04
4.207700000000000000e+04
4.208700000000000000e+04
4.210600000000000000e+04
4.213800000000000000e+04
4.213900000000000000e+04
4.217200000000000000e+04
4.218100000000000000e+04
4.219900000000000000e+04
4.224200000000000000e+04
4.226700000000000000e+04
4.230700000000000000e+04
4.231400000000000000e+04
4.232400000000000000e+04
4.233800000000000000e+04
4.237500000000000000e+04
4.238300000000000000e+04
4.255400000000000000e+04
4.257800000000000000e+04
4.261300000000000000e+04
4.263300000000000000e+04
4.264000000000000000e+04
4.265800000000000000e+04
4.267200000000000000e+04
4.267300000000000000e+04
4.268500000000000000e+04
4.269400000000000000e+04
4.270300000000000000e+04
4.271200000000000000e+04
4.271500000000000000e+04
4.272000000000000000e+04
4.272300000000000000e+04
4.273900000000000000e+04
4.278100000000000000e+04
4.279000000000000000e+04
4.280100000000000000e+04
4.282100000000000000e+04
4.282300000000000000e+04
4.285800000000000000e+04
4.286400000000000000e+04
4.290300000000000000e+04
4.290400000000000000e+04
4.293000000000000000e+04
4.296200000000000000e+04
4.298400000000000000e+04
4.299300000000000000e+04
4.302600000000000000e+04
4.304900000000000000e+04
4.308500000000000000e+04
4.314100000000000000e+04
4.316600000000000000e+04
4.319700000000000000e+04
4.321600000000000000e+04
4.322500000000000000e+04
4.323200000000000000e+04
4.330100000000000000e+04
4.331000000000000000e+04
4.335400000000000000e+04
4.336600000000000000e+04
4.337900000000000000e+04
4.347500000000000000e+04
4.349800000000000000e+04
4.350400000000000000e+04
4.351500000000000000e+04
4.352000000000000000e+04
4.354600000000000000e+04
4.360500000000000000e+04
4.363200000000000000e+04
4.363800000000000000e+04
4.364700000000000000e+04
4.367100000000000000e+04
4.372800000000000000e+04
4.376500000000000000e+04
4.376800000000000000e+04
4.385500000000000000e+04
4.387200000000000000e+04
4.390900000000000000e+04
4.393100000000000000e+04
4.395400000000000000e+04
4.400500000000000000e+04
4.406900000000000000e+04
4.412000000000000000e+04
4.412200000000000000e+04
4.413000000000000000e+04
4.413800000000000000e+04
4.414800000000000000e+04
4.415000000000000000e+04
4.415900000000000000e+04
4.416900000000000000e+04
4.420400000000000000e+04
4.422800000000000000e+04
4.426400000000000000e+04
4.428200000000000000e+04
4.429300000000000000e+04
4.435100000000000000e+04
4.440500000000000000e+04
4.440900000000000000e+04
4.441000000000000000e+04
4.444000000000000000e+04
4.444400000000000000e+04
4.445800000000000000e+04
4.447400000000000000e+04
4.450100000000000000e+04
4.452100000000000000e+04
4.452300000000000000e+04
4.452500000000000000e+04
4.453200000000000000e+04
4.458800000000000000e+04
4.460600000000000000e+04
4.464700000000000000e+04
4.466100000000000000e+04
4.469600000000000000e+04
4.474400000000000000e+04
4.477600000000000000e+04
4.481800000000000000e+04
4.490500000000000000e+04
4.490900000000000000e+04
4.491100000000000000e+04
4.498200000000000000e+04
4.498800000000000000e+04
4.502500000000000000e+04
4.503400000000000000e+04
4.505700000000000000e+04
4.505800000000000000e+04
4.505900000000000000e+04
4.506300000000000000e+04
4.513400000000000000e+04
4.523000000000000000e+04
4.524000000000000000e+04
4.526100000000000000e+04
4.529300000000000000e+04
4.530600000000000000e+04
4.533200000000000000e+04
4.533300000000000000e+04
4.537000000000000000e+04
4.539000000000000000e+04
4.542300000000000000e+04
4.546300000000000000e+04
4.549200000000000000e+04
4.549300000000000000e+04
4.549600000000000000e+04
4.559200000000000000e+04
4.561800000000000000e+04
4.564900000000000000e+04
4.566300000000000000e+04
4.569300000000000000e+04
4.573100000000000000e+04
4.579900000000000000e+04
4.581400000000000000e+04
4.581600000000000000e+04
4.582100000000000000e+04
4.582900000000000000e+04
4.584000000000000000e+04
4.584500000000000000e+04
4.589900000000000000e+04
4.598900000000000000e+04
4.599500000000000000e+04
4.606700000000000000e+04
4.610000000000000000e+04
4.610200000000000000e+04
4.614500000000000000e+04
4.619800000000000000e+04
4.620600000000000000e+04
4.624900000000000000e+04
4.625400000000000000e+04
4.630300000000000000e+04
4.630500000000000000e+04
4.632300000000000000e+04
4.635300000000000000e+04
4.636200000000000000e+04
4.636900000000000000e+04
4.645700000000000000e+04
4.648100000000000000e+04
4.649800000000000000e+04
4.653400000000000000e+04
4.655900000000000000e+04
4.656600000000000000e+04
4.665000000000000000e+04
4.674100000000000000e+04
4.675300000000000000e+04
4.684300000000000000e+04
4.684900000000000000e+04
4.695300000000000000e+04
4.697500000000000000e+04
4.700800000000000000e+04
4.708700000000000000e+04
4.709100000000000000e+04
4.714900000000000000e+04
4.722600000000000000e+04
4.727000000000000000e+04
4.728000000000000000e+04
4.728500000000000000e+04
4.729900000000000000e+04
4.735200000000000000e+04
4.736500000000000000e+04
4.743700000000000000e+04
4.744000000000000000e+04
4.752800000000000000e+04
4.754500000000000000e+04
4.760000000000000000e+04
4.770900000000000000e+04
4.772100000000000000e+04
4.775900000000000000e+04
4.778300000000000000e+04
4.783300000000000000e+04
4.787000000000000000e+04
4.789000000000000000e+04
4.792800000000000000e+04
4.794700000000000000e+04
4.794900000000000000e+04
4.801300000000000000e+04
4.801700000000000000e+04
4.801800000000000000e+04
4.801900000000000000e+04
4.805300000000000000e+04
4.808300000000000000e+04
4.808800000000000000e+04
4.811700000000000000e+04
4.813700000000000000e+04
4.814200000000000000e+04
4.814600000000000000e+04
4.815500000000000000e+04
4.815800000000000000e+04
4.816200000000000000e+04
4.818600000000000000e+04
4.819700000000000000e+04
4.821500000000000000e+04
4.823000000000000000e+04
4.825200000000000000e+04
4.825400000000000000e+04
4.827500000000000000e+04
4.830600000000000000e+04
4.833500000000000000e+04
4.834100000000000000e+04
