1.000000000000000000e+00
2.000000000000000000e+00
1.200000000000000000e+01
1.300000000000000000e+01
1.600000000000000000e+01
1.700000000000000000e+01
3.500000000000000000e+01
3.600000000000000000e+01
3.800000000000000000e+01
7.900000000000000000e+01
8.000000000000000000e+01
8.100000000000000000e+01
8.200000000000000000e+01
9.000000000000000000e+01
9.100000000000000000e+01
1.050000000000000000e+02
1.320000000000000000e+02
1.330000000000000000e+02
1.340000000000000000e+02
1.410000000000000000e+02
1.420000000000000000e+02
1.430000000000000000e+02
1.440000000000000000e+02
1.450000000000000000e+02
1.550000000000000000e+02
1.600000000000000000e+02
1.610000000000000000e+02
1.620000000000000000e+02
1.630000000000000000e+02
1.640000000000000000e+02
1.710000000000000000e+02
1.820000000000000000e+02
1.840000000000000000e+02
1.910000000000000000e+02
1.920000000000000000e+02
1.930000000000000000e+02
2.010000000000000000e+02
2.060000000000000000e+02
2.410000000000000000e+02
2.560000000000000000e+02
2.570000000000000000e+02
2.580000000000000000e+02
2.620000000000000000e+02
2.630000000000000000e+02
2.670000000000000000e+02
2.680000000000000000e+02
2.690000000000000000e+02
2.710000000000000000e+02
2.760000000000000000e+02
2.820000000000000000e+02
2.840000000000000000e+02
2.850000000000000000e+02
2.940000000000000000e+02
2.990000000000000000e+02
3.090000000000000000e+02
3.100000000000000000e+02
3.110000000000000000e+02
3.120000000000000000e+02
3.130000000000000000e+02
3.170000000000000000e+02
3.200000000000000000e+02
3.220000000000000000e+02
3.420000000000000000e+02
3.430000000000000000e+02
3.520000000000000000e+02
3.530000000000000000e+02
3.540000000000000000e+02
3.620000000000000000e+02
3.630000000000000000e+02
3.650000000000000000e+02
3.660000000000000000e+02
3.680000000000000000e+02
3.710000000000000000e+02
3.720000000000000000e+02
3.770000000000000000e+02
3.850000000000000000e+02
4.040000000000000000e+02
4.370000000000000000e+02
4.420000000000000000e+02
4.430000000000000000e+02
4.460000000000000000e+02
4.510000000000000000e+02
4.520000000000000000e+02
4.530000000000000000e+02
4.540000000000000000e+02
4.580000000000000000e+02
4.590000000000000000e+02
4.600000000000000000e+02
4.620000000000000000e+02
4.630000000000000000e+02
4.640000000000000000e+02
4.650000000000000000e+02
4.670000000000000000e+02
4.810000000000000000e+02
4.820000000000000000e+02
4.970000000000000000e+02
5.010000000000000000e+02
5.030000000000000000e+02
5.050000000000000000e+02
5.300000000000000000e+02
5.380000000000000000e+02
5.410000000000000000e+02
5.420000000000000000e+02
5.430000000000000000e+02
5.500000000000000000e+02
5.550000000000000000e+02
5.570000000000000000e+02
5.660000000000000000e+02
5.710000000000000000e+02
5.730000000000000000e+02
5.830000000000000000e+02
5.880000000000000000e+02
5.900000000000000000e+02
5.980000000000000000e+02
6.000000000000000000e+02
6.010000000000000000e+02
6.030000000000000000e+02
6.060000000000000000e+02
6.070000000000000000e+02
6.090000000000000000e+02
6.100000000000000000e+02
6.110000000000000000e+02
6.130000000000000000e+02
6.140000000000000000e+02
6.180000000000000000e+02
6.230000000000000000e+02
6.240000000000000000e+02
6.250000000000000000e+02
6.260000000000000000e+02
6.380000000000000000e+02
6.410000000000000000e+02
6.480000000000000000e+02
6.490000000000000000e+02
6.500000000000000000e+02
6.590000000000000000e+02
6.610000000000000000e+02
6.650000000000000000e+02
6.670000000000000000e+02
6.680000000000000000e+02
6.830000000000000000e+02
7.040000000000000000e+02
7.220000000000000000e+02
7.300000000000000000e+02
7.390000000000000000e+02
7.410000000000000000e+02
7.440000000000000000e+02
7.470000000000000000e+02
7.480000000000000000e+02
7.500000000000000000e+02
7.680000000000000000e+02
7.810000000000000000e+02
7.850000000000000000e+02
7.950000000000000000e+02
8.090000000000000000e+02
8.170000000000000000e+02
8.280000000000000000e+02
8.310000000000000000e+02
8.320000000000000000e+02
8.330000000000000000e+02
8.340000000000000000e+02
8.350000000000000000e+02
8.380000000000000000e+02
8.400000000000000000e+02
8.410000000000000000e+02
8.420000000000000000e+02
8.430000000000000000e+02
8.450000000000000000e+02
8.550000000000000000e+02
8.570000000000000000e+02
8.580000000000000000e+02
8.600000000000000000e+02
8.610000000000000000e+02
8.650000000000000000e+02
8.660000000000000000e+02
8.680000000000000000e+02
8.690000000000000000e+02
8.720000000000000000e+02
8.730000000000000000e+02
8.770000000000000000e+02
8.800000000000000000e+02
8.810000000000000000e+02
8.930000000000000000e+02
9.100000000000000000e+02
9.110000000000000000e+02
9.120000000000000000e+02
9.200000000000000000e+02
9.230000000000000000e+02
9.390000000000000000e+02
9.520000000000000000e+02
9.780000000000000000e+02
9.880000000000000000e+02
1.003000000000000000e+03
1.023000000000000000e+03
1.046000000000000000e+03
1.047000000000000000e+03
1.053000000000000000e+03
1.060000000000000000e+03
1.061000000000000000e+03
1.062000000000000000e+03
1.065000000000000000e+03
1.067000000000000000e+03
1.075000000000000000e+03
1.076000000000000000e+03
1.077000000000000000e+03
1.079000000000000000e+03
1.080000000000000000e+03
1.083000000000000000e+03
1.089000000000000000e+03
1.091000000000000000e+03
1.097000000000000000e+03
1.104000000000000000e+03
1.105000000000000000e+03
1.106000000000000000e+03
1.107000000000000000e+03
1.108000000000000000e+03
1.109000000000000000e+03
1.110000000000000000e+03
1.111000000000000000e+03
1.112000000000000000e+03
1.117000000000000000e+03
1.118000000000000000e+03
1.119000000000000000e+03
1.125000000000000000e+03
1.126000000000000000e+03
1.132000000000000000e+03
1.144000000000000000e+03
1.157000000000000000e+03
1.160000000000000000e+03
1.162000000000000000e+03
1.180000000000000000e+03
1.186000000000000000e+03
1.196000000000000000e+03
1.197000000000000000e+03
1.203000000000000000e+03
1.225000000000000000e+03
1.234000000000000000e+03
1.237000000000000000e+03
1.247000000000000000e+03
1.253000000000000000e+03
1.292000000000000000e+03
1.299000000000000000e+03
1.302000000000000000e+03
1.303000000000000000e+03
1.318000000000000000e+03
1.331000000000000000e+03
1.351000000000000000e+03
1.354000000000000000e+03
1.359000000000000000e+03
1.365000000000000000e+03
1.371000000000000000e+03
1.373000000000000000e+03
1.377000000000000000e+03
1.386000000000000000e+03
1.387000000000000000e+03
1.389000000000000000e+03
1.395000000000000000e+03
1.397000000000000000e+03
1.400000000000000000e+03
1.412000000000000000e+03
1.415000000000000000e+03
1.422000000000000000e+03
1.431000000000000000e+03
1.433000000000000000e+03
1.443000000000000000e+03
1.478000000000000000e+03
1.479000000000000000e+03
1.482000000000000000e+03
1.492000000000000000e+03
1.505000000000000000e+03
1.506000000000000000e+03
1.512000000000000000e+03
1.526000000000000000e+03
1.534000000000000000e+03
1.535000000000000000e+03
1.553000000000000000e+03
1.569000000000000000e+03
1.573000000000000000e+03
1.576000000000000000e+03
1.579000000000000000e+03
1.580000000000000000e+03
1.584000000000000000e+03
1.585000000000000000e+03
1.586000000000000000e+03
1.588000000000000000e+03
1.589000000000000000e+03
1.591000000000000000e+03
1.602000000000000000e+03
1.604000000000000000e+03
1.612000000000000000e+03
1.614000000000000000e+03
1.615000000000000000e+03
1.616000000000000000e+03
1.619000000000000000e+03
1.620000000000000000e+03
1.621000000000000000e+03
1.622000000000000000e+03
1.623000000000000000e+03
1.628000000000000000e+03
1.630000000000000000e+03
1.631000000000000000e+03
1.634000000000000000e+03
1.635000000000000000e+03
1.637000000000000000e+03
1.638000000000000000e+03
1.639000000000000000e+03
1.643000000000000000e+03
1.646000000000000000e+03
1.649000000000000000e+03
1.667000000000000000e+03
1.668000000000000000e+03
1.691000000000000000e+03
1.733000000000000000e+03
1.735000000000000000e+03
1.744000000000000000e+03
1.756000000000000000e+03
1.761000000000000000e+03
1.764000000000000000e+03
1.767000000000000000e+03
1.774000000000000000e+03
1.775000000000000000e+03
1.778000000000000000e+03
1.780000000000000000e+03
1.800000000000000000e+03
1.811000000000000000e+03
1.816000000000000000e+03
1.850000000000000000e+03
1.861000000000000000e+03
1.871000000000000000e+03
1.873000000000000000e+03
1.892000000000000000e+03
1.901000000000000000e+03
1.905000000000000000e+03
1.906000000000000000e+03
1.912000000000000000e+03
1.921000000000000000e+03
1.952000000000000000e+03
1.965000000000000000e+03
2.004000000000000000e+03
2.015000000000000000e+03
2.029000000000000000e+03
2.033000000000000000e+03
2.044000000000000000e+03
2.070000000000000000e+03
2.073000000000000000e+03
2.080000000000000000e+03
2.087000000000000000e+03
2.093000000000000000e+03
2.102000000000000000e+03
2.104000000000000000e+03
2.111000000000000000e+03
2.123000000000000000e+03
2.125000000000000000e+03
2.167000000000000000e+03
2.170000000000000000e+03
2.172000000000000000e+03
2.179000000000000000e+03
2.180000000000000000e+03
2.182000000000000000e+03
2.184000000000000000e+03
2.194000000000000000e+03
2.208000000000000000e+03
2.222000000000000000e+03
2.230000000000000000e+03
2.240000000000000000e+03
2.262000000000000000e+03
2.263000000000000000e+03
2.276000000000000000e+03
2.279000000000000000e+03
2.297000000000000000e+03
2.313000000000000000e+03
2.336000000000000000e+03
2.337000000000000000e+03
2.340000000000000000e+03
2.343000000000000000e+03
2.347000000000000000e+03
2.367000000000000000e+03
2.369000000000000000e+03
2.382000000000000000e+03
2.383000000000000000e+03
2.384000000000000000e+03
2.386000000000000000e+03
2.389000000000000000e+03
2.390000000000000000e+03
2.400000000000000000e+03
2.404000000000000000e+03
2.407000000000000000e+03
2.426000000000000000e+03
2.431000000000000000e+03
2.434000000000000000e+03
2.440000000000000000e+03
2.443000000000000000e+03
2.454000000000000000e+03
2.457000000000000000e+03
2.459000000000000000e+03
2.468000000000000000e+03
2.476000000000000000e+03
2.478000000000000000e+03
2.486000000000000000e+03
2.493000000000000000e+03
2.497000000000000000e+03
2.500000000000000000e+03
2.501000000000000000e+03
2.508000000000000000e+03
2.515000000000000000e+03
2.522000000000000000e+03
2.539000000000000000e+03
2.547000000000000000e+03
2.550000000000000000e+03
2.592000000000000000e+03
2.616000000000000000e+03
2.647000000000000000e+03
2.648000000000000000e+03
2.662000000000000000e+03
2.681000000000000000e+03
2.697000000000000000e+03
2.715000000000000000e+03
2.727000000000000000e+03
2.741000000000000000e+03
2.775000000000000000e+03
2.783000000000000000e+03
2.789000000000000000e+03
2.790000000000000000e+03
2.795000000000000000e+03
2.796000000000000000e+03
2.844000000000000000e+03
2.874000000000000000e+03
2.895000000000000000e+03
2.912000000000000000e+03
2.914000000000000000e+03
2.915000000000000000e+03
2.921000000000000000e+03
2.956000000000000000e+03
2.962000000000000000e+03
3.004000000000000000e+03
3.007000000000000000e+03
3.028000000000000000e+03
3.030000000000000000e+03
3.048000000000000000e+03
3.049000000000000000e+03
3.055000000000000000e+03
3.057000000000000000e+03
3.059000000000000000e+03
3.060000000000000000e+03
3.061000000000000000e+03
3.062000000000000000e+03
3.063000000000000000e+03
3.065000000000000000e+03
3.072000000000000000e+03
3.073000000000000000e+03
3.081000000000000000e+03
3.082000000000000000e+03
3.084000000000000000e+03
3.086000000000000000e+03
3.087000000000000000e+03
3.088000000000000000e+03
3.089000000000000000e+03
3.090000000000000000e+03
3.094000000000000000e+03
3.097000000000000000e+03
3.098000000000000000e+03
3.099000000000000000e+03
3.100000000000000000e+03
3.102000000000000000e+03
3.106000000000000000e+03
3.110000000000000000e+03
3.112000000000000000e+03
3.113000000000000000e+03
3.114000000000000000e+03
3.115000000000000000e+03
3.117000000000000000e+03
3.138000000000000000e+03
3.149000000000000000e+03
3.150000000000000000e+03
3.151000000000000000e+03
3.152000000000000000e+03
3.153000000000000000e+03
3.155000000000000000e+03
3.156000000000000000e+03
3.185000000000000000e+03
3.189000000000000000e+03
3.212000000000000000e+03
3.216000000000000000e+03
3.218000000000000000e+03
3.220000000000000000e+03
3.239000000000000000e+03
3.241000000000000000e+03
3.243000000000000000e+03
3.247000000000000000e+03
3.268000000000000000e+03
3.280000000000000000e+03
3.285000000000000000e+03
3.296000000000000000e+03
3.304000000000000000e+03
3.306000000000000000e+03
3.307000000000000000e+03
3.312000000000000000e+03
3.335000000000000000e+03
3.344000000000000000e+03
3.345000000000000000e+03
3.350000000000000000e+03
3.367000000000000000e+03
3.369000000000000000e+03
3.377000000000000000e+03
3.389000000000000000e+03
3.402000000000000000e+03
3.407000000000000000e+03
3.433000000000000000e+03
3.443000000000000000e+03
3.454000000000000000e+03
3.467000000000000000e+03
3.487000000000000000e+03
3.489000000000000000e+03
3.497000000000000000e+03
3.501000000000000000e+03
3.522000000000000000e+03
3.524000000000000000e+03
3.529000000000000000e+03
3.543000000000000000e+03
3.552000000000000000e+03
3.557000000000000000e+03
3.598000000000000000e+03
3.611000000000000000e+03
3.617000000000000000e+03
3.642000000000000000e+03
3.656000000000000000e+03
3.674000000000000000e+03
3.676000000000000000e+03
3.696000000000000000e+03
3.713000000000000000e+03
3.720000000000000000e+03
3.729000000000000000e+03
3.759000000000000000e+03
3.761000000000000000e+03
3.801000000000000000e+03
3.803000000000000000e+03
3.832000000000000000e+03
3.843000000000000000e+03
3.852000000000000000e+03
3.854000000000000000e+03
3.856000000000000000e+03
3.892000000000000000e+03
3.898000000000000000e+03
3.907000000000000000e+03
3.926000000000000000e+03
3.944000000000000000e+03
3.955000000000000000e+03
3.956000000000000000e+03
3.971000000000000000e+03
3.985000000000000000e+03
3.986000000000000000e+03
3.990000000000000000e+03
3.991000000000000000e+03
3.992000000000000000e+03
4.003000000000000000e+03
4.054000000000000000e+03
4.061000000000000000e+03
4.114000000000000000e+03
4.153000000000000000e+03
4.158000000000000000e+03
4.168000000000000000e+03
4.191000000000000000e+03
4.196000000000000000e+03
4.277000000000000000e+03
4.289000000000000000e+03
4.292000000000000000e+03
4.293000000000000000e+03
4.294000000000000000e+03
4.295000000000000000e+03
4.309000000000000000e+03
4.310000000000000000e+03
4.317000000000000000e+03
4.327000000000000000e+03
4.328000000000000000e+03
4.331000000000000000e+03
4.338000000000000000e+03
4.339000000000000000e+03
4.345000000000000000e+03
4.350000000000000000e+03
4.353000000000000000e+03
4.355000000000000000e+03
4.358000000000000000e+03
4.360000000000000000e+03
4.361000000000000000e+03
4.362000000000000000e+03
4.365000000000000000e+03
4.370000000000000000e+03
4.371000000000000000e+03
4.372000000000000000e+03
4.373000000000000000e+03
4.375000000000000000e+03
4.376000000000000000e+03
4.377000000000000000e+03
4.378000000000000000e+03
4.401000000000000000e+03
4.403000000000000000e+03
4.405000000000000000e+03
4.407000000000000000e+03
4.408000000000000000e+03
4.409000000000000000e+03
4.414000000000000000e+03
4.415000000000000000e+03
4.419000000000000000e+03
4.420000000000000000e+03
4.422000000000000000e+03
4.423000000000000000e+03
4.424000000000000000e+03
4.441000000000000000e+03
4.497000000000000000e+03
4.498000000000000000e+03
4.500000000000000000e+03
4.504000000000000000e+03
4.505000000000000000e+03
4.506000000000000000e+03
4.509000000000000000e+03
4.510000000000000000e+03
4.511000000000000000e+03
4.512000000000000000e+03
4.513000000000000000e+03
4.514000000000000000e+03
4.530000000000000000e+03
4.540000000000000000e+03
4.578000000000000000e+03
4.585000000000000000e+03
4.586000000000000000e+03
4.602000000000000000e+03
4.610000000000000000e+03
4.626000000000000000e+03
4.627000000000000000e+03
4.650000000000000000e+03
4.656000000000000000e+03
4.659000000000000000e+03
4.668000000000000000e+03
4.672000000000000000e+03
4.676000000000000000e+03
4.686000000000000000e+03
4.693000000000000000e+03
4.694000000000000000e+03
4.706000000000000000e+03
4.741000000000000000e+03
4.793000000000000000e+03
4.794000000000000000e+03
4.795000000000000000e+03
4.830000000000000000e+03
4.839000000000000000e+03
4.869000000000000000e+03
4.871000000000000000e+03
4.872000000000000000e+03
4.939000000000000000e+03
4.945000000000000000e+03
4.952000000000000000e+03
4.976000000000000000e+03
4.992000000000000000e+03
4.999000000000000000e+03
5.000000000000000000e+03
5.001000000000000000e+03
5.011000000000000000e+03
5.012000000000000000e+03
5.015000000000000000e+03
5.021000000000000000e+03
5.023000000000000000e+03
5.024000000000000000e+03
5.029000000000000000e+03
5.035000000000000000e+03
5.040000000000000000e+03
5.041000000000000000e+03
5.042000000000000000e+03
5.043000000000000000e+03
5.045000000000000000e+03
5.077000000000000000e+03
5.112000000000000000e+03
5.137000000000000000e+03
5.139000000000000000e+03
5.171000000000000000e+03
5.211000000000000000e+03
5.221000000000000000e+03
5.222000000000000000e+03
5.234000000000000000e+03
5.249000000000000000e+03
5.250000000000000000e+03
5.265000000000000000e+03
5.277000000000000000e+03
5.290000000000000000e+03
5.299000000000000000e+03
5.302000000000000000e+03
5.321000000000000000e+03
5.322000000000000000e+03
5.345000000000000000e+03
5.354000000000000000e+03
5.412000000000000000e+03
5.469000000000000000e+03
5.475000000000000000e+03
5.555000000000000000e+03
5.606000000000000000e+03
5.636000000000000000e+03
5.638000000000000000e+03
5.641000000000000000e+03
5.657000000000000000e+03
5.660000000000000000e+03
5.663000000000000000e+03
5.683000000000000000e+03
5.698000000000000000e+03
5.703000000000000000e+03
5.711000000000000000e+03
5.723000000000000000e+03
5.724000000000000000e+03
5.726000000000000000e+03
5.728000000000000000e+03
5.743000000000000000e+03
5.750000000000000000e+03
5.758000000000000000e+03
5.765000000000000000e+03
5.803000000000000000e+03
5.824000000000000000e+03
5.890000000000000000e+03
5.898000000000000000e+03
5.908000000000000000e+03
5.942000000000000000e+03
5.944000000000000000e+03
5.975000000000000000e+03
6.095000000000000000e+03
6.168000000000000000e+03
6.179000000000000000e+03
6.182000000000000000e+03
6.191000000000000000e+03
6.204000000000000000e+03
6.211000000000000000e+03
6.212000000000000000e+03
6.227000000000000000e+03
6.234000000000000000e+03
6.241000000000000000e+03
6.259000000000000000e+03
6.265000000000000000e+03
6.296000000000000000e+03
6.308000000000000000e+03
6.313000000000000000e+03
6.317000000000000000e+03
6.319000000000000000e+03
6.322000000000000000e+03
6.323000000000000000e+03
6.332000000000000000e+03
6.344000000000000000e+03
6.349000000000000000e+03
6.357000000000000000e+03
6.370000000000000000e+03
6.383000000000000000e+03
6.385000000000000000e+03
6.408000000000000000e+03
6.446000000000000000e+03
6.462000000000000000e+03
6.470000000000000000e+03
6.482000000000000000e+03
6.483000000000000000e+03
6.496000000000000000e+03
6.497000000000000000e+03
6.518000000000000000e+03
6.537000000000000000e+03
6.551000000000000000e+03
6.555000000000000000e+03
6.589000000000000000e+03
6.593000000000000000e+03
6.604000000000000000e+03
6.615000000000000000e+03
6.646000000000000000e+03
6.664000000000000000e+03
6.693000000000000000e+03
6.697000000000000000e+03
6.711000000000000000e+03
6.718000000000000000e+03
6.772000000000000000e+03
6.787000000000000000e+03
6.790000000000000000e+03
6.792000000000000000e+03
6.848000000000000000e+03
6.894000000000000000e+03
6.896000000000000000e+03
6.912000000000000000e+03
6.932000000000000000e+03
6.979000000000000000e+03
7.011000000000000000e+03
7.014000000000000000e+03
7.033000000000000000e+03
7.035000000000000000e+03
7.038000000000000000e+03
7.049000000000000000e+03
7.069000000000000000e+03
7.079000000000000000e+03
7.082000000000000000e+03
7.085000000000000000e+03
7.153000000000000000e+03
7.171000000000000000e+03
7.223000000000000000e+03
7.257000000000000000e+03
7.286000000000000000e+03
7.293000000000000000e+03
7.307000000000000000e+03
7.328000000000000000e+03
7.406000000000000000e+03
7.436000000000000000e+03
7.442000000000000000e+03
7.443000000000000000e+03
7.454000000000000000e+03
7.477000000000000000e+03
7.514000000000000000e+03
7.515000000000000000e+03
7.554000000000000000e+03
7.557000000000000000e+03
7.566000000000000000e+03
7.567000000000000000e+03
7.595000000000000000e+03
7.601000000000000000e+03
7.626000000000000000e+03
7.628000000000000000e+03
7.634000000000000000e+03
7.639000000000000000e+03
7.642000000000000000e+03
7.666000000000000000e+03
7.682000000000000000e+03
7.747000000000000000e+03
7.759000000000000000e+03
7.761000000000000000e+03
7.762000000000000000e+03
7.766000000000000000e+03
7.780000000000000000e+03
7.783000000000000000e+03
7.822000000000000000e+03
7.841000000000000000e+03
7.842000000000000000e+03
7.845000000000000000e+03
7.855000000000000000e+03
7.863000000000000000e+03
7.882000000000000000e+03
7.917000000000000000e+03
7.942000000000000000e+03
7.999000000000000000e+03
8.010000000000000000e+03
8.011000000000000000e+03
8.014000000000000000e+03
8.057000000000000000e+03
8.065000000000000000e+03
8.109000000000000000e+03
8.111000000000000000e+03
8.115000000000000000e+03
8.118000000000000000e+03
8.136000000000000000e+03
8.148000000000000000e+03
8.157000000000000000e+03
8.164000000000000000e+03
8.173000000000000000e+03
8.229000000000000000e+03
8.235000000000000000e+03
8.275000000000000000e+03
8.302000000000000000e+03
8.309000000000000000e+03
8.319000000000000000e+03
8.322000000000000000e+03
8.323000000000000000e+03
8.332000000000000000e+03
8.336000000000000000e+03
8.337000000000000000e+03
8.339000000000000000e+03
8.341000000000000000e+03
8.345000000000000000e+03
8.347000000000000000e+03
8.351000000000000000e+03
8.352000000000000000e+03
8.356000000000000000e+03
8.357000000000000000e+03
8.359000000000000000e+03
8.365000000000000000e+03
8.370000000000000000e+03
8.375000000000000000e+03
8.378000000000000000e+03
8.395000000000000000e+03
8.407000000000000000e+03
8.416000000000000000e+03
8.417000000000000000e+03
8.425000000000000000e+03
8.426000000000000000e+03
8.432000000000000000e+03
8.435000000000000000e+03
8.445000000000000000e+03
8.451000000000000000e+03
8.456000000000000000e+03
8.461000000000000000e+03
8.464000000000000000e+03
8.465000000000000000e+03
8.477000000000000000e+03
8.483000000000000000e+03
8.488000000000000000e+03
8.489000000000000000e+03
8.514000000000000000e+03
8.517000000000000000e+03
8.549000000000000000e+03
8.550000000000000000e+03
8.551000000000000000e+03
8.555000000000000000e+03
8.559000000000000000e+03
8.573000000000000000e+03
8.574000000000000000e+03
8.579000000000000000e+03
8.632000000000000000e+03
8.657000000000000000e+03
8.688000000000000000e+03
8.705000000000000000e+03
8.716000000000000000e+03
8.719000000000000000e+03
8.744000000000000000e+03
8.756000000000000000e+03
8.760000000000000000e+03
8.776000000000000000e+03
8.831000000000000000e+03
8.851000000000000000e+03
8.861000000000000000e+03
8.875000000000000000e+03
8.890000000000000000e+03
8.910000000000000000e+03
8.912000000000000000e+03
8.915000000000000000e+03
8.926000000000000000e+03
8.929000000000000000e+03
8.934000000000000000e+03
8.960000000000000000e+03
8.985000000000000000e+03
9.004000000000000000e+03
9.033000000000000000e+03
9.043000000000000000e+03
9.047000000000000000e+03
9.051000000000000000e+03
9.074000000000000000e+03
9.077000000000000000e+03
9.086000000000000000e+03
9.091000000000000000e+03
9.114000000000000000e+03
9.143000000000000000e+03
9.176000000000000000e+03
9.209000000000000000e+03
9.218000000000000000e+03
9.263000000000000000e+03
9.273000000000000000e+03
9.288000000000000000e+03
9.296000000000000000e+03
9.319000000000000000e+03
9.323000000000000000e+03
9.338000000000000000e+03
9.399000000000000000e+03
9.413000000000000000e+03
9.446000000000000000e+03
9.449000000000000000e+03
9.461000000000000000e+03
9.463000000000000000e+03
9.491000000000000000e+03
9.520000000000000000e+03
9.536000000000000000e+03
9.570000000000000000e+03
9.573000000000000000e+03
9.603000000000000000e+03
9.604000000000000000e+03
9.643000000000000000e+03
9.658000000000000000e+03
9.677000000000000000e+03
9.687000000000000000e+03
9.697000000000000000e+03
9.774000000000000000e+03
9.775000000000000000e+03
9.784000000000000000e+03
9.789000000000000000e+03
9.806000000000000000e+03
9.822000000000000000e+03
9.830000000000000000e+03
9.879000000000000000e+03
9.880000000000000000e+03
9.882000000000000000e+03
9.896000000000000000e+03
9.912000000000000000e+03
9.922000000000000000e+03
9.931000000000000000e+03
9.949000000000000000e+03
9.967000000000000000e+03
9.982000000000000000e+03
9.987000000000000000e+03
1.002200000000000000e+04
1.005300000000000000e+04
1.005700000000000000e+04
1.005900000000000000e+04
1.006400000000000000e+04
1.007000000000000000e+04
1.008100000000000000e+04
1.012900000000000000e+04
1.013500000000000000e+04
1.015200000000000000e+04
1.015600000000000000e+04
1.016000000000000000e+04
1.018200000000000000e+04
1.018300000000000000e+04
1.018800000000000000e+04
1.021200000000000000e+04
1.022900000000000000e+04
1.024900000000000000e+04
1.026800000000000000e+04
1.027100000000000000e+04
1.031700000000000000e+04
1.033500000000000000e+04
1.036600000000000000e+04
1.037200000000000000e+04
1.040300000000000000e+04
1.042100000000000000e+04
1.046600000000000000e+04
1.049800000000000000e+04
1.053100000000000000e+04
1.055200000000000000e+04
1.057200000000000000e+04
1.060700000000000000e+04
1.063900000000000000e+04
1.064800000000000000e+04
1.066000000000000000e+04
1.067000000000000000e+04
1.067400000000000000e+04
1.070200000000000000e+04
1.070400000000000000e+04
1.070500000000000000e+04
1.070900000000000000e+04
1.071100000000000000e+04
1.072300000000000000e+04
1.072400000000000000e+04
1.073200000000000000e+04
1.076200000000000000e+04
1.076300000000000000e+04
1.081100000000000000e+04
1.081200000000000000e+04
1.082500000000000000e+04
1.083100000000000000e+04
1.087800000000000000e+04
1.091100000000000000e+04
1.091300000000000000e+04
1.092800000000000000e+04
1.097600000000000000e+04
1.104500000000000000e+04
1.105000000000000000e+04
1.108400000000000000e+04
1.108800000000000000e+04
1.109600000000000000e+04
1.110500000000000000e+04
1.122000000000000000e+04
1.124100000000000000e+04
1.125200000000000000e+04
1.126900000000000000e+04
1.127700000000000000e+04
1.129600000000000000e+04
1.130400000000000000e+04
1.133700000000000000e+04
1.134900000000000000e+04
1.135800000000000000e+04
1.136100000000000000e+04
1.137100000000000000e+04
1.138300000000000000e+04
1.140500000000000000e+04
1.144500000000000000e+04
1.145100000000000000e+04
1.148500000000000000e+04
1.149700000000000000e+04
1.151300000000000000e+04
1.155600000000000000e+04
1.155700000000000000e+04
1.156100000000000000e+04
1.158700000000000000e+04
1.161500000000000000e+04
1.161900000000000000e+04
1.163200000000000000e+04
1.163400000000000000e+04
1.164600000000000000e+04
1.164900000000000000e+04
1.165000000000000000e+04
1.165900000000000000e+04
1.167000000000000000e+04
1.167700000000000000e+04
1.167800000000000000e+04
1.169900000000000000e+04
1.170000000000000000e+04
1.170100000000000000e+04
1.171000000000000000e+04
1.172700000000000000e+04
1.174300000000000000e+04
1.174500000000000000e+04
1.179100000000000000e+04
1.179200000000000000e+04
1.179400000000000000e+04
1.179800000000000000e+04
1.179900000000000000e+04
1.180600000000000000e+04
1.187800000000000000e+04
1.188100000000000000e+04
1.191600000000000000e+04
1.194800000000000000e+04
1.195300000000000000e+04
1.195600000000000000e+04
1.196700000000000000e+04
1.197100000000000000e+04
1.199300000000000000e+04
1.205800000000000000e+04
1.213200000000000000e+04
1.218900000000000000e+04
1.219100000000000000e+04
1.220600000000000000e+04
1.225700000000000000e+04
1.228000000000000000e+04
1.228300000000000000e+04
1.229200000000000000e+04
1.235600000000000000e+04
1.236000000000000000e+04
1.237100000000000000e+04
1.237500000000000000e+04
1.239000000000000000e+04
1.240300000000000000e+04
1.243500000000000000e+04
1.244300000000000000e+04
1.244500000000000000e+04
1.246000000000000000e+04
1.247700000000000000e+04
1.249600000000000000e+04
1.251900000000000000e+04
1.252500000000000000e+04
1.254500000000000000e+04
1.255000000000000000e+04
1.255300000000000000e+04
1.259100000000000000e+04
1.260900000000000000e+04
1.262500000000000000e+04
1.264200000000000000e+04
1.264900000000000000e+04
1.271700000000000000e+04
1.273200000000000000e+04
1.274600000000000000e+04
1.275700000000000000e+04
1.276900000000000000e+04
1.277000000000000000e+04
1.277600000000000000e+04
1.278500000000000000e+04
1.278600000000000000e+04
1.278900000000000000e+04
1.280300000000000000e+04
1.280500000000000000e+04
1.280600000000000000e+04
1.284400000000000000e+04
1.285900000000000000e+04
1.286000000000000000e+04
1.286100000000000000e+04
1.286400000000000000e+04
1.286500000000000000e+04
1.288500000000000000e+04
1.291500000000000000e+04
1.293400000000000000e+04
1.293500000000000000e+04
1.294700000000000000e+04
1.295100000000000000e+04
1.296200000000000000e+04
1.299500000000000000e+04
1.299700000000000000e+04
1.304000000000000000e+04
1.304200000000000000e+04
1.305100000000000000e+04
1.306100000000000000e+04
1.308200000000000000e+04
1.309500000000000000e+04
1.324100000000000000e+04
1.324500000000000000e+04
1.324600000000000000e+04
1.325300000000000000e+04
1.326600000000000000e+04
1.327300000000000000e+04
1.328100000000000000e+04
1.329900000000000000e+04
1.333800000000000000e+04
1.335100000000000000e+04
1.336300000000000000e+04
1.336500000000000000e+04
1.338100000000000000e+04
1.341700000000000000e+04
1.342000000000000000e+04
1.342700000000000000e+04
1.344600000000000000e+04
1.346800000000000000e+04
1.349100000000000000e+04
1.351400000000000000e+04
1.352600000000000000e+04
1.354400000000000000e+04
1.354700000000000000e+04
1.359000000000000000e+04
1.359300000000000000e+04
1.360300000000000000e+04
1.362800000000000000e+04
1.364800000000000000e+04
1.372600000000000000e+04
1.372700000000000000e+04
1.373000000000000000e+04
1.375400000000000000e+04
1.375600000000000000e+04
1.377800000000000000e+04
1.383500000000000000e+04
1.384400000000000000e+04
1.384700000000000000e+04
1.386800000000000000e+04
1.387100000000000000e+04
1.387900000000000000e+04
1.389500000000000000e+04
1.400000000000000000e+04
1.400400000000000000e+04
1.404200000000000000e+04
1.404500000000000000e+04
1.405600000000000000e+04
1.408500000000000000e+04
1.409100000000000000e+04
1.409400000000000000e+04
1.409800000000000000e+04
1.411600000000000000e+04
1.415100000000000000e+04
1.415800000000000000e+04
1.416200000000000000e+04
1.416800000000000000e+04
1.418700000000000000e+04
1.426300000000000000e+04
1.428200000000000000e+04
1.428700000000000000e+04
1.429200000000000000e+04
1.429300000000000000e+04
1.430000000000000000e+04
1.430300000000000000e+04
1.432400000000000000e+04
1.437100000000000000e+04
1.439200000000000000e+04
1.439600000000000000e+04
1.440100000000000000e+04
1.445100000000000000e+04
1.446800000000000000e+04
1.447600000000000000e+04
1.449400000000000000e+04
1.450700000000000000e+04
1.455400000000000000e+04
1.458000000000000000e+04
1.461600000000000000e+04
1.462500000000000000e+04
1.462600000000000000e+04
1.476600000000000000e+04
1.476700000000000000e+04
1.477000000000000000e+04
1.478400000000000000e+04
1.481700000000000000e+04
1.486400000000000000e+04
1.487500000000000000e+04
1.487600000000000000e+04
1.494500000000000000e+04
1.498500000000000000e+04
1.506600000000000000e+04
1.508100000000000000e+04
1.508900000000000000e+04
1.511700000000000000e+04
1.512500000000000000e+04
1.515900000000000000e+04
1.516000000000000000e+04
1.516300000000000000e+04
1.516400000000000000e+04
1.516800000000000000e+04
1.516900000000000000e+04
1.517000000000000000e+04
1.517500000000000000e+04
1.521000000000000000e+04
1.522800000000000000e+04
1.526000000000000000e+04
1.526100000000000000e+04
1.528900000000000000e+04
1.530300000000000000e+04
1.530500000000000000e+04
1.534300000000000000e+04
1.538700000000000000e+04
1.539300000000000000e+04
1.543200000000000000e+04
1.546900000000000000e+04
1.547900000000000000e+04
1.548200000000000000e+04
1.549400000000000000e+04
1.552800000000000000e+04
1.554100000000000000e+04
1.555100000000000000e+04
1.558300000000000000e+04
1.558500000000000000e+04
1.559200000000000000e+04
1.561000000000000000e+04
1.565000000000000000e+04
1.565200000000000000e+04
1.565300000000000000e+04
1.565500000000000000e+04
1.565700000000000000e+04
1.566400000000000000e+04
1.567400000000000000e+04
1.567500000000000000e+04
1.567800000000000000e+04
1.571500000000000000e+04
1.571600000000000000e+04
1.571700000000000000e+04
1.572100000000000000e+04
1.577500000000000000e+04
1.578300000000000000e+04
1.580000000000000000e+04
1.584900000000000000e+04
1.586300000000000000e+04
1.586600000000000000e+04
1.587100000000000000e+04
1.587500000000000000e+04
1.587900000000000000e+04
1.589900000000000000e+04
1.591200000000000000e+04
1.596800000000000000e+04
1.596900000000000000e+04
1.599300000000000000e+04
1.600000000000000000e+04
1.603500000000000000e+04
1.607600000000000000e+04
1.609700000000000000e+04
1.613100000000000000e+04
1.614400000000000000e+04
1.614800000000000000e+04
1.621200000000000000e+04
1.624400000000000000e+04
1.626100000000000000e+04
1.626500000000000000e+04
1.629000000000000000e+04
1.631100000000000000e+04
1.634900000000000000e+04
1.644400000000000000e+04
1.645100000000000000e+04
1.645500000000000000e+04
1.646700000000000000e+04
1.649500000000000000e+04
1.649700000000000000e+04
1.654000000000000000e+04
1.654300000000000000e+04
1.655200000000000000e+04
1.655700000000000000e+04
1.658900000000000000e+04
1.660200000000000000e+04
1.665800000000000000e+04
1.668700000000000000e+04
1.670000000000000000e+04
1.670200000000000000e+04
1.672600000000000000e+04
1.675100000000000000e+04
1.677700000000000000e+04
1.682400000000000000e+04
1.682900000000000000e+04
1.683200000000000000e+04
1.684200000000000000e+04
1.685900000000000000e+04
1.686900000000000000e+04
1.687100000000000000e+04
1.688200000000000000e+04
1.690000000000000000e+04
1.692300000000000000e+04
1.692400000000000000e+04
1.692900000000000000e+04
1.694100000000000000e+04
1.695000000000000000e+04
1.695700000000000000e+04
1.697200000000000000e+04
1.698600000000000000e+04
1.698700000000000000e+04
1.699700000000000000e+04
1.700000000000000000e+04
1.702600000000000000e+04
1.702900000000000000e+04
1.703000000000000000e+04
1.705400000000000000e+04
1.709000000000000000e+04
1.710700000000000000e+04
1.711200000000000000e+04
1.711300000000000000e+04
1.712500000000000000e+04
1.713100000000000000e+04
1.713700000000000000e+04
1.713800000000000000e+04
1.715200000000000000e+04
1.718900000000000000e+04
1.719500000000000000e+04
1.720200000000000000e+04
1.720600000000000000e+04
1.720700000000000000e+04
1.721700000000000000e+04
1.724500000000000000e+04
1.725400000000000000e+04
1.726400000000000000e+04
1.726700000000000000e+04
1.728100000000000000e+04
1.731200000000000000e+04
1.736600000000000000e+04
1.737800000000000000e+04
1.738400000000000000e+04
1.741700000000000000e+04
1.742100000000000000e+04
1.743800000000000000e+04
1.744000000000000000e+04
1.744100000000000000e+04
1.744600000000000000e+04
1.750800000000000000e+04
1.751200000000000000e+04
1.751800000000000000e+04
1.751900000000000000e+04
1.752000000000000000e+04
1.752400000000000000e+04
1.752700000000000000e+04
1.754000000000000000e+04
1.756500000000000000e+04
1.756900000000000000e+04
1.764500000000000000e+04
1.766200000000000000e+04
1.767000000000000000e+04
1.768300000000000000e+04
1.770700000000000000e+04
1.775800000000000000e+04
1.777900000000000000e+04
1.778700000000000000e+04
1.779800000000000000e+04
1.789300000000000000e+04
1.795300000000000000e+04
1.797900000000000000e+04
1.809200000000000000e+04
1.822000000000000000e+04
1.823800000000000000e+04
1.825700000000000000e+04
1.826600000000000000e+04
1.828000000000000000e+04
1.830600000000000000e+04
1.831700000000000000e+04
1.837200000000000000e+04
1.839000000000000000e+04
1.839700000000000000e+04
1.842400000000000000e+04
1.843000000000000000e+04
1.843500000000000000e+04
1.846300000000000000e+04
1.846500000000000000e+04
1.846800000000000000e+04
1.847800000000000000e+04
1.849500000000000000e+04
1.851000000000000000e+04
1.852100000000000000e+04
1.852500000000000000e+04
1.853200000000000000e+04
1.854600000000000000e+04
1.855700000000000000e+04
1.856800000000000000e+04
1.863600000000000000e+04
1.867100000000000000e+04
1.869100000000000000e+04
1.869700000000000000e+04
1.874400000000000000e+04
1.875900000000000000e+04
1.883400000000000000e+04
1.886100000000000000e+04
1.887000000000000000e+04
1.888900000000000000e+04
1.890000000000000000e+04
1.890300000000000000e+04
1.892900000000000000e+04
1.896500000000000000e+04
1.897200000000000000e+04
1.899400000000000000e+04
1.912000000000000000e+04
1.912600000000000000e+04
1.913500000000000000e+04
1.918600000000000000e+04
1.921800000000000000e+04
1.922900000000000000e+04
1.929900000000000000e+04
1.931400000000000000e+04
1.934100000000000000e+04
1.942600000000000000e+04
1.944700000000000000e+04
1.946000000000000000e+04
1.950900000000000000e+04
1.956100000000000000e+04
1.959300000000000000e+04
1.962400000000000000e+04
1.963000000000000000e+04
1.964700000000000000e+04
1.965300000000000000e+04
1.969900000000000000e+04
1.970400000000000000e+04
1.970800000000000000e+04
1.971000000000000000e+04
1.971100000000000000e+04
1.979700000000000000e+04
1.980300000000000000e+04
1.981200000000000000e+04
1.983800000000000000e+04
1.987800000000000000e+04
1.988600000000000000e+04
1.989000000000000000e+04
1.990100000000000000e+04
1.990600000000000000e+04
1.994800000000000000e+04
1.995700000000000000e+04
1.998500000000000000e+04
1.999300000000000000e+04
2.000700000000000000e+04
2.001400000000000000e+04
2.001500000000000000e+04
2.001600000000000000e+04
2.001800000000000000e+04
2.007000000000000000e+04
2.007700000000000000e+04
2.007800000000000000e+04
2.009700000000000000e+04
2.010300000000000000e+04
2.010600000000000000e+04
2.010800000000000000e+04
2.014900000000000000e+04
2.019100000000000000e+04
2.019300000000000000e+04
2.020200000000000000e+04
2.021500000000000000e+04
2.031900000000000000e+04
2.035900000000000000e+04
2.036000000000000000e+04
2.037600000000000000e+04
2.040900000000000000e+04
2.041700000000000000e+04
2.042400000000000000e+04
2.043500000000000000e+04
2.055100000000000000e+04
2.067400000000000000e+04
2.070800000000000000e+04
2.077300000000000000e+04
2.087200000000000000e+04
2.090100000000000000e+04
2.091600000000000000e+04
2.098300000000000000e+04
2.099400000000000000e+04
2.099700000000000000e+04
2.102400000000000000e+04
2.105000000000000000e+04
2.109900000000000000e+04
2.110200000000000000e+04
2.114500000000000000e+04
2.115100000000000000e+04
2.115800000000000000e+04
2.117100000000000000e+04
2.117200000000000000e+04
2.119300000000000000e+04
2.119900000000000000e+04
2.124700000000000000e+04
2.128100000000000000e+04
2.128700000000000000e+04
2.129500000000000000e+04
2.129800000000000000e+04
2.129900000000000000e+04
2.130500000000000000e+04
2.130600000000000000e+04
2.131000000000000000e+04
2.131700000000000000e+04
2.132100000000000000e+04
2.133300000000000000e+04
2.133800000000000000e+04
2.133900000000000000e+04
2.135300000000000000e+04
2.139100000000000000e+04
2.140300000000000000e+04
2.144400000000000000e+04
2.149400000000000000e+04
2.152200000000000000e+04
2.158200000000000000e+04
2.159100000000000000e+04
2.159700000000000000e+04
2.164300000000000000e+04
2.165300000000000000e+04
2.170000000000000000e+04
2.170100000000000000e+04
2.170200000000000000e+04
2.171900000000000000e+04
2.172300000000000000e+04
2.174100000000000000e+04
2.174800000000000000e+04
2.177200000000000000e+04
2.177300000000000000e+04
2.180500000000000000e+04
2.181900000000000000e+04
2.184200000000000000e+04
2.185000000000000000e+04
2.187500000000000000e+04
2.188800000000000000e+04
2.189300000000000000e+04
2.190000000000000000e+04
2.190900000000000000e+04
2.194200000000000000e+04
2.195700000000000000e+04
2.198800000000000000e+04
2.199900000000000000e+04
2.200000000000000000e+04
2.200600000000000000e+04
2.205600000000000000e+04
2.208200000000000000e+04
2.208400000000000000e+04
2.208500000000000000e+04
2.208800000000000000e+04
2.209100000000000000e+04
2.210600000000000000e+04
2.214000000000000000e+04
2.214100000000000000e+04
2.214300000000000000e+04
2.214400000000000000e+04
2.219600000000000000e+04
2.221000000000000000e+04
2.222000000000000000e+04
2.225300000000000000e+04
2.225700000000000000e+04
2.226900000000000000e+04
2.228500000000000000e+04
2.233600000000000000e+04
2.236100000000000000e+04
2.236200000000000000e+04
2.236300000000000000e+04
2.237300000000000000e+04
2.238100000000000000e+04
2.238400000000000000e+04
2.240300000000000000e+04
2.240500000000000000e+04
2.241000000000000000e+04
2.241800000000000000e+04
2.242600000000000000e+04
2.250700000000000000e+04
2.252700000000000000e+04
2.257800000000000000e+04
2.258900000000000000e+04
2.259000000000000000e+04
2.260600000000000000e+04
2.264100000000000000e+04
2.265100000000000000e+04
2.265600000000000000e+04
2.268100000000000000e+04
2.272100000000000000e+04
2.276000000000000000e+04
2.276200000000000000e+04
2.277500000000000000e+04
2.279800000000000000e+04
2.282800000000000000e+04
2.286400000000000000e+04
2.290400000000000000e+04
2.293400000000000000e+04
2.296000000000000000e+04
2.299100000000000000e+04
2.302500000000000000e+04
2.303500000000000000e+04
2.303700000000000000e+04
2.311400000000000000e+04
2.313700000000000000e+04
2.315100000000000000e+04
2.315200000000000000e+04
2.317400000000000000e+04
2.318800000000000000e+04
2.320500000000000000e+04
2.324300000000000000e+04
2.324500000000000000e+04
2.324600000000000000e+04
2.324700000000000000e+04
2.331200000000000000e+04
2.332900000000000000e+04
2.333000000000000000e+04
2.333100000000000000e+04
2.338600000000000000e+04
2.338900000000000000e+04
2.340100000000000000e+04
2.340600000000000000e+04
2.340700000000000000e+04
2.341600000000000000e+04
2.342100000000000000e+04
2.342400000000000000e+04
2.343100000000000000e+04
2.347600000000000000e+04
2.350100000000000000e+04
2.350400000000000000e+04
2.350500000000000000e+04
2.350700000000000000e+04
2.350800000000000000e+04
2.350900000000000000e+04
2.358000000000000000e+04
2.363300000000000000e+04
2.364800000000000000e+04
2.365800000000000000e+04
2.365900000000000000e+04
2.369500000000000000e+04
2.371700000000000000e+04
2.372500000000000000e+04
2.376600000000000000e+04
2.379400000000000000e+04
2.379500000000000000e+04
2.386600000000000000e+04
2.386900000000000000e+04
2.387100000000000000e+04
2.387700000000000000e+04
2.388300000000000000e+04
2.388700000000000000e+04
2.389000000000000000e+04
2.389500000000000000e+04
2.390700000000000000e+04
2.394300000000000000e+04
2.394600000000000000e+04
2.399300000000000000e+04
2.399800000000000000e+04
2.403400000000000000e+04
2.403500000000000000e+04
2.404600000000000000e+04
2.407100000000000000e+04
2.409700000000000000e+04
2.410900000000000000e+04
2.414700000000000000e+04
2.421700000000000000e+04
2.424900000000000000e+04
2.425900000000000000e+04
2.426700000000000000e+04
2.426800000000000000e+04
2.427700000000000000e+04
2.431400000000000000e+04
2.432200000000000000e+04
2.434400000000000000e+04
2.439200000000000000e+04
2.442000000000000000e+04
2.449400000000000000e+04
2.451300000000000000e+04
2.455800000000000000e+04
2.457000000000000000e+04
2.461900000000000000e+04
2.465700000000000000e+04
2.468400000000000000e+04
2.474600000000000000e+04
2.475400000000000000e+04
2.477800000000000000e+04
2.479800000000000000e+04
2.483400000000000000e+04
2.486100000000000000e+04
2.487800000000000000e+04
2.492000000000000000e+04
2.492100000000000000e+04
2.492200000000000000e+04
2.493300000000000000e+04
2.495700000000000000e+04
2.500300000000000000e+04
2.501600000000000000e+04
2.502300000000000000e+04
2.504100000000000000e+04
2.505800000000000000e+04
2.506000000000000000e+04
2.507500000000000000e+04
2.509000000000000000e+04
2.514800000000000000e+04
2.515500000000000000e+04
2.516100000000000000e+04
2.521900000000000000e+04
2.523800000000000000e+04
2.524100000000000000e+04
2.524200000000000000e+04
2.526500000000000000e+04
2.528400000000000000e+04
2.533900000000000000e+04
2.539600000000000000e+04
2.540900000000000000e+04
2.541500000000000000e+04
2.541900000000000000e+04
2.542200000000000000e+04
2.542400000000000000e+04
2.543300000000000000e+04
2.546300000000000000e+04
2.550400000000000000e+04
2.560900000000000000e+04
2.561200000000000000e+04
2.561300000000000000e+04
2.561500000000000000e+04
2.563200000000000000e+04
2.563900000000000000e+04
2.565800000000000000e+04
2.567200000000000000e+04
2.574200000000000000e+04
2.575400000000000000e+04
2.580500000000000000e+04
2.580700000000000000e+04
2.582000000000000000e+04
2.589000000000000000e+04
2.590100000000000000e+04
2.592700000000000000e+04
2.594700000000000000e+04
2.595600000000000000e+04
2.595800000000000000e+04
2.596600000000000000e+04
2.597500000000000000e+04
2.601800000000000000e+04
2.603100000000000000e+04
2.607100000000000000e+04
2.612100000000000000e+04
2.612300000000000000e+04
2.614900000000000000e+04
2.615300000000000000e+04
2.617900000000000000e+04
2.618000000000000000e+04
2.619900000000000000e+04
2.620100000000000000e+04
2.620400000000000000e+04
2.620900000000000000e+04
2.622700000000000000e+04
2.626100000000000000e+04
2.626200000000000000e+04
2.626500000000000000e+04
2.626600000000000000e+04
2.628700000000000000e+04
2.629600000000000000e+04
2.629900000000000000e+04
2.630800000000000000e+04
2.630900000000000000e+04
2.631200000000000000e+04
2.631400000000000000e+04
2.631700000000000000e+04
2.632600000000000000e+04
2.635900000000000000e+04
2.639300000000000000e+04
2.642900000000000000e+04
2.643600000000000000e+04
2.647200000000000000e+04
2.647300000000000000e+04
2.650400000000000000e+04
2.651600000000000000e+04
2.651700000000000000e+04
2.652900000000000000e+04
2.663900000000000000e+04
2.664500000000000000e+04
2.665200000000000000e+04
2.668800000000000000e+04
2.668900000000000000e+04
2.671000000000000000e+04
2.672000000000000000e+04
2.672200000000000000e+04
2.674100000000000000e+04
2.674400000000000000e+04
2.674700000000000000e+04
2.677900000000000000e+04
2.679900000000000000e+04
2.686100000000000000e+04
2.687300000000000000e+04
2.694300000000000000e+04
2.695000000000000000e+04
2.697200000000000000e+04
2.701100000000000000e+04
2.701500000000000000e+04
2.701600000000000000e+04
2.705800000000000000e+04
2.714800000000000000e+04
2.717400000000000000e+04
2.736600000000000000e+04
2.738000000000000000e+04
2.738900000000000000e+04
2.740300000000000000e+04
2.741800000000000000e+04
2.743800000000000000e+04
2.748400000000000000e+04
2.755500000000000000e+04
2.756100000000000000e+04
2.757900000000000000e+04
2.762200000000000000e+04
2.764200000000000000e+04
2.768800000000000000e+04
2.773800000000000000e+04
2.775400000000000000e+04
2.776200000000000000e+04
2.776300000000000000e+04
2.778300000000000000e+04
2.781700000000000000e+04
2.783200000000000000e+04
2.788800000000000000e+04
2.790600000000000000e+04
2.799100000000000000e+04
2.800200000000000000e+04
2.800300000000000000e+04
2.801800000000000000e+04
2.811000000000000000e+04
2.812100000000000000e+04
2.813500000000000000e+04
2.813600000000000000e+04
2.814700000000000000e+04
2.822300000000000000e+04
2.822500000000000000e+04
2.826100000000000000e+04
2.826500000000000000e+04
2.828100000000000000e+04
2.828300000000000000e+04
2.829400000000000000e+04
2.829700000000000000e+04
2.838300000000000000e+04
2.840300000000000000e+04
2.842200000000000000e+04
2.843200000000000000e+04
2.844800000000000000e+04
2.846300000000000000e+04
2.851300000000000000e+04
2.851400000000000000e+04
2.857600000000000000e+04
2.858400000000000000e+04
2.859700000000000000e+04
2.865600000000000000e+04
2.868300000000000000e+04
2.869000000000000000e+04
2.870000000000000000e+04
2.870800000000000000e+04
2.871700000000000000e+04
2.877300000000000000e+04
2.877400000000000000e+04
2.877500000000000000e+04
2.878200000000000000e+04
2.880300000000000000e+04
2.885100000000000000e+04
2.885200000000000000e+04
2.887300000000000000e+04
2.891500000000000000e+04
2.897200000000000000e+04
2.902100000000000000e+04
2.902800000000000000e+04
2.904900000000000000e+04
2.905400000000000000e+04
2.906200000000000000e+04
2.912400000000000000e+04
2.916800000000000000e+04
2.921200000000000000e+04
2.922200000000000000e+04
2.928300000000000000e+04
2.930300000000000000e+04
2.933300000000000000e+04
2.934000000000000000e+04
2.934400000000000000e+04
2.937900000000000000e+04
2.944800000000000000e+04
2.948300000000000000e+04
2.952800000000000000e+04
2.959100000000000000e+04
2.964100000000000000e+04
2.966900000000000000e+04
2.971900000000000000e+04
2.973500000000000000e+04
2.974400000000000000e+04
2.975300000000000000e+04
2.976300000000000000e+04
2.977900000000000000e+04
2.982400000000000000e+04
2.986100000000000000e+04
2.991000000000000000e+04
2.991500000000000000e+04
2.996100000000000000e+04
2.997000000000000000e+04
2.998300000000000000e+04
3.000000000000000000e+04
3.000100000000000000e+04
3.005500000000000000e+04
3.005700000000000000e+04
3.007300000000000000e+04
3.008000000000000000e+04
3.015800000000000000e+04
3.017900000000000000e+04
3.019800000000000000e+04
3.029400000000000000e+04
3.034600000000000000e+04
3.042300000000000000e+04
3.044500000000000000e+04
3.050300000000000000e+04
3.051100000000000000e+04
3.053700000000000000e+04
3.054000000000000000e+04
3.055000000000000000e+04
3.060000000000000000e+04
3.061800000000000000e+04
3.064800000000000000e+04
3.066800000000000000e+04
3.067000000000000000e+04
3.073500000000000000e+04
3.076900000000000000e+04
3.084100000000000000e+04
3.089300000000000000e+04
3.091500000000000000e+04
3.099300000000000000e+04
3.099900000000000000e+04
3.116900000000000000e+04
3.123300000000000000e+04
3.124700000000000000e+04
3.135000000000000000e+04
3.135500000000000000e+04
3.137300000000000000e+04
3.138000000000000000e+04
3.139800000000000000e+04
3.143700000000000000e+04
3.148100000000000000e+04
3.150300000000000000e+04
3.158200000000000000e+04
3.160900000000000000e+04
3.179900000000000000e+04
3.183500000000000000e+04
3.187300000000000000e+04
3.187500000000000000e+04
3.189000000000000000e+04
3.190000000000000000e+04
3.190200000000000000e+04
3.190500000000000000e+04
3.190700000000000000e+04
3.190800000000000000e+04
3.192300000000000000e+04
3.194400000000000000e+04
3.197100000000000000e+04
3.197800000000000000e+04
3.198600000000000000e+04
3.200100000000000000e+04
3.201500000000000000e+04
3.203000000000000000e+04
3.203800000000000000e+04
3.204400000000000000e+04
3.206100000000000000e+04
3.209700000000000000e+04
3.213400000000000000e+04
3.218000000000000000e+04
3.220400000000000000e+04
3.221700000000000000e+04
3.223100000000000000e+04
3.223200000000000000e+04
3.225000000000000000e+04
3.228800000000000000e+04
3.229800000000000000e+04
3.231500000000000000e+04
3.231700000000000000e+04
3.236800000000000000e+04
3.238200000000000000e+04
3.238800000000000000e+04
3.245700000000000000e+04
3.246300000000000000e+04
3.246500000000000000e+04
3.246900000000000000e+04
3.248700000000000000e+04
3.249800000000000000e+04
3.250200000000000000e+04
3.252900000000000000e+04
3.253000000000000000e+04
3.256800000000000000e+04
3.260600000000000000e+04
3.265700000000000000e+04
3.266500000000000000e+04
3.267700000000000000e+04
3.270400000000000000e+04
3.270700000000000000e+04
3.273300000000000000e+04
3.273900000000000000e+04
3.274900000000000000e+04
3.275200000000000000e+04
3.276400000000000000e+04
3.278800000000000000e+04
3.280900000000000000e+04
3.281000000000000000e+04
3.283000000000000000e+04
3.283800000000000000e+04
3.284100000000000000e+04
3.287500000000000000e+04
3.287600000000000000e+04
3.287700000000000000e+04
3.287800000000000000e+04
3.288000000000000000e+04
3.288400000000000000e+04
3.290200000000000000e+04
3.299700000000000000e+04
3.303200000000000000e+04
3.303300000000000000e+04
3.305500000000000000e+04
3.307700000000000000e+04
3.308800000000000000e+04
3.309500000000000000e+04
3.310100000000000000e+04
3.311600000000000000e+04
3.312400000000000000e+04
3.312900000000000000e+04
3.313900000000000000e+04
3.317600000000000000e+04
3.318100000000000000e+04
3.319900000000000000e+04
3.320100000000000000e+04
3.320300000000000000e+04
3.320600000000000000e+04
3.321900000000000000e+04
3.328600000000000000e+04
3.332900000000000000e+04
3.333900000000000000e+04
3.335600000000000000e+04
3.336900000000000000e+04
3.337500000000000000e+04
3.338600000000000000e+04
3.343500000000000000e+04
3.346500000000000000e+04
3.346600000000000000e+04
3.348600000000000000e+04
3.349800000000000000e+04
3.351000000000000000e+04
3.351100000000000000e+04
3.353800000000000000e+04
3.355100000000000000e+04
3.356700000000000000e+04
3.357000000000000000e+04
3.357900000000000000e+04
3.358400000000000000e+04
3.358600000000000000e+04
3.358800000000000000e+04
3.359000000000000000e+04
3.360100000000000000e+04
3.361100000000000000e+04
3.362000000000000000e+04
3.365100000000000000e+04
3.367600000000000000e+04
3.368800000000000000e+04
3.370100000000000000e+04
3.370700000000000000e+04
3.372000000000000000e+04
3.372600000000000000e+04
3.373400000000000000e+04
3.378300000000000000e+04
3.380200000000000000e+04
3.381400000000000000e+04
3.381600000000000000e+04
3.385400000000000000e+04
3.385500000000000000e+04
3.386500000000000000e+04
3.387100000000000000e+04
3.388500000000000000e+04
3.390500000000000000e+04
3.396100000000000000e+04
3.396200000000000000e+04
3.396800000000000000e+04
3.396900000000000000e+04
3.397300000000000000e+04
3.402700000000000000e+04
3.406000000000000000e+04
3.406100000000000000e+04
3.406200000000000000e+04
3.406400000000000000e+04
3.406500000000000000e+04
3.411000000000000000e+04
3.411100000000000000e+04
3.411900000000000000e+04
3.412300000000000000e+04
3.412900000000000000e+04
3.413100000000000000e+04
3.413200000000000000e+04
3.414400000000000000e+04
3.414500000000000000e+04
3.415700000000000000e+04
3.418200000000000000e+04
3.418800000000000000e+04
3.419300000000000000e+04
3.419500000000000000e+04
3.419700000000000000e+04
3.422000000000000000e+04
3.423100000000000000e+04
3.423200000000000000e+04
3.424300000000000000e+04
3.426800000000000000e+04
3.429900000000000000e+04
3.430800000000000000e+04
3.431200000000000000e+04
3.431400000000000000e+04
3.434300000000000000e+04
3.435100000000000000e+04
3.436400000000000000e+04
3.437000000000000000e+04
3.437500000000000000e+04
3.438500000000000000e+04
3.439600000000000000e+04
3.439800000000000000e+04
3.440100000000000000e+04
3.441300000000000000e+04
3.441500000000000000e+04
3.441600000000000000e+04
3.441700000000000000e+04
3.442000000000000000e+04
3.443500000000000000e+04
3.443900000000000000e+04
3.446500000000000000e+04
3.446900000000000000e+04
3.447200000000000000e+04
3.452000000000000000e+04
3.452100000000000000e+04
3.452800000000000000e+04
3.453900000000000000e+04
3.455000000000000000e+04
3.455600000000000000e+04
3.459600000000000000e+04
3.460000000000000000e+04
3.460700000000000000e+04
3.461400000000000000e+04
3.462800000000000000e+04
3.463300000000000000e+04
3.470300000000000000e+04
3.471800000000000000e+04
3.472600000000000000e+04
3.473100000000000000e+04
3.473400000000000000e+04
3.474400000000000000e+04
3.474800000000000000e+04
3.478700000000000000e+04
3.479200000000000000e+04
3.480100000000000000e+04
3.481100000000000000e+04
3.481200000000000000e+04
3.483000000000000000e+04
3.483400000000000000e+04
3.489600000000000000e+04
3.490900000000000000e+04
3.491300000000000000e+04
3.492500000000000000e+04
3.492600000000000000e+04
3.497200000000000000e+04
3.497300000000000000e+04
3.497800000000000000e+04
3.498100000000000000e+04
3.498400000000000000e+04
3.499800000000000000e+04
3.502000000000000000e+04
3.504900000000000000e+04
3.507800000000000000e+04
3.507900000000000000e+04
3.511200000000000000e+04
3.513000000000000000e+04
3.513100000000000000e+04
3.515400000000000000e+04
3.518100000000000000e+04
3.519400000000000000e+04
3.519700000000000000e+04
3.525700000000000000e+04
3.525900000000000000e+04
3.530400000000000000e+04
3.530900000000000000e+04
3.531500000000000000e+04
3.534300000000000000e+04
3.535400000000000000e+04
3.535500000000000000e+04
3.537100000000000000e+04
3.537400000000000000e+04
3.538400000000000000e+04
3.539400000000000000e+04
3.540100000000000000e+04
3.540300000000000000e+04
3.541900000000000000e+04
3.544700000000000000e+04
3.545400000000000000e+04
3.546900000000000000e+04
3.549300000000000000e+04
3.554900000000000000e+04
3.556200000000000000e+04
3.561600000000000000e+04
3.566800000000000000e+04
3.566900000000000000e+04
3.569200000000000000e+04
3.570300000000000000e+04
3.572500000000000000e+04
3.574200000000000000e+04
3.576400000000000000e+04
3.580700000000000000e+04
3.582300000000000000e+04
3.583000000000000000e+04
3.588200000000000000e+04
3.588400000000000000e+04
3.588500000000000000e+04
3.588700000000000000e+04
3.588800000000000000e+04
3.588900000000000000e+04
3.589200000000000000e+04
3.589400000000000000e+04
3.598600000000000000e+04
3.600400000000000000e+04
3.602100000000000000e+04
3.602800000000000000e+04
3.603300000000000000e+04
3.603600000000000000e+04
3.604500000000000000e+04
3.605900000000000000e+04
3.606300000000000000e+04
3.606400000000000000e+04
3.606500000000000000e+04
3.606600000000000000e+04
3.609000000000000000e+04
3.611200000000000000e+04
3.618100000000000000e+04
3.622800000000000000e+04
3.624700000000000000e+04
3.627300000000000000e+04
3.629900000000000000e+04
3.631800000000000000e+04
3.632500000000000000e+04
3.632900000000000000e+04
3.640900000000000000e+04
3.643200000000000000e+04
3.643300000000000000e+04
3.645500000000000000e+04
3.646000000000000000e+04
3.646200000000000000e+04
3.647200000000000000e+04
3.657500000000000000e+04
3.660300000000000000e+04
3.668200000000000000e+04
3.668400000000000000e+04
3.671000000000000000e+04
3.673500000000000000e+04
3.674000000000000000e+04
3.680500000000000000e+04
3.683600000000000000e+04
3.685400000000000000e+04
3.688400000000000000e+04
3.689400000000000000e+04
3.693500000000000000e+04
3.698500000000000000e+04
3.698600000000000000e+04
3.703800000000000000e+04
3.704000000000000000e+04
3.706000000000000000e+04
3.706600000000000000e+04
3.707400000000000000e+04
3.708200000000000000e+04
3.710200000000000000e+04
3.710300000000000000e+04
3.711600000000000000e+04
3.713700000000000000e+04
3.714000000000000000e+04
3.715200000000000000e+04
3.715600000000000000e+04
3.719500000000000000e+04
3.721500000000000000e+04
3.721700000000000000e+04
3.722900000000000000e+04
3.724800000000000000e+04
3.725600000000000000e+04
3.731600000000000000e+04
3.731700000000000000e+04
3.731800000000000000e+04
3.732100000000000000e+04
3.732300000000000000e+04
3.733500000000000000e+04
3.733700000000000000e+04
3.735900000000000000e+04
3.740200000000000000e+04
3.740300000000000000e+04
3.741100000000000000e+04
3.741800000000000000e+04
3.741900000000000000e+04
3.743000000000000000e+04
3.745300000000000000e+04
3.746800000000000000e+04
3.747100000000000000e+04
3.755300000000000000e+04
3.756200000000000000e+04
3.758800000000000000e+04
3.761500000000000000e+04
3.764900000000000000e+04
3.770100000000000000e+04
3.773000000000000000e+04
3.780800000000000000e+04
3.791000000000000000e+04
3.793300000000000000e+04
3.793900000000000000e+04
3.802200000000000000e+04
3.804300000000000000e+04
3.807400000000000000e+04
3.807700000000000000e+04
3.808700000000000000e+04
3.808800000000000000e+04
3.809400000000000000e+04
3.811600000000000000e+04
3.816700000000000000e+04
3.819600000000000000e+04
3.820500000000000000e+04
3.825200000000000000e+04
3.826000000000000000e+04
3.827700000000000000e+04
3.828700000000000000e+04
3.829000000000000000e+04
3.829400000000000000e+04
3.830800000000000000e+04
3.831200000000000000e+04
3.831300000000000000e+04
3.831400000000000000e+04
3.836000000000000000e+04
3.837200000000000000e+04
3.839800000000000000e+04
3.842600000000000000e+04
3.844400000000000000e+04
3.852300000000000000e+04
3.853400000000000000e+04
3.854800000000000000e+04
3.855200000000000000e+04
3.856400000000000000e+04
3.856700000000000000e+04
3.858800000000000000e+04
3.859100000000000000e+04
3.859700000000000000e+04
3.862200000000000000e+04
3.864700000000000000e+04
3.865000000000000000e+04
3.866500000000000000e+04
3.867800000000000000e+04
3.873700000000000000e+04
3.874200000000000000e+04
3.875100000000000000e+04
3.875900000000000000e+04
3.876300000000000000e+04
3.880700000000000000e+04
3.881800000000000000e+04
3.882700000000000000e+04
3.884200000000000000e+04
3.884900000000000000e+04
3.887900000000000000e+04
3.888600000000000000e+04
3.888700000000000000e+04
3.891600000000000000e+04
3.892800000000000000e+04
3.895200000000000000e+04
3.900800000000000000e+04
3.904000000000000000e+04
3.907100000000000000e+04
3.912500000000000000e+04
3.912600000000000000e+04
3.913300000000000000e+04
3.917200000000000000e+04
3.918300000000000000e+04
3.923600000000000000e+04
3.924000000000000000e+04
3.926100000000000000e+04
3.927400000000000000e+04
3.928500000000000000e+04
3.931100000000000000e+04
3.931300000000000000e+04
3.934200000000000000e+04
3.934500000000000000e+04
3.940900000000000000e+04
3.941000000000000000e+04
3.943100000000000000e+04
3.944600000000000000e+04
3.945600000000000000e+04
3.946100000000000000e+04
3.946700000000000000e+04
3.947300000000000000e+04
3.949000000000000000e+04
3.950100000000000000e+04
3.950400000000000000e+04
3.953000000000000000e+04
3.954600000000000000e+04
3.954900000000000000e+04
3.956600000000000000e+04
3.958100000000000000e+04
3.958200000000000000e+04
3.964700000000000000e+04
3.965900000000000000e+04
3.966900000000000000e+04
3.969200000000000000e+04
3.969500000000000000e+04
3.969600000000000000e+04
3.969800000000000000e+04
3.973000000000000000e+04
3.973200000000000000e+04
3.973500000000000000e+04
3.973700000000000000e+04
3.974400000000000000e+04
3.974500000000000000e+04
3.975900000000000000e+04
3.981500000000000000e+04
3.981600000000000000e+04
3.986600000000000000e+04
3.988700000000000000e+04
3.991600000000000000e+04
3.991700000000000000e+04
3.992700000000000000e+04
3.993400000000000000e+04
3.994000000000000000e+04
3.994100000000000000e+04
3.994800000000000000e+04
3.995200000000000000e+04
3.995500000000000000e+04
3.995800000000000000e+04
4.004400000000000000e+04
4.006900000000000000e+04
4.013400000000000000e+04
4.014800000000000000e+04
4.015000000000000000e+04
4.024900000000000000e+04
4.025900000000000000e+04
4.038100000000000000e+04
4.042400000000000000e+04
4.049800000000000000e+04
4.051200000000000000e+04
4.056400000000000000e+04
4.056700000000000000e+04
4.056800000000000000e+04
4.056900000000000000e+04
4.057900000000000000e+04
4.058400000000000000e+04
4.058700000000000000e+04
4.058800000000000000e+04
4.060200000000000000e+04
4.064600000000000000e+04
4.070000000000000000e+04
4.070100000000000000e+04
4.074200000000000000e+04
4.077200000000000000e+04
4.082000000000000000e+04
4.082900000000000000e+04
4.083000000000000000e+04
4.083300000000000000e+04
4.084100000000000000e+04
4.084200000000000000e+04
4.085200000000000000e+04
4.089800000000000000e+04
4.092200000000000000e+04
4.093300000000000000e+04
4.093600000000000000e+04
4.096000000000000000e+04
4.096100000000000000e+04
4.102700000000000000e+04
4.104000000000000000e+04
4.104500000000000000e+04
4.106800000000000000e+04
4.110900000000000000e+04
4.112100000000000000e+04
4.113600000000000000e+04
4.113900000000000000e+04
4.114600000000000000e+04
4.115600000000000000e+04
4.118000000000000000e+04
4.119200000000000000e+04
4.121400000000000000e+04
4.124600000000000000e+04
4.125400000000000000e+04
4.125600000000000000e+04
4.127000000000000000e+04
4.131000000000000000e+04
4.131100000000000000e+04
4.133200000000000000e+04
4.133300000000000000e+04
4.134300000000000000e+04
4.135300000000000000e+04
4.136000000000000000e+04
4.136900000000000000e+04
4.137000000000000000e+04
4.137100000000000000e+04
4.138000000000000000e+04
4.139500000000000000e+04
4.139600000000000000e+04
4.141200000000000000e+04
4.142000000000000000e+04
4.149500000000000000e+04
4.149600000000000000e+04
4.154900000000000000e+04
4.157300000000000000e+04
4.160200000000000000e+04
4.165000000000000000e+04
4.171100000000000000e+04
4.171500000000000000e+04
4.171600000000000000e+04
4.174400000000000000e+04
4.174500000000000000e+04
4.175600000000000000e+04
4.175700000000000000e+04
4.175800000000000000e+04
4.175900000000000000e+04
4.176200000000000000e+04
4.176300000000000000e+04
4.176700000000000000e+04
4.176800000000000000e+04
4.177200000000000000e+04
4.177800000000000000e+04
4.178000000000000000e+04
4.178700000000000000e+04
4.180000000000000000e+04
4.180300000000000000e+04
4.181100000000000000e+04
4.184400000000000000e+04
4.185700000000000000e+04
4.188100000000000000e+04
4.190500000000000000e+04
4.195000000000000000e+04
4.196600000000000000e+04
4.196700000000000000e+04
4.197600000000000000e+04
4.197900000000000000e+04
4.198200000000000000e+04
4.198600000000000000e+04
4.200400000000000000e+04
4.200500000000000000e+04
4.202100000000000000e+04
4.202200000000000000e+04
4.205300000000000000e+04
4.205500000000000000e+04
4.206000000000000000e+04
4.208100000000000000e+04
4.208500000000000000e+04
4.212700000000000000e+04
4.213500000000000000e+04
4.214000000000000000e+04
4.215000000000000000e+04
4.220400000000000000e+04
4.220700000000000000e+04
4.223500000000000000e+04
4.224000000000000000e+04
4.224300000000000000e+04
4.225400000000000000e+04
4.227200000000000000e+04
4.233100000000000000e+04
4.234100000000000000e+04
4.238600000000000000e+04
4.240300000000000000e+04
4.241500000000000000e+04
4.242100000000000000e+04
4.247200000000000000e+04
4.253300000000000000e+04
4.256600000000000000e+04
4.260000000000000000e+04
4.265300000000000000e+04
4.275500000000000000e+04
4.275800000000000000e+04
4.276200000000000000e+04
4.276300000000000000e+04
4.277100000000000000e+04
4.277500000000000000e+04
4.280500000000000000e+04
4.281800000000000000e+04
4.282500000000000000e+04
4.282600000000000000e+04
4.285600000000000000e+04
4.287000000000000000e+04
4.293200000000000000e+04
4.294300000000000000e+04
4.295100000000000000e+04
4.296500000000000000e+04
4.296800000000000000e+04
4.297000000000000000e+04
4.298200000000000000e+04
4.299100000000000000e+04
4.299700000000000000e+04
4.300900000000000000e+04
4.301000000000000000e+04
4.301100000000000000e+04
4.301400000000000000e+04
4.302100000000000000e+04
4.303800000000000000e+04
4.304000000000000000e+04
4.309000000000000000e+04
4.309400000000000000e+04
4.311000000000000000e+04
4.312400000000000000e+04
4.313000000000000000e+04
4.315400000000000000e+04
4.315600000000000000e+04
4.315700000000000000e+04
4.316300000000000000e+04
4.316500000000000000e+04
4.316700000000000000e+04
4.317300000000000000e+04
4.317500000000000000e+04
4.317900000000000000e+04
4.318500000000000000e+04
4.319000000000000000e+04
4.320700000000000000e+04
4.326000000000000000e+04
4.331900000000000000e+04
4.332500000000000000e+04
4.332900000000000000e+04
4.335900000000000000e+04
4.341900000000000000e+04
4.342100000000000000e+04
4.345300000000000000e+04
4.349600000000000000e+04
4.350600000000000000e+04
4.352600000000000000e+04
4.352700000000000000e+04
4.354100000000000000e+04
4.355000000000000000e+04
4.356700000000000000e+04
4.359800000000000000e+04
4.361400000000000000e+04
4.364900000000000000e+04
4.369200000000000000e+04
4.369500000000000000e+04
4.373600000000000000e+04
4.377300000000000000e+04
4.379700000000000000e+04
4.380000000000000000e+04
4.380300000000000000e+04
4.381500000000000000e+04
4.381700000000000000e+04
4.382800000000000000e+04
4.388900000000000000e+04
4.394500000000000000e+04
4.394900000000000000e+04
4.396900000000000000e+04
4.397800000000000000e+04
4.398100000000000000e+04
4.399500000000000000e+04
4.400400000000000000e+04
4.402300000000000000e+04
4.403500000000000000e+04
4.403800000000000000e+04
4.404000000000000000e+04
4.405000000000000000e+04
4.405800000000000000e+04
4.406200000000000000e+04
4.408300000000000000e+04
4.409500000000000000e+04
4.410300000000000000e+04
4.411400000000000000e+04
4.414300000000000000e+04
4.418800000000000000e+04
4.419700000000000000e+04
4.420000000000000000e+04
4.420500000000000000e+04
4.422500000000000000e+04
4.423600000000000000e+04
4.425600000000000000e+04
4.426800000000000000e+04
4.427800000000000000e+04
4.428000000000000000e+04
4.428100000000000000e+04
4.428800000000000000e+04
4.430400000000000000e+04
4.431400000000000000e+04
4.433800000000000000e+04
4.434600000000000000e+04
4.434700000000000000e+04
4.436100000000000000e+04
4.437400000000000000e+04
4.437700000000000000e+04
4.438400000000000000e+04
4.438600000000000000e+04
4.439600000000000000e+04
4.444900000000000000e+04
4.445600000000000000e+04
4.446500000000000000e+04
4.446800000000000000e+04
4.448400000000000000e+04
4.448700000000000000e+04
4.451600000000000000e+04
4.453800000000000000e+04
4.453900000000000000e+04
4.455900000000000000e+04
4.458200000000000000e+04
4.462300000000000000e+04
4.467300000000000000e+04
4.471400000000000000e+04
4.471500000000000000e+04
4.472600000000000000e+04
4.472700000000000000e+04
4.476100000000000000e+04
4.479000000000000000e+04
4.479600000000000000e+04
4.480300000000000000e+04
4.482000000000000000e+04
4.483600000000000000e+04
4.484000000000000000e+04
4.485700000000000000e+04
4.488900000000000000e+04
4.494200000000000000e+04
4.496500000000000000e+04
4.499600000000000000e+04
4.501300000000000000e+04
4.502200000000000000e+04
4.502400000000000000e+04
4.506000000000000000e+04
4.507600000000000000e+04
4.507800000000000000e+04
4.509400000000000000e+04
4.511000000000000000e+04
4.511900000000000000e+04
4.512700000000000000e+04
4.514300000000000000e+04
4.514400000000000000e+04
4.516800000000000000e+04
4.517300000000000000e+04
4.519700000000000000e+04
4.519800000000000000e+04
4.521000000000000000e+04
4.521100000000000000e+04
4.524400000000000000e+04
4.527200000000000000e+04
4.527400000000000000e+04
4.529000000000000000e+04
4.534600000000000000e+04
4.535700000000000000e+04
4.535800000000000000e+04
4.538800000000000000e+04
4.540700000000000000e+04
4.542600000000000000e+04
4.544600000000000000e+04
4.545400000000000000e+04
4.545900000000000000e+04
4.559100000000000000e+04
4.560800000000000000e+04
4.560900000000000000e+04
4.562900000000000000e+04
4.563100000000000000e+04
4.563300000000000000e+04
4.567100000000000000e+04
4.567200000000000000e+04
4.572100000000000000e+04
4.578700000000000000e+04
4.578900000000000000e+04
4.580400000000000000e+04
4.582400000000000000e+04
4.588400000000000000e+04
4.589400000000000000e+04
4.590300000000000000e+04
4.590400000000000000e+04
4.592400000000000000e+04
4.593100000000000000e+04
4.595700000000000000e+04
4.604100000000000000e+04
4.604200000000000000e+04
4.604300000000000000e+04
4.604400000000000000e+04
4.604500000000000000e+04
4.605600000000000000e+04
4.606000000000000000e+04
4.607200000000000000e+04
4.607300000000000000e+04
4.607500000000000000e+04
4.612100000000000000e+04
4.612200000000000000e+04
4.612300000000000000e+04
4.612500000000000000e+04
4.613700000000000000e+04
4.617200000000000000e+04
4.618300000000000000e+04
4.620800000000000000e+04
4.625000000000000000e+04
4.625100000000000000e+04
4.632700000000000000e+04
4.641900000000000000e+04
4.642000000000000000e+04
4.642400000000000000e+04
4.642700000000000000e+04
4.644400000000000000e+04
4.646200000000000000e+04
4.646500000000000000e+04
4.646600000000000000e+04
4.648500000000000000e+04
4.650000000000000000e+04
4.653300000000000000e+04
4.654000000000000000e+04
4.655300000000000000e+04
4.657200000000000000e+04
4.659400000000000000e+04
4.659900000000000000e+04
4.660100000000000000e+04
4.660500000000000000e+04
4.662100000000000000e+04
4.662400000000000000e+04
4.663500000000000000e+04
4.663800000000000000e+04
4.665600000000000000e+04
4.666400000000000000e+04
4.666500000000000000e+04
4.666600000000000000e+04
4.666800000000000000e+04
4.667200000000000000e+04
4.671500000000000000e+04
4.671700000000000000e+04
4.673100000000000000e+04
4.675200000000000000e+04
4.677700000000000000e+04
4.679400000000000000e+04
4.680100000000000000e+04
4.680600000000000000e+04
4.681000000000000000e+04
4.681200000000000000e+04
4.682700000000000000e+04
4.683900000000000000e+04
4.685100000000000000e+04
4.688900000000000000e+04
4.689800000000000000e+04
4.692900000000000000e+04
4.693800000000000000e+04
4.693900000000000000e+04
4.699700000000000000e+04
4.701000000000000000e+04
4.702400000000000000e+04
4.711600000000000000e+04
4.711800000000000000e+04
4.714800000000000000e+04
4.715900000000000000e+04
4.716000000000000000e+04
4.723400000000000000e+04
4.724300000000000000e+04
4.724400000000000000e+04
4.724500000000000000e+04
4.727400000000000000e+04
4.728400000000000000e+04
4.729300000000000000e+04
4.730200000000000000e+04
4.730900000000000000e+04
4.732600000000000000e+04
4.736000000000000000e+04
4.737500000000000000e+04
4.739600000000000000e+04
4.741800000000000000e+04
4.742000000000000000e+04
4.743100000000000000e+04
4.745800000000000000e+04
4.746900000000000000e+04
4.747200000000000000e+04
4.747500000000000000e+04
4.747600000000000000e+04
4.747800000000000000e+04
4.748400000000000000e+04
4.748500000000000000e+04
4.748600000000000000e+04
4.748700000000000000e+04
4.749500000000000000e+04
4.750100000000000000e+04
4.751000000000000000e+04
4.751400000000000000e+04
4.754800000000000000e+04
4.757800000000000000e+04
4.758000000000000000e+04
4.759200000000000000e+04
4.759300000000000000e+04
4.759400000000000000e+04
4.761400000000000000e+04
4.761800000000000000e+04
4.762700000000000000e+04
4.765000000000000000e+04
4.768400000000000000e+04
4.771400000000000000e+04
4.780300000000000000e+04
4.781000000000000000e+04
4.782000000000000000e+04
4.783400000000000000e+04
4.785100000000000000e+04
4.785700000000000000e+04
4.794500000000000000e+04
4.795000000000000000e+04
4.795900000000000000e+04
4.797200000000000000e+04
4.797300000000000000e+04
4.798700000000000000e+04
4.799900000000000000e+04
4.802800000000000000e+04
4.804700000000000000e+04
4.806300000000000000e+04
4.806900000000000000e+04
4.809200000000000000e+04
4.809700000000000000e+04
4.811100000000000000e+04
4.815000000000000000e+04
4.815100000000000000e+04
4.817800000000000000e+04
4.818300000000000000e+04
4.821600000000000000e+04
4.821900000000000000e+04
4.824800000000000000e+04
4.825700000000000000e+04
4.826900000000000000e+04
4.827600000000000000e+04
4.828900000000000000e+04
4.829600000000000000e+04
4.835100000000000000e+04
