1.310000000000000000e+02
3.570000000000000000e+02
5.690000000000000000e+02
7.460000000000000000e+02
7.800000000000000000e+02
9.980000000000000000e+02
1.250000000000000000e+03
1.259000000000000000e+03
1.262000000000000000e+03
1.291000000000000000e+03
1.311000000000000000e+03
1.358000000000000000e+03
1.564000000000000000e+03
1.565000000000000000e+03
1.672000000000000000e+03
1.739000000000000000e+03
1.782000000000000000e+03
1.813000000000000000e+03
1.814000000000000000e+03
2.206000000000000000e+03
2.498000000000000000e+03
2.545000000000000000e+03
2.888000000000000000e+03
2.923000000000000000e+03
2.926000000000000000e+03
3.158000000000000000e+03
3.314000000000000000e+03
3.516000000000000000e+03
3.589000000000000000e+03
3.624000000000000000e+03
3.636000000000000000e+03
3.650000000000000000e+03
3.760000000000000000e+03
3.902000000000000000e+03
3.904000000000000000e+03
4.051000000000000000e+03
4.067000000000000000e+03
4.161000000000000000e+03
4.299000000000000000e+03
4.662000000000000000e+03
4.667000000000000000e+03
4.748000000000000000e+03
4.754000000000000000e+03
4.836000000000000000e+03
5.072000000000000000e+03
5.087000000000000000e+03
5.128000000000000000e+03
5.142000000000000000e+03
5.143000000000000000e+03
5.145000000000000000e+03
5.150000000000000000e+03
5.201000000000000000e+03
5.239000000000000000e+03
5.244000000000000000e+03
5.263000000000000000e+03
5.291000000000000000e+03
5.317000000000000000e+03
5.492000000000000000e+03
5.498000000000000000e+03
5.541000000000000000e+03
5.570000000000000000e+03
5.781000000000000000e+03
5.783000000000000000e+03
5.820000000000000000e+03
5.855000000000000000e+03
5.862000000000000000e+03
5.934000000000000000e+03
5.980000000000000000e+03
6.050000000000000000e+03
6.068000000000000000e+03
6.123000000000000000e+03
6.131000000000000000e+03
6.243000000000000000e+03
6.294000000000000000e+03
6.374000000000000000e+03
6.422000000000000000e+03
6.467000000000000000e+03
6.886000000000000000e+03
6.903000000000000000e+03
6.905000000000000000e+03
6.925000000000000000e+03
6.961000000000000000e+03
6.967000000000000000e+03
6.968000000000000000e+03
7.041000000000000000e+03
7.053000000000000000e+03
7.088000000000000000e+03
7.089000000000000000e+03
7.298000000000000000e+03
7.430000000000000000e+03
7.505000000000000000e+03
7.509000000000000000e+03
7.517000000000000000e+03
7.588000000000000000e+03
7.593000000000000000e+03
7.695000000000000000e+03
7.700000000000000000e+03
7.758000000000000000e+03
7.769000000000000000e+03
7.773000000000000000e+03
7.888000000000000000e+03
7.961000000000000000e+03
8.064000000000000000e+03
8.142000000000000000e+03
8.156000000000000000e+03
8.200000000000000000e+03
8.237000000000000000e+03
8.273000000000000000e+03
8.335000000000000000e+03
8.420000000000000000e+03
8.421000000000000000e+03
8.439000000000000000e+03
8.647000000000000000e+03
8.759000000000000000e+03
8.774000000000000000e+03
8.788000000000000000e+03
8.799000000000000000e+03
8.873000000000000000e+03
9.011000000000000000e+03
9.036000000000000000e+03
9.085000000000000000e+03
9.137000000000000000e+03
9.341000000000000000e+03
9.474000000000000000e+03
9.484000000000000000e+03
9.485000000000000000e+03
9.577000000000000000e+03
9.594000000000000000e+03
9.651000000000000000e+03
9.654000000000000000e+03
9.745000000000000000e+03
9.843000000000000000e+03
9.925000000000000000e+03
9.980000000000000000e+03
1.001100000000000000e+04
1.001200000000000000e+04
1.001400000000000000e+04
1.001700000000000000e+04
1.005100000000000000e+04
1.021400000000000000e+04
1.028800000000000000e+04
1.029100000000000000e+04
1.030000000000000000e+04
1.051900000000000000e+04
1.076000000000000000e+04
1.076800000000000000e+04
1.081400000000000000e+04
1.081500000000000000e+04
1.087300000000000000e+04
1.088700000000000000e+04
1.089600000000000000e+04
1.090700000000000000e+04
1.091200000000000000e+04
1.092900000000000000e+04
1.096100000000000000e+04
1.097800000000000000e+04
1.106900000000000000e+04
1.107200000000000000e+04
1.107500000000000000e+04
1.109000000000000000e+04
1.109200000000000000e+04
1.111500000000000000e+04
1.114400000000000000e+04
1.116300000000000000e+04
1.117400000000000000e+04
1.121500000000000000e+04
1.123500000000000000e+04
1.142200000000000000e+04
1.146300000000000000e+04
1.151800000000000000e+04
1.157500000000000000e+04
1.159100000000000000e+04
1.163600000000000000e+04
1.163800000000000000e+04
1.168100000000000000e+04
1.168500000000000000e+04
1.169200000000000000e+04
1.175200000000000000e+04
1.175300000000000000e+04
1.182600000000000000e+04
1.185000000000000000e+04
1.185800000000000000e+04
1.187300000000000000e+04
1.191100000000000000e+04
1.197300000000000000e+04
1.202800000000000000e+04
1.212800000000000000e+04
1.212900000000000000e+04
1.216600000000000000e+04
1.218400000000000000e+04
1.218700000000000000e+04
1.221000000000000000e+04
1.224200000000000000e+04
1.233500000000000000e+04
1.233800000000000000e+04
1.235100000000000000e+04
1.257300000000000000e+04
1.261600000000000000e+04
1.269400000000000000e+04
1.269500000000000000e+04
1.271900000000000000e+04
1.273900000000000000e+04
1.274800000000000000e+04
1.277100000000000000e+04
1.279900000000000000e+04
1.281800000000000000e+04
1.283500000000000000e+04
1.284200000000000000e+04
1.287700000000000000e+04
1.289700000000000000e+04
1.293900000000000000e+04
1.296000000000000000e+04
1.296100000000000000e+04
1.299800000000000000e+04
1.299900000000000000e+04
1.308700000000000000e+04
1.309600000000000000e+04
1.310400000000000000e+04
1.310600000000000000e+04
1.310900000000000000e+04
1.313300000000000000e+04
1.316900000000000000e+04
1.317200000000000000e+04
1.318100000000000000e+04
1.318400000000000000e+04
1.319000000000000000e+04
1.319500000000000000e+04
1.319700000000000000e+04
1.321600000000000000e+04
1.326500000000000000e+04
1.330500000000000000e+04
1.331200000000000000e+04
1.340000000000000000e+04
1.340200000000000000e+04
1.352700000000000000e+04
1.366900000000000000e+04
1.370300000000000000e+04
1.374600000000000000e+04
1.376000000000000000e+04
1.376200000000000000e+04
1.376700000000000000e+04
1.379200000000000000e+04
1.389300000000000000e+04
1.409600000000000000e+04
1.414000000000000000e+04
1.415900000000000000e+04
1.417700000000000000e+04
1.418800000000000000e+04
1.418900000000000000e+04
1.419600000000000000e+04
1.424500000000000000e+04
1.425600000000000000e+04
1.425700000000000000e+04
1.426500000000000000e+04
1.429900000000000000e+04
1.431400000000000000e+04
1.432700000000000000e+04
1.434500000000000000e+04
1.438400000000000000e+04
1.438700000000000000e+04
1.441500000000000000e+04
1.442700000000000000e+04
1.447500000000000000e+04
1.451500000000000000e+04
1.453100000000000000e+04
1.453500000000000000e+04
1.456400000000000000e+04
1.456500000000000000e+04
1.458400000000000000e+04
1.459300000000000000e+04
1.465400000000000000e+04
1.465500000000000000e+04
1.465700000000000000e+04
1.467400000000000000e+04
1.468700000000000000e+04
1.472200000000000000e+04
1.484900000000000000e+04
1.485000000000000000e+04
1.489300000000000000e+04
1.497000000000000000e+04
1.498800000000000000e+04
1.500100000000000000e+04
1.500300000000000000e+04
1.503500000000000000e+04
1.512700000000000000e+04
1.514400000000000000e+04
1.520800000000000000e+04
1.521200000000000000e+04
1.530800000000000000e+04
1.533200000000000000e+04
1.536800000000000000e+04
1.542300000000000000e+04
1.544100000000000000e+04
1.553200000000000000e+04
1.553400000000000000e+04
1.557400000000000000e+04
1.564400000000000000e+04
1.567700000000000000e+04
1.582500000000000000e+04
1.585100000000000000e+04
1.587600000000000000e+04
1.592100000000000000e+04
1.592200000000000000e+04
1.596200000000000000e+04
1.602200000000000000e+04
1.613700000000000000e+04
1.614600000000000000e+04
1.621100000000000000e+04
1.622700000000000000e+04
1.627700000000000000e+04
1.628700000000000000e+04
1.629700000000000000e+04
1.630800000000000000e+04
1.635400000000000000e+04
1.637000000000000000e+04
1.638000000000000000e+04
1.638500000000000000e+04
1.655800000000000000e+04
1.663600000000000000e+04
1.664300000000000000e+04
1.664400000000000000e+04
1.666600000000000000e+04
1.667300000000000000e+04
1.669200000000000000e+04
1.669400000000000000e+04
1.672400000000000000e+04
1.673100000000000000e+04
1.673900000000000000e+04
1.678000000000000000e+04
1.678500000000000000e+04
1.678600000000000000e+04
1.683300000000000000e+04
1.696700000000000000e+04
1.700100000000000000e+04
1.705800000000000000e+04
1.706600000000000000e+04
1.709600000000000000e+04
1.717000000000000000e+04
1.721000000000000000e+04
1.725700000000000000e+04
1.729000000000000000e+04
1.733500000000000000e+04
1.734300000000000000e+04
1.737900000000000000e+04
1.739200000000000000e+04
1.741400000000000000e+04
1.746000000000000000e+04
1.746300000000000000e+04
1.752300000000000000e+04
1.755000000000000000e+04
1.758100000000000000e+04
1.759800000000000000e+04
1.774400000000000000e+04
1.775100000000000000e+04
1.775500000000000000e+04
1.778000000000000000e+04
1.778500000000000000e+04
1.780100000000000000e+04
1.786400000000000000e+04
1.790200000000000000e+04
1.800100000000000000e+04
1.808400000000000000e+04
1.810600000000000000e+04
1.810700000000000000e+04
1.811000000000000000e+04
1.812400000000000000e+04
1.817400000000000000e+04
1.817500000000000000e+04
1.821700000000000000e+04
1.822300000000000000e+04
1.823900000000000000e+04
1.825100000000000000e+04
1.835800000000000000e+04
1.849600000000000000e+04
1.853100000000000000e+04
1.854500000000000000e+04
1.857800000000000000e+04
1.858500000000000000e+04
1.859700000000000000e+04
1.861500000000000000e+04
1.861900000000000000e+04
1.864400000000000000e+04
1.864800000000000000e+04
1.864900000000000000e+04
1.865600000000000000e+04
1.870700000000000000e+04
1.875500000000000000e+04
1.878600000000000000e+04
1.882700000000000000e+04
1.889500000000000000e+04
1.890200000000000000e+04
1.892100000000000000e+04
1.899600000000000000e+04
1.904600000000000000e+04
1.907600000000000000e+04
1.915600000000000000e+04
1.917500000000000000e+04
1.918300000000000000e+04
1.920700000000000000e+04
1.924800000000000000e+04
1.930400000000000000e+04
1.932200000000000000e+04
1.937400000000000000e+04
1.942900000000000000e+04
1.949900000000000000e+04
1.962600000000000000e+04
1.964000000000000000e+04
1.977300000000000000e+04
1.977400000000000000e+04
1.980700000000000000e+04
1.984400000000000000e+04
1.987600000000000000e+04
1.992000000000000000e+04
2.014800000000000000e+04
2.015100000000000000e+04
2.016100000000000000e+04
2.027800000000000000e+04
2.030600000000000000e+04
2.038600000000000000e+04
2.043600000000000000e+04
2.051800000000000000e+04
2.051900000000000000e+04
2.059700000000000000e+04
2.062900000000000000e+04
2.063100000000000000e+04
2.068400000000000000e+04
2.069000000000000000e+04
2.070400000000000000e+04
2.072800000000000000e+04
2.074800000000000000e+04
2.075000000000000000e+04
2.076900000000000000e+04
2.078500000000000000e+04
2.080000000000000000e+04
2.084000000000000000e+04
2.084900000000000000e+04
2.087800000000000000e+04
2.089700000000000000e+04
2.095700000000000000e+04
2.100400000000000000e+04
2.100800000000000000e+04
2.107000000000000000e+04
2.110400000000000000e+04
2.111500000000000000e+04
2.111600000000000000e+04
2.111700000000000000e+04
2.111800000000000000e+04
2.111900000000000000e+04
2.117400000000000000e+04
2.120600000000000000e+04
2.124500000000000000e+04
2.125900000000000000e+04
2.129700000000000000e+04
2.132600000000000000e+04
2.132700000000000000e+04
2.132900000000000000e+04
2.133000000000000000e+04
2.148800000000000000e+04
2.151500000000000000e+04
2.151800000000000000e+04
2.155600000000000000e+04
2.162000000000000000e+04
2.162200000000000000e+04
2.167600000000000000e+04
2.170300000000000000e+04
2.172800000000000000e+04
2.176000000000000000e+04
2.188500000000000000e+04
2.189800000000000000e+04
2.204900000000000000e+04
2.220800000000000000e+04
2.223600000000000000e+04
2.232500000000000000e+04
2.236600000000000000e+04
2.240000000000000000e+04
2.240700000000000000e+04
2.243900000000000000e+04
2.247800000000000000e+04
2.249500000000000000e+04
2.250400000000000000e+04
2.251700000000000000e+04
2.255700000000000000e+04
2.257700000000000000e+04
2.258000000000000000e+04
2.258700000000000000e+04
2.259200000000000000e+04
2.259600000000000000e+04
2.259700000000000000e+04
2.260300000000000000e+04
2.263900000000000000e+04
2.266900000000000000e+04
2.271000000000000000e+04
2.275400000000000000e+04
2.289800000000000000e+04
2.293200000000000000e+04
2.298300000000000000e+04
2.306900000000000000e+04
2.308600000000000000e+04
2.331700000000000000e+04
2.342200000000000000e+04
2.343400000000000000e+04
2.345700000000000000e+04
2.345800000000000000e+04
2.345900000000000000e+04
2.347900000000000000e+04
2.349100000000000000e+04
2.349400000000000000e+04
2.352600000000000000e+04
2.354400000000000000e+04
2.354600000000000000e+04
2.359500000000000000e+04
2.364100000000000000e+04
2.364200000000000000e+04
2.364700000000000000e+04
2.367300000000000000e+04
2.374600000000000000e+04
2.378500000000000000e+04
2.379300000000000000e+04
2.389200000000000000e+04
2.395800000000000000e+04
2.396600000000000000e+04
2.397300000000000000e+04
2.405900000000000000e+04
2.408300000000000000e+04
2.408700000000000000e+04
2.408900000000000000e+04
2.410300000000000000e+04
2.412500000000000000e+04
2.412600000000000000e+04
2.412900000000000000e+04
2.418900000000000000e+04
2.421400000000000000e+04
2.423600000000000000e+04
2.427300000000000000e+04
2.429300000000000000e+04
2.435300000000000000e+04
2.444500000000000000e+04
2.446000000000000000e+04
2.448000000000000000e+04
2.459600000000000000e+04
2.464900000000000000e+04
2.471700000000000000e+04
2.473300000000000000e+04
2.473800000000000000e+04
2.479300000000000000e+04
2.481200000000000000e+04
2.484400000000000000e+04
2.485100000000000000e+04
2.485400000000000000e+04
2.491800000000000000e+04
2.498200000000000000e+04
2.510000000000000000e+04
2.511000000000000000e+04
2.512800000000000000e+04
2.522700000000000000e+04
2.526900000000000000e+04
2.527600000000000000e+04
2.536000000000000000e+04
2.542500000000000000e+04
2.548500000000000000e+04
2.555000000000000000e+04
2.559500000000000000e+04
2.562400000000000000e+04
2.572900000000000000e+04
2.573900000000000000e+04
2.574100000000000000e+04
2.576900000000000000e+04
2.577500000000000000e+04
2.587500000000000000e+04
2.588400000000000000e+04
2.593000000000000000e+04
2.594000000000000000e+04
2.599100000000000000e+04
2.600300000000000000e+04
2.600800000000000000e+04
2.602600000000000000e+04
2.606300000000000000e+04
2.606700000000000000e+04
2.612500000000000000e+04
2.613400000000000000e+04
2.618900000000000000e+04
2.619400000000000000e+04
2.623300000000000000e+04
2.630000000000000000e+04
2.631000000000000000e+04
2.631800000000000000e+04
2.632900000000000000e+04
2.633500000000000000e+04
2.634200000000000000e+04
2.635100000000000000e+04
2.636500000000000000e+04
2.636900000000000000e+04
2.639700000000000000e+04
2.643500000000000000e+04
2.644100000000000000e+04
2.645800000000000000e+04
2.655200000000000000e+04
2.666700000000000000e+04
2.666800000000000000e+04
2.667700000000000000e+04
2.669900000000000000e+04
2.670000000000000000e+04
2.680100000000000000e+04
2.680200000000000000e+04
2.693100000000000000e+04
2.702900000000000000e+04
2.703200000000000000e+04
2.703300000000000000e+04
2.704000000000000000e+04
2.704300000000000000e+04
2.726100000000000000e+04
2.726600000000000000e+04
2.727700000000000000e+04
2.728200000000000000e+04
2.732000000000000000e+04
2.735400000000000000e+04
2.736200000000000000e+04
2.747100000000000000e+04
2.770800000000000000e+04
2.772000000000000000e+04
2.776500000000000000e+04
2.779600000000000000e+04
2.782800000000000000e+04
2.784200000000000000e+04
2.796600000000000000e+04
2.818300000000000000e+04
2.818700000000000000e+04
2.818900000000000000e+04
2.826700000000000000e+04
2.830200000000000000e+04
2.836500000000000000e+04
2.849200000000000000e+04
2.849400000000000000e+04
2.859400000000000000e+04
2.866300000000000000e+04
2.866500000000000000e+04
2.870200000000000000e+04
2.873000000000000000e+04
2.874000000000000000e+04
2.879800000000000000e+04
2.886800000000000000e+04
2.893300000000000000e+04
2.893400000000000000e+04
2.893700000000000000e+04
2.898900000000000000e+04
2.909200000000000000e+04
2.911900000000000000e+04
2.923600000000000000e+04
2.930000000000000000e+04
2.933500000000000000e+04
2.954000000000000000e+04
2.958200000000000000e+04
2.983300000000000000e+04
2.983500000000000000e+04
2.985100000000000000e+04
2.995500000000000000e+04
2.995600000000000000e+04
2.996200000000000000e+04
3.008800000000000000e+04
3.009200000000000000e+04
3.016700000000000000e+04
3.017200000000000000e+04
3.019000000000000000e+04
3.027100000000000000e+04
3.033100000000000000e+04
3.033800000000000000e+04
3.038000000000000000e+04
3.038700000000000000e+04
3.047300000000000000e+04
3.053600000000000000e+04
3.057900000000000000e+04
3.062600000000000000e+04
3.076200000000000000e+04
3.081300000000000000e+04
3.092100000000000000e+04
3.092200000000000000e+04
3.100100000000000000e+04
3.105600000000000000e+04
3.110100000000000000e+04
3.111800000000000000e+04
3.123700000000000000e+04
3.123900000000000000e+04
3.127400000000000000e+04
3.131300000000000000e+04
3.137700000000000000e+04
3.140300000000000000e+04
3.143800000000000000e+04
3.158800000000000000e+04
3.167500000000000000e+04
3.174500000000000000e+04
3.182900000000000000e+04
3.192000000000000000e+04
3.192100000000000000e+04
3.195700000000000000e+04
3.199000000000000000e+04
3.199200000000000000e+04
3.202500000000000000e+04
3.208500000000000000e+04
3.211500000000000000e+04
3.212000000000000000e+04
3.213600000000000000e+04
3.214300000000000000e+04
3.216600000000000000e+04
3.219500000000000000e+04
3.222600000000000000e+04
3.223000000000000000e+04
3.223900000000000000e+04
3.229600000000000000e+04
3.232200000000000000e+04
3.239200000000000000e+04
3.242700000000000000e+04
3.242900000000000000e+04
3.254400000000000000e+04
3.256200000000000000e+04
3.257500000000000000e+04
3.263100000000000000e+04
3.274200000000000000e+04
3.275000000000000000e+04
3.277500000000000000e+04
3.283500000000000000e+04
3.284000000000000000e+04
3.290900000000000000e+04
3.292500000000000000e+04
3.298400000000000000e+04
3.307900000000000000e+04
3.308300000000000000e+04
3.315300000000000000e+04
3.316800000000000000e+04
3.319700000000000000e+04
3.334800000000000000e+04
3.342200000000000000e+04
3.348000000000000000e+04
3.348300000000000000e+04
3.349700000000000000e+04
3.357600000000000000e+04
3.358700000000000000e+04
3.360200000000000000e+04
3.360500000000000000e+04
3.360600000000000000e+04
3.361500000000000000e+04
3.361600000000000000e+04
3.362600000000000000e+04
3.368700000000000000e+04
3.372900000000000000e+04
3.390300000000000000e+04
3.393000000000000000e+04
3.393100000000000000e+04
3.397900000000000000e+04
3.399900000000000000e+04
3.403100000000000000e+04
3.409100000000000000e+04
3.420500000000000000e+04
3.420600000000000000e+04
3.421100000000000000e+04
3.421200000000000000e+04
3.424200000000000000e+04
3.425300000000000000e+04
3.425400000000000000e+04
3.426200000000000000e+04
3.426600000000000000e+04
3.431600000000000000e+04
3.436600000000000000e+04
3.438600000000000000e+04
3.446300000000000000e+04
3.447500000000000000e+04
3.447700000000000000e+04
3.451500000000000000e+04
3.456600000000000000e+04
3.467300000000000000e+04
3.476700000000000000e+04
3.480200000000000000e+04
3.485000000000000000e+04
3.489100000000000000e+04
3.501500000000000000e+04
3.512000000000000000e+04
3.517600000000000000e+04
3.520200000000000000e+04
3.521600000000000000e+04
3.528500000000000000e+04
3.528700000000000000e+04
3.529400000000000000e+04
3.529500000000000000e+04
3.531100000000000000e+04
3.534800000000000000e+04
3.535000000000000000e+04
3.537200000000000000e+04
3.539600000000000000e+04
3.547000000000000000e+04
3.548500000000000000e+04
3.559000000000000000e+04
3.559100000000000000e+04
3.559300000000000000e+04
3.567300000000000000e+04
3.570400000000000000e+04
3.587400000000000000e+04
3.590800000000000000e+04
3.591700000000000000e+04
3.595100000000000000e+04
3.597700000000000000e+04
3.598300000000000000e+04
3.598900000000000000e+04
3.619600000000000000e+04
3.637300000000000000e+04
3.654200000000000000e+04
3.656900000000000000e+04
3.668300000000000000e+04
3.675800000000000000e+04
3.688500000000000000e+04
3.693200000000000000e+04
3.698400000000000000e+04
3.704300000000000000e+04
3.705300000000000000e+04
3.707200000000000000e+04
3.716300000000000000e+04
3.717000000000000000e+04
3.717200000000000000e+04
3.717500000000000000e+04
3.725900000000000000e+04
3.726100000000000000e+04
3.726300000000000000e+04
3.732900000000000000e+04
3.734800000000000000e+04
3.735200000000000000e+04
3.742200000000000000e+04
3.758400000000000000e+04
3.759500000000000000e+04
3.763900000000000000e+04
3.768700000000000000e+04
3.792100000000000000e+04
3.799700000000000000e+04
3.804900000000000000e+04
3.821800000000000000e+04
3.822900000000000000e+04
3.831000000000000000e+04
3.839000000000000000e+04
3.849700000000000000e+04
3.851400000000000000e+04
3.852900000000000000e+04
3.854700000000000000e+04
3.855300000000000000e+04
3.855600000000000000e+04
3.861400000000000000e+04
3.865200000000000000e+04
3.868300000000000000e+04
3.869300000000000000e+04
3.873300000000000000e+04
3.879900000000000000e+04
3.880000000000000000e+04
3.880100000000000000e+04
3.880600000000000000e+04
3.886900000000000000e+04
3.897900000000000000e+04
3.898900000000000000e+04
3.903900000000000000e+04
3.905500000000000000e+04
3.908700000000000000e+04
3.910300000000000000e+04
3.924500000000000000e+04
3.930100000000000000e+04
3.933900000000000000e+04
3.935900000000000000e+04
3.936200000000000000e+04
3.937000000000000000e+04
3.939800000000000000e+04
3.940500000000000000e+04
3.942700000000000000e+04
3.945500000000000000e+04
3.959300000000000000e+04
3.967000000000000000e+04
3.968600000000000000e+04
3.974000000000000000e+04
3.977700000000000000e+04
3.978000000000000000e+04
3.979800000000000000e+04
3.981400000000000000e+04
3.983600000000000000e+04
4.012000000000000000e+04
4.014000000000000000e+04
4.017300000000000000e+04
4.019600000000000000e+04
4.022600000000000000e+04
4.022700000000000000e+04
4.026400000000000000e+04
4.028100000000000000e+04
4.031800000000000000e+04
4.043100000000000000e+04
4.043800000000000000e+04
4.044000000000000000e+04
4.049600000000000000e+04
4.049700000000000000e+04
4.052000000000000000e+04
4.062300000000000000e+04
4.063100000000000000e+04
4.067900000000000000e+04
4.069900000000000000e+04
4.078700000000000000e+04
4.080300000000000000e+04
4.080600000000000000e+04
4.086600000000000000e+04
4.091400000000000000e+04
4.092800000000000000e+04
4.101500000000000000e+04
4.102800000000000000e+04
4.103000000000000000e+04
4.104200000000000000e+04
4.107200000000000000e+04
4.107300000000000000e+04
4.107400000000000000e+04
4.109900000000000000e+04
4.111500000000000000e+04
4.115500000000000000e+04
4.117000000000000000e+04
4.122100000000000000e+04
4.123200000000000000e+04
4.124300000000000000e+04
4.131200000000000000e+04
4.134000000000000000e+04
4.134500000000000000e+04
4.140200000000000000e+04
4.146000000000000000e+04
4.148400000000000000e+04
4.152300000000000000e+04
4.152900000000000000e+04
4.154100000000000000e+04
4.155800000000000000e+04
4.158800000000000000e+04
4.159800000000000000e+04
4.163600000000000000e+04
4.165800000000000000e+04
4.166600000000000000e+04
4.170700000000000000e+04
4.175000000000000000e+04
4.175100000000000000e+04
4.175300000000000000e+04
4.177400000000000000e+04
4.177600000000000000e+04
4.181400000000000000e+04
4.181800000000000000e+04
4.183800000000000000e+04
4.190600000000000000e+04
4.195700000000000000e+04
4.202400000000000000e+04
4.202600000000000000e+04
4.206800000000000000e+04
4.213100000000000000e+04
4.214100000000000000e+04
4.214300000000000000e+04
4.223900000000000000e+04
4.226100000000000000e+04
4.226900000000000000e+04
4.228200000000000000e+04
4.229400000000000000e+04
4.236300000000000000e+04
4.238100000000000000e+04
4.244700000000000000e+04
4.246000000000000000e+04
4.252200000000000000e+04
4.262300000000000000e+04
4.264500000000000000e+04
4.266900000000000000e+04
4.267900000000000000e+04
4.268200000000000000e+04
4.271300000000000000e+04
4.279300000000000000e+04
4.281600000000000000e+04
4.283600000000000000e+04
4.284400000000000000e+04
4.284700000000000000e+04
4.286500000000000000e+04
4.288900000000000000e+04
4.297500000000000000e+04
4.298300000000000000e+04
4.304200000000000000e+04
4.305200000000000000e+04
4.309300000000000000e+04
4.309900000000000000e+04
4.310200000000000000e+04
4.311600000000000000e+04
4.311700000000000000e+04
4.313300000000000000e+04
4.313500000000000000e+04
4.313700000000000000e+04
4.313800000000000000e+04
4.315100000000000000e+04
4.316100000000000000e+04
4.328500000000000000e+04
4.329100000000000000e+04
4.331800000000000000e+04
4.336700000000000000e+04
4.340100000000000000e+04
4.341100000000000000e+04
4.342800000000000000e+04
4.353500000000000000e+04
4.373200000000000000e+04
4.378800000000000000e+04
4.382300000000000000e+04
4.383800000000000000e+04
4.396000000000000000e+04
4.396100000000000000e+04
4.406600000000000000e+04
4.416600000000000000e+04
4.419500000000000000e+04
4.424000000000000000e+04
4.425900000000000000e+04
4.430100000000000000e+04
4.431600000000000000e+04
4.437500000000000000e+04
4.440300000000000000e+04
4.441900000000000000e+04
4.450900000000000000e+04
4.451200000000000000e+04
4.458300000000000000e+04
4.463100000000000000e+04
4.463800000000000000e+04
4.464200000000000000e+04
4.467100000000000000e+04
4.469300000000000000e+04
4.473800000000000000e+04
4.479700000000000000e+04
4.480700000000000000e+04
4.482400000000000000e+04
4.483400000000000000e+04
4.484200000000000000e+04
4.486600000000000000e+04
4.488400000000000000e+04
4.490000000000000000e+04
4.495100000000000000e+04
4.497300000000000000e+04
4.501200000000000000e+04
4.501800000000000000e+04
4.509700000000000000e+04
4.518600000000000000e+04
4.519100000000000000e+04
4.519300000000000000e+04
4.520300000000000000e+04
4.526200000000000000e+04
4.530900000000000000e+04
4.536300000000000000e+04
4.545100000000000000e+04
4.556900000000000000e+04
4.561500000000000000e+04
4.568500000000000000e+04
4.569100000000000000e+04
4.570500000000000000e+04
4.574300000000000000e+04
4.574500000000000000e+04
4.577700000000000000e+04
4.583800000000000000e+04
4.597300000000000000e+04
4.623200000000000000e+04
4.637400000000000000e+04
4.638400000000000000e+04
4.639700000000000000e+04
4.641500000000000000e+04
4.643100000000000000e+04
4.647400000000000000e+04
4.648800000000000000e+04
4.648900000000000000e+04
4.650600000000000000e+04
4.657900000000000000e+04
4.659100000000000000e+04
4.660900000000000000e+04
4.667700000000000000e+04
4.668400000000000000e+04
4.670500000000000000e+04
4.686400000000000000e+04
4.691700000000000000e+04
4.703700000000000000e+04
4.703800000000000000e+04
4.709400000000000000e+04
4.723900000000000000e+04
4.732400000000000000e+04
4.740500000000000000e+04
4.744600000000000000e+04
4.751700000000000000e+04
4.751800000000000000e+04
4.761900000000000000e+04
4.762300000000000000e+04
4.765900000000000000e+04
4.766300000000000000e+04
4.769200000000000000e+04
4.774600000000000000e+04
4.787200000000000000e+04
4.787900000000000000e+04
4.789300000000000000e+04
4.790900000000000000e+04
4.795800000000000000e+04
4.796200000000000000e+04
4.805700000000000000e+04
4.808500000000000000e+04
4.816000000000000000e+04
4.825800000000000000e+04
