4.800000000000000000e+01
5.000000000000000000e+01
5.100000000000000000e+01
5.200000000000000000e+01
6.700000000000000000e+01
7.800000000000000000e+01
2.050000000000000000e+02
2.090000000000000000e+02
2.200000000000000000e+02
2.220000000000000000e+02
2.270000000000000000e+02
2.440000000000000000e+02
2.610000000000000000e+02
3.160000000000000000e+02
4.170000000000000000e+02
4.310000000000000000e+02
4.340000000000000000e+02
4.350000000000000000e+02
5.580000000000000000e+02
5.590000000000000000e+02
5.650000000000000000e+02
5.850000000000000000e+02
5.860000000000000000e+02
5.870000000000000000e+02
6.170000000000000000e+02
6.460000000000000000e+02
6.580000000000000000e+02
6.640000000000000000e+02
6.890000000000000000e+02
6.930000000000000000e+02
7.280000000000000000e+02
7.450000000000000000e+02
7.510000000000000000e+02
7.630000000000000000e+02
7.650000000000000000e+02
7.720000000000000000e+02
7.820000000000000000e+02
8.000000000000000000e+02
8.050000000000000000e+02
8.070000000000000000e+02
8.240000000000000000e+02
8.630000000000000000e+02
8.700000000000000000e+02
8.880000000000000000e+02
8.990000000000000000e+02
9.000000000000000000e+02
9.010000000000000000e+02
9.140000000000000000e+02
9.160000000000000000e+02
9.370000000000000000e+02
9.580000000000000000e+02
9.590000000000000000e+02
9.610000000000000000e+02
9.620000000000000000e+02
9.690000000000000000e+02
9.770000000000000000e+02
9.920000000000000000e+02
1.008000000000000000e+03
1.011000000000000000e+03
1.024000000000000000e+03
1.030000000000000000e+03
1.031000000000000000e+03
1.044000000000000000e+03
1.048000000000000000e+03
1.087000000000000000e+03
1.094000000000000000e+03
1.101000000000000000e+03
1.113000000000000000e+03
1.124000000000000000e+03
1.131000000000000000e+03
1.134000000000000000e+03
1.143000000000000000e+03
1.153000000000000000e+03
1.159000000000000000e+03
1.191000000000000000e+03
1.211000000000000000e+03
1.214000000000000000e+03
1.217000000000000000e+03
1.226000000000000000e+03
1.244000000000000000e+03
1.252000000000000000e+03
1.255000000000000000e+03
1.261000000000000000e+03
1.263000000000000000e+03
1.297000000000000000e+03
1.300000000000000000e+03
1.305000000000000000e+03
1.306000000000000000e+03
1.308000000000000000e+03
1.314000000000000000e+03
1.315000000000000000e+03
1.317000000000000000e+03
1.320000000000000000e+03
1.322000000000000000e+03
1.325000000000000000e+03
1.333000000000000000e+03
1.336000000000000000e+03
1.342000000000000000e+03
1.344000000000000000e+03
1.357000000000000000e+03
1.360000000000000000e+03
1.369000000000000000e+03
1.372000000000000000e+03
1.374000000000000000e+03
1.380000000000000000e+03
1.383000000000000000e+03
1.384000000000000000e+03
1.385000000000000000e+03
1.390000000000000000e+03
1.392000000000000000e+03
1.393000000000000000e+03
1.404000000000000000e+03
1.407000000000000000e+03
1.408000000000000000e+03
1.410000000000000000e+03
1.432000000000000000e+03
1.437000000000000000e+03
1.439000000000000000e+03
1.467000000000000000e+03
1.475000000000000000e+03
1.485000000000000000e+03
1.501000000000000000e+03
1.504000000000000000e+03
1.514000000000000000e+03
1.515000000000000000e+03
1.533000000000000000e+03
1.542000000000000000e+03
1.572000000000000000e+03
1.578000000000000000e+03
1.593000000000000000e+03
1.594000000000000000e+03
1.596000000000000000e+03
1.608000000000000000e+03
1.629000000000000000e+03
1.633000000000000000e+03
1.654000000000000000e+03
1.676000000000000000e+03
1.677000000000000000e+03
1.680000000000000000e+03
1.681000000000000000e+03
1.718000000000000000e+03
1.722000000000000000e+03
1.726000000000000000e+03
1.727000000000000000e+03
1.728000000000000000e+03
1.742000000000000000e+03
1.751000000000000000e+03
1.753000000000000000e+03
1.754000000000000000e+03
1.768000000000000000e+03
1.770000000000000000e+03
1.787000000000000000e+03
1.797000000000000000e+03
1.818000000000000000e+03
1.825000000000000000e+03
1.887000000000000000e+03
1.908000000000000000e+03
1.933000000000000000e+03
1.942000000000000000e+03
1.943000000000000000e+03
1.953000000000000000e+03
1.960000000000000000e+03
1.981000000000000000e+03
1.988000000000000000e+03
1.991000000000000000e+03
2.025000000000000000e+03
2.042000000000000000e+03
2.063000000000000000e+03
2.076000000000000000e+03
2.089000000000000000e+03
2.096000000000000000e+03
2.106000000000000000e+03
2.144000000000000000e+03
2.162000000000000000e+03
2.174000000000000000e+03
2.186000000000000000e+03
2.193000000000000000e+03
2.198000000000000000e+03
2.202000000000000000e+03
2.211000000000000000e+03
2.213000000000000000e+03
2.229000000000000000e+03
2.238000000000000000e+03
2.244000000000000000e+03
2.252000000000000000e+03
2.253000000000000000e+03
2.280000000000000000e+03
2.326000000000000000e+03
2.350000000000000000e+03
2.358000000000000000e+03
2.365000000000000000e+03
2.371000000000000000e+03
2.374000000000000000e+03
2.380000000000000000e+03
2.381000000000000000e+03
2.410000000000000000e+03
2.413000000000000000e+03
2.414000000000000000e+03
2.471000000000000000e+03
2.483000000000000000e+03
2.487000000000000000e+03
2.499000000000000000e+03
2.505000000000000000e+03
2.520000000000000000e+03
2.525000000000000000e+03
2.534000000000000000e+03
2.536000000000000000e+03
2.542000000000000000e+03
2.544000000000000000e+03
2.557000000000000000e+03
2.568000000000000000e+03
2.570000000000000000e+03
2.585000000000000000e+03
2.604000000000000000e+03
2.621000000000000000e+03
2.632000000000000000e+03
2.633000000000000000e+03
2.646000000000000000e+03
2.654000000000000000e+03
2.664000000000000000e+03
2.685000000000000000e+03
2.693000000000000000e+03
2.700000000000000000e+03
2.703000000000000000e+03
2.730000000000000000e+03
2.747000000000000000e+03
2.750000000000000000e+03
2.756000000000000000e+03
2.769000000000000000e+03
2.780000000000000000e+03
2.781000000000000000e+03
2.791000000000000000e+03
2.800000000000000000e+03
2.810000000000000000e+03
2.811000000000000000e+03
2.833000000000000000e+03
2.850000000000000000e+03
2.856000000000000000e+03
2.907000000000000000e+03
2.938000000000000000e+03
2.959000000000000000e+03
2.965000000000000000e+03
2.969000000000000000e+03
2.972000000000000000e+03
2.996000000000000000e+03
2.998000000000000000e+03
3.006000000000000000e+03
3.008000000000000000e+03
3.014000000000000000e+03
3.064000000000000000e+03
3.076000000000000000e+03
3.121000000000000000e+03
3.170000000000000000e+03
3.183000000000000000e+03
3.215000000000000000e+03
3.238000000000000000e+03
3.254000000000000000e+03
3.299000000000000000e+03
3.305000000000000000e+03
3.324000000000000000e+03
3.326000000000000000e+03
3.331000000000000000e+03
3.343000000000000000e+03
3.352000000000000000e+03
3.354000000000000000e+03
3.363000000000000000e+03
3.380000000000000000e+03
3.390000000000000000e+03
3.439000000000000000e+03
3.452000000000000000e+03
3.459000000000000000e+03
3.471000000000000000e+03
3.532000000000000000e+03
3.544000000000000000e+03
3.548000000000000000e+03
3.550000000000000000e+03
3.551000000000000000e+03
3.574000000000000000e+03
3.578000000000000000e+03
3.612000000000000000e+03
3.632000000000000000e+03
3.641000000000000000e+03
3.691000000000000000e+03
3.702000000000000000e+03
3.715000000000000000e+03
3.768000000000000000e+03
3.771000000000000000e+03
3.773000000000000000e+03
3.777000000000000000e+03
3.846000000000000000e+03
3.848000000000000000e+03
3.868000000000000000e+03
3.899000000000000000e+03
3.909000000000000000e+03
3.929000000000000000e+03
3.940000000000000000e+03
3.941000000000000000e+03
3.949000000000000000e+03
3.957000000000000000e+03
3.959000000000000000e+03
3.963000000000000000e+03
4.011000000000000000e+03
4.046000000000000000e+03
4.048000000000000000e+03
4.049000000000000000e+03
4.071000000000000000e+03
4.080000000000000000e+03
4.089000000000000000e+03
4.095000000000000000e+03
4.099000000000000000e+03
4.102000000000000000e+03
4.119000000000000000e+03
4.130000000000000000e+03
4.131000000000000000e+03
4.133000000000000000e+03
4.140000000000000000e+03
4.148000000000000000e+03
4.151000000000000000e+03
4.152000000000000000e+03
4.166000000000000000e+03
4.172000000000000000e+03
4.174000000000000000e+03
4.176000000000000000e+03
4.195000000000000000e+03
4.201000000000000000e+03
4.203000000000000000e+03
4.222000000000000000e+03
4.227000000000000000e+03
4.235000000000000000e+03
4.255000000000000000e+03
4.265000000000000000e+03
4.302000000000000000e+03
4.418000000000000000e+03
4.432000000000000000e+03
4.445000000000000000e+03
4.472000000000000000e+03
4.526000000000000000e+03
4.560000000000000000e+03
4.561000000000000000e+03
4.563000000000000000e+03
4.568000000000000000e+03
4.611000000000000000e+03
4.641000000000000000e+03
4.671000000000000000e+03
4.681000000000000000e+03
4.710000000000000000e+03
4.724000000000000000e+03
4.730000000000000000e+03
4.733000000000000000e+03
4.734000000000000000e+03
4.760000000000000000e+03
4.767000000000000000e+03
4.777000000000000000e+03
4.803000000000000000e+03
4.808000000000000000e+03
4.844000000000000000e+03
4.848000000000000000e+03
4.851000000000000000e+03
4.862000000000000000e+03
4.867000000000000000e+03
4.874000000000000000e+03
4.878000000000000000e+03
4.885000000000000000e+03
4.900000000000000000e+03
4.914000000000000000e+03
4.924000000000000000e+03
4.927000000000000000e+03
4.953000000000000000e+03
4.963000000000000000e+03
4.971000000000000000e+03
4.975000000000000000e+03
5.033000000000000000e+03
5.047000000000000000e+03
5.052000000000000000e+03
5.055000000000000000e+03
5.062000000000000000e+03
5.090000000000000000e+03
5.148000000000000000e+03
5.149000000000000000e+03
5.183000000000000000e+03
5.187000000000000000e+03
5.199000000000000000e+03
5.203000000000000000e+03
5.237000000000000000e+03
5.252000000000000000e+03
5.272000000000000000e+03
5.301000000000000000e+03
5.313000000000000000e+03
5.319000000000000000e+03
5.339000000000000000e+03
5.362000000000000000e+03
5.366000000000000000e+03
5.371000000000000000e+03
5.382000000000000000e+03
5.391000000000000000e+03
5.394000000000000000e+03
5.419000000000000000e+03
5.435000000000000000e+03
5.459000000000000000e+03
5.462000000000000000e+03
5.468000000000000000e+03
5.471000000000000000e+03
5.515000000000000000e+03
5.593000000000000000e+03
5.594000000000000000e+03
5.631000000000000000e+03
5.643000000000000000e+03
5.645000000000000000e+03
5.648000000000000000e+03
5.650000000000000000e+03
5.651000000000000000e+03
5.653000000000000000e+03
5.674000000000000000e+03
5.676000000000000000e+03
5.692000000000000000e+03
5.733000000000000000e+03
5.742000000000000000e+03
5.797000000000000000e+03
5.809000000000000000e+03
5.833000000000000000e+03
5.837000000000000000e+03
5.845000000000000000e+03
5.847000000000000000e+03
5.854000000000000000e+03
5.894000000000000000e+03
5.896000000000000000e+03
5.902000000000000000e+03
5.913000000000000000e+03
5.928000000000000000e+03
5.957000000000000000e+03
5.958000000000000000e+03
5.965000000000000000e+03
5.967000000000000000e+03
5.970000000000000000e+03
5.990000000000000000e+03
6.007000000000000000e+03
6.040000000000000000e+03
6.045000000000000000e+03
6.049000000000000000e+03
6.071000000000000000e+03
6.072000000000000000e+03
6.098000000000000000e+03
6.101000000000000000e+03
6.102000000000000000e+03
6.104000000000000000e+03
6.156000000000000000e+03
6.167000000000000000e+03
6.207000000000000000e+03
6.235000000000000000e+03
6.267000000000000000e+03
6.275000000000000000e+03
6.281000000000000000e+03
6.285000000000000000e+03
6.307000000000000000e+03
6.330000000000000000e+03
6.367000000000000000e+03
6.421000000000000000e+03
6.429000000000000000e+03
6.430000000000000000e+03
6.452000000000000000e+03
6.473000000000000000e+03
6.476000000000000000e+03
6.477000000000000000e+03
6.480000000000000000e+03
6.521000000000000000e+03
6.533000000000000000e+03
6.552000000000000000e+03
6.579000000000000000e+03
6.580000000000000000e+03
6.583000000000000000e+03
6.592000000000000000e+03
6.611000000000000000e+03
6.636000000000000000e+03
6.689000000000000000e+03
6.695000000000000000e+03
6.713000000000000000e+03
6.716000000000000000e+03
6.721000000000000000e+03
6.735000000000000000e+03
6.763000000000000000e+03
6.775000000000000000e+03
6.793000000000000000e+03
6.808000000000000000e+03
6.814000000000000000e+03
6.841000000000000000e+03
6.842000000000000000e+03
6.843000000000000000e+03
6.875000000000000000e+03
6.883000000000000000e+03
6.897000000000000000e+03
6.947000000000000000e+03
6.948000000000000000e+03
6.949000000000000000e+03
6.962000000000000000e+03
6.969000000000000000e+03
6.970000000000000000e+03
6.980000000000000000e+03
6.988000000000000000e+03
6.991000000000000000e+03
6.999000000000000000e+03
7.081000000000000000e+03
7.132000000000000000e+03
7.189000000000000000e+03
7.240000000000000000e+03
7.281000000000000000e+03
7.285000000000000000e+03
7.301000000000000000e+03
7.336000000000000000e+03
7.339000000000000000e+03
7.384000000000000000e+03
7.399000000000000000e+03
7.426000000000000000e+03
7.427000000000000000e+03
7.476000000000000000e+03
7.479000000000000000e+03
7.481000000000000000e+03
7.547000000000000000e+03
7.574000000000000000e+03
7.575000000000000000e+03
7.584000000000000000e+03
7.670000000000000000e+03
7.694000000000000000e+03
7.704000000000000000e+03
7.716000000000000000e+03
7.727000000000000000e+03
7.749000000000000000e+03
7.797000000000000000e+03
7.801000000000000000e+03
7.803000000000000000e+03
7.814000000000000000e+03
7.819000000000000000e+03
7.821000000000000000e+03
7.828000000000000000e+03
7.858000000000000000e+03
7.875000000000000000e+03
7.904000000000000000e+03
7.924000000000000000e+03
7.948000000000000000e+03
7.959000000000000000e+03
7.960000000000000000e+03
7.965000000000000000e+03
7.978000000000000000e+03
7.984000000000000000e+03
7.996000000000000000e+03
8.047000000000000000e+03
8.066000000000000000e+03
8.088000000000000000e+03
8.110000000000000000e+03
8.130000000000000000e+03
8.132000000000000000e+03
8.167000000000000000e+03
8.216000000000000000e+03
8.225000000000000000e+03
8.236000000000000000e+03
8.258000000000000000e+03
8.265000000000000000e+03
8.274000000000000000e+03
8.278000000000000000e+03
8.340000000000000000e+03
8.371000000000000000e+03
8.379000000000000000e+03
8.408000000000000000e+03
8.412000000000000000e+03
8.434000000000000000e+03
8.438000000000000000e+03
8.442000000000000000e+03
8.457000000000000000e+03
8.507000000000000000e+03
8.510000000000000000e+03
8.512000000000000000e+03
8.520000000000000000e+03
8.529000000000000000e+03
8.562000000000000000e+03
8.570000000000000000e+03
8.642000000000000000e+03
8.690000000000000000e+03
8.736000000000000000e+03
8.738000000000000000e+03
8.746000000000000000e+03
8.763000000000000000e+03
8.770000000000000000e+03
8.811000000000000000e+03
8.870000000000000000e+03
8.937000000000000000e+03
8.938000000000000000e+03
8.948000000000000000e+03
8.949000000000000000e+03
8.950000000000000000e+03
8.997000000000000000e+03
9.084000000000000000e+03
9.103000000000000000e+03
9.138000000000000000e+03
9.147000000000000000e+03
9.177000000000000000e+03
9.184000000000000000e+03
9.188000000000000000e+03
9.197000000000000000e+03
9.217000000000000000e+03
9.248000000000000000e+03
9.261000000000000000e+03
9.276000000000000000e+03
9.286000000000000000e+03
9.317000000000000000e+03
9.334000000000000000e+03
9.354000000000000000e+03
9.368000000000000000e+03
9.373000000000000000e+03
9.374000000000000000e+03
9.377000000000000000e+03
9.385000000000000000e+03
9.404000000000000000e+03
9.410000000000000000e+03
9.414000000000000000e+03
9.424000000000000000e+03
9.435000000000000000e+03
9.455000000000000000e+03
9.462000000000000000e+03
9.471000000000000000e+03
9.483000000000000000e+03
9.492000000000000000e+03
9.495000000000000000e+03
9.552000000000000000e+03
9.562000000000000000e+03
9.590000000000000000e+03
9.644000000000000000e+03
9.649000000000000000e+03
9.678000000000000000e+03
9.679000000000000000e+03
9.706000000000000000e+03
9.715000000000000000e+03
9.723000000000000000e+03
9.761000000000000000e+03
9.767000000000000000e+03
9.779000000000000000e+03
9.840000000000000000e+03
9.860000000000000000e+03
9.886000000000000000e+03
9.904000000000000000e+03
9.905000000000000000e+03
9.919000000000000000e+03
9.955000000000000000e+03
9.957000000000000000e+03
9.960000000000000000e+03
9.972000000000000000e+03
9.995000000000000000e+03
1.000100000000000000e+04
1.002900000000000000e+04
1.003200000000000000e+04
1.003500000000000000e+04
1.003900000000000000e+04
1.005000000000000000e+04
1.009700000000000000e+04
1.011900000000000000e+04
1.017300000000000000e+04
1.021700000000000000e+04
1.025800000000000000e+04
1.029600000000000000e+04
1.030500000000000000e+04
1.030600000000000000e+04
1.034400000000000000e+04
1.035300000000000000e+04
1.038200000000000000e+04
1.039300000000000000e+04
1.047700000000000000e+04
1.047800000000000000e+04
1.049000000000000000e+04
1.049300000000000000e+04
1.049500000000000000e+04
1.050000000000000000e+04
1.050100000000000000e+04
1.053400000000000000e+04
1.054100000000000000e+04
1.056200000000000000e+04
1.057700000000000000e+04
1.059300000000000000e+04
1.060100000000000000e+04
1.064000000000000000e+04
1.065900000000000000e+04
1.068600000000000000e+04
1.069500000000000000e+04
1.071600000000000000e+04
1.072900000000000000e+04
1.073600000000000000e+04
1.077000000000000000e+04
1.077100000000000000e+04
1.077900000000000000e+04
1.079100000000000000e+04
1.079900000000000000e+04
1.080200000000000000e+04
1.080300000000000000e+04
1.087100000000000000e+04
1.088400000000000000e+04
1.090100000000000000e+04
1.092700000000000000e+04
1.093100000000000000e+04
1.093500000000000000e+04
1.093600000000000000e+04
1.098300000000000000e+04
1.098400000000000000e+04
1.098500000000000000e+04
1.103100000000000000e+04
1.103200000000000000e+04
1.105700000000000000e+04
1.106100000000000000e+04
1.106200000000000000e+04
1.107800000000000000e+04
1.108500000000000000e+04
1.110100000000000000e+04
1.112500000000000000e+04
1.112600000000000000e+04
1.115300000000000000e+04
1.115800000000000000e+04
1.119100000000000000e+04
1.120000000000000000e+04
1.123700000000000000e+04
1.124900000000000000e+04
1.126800000000000000e+04
1.127100000000000000e+04
1.127200000000000000e+04
1.131200000000000000e+04
1.133100000000000000e+04
1.137000000000000000e+04
1.138000000000000000e+04
1.141300000000000000e+04
1.145000000000000000e+04
1.145200000000000000e+04
1.145400000000000000e+04
1.148000000000000000e+04
1.151200000000000000e+04
1.154100000000000000e+04
1.154600000000000000e+04
1.157800000000000000e+04
1.158600000000000000e+04
1.160200000000000000e+04
1.162600000000000000e+04
1.164100000000000000e+04
1.164500000000000000e+04
1.170300000000000000e+04
1.176000000000000000e+04
1.180200000000000000e+04
1.181800000000000000e+04
1.185400000000000000e+04
1.189200000000000000e+04
1.193600000000000000e+04
1.193900000000000000e+04
1.195800000000000000e+04
1.196600000000000000e+04
1.197700000000000000e+04
1.197800000000000000e+04
1.199500000000000000e+04
1.201200000000000000e+04
1.201800000000000000e+04
1.201900000000000000e+04
1.202900000000000000e+04
1.204400000000000000e+04
1.205900000000000000e+04
1.209500000000000000e+04
1.209700000000000000e+04
1.210000000000000000e+04
1.210600000000000000e+04
1.211300000000000000e+04
1.215500000000000000e+04
1.215800000000000000e+04
1.216500000000000000e+04
1.219300000000000000e+04
1.222600000000000000e+04
1.222800000000000000e+04
1.223600000000000000e+04
1.225600000000000000e+04
1.227600000000000000e+04
1.227800000000000000e+04
1.228800000000000000e+04
1.229300000000000000e+04
1.237300000000000000e+04
1.237700000000000000e+04
1.242500000000000000e+04
1.243700000000000000e+04
1.243900000000000000e+04
1.244000000000000000e+04
1.246500000000000000e+04
1.248400000000000000e+04
1.248600000000000000e+04
1.248900000000000000e+04
1.249800000000000000e+04
1.250300000000000000e+04
1.254600000000000000e+04
1.258400000000000000e+04
1.260100000000000000e+04
1.260300000000000000e+04
1.261100000000000000e+04
1.261800000000000000e+04
1.263300000000000000e+04
1.264400000000000000e+04
1.265700000000000000e+04
1.266800000000000000e+04
1.267700000000000000e+04
1.275400000000000000e+04
1.276200000000000000e+04
1.281500000000000000e+04
1.282300000000000000e+04
1.284000000000000000e+04
1.285100000000000000e+04
1.285800000000000000e+04
1.289400000000000000e+04
1.289800000000000000e+04
1.293000000000000000e+04
1.295800000000000000e+04
1.295900000000000000e+04
1.297400000000000000e+04
1.300200000000000000e+04
1.301700000000000000e+04
1.302300000000000000e+04
1.302400000000000000e+04
1.304100000000000000e+04
1.304300000000000000e+04
1.304900000000000000e+04
1.305800000000000000e+04
1.306200000000000000e+04
1.306800000000000000e+04
1.307000000000000000e+04
1.307700000000000000e+04
1.307800000000000000e+04
1.308600000000000000e+04
1.309000000000000000e+04
1.311600000000000000e+04
1.312100000000000000e+04
1.313700000000000000e+04
1.313800000000000000e+04
1.316200000000000000e+04
1.316300000000000000e+04
1.318000000000000000e+04
1.319600000000000000e+04
1.320300000000000000e+04
1.322800000000000000e+04
1.323500000000000000e+04
1.324000000000000000e+04
1.326800000000000000e+04
1.329100000000000000e+04
1.331900000000000000e+04
1.332100000000000000e+04
1.332500000000000000e+04
1.332700000000000000e+04
1.333200000000000000e+04
1.335200000000000000e+04
1.335900000000000000e+04
1.337900000000000000e+04
1.338500000000000000e+04
1.340600000000000000e+04
1.341100000000000000e+04
1.341900000000000000e+04
1.346300000000000000e+04
1.347100000000000000e+04
1.347300000000000000e+04
1.351300000000000000e+04
1.355300000000000000e+04
1.356200000000000000e+04
1.356700000000000000e+04
1.357100000000000000e+04
1.362200000000000000e+04
1.362900000000000000e+04
1.366800000000000000e+04
1.368000000000000000e+04
1.368200000000000000e+04
1.371800000000000000e+04
1.374100000000000000e+04
1.376600000000000000e+04
1.377600000000000000e+04
1.380100000000000000e+04
1.380500000000000000e+04
1.382400000000000000e+04
1.382900000000000000e+04
1.386100000000000000e+04
1.389800000000000000e+04
1.396100000000000000e+04
1.398200000000000000e+04
1.402100000000000000e+04
1.403900000000000000e+04
1.405100000000000000e+04
1.405500000000000000e+04
1.406800000000000000e+04
1.409900000000000000e+04
1.415600000000000000e+04
1.418000000000000000e+04
1.421400000000000000e+04
1.423800000000000000e+04
1.423900000000000000e+04
1.424300000000000000e+04
1.424800000000000000e+04
1.427400000000000000e+04
1.432200000000000000e+04
1.438100000000000000e+04
1.441200000000000000e+04
1.442000000000000000e+04
1.444100000000000000e+04
1.445600000000000000e+04
1.445800000000000000e+04
1.446600000000000000e+04
1.448900000000000000e+04
1.449600000000000000e+04
1.455500000000000000e+04
1.455700000000000000e+04
1.457400000000000000e+04
1.459700000000000000e+04
1.461100000000000000e+04
1.464000000000000000e+04
1.464500000000000000e+04
1.465600000000000000e+04
1.469700000000000000e+04
1.472700000000000000e+04
1.476100000000000000e+04
1.476800000000000000e+04
1.478200000000000000e+04
1.481500000000000000e+04
1.482500000000000000e+04
1.482600000000000000e+04
1.483100000000000000e+04
1.485500000000000000e+04
1.485900000000000000e+04
1.486800000000000000e+04
1.486900000000000000e+04
1.488200000000000000e+04
1.488300000000000000e+04
1.491700000000000000e+04
1.499000000000000000e+04
1.499700000000000000e+04
1.500700000000000000e+04
1.502800000000000000e+04
1.505000000000000000e+04
1.505800000000000000e+04
1.506400000000000000e+04
1.512200000000000000e+04
1.512600000000000000e+04
1.514200000000000000e+04
1.517800000000000000e+04
1.518000000000000000e+04
1.521400000000000000e+04
1.523000000000000000e+04
1.524400000000000000e+04
1.525200000000000000e+04
1.528600000000000000e+04
1.533600000000000000e+04
1.533800000000000000e+04
1.534000000000000000e+04
1.534500000000000000e+04
1.538600000000000000e+04
1.541500000000000000e+04
1.541900000000000000e+04
1.543000000000000000e+04
1.550100000000000000e+04
1.557200000000000000e+04
1.557700000000000000e+04
1.558800000000000000e+04
1.559000000000000000e+04
1.561900000000000000e+04
1.562300000000000000e+04
1.563200000000000000e+04
1.570400000000000000e+04
1.574100000000000000e+04
1.574200000000000000e+04
1.574800000000000000e+04
1.577600000000000000e+04
1.583500000000000000e+04
1.586100000000000000e+04
1.589600000000000000e+04
1.589700000000000000e+04
1.593800000000000000e+04
1.595100000000000000e+04
1.595500000000000000e+04
1.599200000000000000e+04
1.601600000000000000e+04
1.602100000000000000e+04
1.603700000000000000e+04
1.603800000000000000e+04
1.604200000000000000e+04
1.607500000000000000e+04
1.608400000000000000e+04
1.609900000000000000e+04
1.613300000000000000e+04
1.615300000000000000e+04
1.617400000000000000e+04
1.620000000000000000e+04
1.623000000000000000e+04
1.623100000000000000e+04
1.625300000000000000e+04
1.625400000000000000e+04
1.626300000000000000e+04
1.627500000000000000e+04
1.628300000000000000e+04
1.629600000000000000e+04
1.630000000000000000e+04
1.634300000000000000e+04
1.637100000000000000e+04
1.639100000000000000e+04
1.642000000000000000e+04
1.642800000000000000e+04
1.643000000000000000e+04
1.644800000000000000e+04
1.645300000000000000e+04
1.647200000000000000e+04
1.647300000000000000e+04
1.649400000000000000e+04
1.650500000000000000e+04
1.652100000000000000e+04
1.653400000000000000e+04
1.653900000000000000e+04
1.656500000000000000e+04
1.657500000000000000e+04
1.659300000000000000e+04
1.661200000000000000e+04
1.661400000000000000e+04
1.662200000000000000e+04
1.664700000000000000e+04
1.667900000000000000e+04
1.668100000000000000e+04
1.668200000000000000e+04
1.668500000000000000e+04
1.669600000000000000e+04
1.670400000000000000e+04
1.670600000000000000e+04
1.676100000000000000e+04
1.683500000000000000e+04
1.683800000000000000e+04
1.686000000000000000e+04
1.686500000000000000e+04
1.686600000000000000e+04
1.687500000000000000e+04
1.687800000000000000e+04
1.688000000000000000e+04
1.696600000000000000e+04
1.699000000000000000e+04
1.701300000000000000e+04
1.702000000000000000e+04
1.709900000000000000e+04
1.711000000000000000e+04
1.713300000000000000e+04
1.716100000000000000e+04
1.716800000000000000e+04
1.718200000000000000e+04
1.721400000000000000e+04
1.724300000000000000e+04
1.729300000000000000e+04
1.730200000000000000e+04
1.735300000000000000e+04
1.735400000000000000e+04
1.737300000000000000e+04
1.740200000000000000e+04
1.746400000000000000e+04
1.748000000000000000e+04
1.748900000000000000e+04
1.749800000000000000e+04
1.751300000000000000e+04
1.757200000000000000e+04
1.757500000000000000e+04
1.757800000000000000e+04
1.758700000000000000e+04
1.760600000000000000e+04
1.764100000000000000e+04
1.767900000000000000e+04
1.768000000000000000e+04
1.768600000000000000e+04
1.769600000000000000e+04
1.772600000000000000e+04
1.773800000000000000e+04
1.781100000000000000e+04
1.783600000000000000e+04
1.784000000000000000e+04
1.786800000000000000e+04
1.803300000000000000e+04
1.804500000000000000e+04
1.806000000000000000e+04
1.806400000000000000e+04
1.811900000000000000e+04
1.812600000000000000e+04
1.813000000000000000e+04
1.817100000000000000e+04
1.817300000000000000e+04
1.818700000000000000e+04
1.818900000000000000e+04
1.826300000000000000e+04
1.826700000000000000e+04
1.832500000000000000e+04
1.839200000000000000e+04
1.839800000000000000e+04
1.839900000000000000e+04
1.841200000000000000e+04
1.842600000000000000e+04
1.843300000000000000e+04
1.843700000000000000e+04
1.848700000000000000e+04
1.852800000000000000e+04
1.853900000000000000e+04
1.856400000000000000e+04
1.857000000000000000e+04
1.857400000000000000e+04
1.858900000000000000e+04
1.859100000000000000e+04
1.860800000000000000e+04
1.860900000000000000e+04
1.862600000000000000e+04
1.863800000000000000e+04
1.865100000000000000e+04
1.866400000000000000e+04
1.868000000000000000e+04
1.871600000000000000e+04
1.879900000000000000e+04
1.880600000000000000e+04
1.883700000000000000e+04
1.884700000000000000e+04
1.887300000000000000e+04
1.887900000000000000e+04
1.889000000000000000e+04
1.890100000000000000e+04
1.890600000000000000e+04
1.891300000000000000e+04
1.891400000000000000e+04
1.891600000000000000e+04
1.891800000000000000e+04
1.900900000000000000e+04
1.901900000000000000e+04
1.903000000000000000e+04
1.907400000000000000e+04
1.910700000000000000e+04
1.911800000000000000e+04
1.916000000000000000e+04
1.918500000000000000e+04
1.918800000000000000e+04
1.919000000000000000e+04
1.919200000000000000e+04
1.921100000000000000e+04
1.923100000000000000e+04
1.925600000000000000e+04
1.926600000000000000e+04
1.929200000000000000e+04
1.929400000000000000e+04
1.933200000000000000e+04
1.933500000000000000e+04
1.935900000000000000e+04
1.936300000000000000e+04
1.940800000000000000e+04
1.943600000000000000e+04
1.944500000000000000e+04
1.945100000000000000e+04
1.945600000000000000e+04
1.947800000000000000e+04
1.948000000000000000e+04
1.948800000000000000e+04
1.952300000000000000e+04
1.961300000000000000e+04
1.961400000000000000e+04
1.961600000000000000e+04
1.961800000000000000e+04
1.961900000000000000e+04
1.966300000000000000e+04
1.966500000000000000e+04
1.970700000000000000e+04
1.972600000000000000e+04
1.973700000000000000e+04
1.979900000000000000e+04
1.984500000000000000e+04
1.984600000000000000e+04
1.984900000000000000e+04
1.985000000000000000e+04
1.989100000000000000e+04
1.989400000000000000e+04
1.989600000000000000e+04
1.990300000000000000e+04
1.993300000000000000e+04
1.995300000000000000e+04
1.996100000000000000e+04
1.998200000000000000e+04
2.003700000000000000e+04
2.005300000000000000e+04
2.006800000000000000e+04
2.007100000000000000e+04
2.007300000000000000e+04
2.007600000000000000e+04
2.011100000000000000e+04
2.011500000000000000e+04
2.016800000000000000e+04
2.017200000000000000e+04
2.022600000000000000e+04
2.025400000000000000e+04
2.036900000000000000e+04
2.040200000000000000e+04
2.045300000000000000e+04
2.045500000000000000e+04
2.045600000000000000e+04
2.046800000000000000e+04
2.047500000000000000e+04
2.047900000000000000e+04
2.049400000000000000e+04
2.050400000000000000e+04
2.054400000000000000e+04
2.058100000000000000e+04
2.064000000000000000e+04
2.064600000000000000e+04
2.065400000000000000e+04
2.065500000000000000e+04
2.067600000000000000e+04
2.070000000000000000e+04
2.070200000000000000e+04
2.071600000000000000e+04
2.072900000000000000e+04
2.074300000000000000e+04
2.076000000000000000e+04
2.077000000000000000e+04
2.078800000000000000e+04
2.079900000000000000e+04
2.080300000000000000e+04
2.081600000000000000e+04
2.082200000000000000e+04
2.083000000000000000e+04
2.084200000000000000e+04
2.088300000000000000e+04
2.089300000000000000e+04
2.089900000000000000e+04
2.092300000000000000e+04
2.092400000000000000e+04
2.094600000000000000e+04
2.096700000000000000e+04
2.097600000000000000e+04
2.098100000000000000e+04
2.098200000000000000e+04
2.098400000000000000e+04
2.100000000000000000e+04
2.100500000000000000e+04
2.101600000000000000e+04
2.102800000000000000e+04
2.105100000000000000e+04
2.105300000000000000e+04
2.105800000000000000e+04
2.106100000000000000e+04
2.107700000000000000e+04
2.108800000000000000e+04
2.109800000000000000e+04
2.116700000000000000e+04
2.122000000000000000e+04
2.123200000000000000e+04
2.134700000000000000e+04
2.135600000000000000e+04
2.137100000000000000e+04
2.138700000000000000e+04
2.142000000000000000e+04
2.142900000000000000e+04
2.143700000000000000e+04
2.143900000000000000e+04
2.144000000000000000e+04
2.144500000000000000e+04
2.144700000000000000e+04
2.145800000000000000e+04
2.146800000000000000e+04
2.147400000000000000e+04
2.150400000000000000e+04
2.153100000000000000e+04
2.154000000000000000e+04
2.155900000000000000e+04
2.156000000000000000e+04
2.156200000000000000e+04
2.158800000000000000e+04
2.163000000000000000e+04
2.167500000000000000e+04
2.171500000000000000e+04
2.172400000000000000e+04
2.174700000000000000e+04
2.175700000000000000e+04
2.176300000000000000e+04
2.181800000000000000e+04
2.182100000000000000e+04
2.182400000000000000e+04
2.182700000000000000e+04
2.183000000000000000e+04
2.188200000000000000e+04
2.190200000000000000e+04
2.190400000000000000e+04
2.190500000000000000e+04
2.191200000000000000e+04
2.191500000000000000e+04
2.198700000000000000e+04
2.199300000000000000e+04
2.199400000000000000e+04
2.200500000000000000e+04
2.201800000000000000e+04
2.202500000000000000e+04
2.202600000000000000e+04
2.203100000000000000e+04
2.205100000000000000e+04
2.208000000000000000e+04
2.208100000000000000e+04
2.209800000000000000e+04
2.209900000000000000e+04
2.210300000000000000e+04
2.211100000000000000e+04
2.213900000000000000e+04
2.214600000000000000e+04
2.215800000000000000e+04
2.218300000000000000e+04
2.218800000000000000e+04
2.219000000000000000e+04
2.219400000000000000e+04
2.228900000000000000e+04
2.232200000000000000e+04
2.234600000000000000e+04
2.235800000000000000e+04
2.236700000000000000e+04
2.241600000000000000e+04
2.241900000000000000e+04
2.242800000000000000e+04
2.244600000000000000e+04
2.245900000000000000e+04
2.249600000000000000e+04
2.254400000000000000e+04
2.254700000000000000e+04
2.258100000000000000e+04
2.258200000000000000e+04
2.261800000000000000e+04
2.265500000000000000e+04
2.265800000000000000e+04
2.266400000000000000e+04
2.267200000000000000e+04
2.267500000000000000e+04
2.269800000000000000e+04
2.270600000000000000e+04
2.271900000000000000e+04
2.274500000000000000e+04
2.275200000000000000e+04
2.275500000000000000e+04
2.275900000000000000e+04
2.278800000000000000e+04
2.280800000000000000e+04
2.281600000000000000e+04
2.282700000000000000e+04
2.283100000000000000e+04
2.284700000000000000e+04
2.285000000000000000e+04
2.286500000000000000e+04
2.287600000000000000e+04
2.288600000000000000e+04
2.288900000000000000e+04
2.295400000000000000e+04
2.301400000000000000e+04
2.303400000000000000e+04
2.304400000000000000e+04
2.304600000000000000e+04
2.305200000000000000e+04
2.307700000000000000e+04
2.308000000000000000e+04
2.309700000000000000e+04
2.312000000000000000e+04
2.318100000000000000e+04
2.320000000000000000e+04
2.320700000000000000e+04
2.322000000000000000e+04
2.322500000000000000e+04
2.323000000000000000e+04
2.324400000000000000e+04
2.325500000000000000e+04
2.325900000000000000e+04
2.329600000000000000e+04
2.335900000000000000e+04
2.336800000000000000e+04
2.341400000000000000e+04
2.342500000000000000e+04
2.344200000000000000e+04
2.346300000000000000e+04
2.346400000000000000e+04
2.347100000000000000e+04
2.351100000000000000e+04
2.358500000000000000e+04
2.363800000000000000e+04
2.377700000000000000e+04
2.379000000000000000e+04
2.379100000000000000e+04
2.379900000000000000e+04
2.380500000000000000e+04
2.380900000000000000e+04
2.382700000000000000e+04
2.383600000000000000e+04
2.387400000000000000e+04
2.388600000000000000e+04
2.388800000000000000e+04
2.391900000000000000e+04
2.395200000000000000e+04
2.397000000000000000e+04
2.397400000000000000e+04
2.397800000000000000e+04
2.399200000000000000e+04
2.401900000000000000e+04
2.402200000000000000e+04
2.406300000000000000e+04
2.418800000000000000e+04
2.421600000000000000e+04
2.424300000000000000e+04
2.427800000000000000e+04
2.430000000000000000e+04
2.430200000000000000e+04
2.430500000000000000e+04
2.430600000000000000e+04
2.436100000000000000e+04
2.438800000000000000e+04
2.441400000000000000e+04
2.442200000000000000e+04
2.442600000000000000e+04
2.443100000000000000e+04
2.443600000000000000e+04
2.445000000000000000e+04
2.446500000000000000e+04
2.449900000000000000e+04
2.450900000000000000e+04
2.452900000000000000e+04
2.453000000000000000e+04
2.453800000000000000e+04
2.455200000000000000e+04
2.455400000000000000e+04
2.456000000000000000e+04
2.463500000000000000e+04
2.463600000000000000e+04
2.463700000000000000e+04
2.465900000000000000e+04
2.467100000000000000e+04
2.468600000000000000e+04
2.470900000000000000e+04
2.472400000000000000e+04
2.472700000000000000e+04
2.475100000000000000e+04
2.477100000000000000e+04
2.478100000000000000e+04
2.479200000000000000e+04
2.480400000000000000e+04
2.481600000000000000e+04
2.482800000000000000e+04
2.484200000000000000e+04
2.486300000000000000e+04
2.490900000000000000e+04
2.493400000000000000e+04
2.495000000000000000e+04
2.497400000000000000e+04
2.498600000000000000e+04
2.499600000000000000e+04
2.499800000000000000e+04
2.500100000000000000e+04
2.501300000000000000e+04
2.506100000000000000e+04
2.506300000000000000e+04
2.508900000000000000e+04
2.510500000000000000e+04
2.510700000000000000e+04
2.510900000000000000e+04
2.513200000000000000e+04
2.513400000000000000e+04
2.514400000000000000e+04
2.515600000000000000e+04
2.516200000000000000e+04
2.522200000000000000e+04
2.525800000000000000e+04
2.527500000000000000e+04
2.528900000000000000e+04
2.529000000000000000e+04
2.537900000000000000e+04
2.538700000000000000e+04
2.539100000000000000e+04
2.539200000000000000e+04
2.540400000000000000e+04
2.543000000000000000e+04
2.543400000000000000e+04
2.544900000000000000e+04
2.545500000000000000e+04
2.546800000000000000e+04
2.555100000000000000e+04
2.556700000000000000e+04
2.557200000000000000e+04
2.557500000000000000e+04
2.557900000000000000e+04
2.558600000000000000e+04
2.558700000000000000e+04
2.560500000000000000e+04
2.572000000000000000e+04
2.573200000000000000e+04
2.578500000000000000e+04
2.578700000000000000e+04
2.579000000000000000e+04
2.579200000000000000e+04
2.590600000000000000e+04
2.593100000000000000e+04
2.593200000000000000e+04
2.593300000000000000e+04
2.594200000000000000e+04
2.594400000000000000e+04
2.600700000000000000e+04
2.601300000000000000e+04
2.601700000000000000e+04
2.601900000000000000e+04
2.602000000000000000e+04
2.604100000000000000e+04
2.604800000000000000e+04
2.609600000000000000e+04
2.614200000000000000e+04
2.614500000000000000e+04
2.615700000000000000e+04
2.616000000000000000e+04
2.616500000000000000e+04
2.619300000000000000e+04
2.627200000000000000e+04
2.627400000000000000e+04
2.627800000000000000e+04
2.628100000000000000e+04
2.630400000000000000e+04
2.630600000000000000e+04
2.633100000000000000e+04
2.633200000000000000e+04
2.640900000000000000e+04
2.642600000000000000e+04
2.646000000000000000e+04
2.648500000000000000e+04
2.650000000000000000e+04
2.658600000000000000e+04
2.659400000000000000e+04
2.662800000000000000e+04
2.663000000000000000e+04
2.665100000000000000e+04
2.667300000000000000e+04
2.668300000000000000e+04
2.672300000000000000e+04
2.672400000000000000e+04
2.679200000000000000e+04
2.683100000000000000e+04
2.683200000000000000e+04
2.685100000000000000e+04
2.691200000000000000e+04
2.691700000000000000e+04
2.692000000000000000e+04
2.693700000000000000e+04
2.694700000000000000e+04
2.696300000000000000e+04
2.697300000000000000e+04
2.706600000000000000e+04
2.708000000000000000e+04
2.715800000000000000e+04
2.716400000000000000e+04
2.724000000000000000e+04
2.725800000000000000e+04
2.726400000000000000e+04
2.726800000000000000e+04
2.727200000000000000e+04
2.732800000000000000e+04
2.735700000000000000e+04
2.744400000000000000e+04
2.744600000000000000e+04
2.745200000000000000e+04
2.746000000000000000e+04
2.748700000000000000e+04
2.751500000000000000e+04
2.751600000000000000e+04
2.756200000000000000e+04
2.758800000000000000e+04
2.759300000000000000e+04
2.761300000000000000e+04
2.762600000000000000e+04
2.763200000000000000e+04
2.765400000000000000e+04
2.766200000000000000e+04
2.769900000000000000e+04
2.773600000000000000e+04
2.774500000000000000e+04
2.775700000000000000e+04
2.777300000000000000e+04
2.777400000000000000e+04
2.778600000000000000e+04
2.782600000000000000e+04
2.783400000000000000e+04
2.783700000000000000e+04
2.785300000000000000e+04
2.785400000000000000e+04
2.787700000000000000e+04
2.790800000000000000e+04
2.793100000000000000e+04
2.793200000000000000e+04
2.793300000000000000e+04
2.793400000000000000e+04
2.794000000000000000e+04
2.794200000000000000e+04
2.795600000000000000e+04
2.795700000000000000e+04
2.800500000000000000e+04
2.802200000000000000e+04
2.807000000000000000e+04
2.807600000000000000e+04
2.810400000000000000e+04
2.811100000000000000e+04
2.813700000000000000e+04
2.816500000000000000e+04
2.816700000000000000e+04
2.817000000000000000e+04
2.817200000000000000e+04
2.817600000000000000e+04
2.819800000000000000e+04
2.821400000000000000e+04
2.821500000000000000e+04
2.827300000000000000e+04
2.827700000000000000e+04
2.830800000000000000e+04
2.831400000000000000e+04
2.831500000000000000e+04
2.832000000000000000e+04
2.833600000000000000e+04
2.833800000000000000e+04
2.834700000000000000e+04
2.834800000000000000e+04
2.835400000000000000e+04
2.836400000000000000e+04
2.837700000000000000e+04
2.838000000000000000e+04
2.838400000000000000e+04
2.844300000000000000e+04
2.845000000000000000e+04
2.845100000000000000e+04
2.845200000000000000e+04
2.845400000000000000e+04
2.846400000000000000e+04
2.846600000000000000e+04
2.846700000000000000e+04
2.848700000000000000e+04
2.852100000000000000e+04
2.855500000000000000e+04
2.858500000000000000e+04
2.861600000000000000e+04
2.862300000000000000e+04
2.868200000000000000e+04
2.868700000000000000e+04
2.870500000000000000e+04
2.873200000000000000e+04
2.876400000000000000e+04
2.877000000000000000e+04
2.881500000000000000e+04
2.882000000000000000e+04
2.883100000000000000e+04
2.886400000000000000e+04
2.887000000000000000e+04
2.887800000000000000e+04
2.888800000000000000e+04
2.895700000000000000e+04
2.897000000000000000e+04
2.899300000000000000e+04
2.900000000000000000e+04
2.902900000000000000e+04
2.903800000000000000e+04
2.904000000000000000e+04
2.909600000000000000e+04
2.913900000000000000e+04
2.915400000000000000e+04
2.917500000000000000e+04
2.918100000000000000e+04
2.920200000000000000e+04
2.920400000000000000e+04
2.920900000000000000e+04
2.924500000000000000e+04
2.925000000000000000e+04
2.927300000000000000e+04
2.927600000000000000e+04
2.927700000000000000e+04
2.927900000000000000e+04
2.928200000000000000e+04
2.928800000000000000e+04
2.932600000000000000e+04
2.933100000000000000e+04
2.935200000000000000e+04
2.939600000000000000e+04
2.942600000000000000e+04
2.946000000000000000e+04
2.946100000000000000e+04
2.946600000000000000e+04
2.947400000000000000e+04
2.950200000000000000e+04
2.950900000000000000e+04
2.953600000000000000e+04
2.956100000000000000e+04
2.957100000000000000e+04
2.960100000000000000e+04
2.965800000000000000e+04
2.966300000000000000e+04
2.967600000000000000e+04
2.970700000000000000e+04
2.973800000000000000e+04
2.975600000000000000e+04
2.976400000000000000e+04
2.976500000000000000e+04
2.977100000000000000e+04
2.979700000000000000e+04
2.982800000000000000e+04
2.984100000000000000e+04
2.986000000000000000e+04
2.990100000000000000e+04
2.990300000000000000e+04
2.991900000000000000e+04
2.993400000000000000e+04
2.995700000000000000e+04
2.995800000000000000e+04
2.997600000000000000e+04
2.997700000000000000e+04
3.001900000000000000e+04
3.002000000000000000e+04
3.007900000000000000e+04
3.010200000000000000e+04
3.011300000000000000e+04
3.012300000000000000e+04
3.015000000000000000e+04
3.015600000000000000e+04
3.016200000000000000e+04
3.016500000000000000e+04
3.017400000000000000e+04
3.025200000000000000e+04
3.031500000000000000e+04
3.033200000000000000e+04
3.034100000000000000e+04
3.034200000000000000e+04
3.034500000000000000e+04
3.035300000000000000e+04
3.037400000000000000e+04
3.038300000000000000e+04
3.038600000000000000e+04
3.038800000000000000e+04
3.038900000000000000e+04
3.039700000000000000e+04
3.040400000000000000e+04
3.043500000000000000e+04
3.044600000000000000e+04
3.045600000000000000e+04
3.045900000000000000e+04
3.046100000000000000e+04
3.046200000000000000e+04
3.050600000000000000e+04
3.053100000000000000e+04
3.056800000000000000e+04
3.058100000000000000e+04
3.058600000000000000e+04
3.059100000000000000e+04
3.063800000000000000e+04
3.064100000000000000e+04
3.065300000000000000e+04
3.067900000000000000e+04
3.069100000000000000e+04
3.071600000000000000e+04
3.075800000000000000e+04
3.077700000000000000e+04
3.078900000000000000e+04
3.079600000000000000e+04
3.081800000000000000e+04
3.084400000000000000e+04
3.086700000000000000e+04
3.087800000000000000e+04
3.087900000000000000e+04
3.089000000000000000e+04
3.089500000000000000e+04
3.089600000000000000e+04
3.091200000000000000e+04
3.092900000000000000e+04
3.096400000000000000e+04
3.096900000000000000e+04
3.098000000000000000e+04
3.102900000000000000e+04
3.103200000000000000e+04
3.103500000000000000e+04
3.106000000000000000e+04
3.107000000000000000e+04
3.109800000000000000e+04
3.110000000000000000e+04
3.111300000000000000e+04
3.111600000000000000e+04
3.114400000000000000e+04
3.115000000000000000e+04
3.115400000000000000e+04
3.116200000000000000e+04
3.116400000000000000e+04
3.118800000000000000e+04
3.119900000000000000e+04
3.121400000000000000e+04
3.123500000000000000e+04
3.124600000000000000e+04
3.126600000000000000e+04
3.128300000000000000e+04
3.128600000000000000e+04
3.130000000000000000e+04
3.132700000000000000e+04
3.133300000000000000e+04
3.135100000000000000e+04
3.137500000000000000e+04
3.139600000000000000e+04
3.140100000000000000e+04
3.140500000000000000e+04
3.140800000000000000e+04
3.145200000000000000e+04
3.145800000000000000e+04
3.148800000000000000e+04
3.149400000000000000e+04
3.151000000000000000e+04
3.156300000000000000e+04
3.160700000000000000e+04
3.167800000000000000e+04
3.173100000000000000e+04
3.175300000000000000e+04
3.176100000000000000e+04
3.176200000000000000e+04
3.176300000000000000e+04
3.178100000000000000e+04
3.180200000000000000e+04
3.180600000000000000e+04
3.180700000000000000e+04
3.181700000000000000e+04
3.182400000000000000e+04
3.183100000000000000e+04
3.183400000000000000e+04
3.186100000000000000e+04
3.188600000000000000e+04
3.191600000000000000e+04
3.191800000000000000e+04
3.194200000000000000e+04
3.194300000000000000e+04
3.195300000000000000e+04
3.201000000000000000e+04
3.201900000000000000e+04
3.209800000000000000e+04
3.217300000000000000e+04
3.219200000000000000e+04
3.224200000000000000e+04
3.234500000000000000e+04
3.235500000000000000e+04
3.237100000000000000e+04
3.239900000000000000e+04
3.241500000000000000e+04
3.242000000000000000e+04
3.245600000000000000e+04
3.246800000000000000e+04
3.247400000000000000e+04
3.251200000000000000e+04
3.253600000000000000e+04
3.253700000000000000e+04
3.260700000000000000e+04
3.261800000000000000e+04
3.264400000000000000e+04
3.264600000000000000e+04
3.265600000000000000e+04
3.267800000000000000e+04
3.269600000000000000e+04
3.274700000000000000e+04
3.276700000000000000e+04
3.277700000000000000e+04
3.278100000000000000e+04
3.280100000000000000e+04
3.281900000000000000e+04
3.284700000000000000e+04
3.285300000000000000e+04
3.285400000000000000e+04
3.285600000000000000e+04
3.286700000000000000e+04
3.287900000000000000e+04
3.288600000000000000e+04
3.290800000000000000e+04
3.291100000000000000e+04
3.292200000000000000e+04
3.292400000000000000e+04
3.293800000000000000e+04
3.296300000000000000e+04
3.296400000000000000e+04
3.297500000000000000e+04
3.306000000000000000e+04
3.311800000000000000e+04
3.313500000000000000e+04
3.314300000000000000e+04
3.317500000000000000e+04
3.325600000000000000e+04
3.326200000000000000e+04
3.326500000000000000e+04
3.327800000000000000e+04
3.327900000000000000e+04
3.329200000000000000e+04
3.330900000000000000e+04
3.331900000000000000e+04
3.332300000000000000e+04
3.332500000000000000e+04
3.333600000000000000e+04
3.334900000000000000e+04
3.336100000000000000e+04
3.338700000000000000e+04
3.339100000000000000e+04
3.341100000000000000e+04
3.343200000000000000e+04
3.343400000000000000e+04
3.343600000000000000e+04
3.343700000000000000e+04
3.346400000000000000e+04
3.352200000000000000e+04
3.355300000000000000e+04
3.356300000000000000e+04
3.356600000000000000e+04
3.356800000000000000e+04
3.361400000000000000e+04
3.362100000000000000e+04
3.363000000000000000e+04
3.364300000000000000e+04
3.364600000000000000e+04
3.366600000000000000e+04
3.369900000000000000e+04
3.371300000000000000e+04
3.371600000000000000e+04
3.372800000000000000e+04
3.375100000000000000e+04
3.377700000000000000e+04
3.379800000000000000e+04
3.383500000000000000e+04
3.383800000000000000e+04
3.384100000000000000e+04
3.385000000000000000e+04
3.385100000000000000e+04
3.386000000000000000e+04
3.387400000000000000e+04
3.390100000000000000e+04
3.390600000000000000e+04
3.391400000000000000e+04
3.392200000000000000e+04
3.392700000000000000e+04
3.395100000000000000e+04
3.397000000000000000e+04
3.399200000000000000e+04
3.399300000000000000e+04
3.401200000000000000e+04
3.403700000000000000e+04
3.404100000000000000e+04
3.404800000000000000e+04
3.407300000000000000e+04
3.407600000000000000e+04
3.407700000000000000e+04
3.408000000000000000e+04
3.411300000000000000e+04
3.414800000000000000e+04
3.416000000000000000e+04
3.417000000000000000e+04
3.421800000000000000e+04
3.422600000000000000e+04
3.424500000000000000e+04
3.432000000000000000e+04
3.432400000000000000e+04
3.434700000000000000e+04
3.437700000000000000e+04
3.438200000000000000e+04
3.438300000000000000e+04
3.442600000000000000e+04
3.444000000000000000e+04
3.445200000000000000e+04
3.449400000000000000e+04
3.449700000000000000e+04
3.449900000000000000e+04
3.454700000000000000e+04
3.456000000000000000e+04
3.463000000000000000e+04
3.463100000000000000e+04
3.465000000000000000e+04
3.467400000000000000e+04
3.468000000000000000e+04
3.470800000000000000e+04
3.470900000000000000e+04
3.472100000000000000e+04
3.473200000000000000e+04
3.474500000000000000e+04
3.475300000000000000e+04
3.479700000000000000e+04
3.479800000000000000e+04
3.482600000000000000e+04
3.485900000000000000e+04
3.486400000000000000e+04
3.486700000000000000e+04
3.489200000000000000e+04
3.494100000000000000e+04
3.495800000000000000e+04
3.496800000000000000e+04
3.496900000000000000e+04
3.500400000000000000e+04
3.501400000000000000e+04
3.501800000000000000e+04
3.504000000000000000e+04
3.510000000000000000e+04
3.510300000000000000e+04
3.510700000000000000e+04
3.514100000000000000e+04
3.514300000000000000e+04
3.520800000000000000e+04
3.523300000000000000e+04
3.525000000000000000e+04
3.525100000000000000e+04
3.525200000000000000e+04
3.525600000000000000e+04
3.526200000000000000e+04
3.531200000000000000e+04
3.533300000000000000e+04
3.533800000000000000e+04
3.534200000000000000e+04
3.536400000000000000e+04
3.536600000000000000e+04
3.537500000000000000e+04
3.539200000000000000e+04
3.539300000000000000e+04
3.542100000000000000e+04
3.543600000000000000e+04
3.544000000000000000e+04
3.544100000000000000e+04
3.544600000000000000e+04
3.546800000000000000e+04
3.552400000000000000e+04
3.554400000000000000e+04
3.560700000000000000e+04
3.560800000000000000e+04
3.565800000000000000e+04
3.566500000000000000e+04
3.567900000000000000e+04
3.568800000000000000e+04
3.569000000000000000e+04
3.569900000000000000e+04
3.571800000000000000e+04
3.577300000000000000e+04
3.577800000000000000e+04
3.582700000000000000e+04
3.583700000000000000e+04
3.583800000000000000e+04
3.590400000000000000e+04
3.591800000000000000e+04
3.593800000000000000e+04
3.598700000000000000e+04
3.599800000000000000e+04
3.601100000000000000e+04
3.603000000000000000e+04
3.607900000000000000e+04
3.608400000000000000e+04
3.610400000000000000e+04
3.611900000000000000e+04
3.613100000000000000e+04
3.617000000000000000e+04
3.618000000000000000e+04
3.618700000000000000e+04
3.621300000000000000e+04
3.621700000000000000e+04
3.622900000000000000e+04
3.627800000000000000e+04
3.628800000000000000e+04
3.629500000000000000e+04
3.633300000000000000e+04
3.633800000000000000e+04
3.634000000000000000e+04
3.634200000000000000e+04
3.645800000000000000e+04
3.646500000000000000e+04
3.650000000000000000e+04
3.650900000000000000e+04
3.652400000000000000e+04
3.655400000000000000e+04
3.656500000000000000e+04
3.656600000000000000e+04
3.660200000000000000e+04
3.662400000000000000e+04
3.664700000000000000e+04
3.664800000000000000e+04
3.666800000000000000e+04
3.667600000000000000e+04
3.670200000000000000e+04
3.670700000000000000e+04
3.671300000000000000e+04
3.674800000000000000e+04
3.677300000000000000e+04
3.678700000000000000e+04
3.679000000000000000e+04
3.679100000000000000e+04
3.681300000000000000e+04
3.681400000000000000e+04
3.684900000000000000e+04
3.686400000000000000e+04
3.689200000000000000e+04
3.690300000000000000e+04
3.691000000000000000e+04
3.692900000000000000e+04
3.695000000000000000e+04
3.695200000000000000e+04
3.695500000000000000e+04
3.698200000000000000e+04
3.700800000000000000e+04
3.701400000000000000e+04
3.706900000000000000e+04
3.708500000000000000e+04
3.712500000000000000e+04
3.712900000000000000e+04
3.716100000000000000e+04
3.720900000000000000e+04
3.723100000000000000e+04
3.727400000000000000e+04
3.727900000000000000e+04
3.730200000000000000e+04
3.730300000000000000e+04
3.732200000000000000e+04
3.735500000000000000e+04
3.736700000000000000e+04
3.741400000000000000e+04
3.741500000000000000e+04
3.742100000000000000e+04
3.743100000000000000e+04
3.744300000000000000e+04
3.745400000000000000e+04
3.747300000000000000e+04
3.748000000000000000e+04
3.750500000000000000e+04
3.751900000000000000e+04
3.753200000000000000e+04
3.753400000000000000e+04
3.756500000000000000e+04
3.756600000000000000e+04
3.757200000000000000e+04
3.757400000000000000e+04
3.757900000000000000e+04
3.763400000000000000e+04
3.768100000000000000e+04
3.774900000000000000e+04
3.777200000000000000e+04
3.778800000000000000e+04
3.779200000000000000e+04
3.779900000000000000e+04
3.780400000000000000e+04
3.782300000000000000e+04
3.788200000000000000e+04
3.790100000000000000e+04
3.791400000000000000e+04
3.794600000000000000e+04
3.798700000000000000e+04
3.799500000000000000e+04
3.799600000000000000e+04
3.800700000000000000e+04
3.801700000000000000e+04
3.802000000000000000e+04
3.802500000000000000e+04
3.802700000000000000e+04
3.802800000000000000e+04
3.804500000000000000e+04
3.806000000000000000e+04
3.808000000000000000e+04
3.808200000000000000e+04
3.808600000000000000e+04
3.811000000000000000e+04
3.812800000000000000e+04
3.813600000000000000e+04
3.814400000000000000e+04
3.814500000000000000e+04
3.814700000000000000e+04
3.814900000000000000e+04
3.822800000000000000e+04
3.823200000000000000e+04
3.823700000000000000e+04
3.827500000000000000e+04
3.829800000000000000e+04
3.831800000000000000e+04
3.832000000000000000e+04
3.833500000000000000e+04
3.834800000000000000e+04
3.835900000000000000e+04
3.836800000000000000e+04
3.839600000000000000e+04
3.844700000000000000e+04
3.845000000000000000e+04
3.845800000000000000e+04
3.846900000000000000e+04
3.847600000000000000e+04
3.850200000000000000e+04
3.851000000000000000e+04
3.855900000000000000e+04
3.857100000000000000e+04
3.858100000000000000e+04
3.859200000000000000e+04
3.860200000000000000e+04
3.861800000000000000e+04
3.862600000000000000e+04
3.864900000000000000e+04
3.865700000000000000e+04
3.867400000000000000e+04
3.872300000000000000e+04
3.872500000000000000e+04
3.879400000000000000e+04
3.880500000000000000e+04
3.881200000000000000e+04
3.881600000000000000e+04
3.882800000000000000e+04
3.883500000000000000e+04
3.886300000000000000e+04
3.887000000000000000e+04
3.890200000000000000e+04
3.892100000000000000e+04
3.892200000000000000e+04
3.892600000000000000e+04
3.894500000000000000e+04
3.895100000000000000e+04
3.895500000000000000e+04
3.897600000000000000e+04
3.901500000000000000e+04
3.904100000000000000e+04
3.905900000000000000e+04
3.909100000000000000e+04
3.909500000000000000e+04
3.911000000000000000e+04
3.912100000000000000e+04
3.919000000000000000e+04
3.919100000000000000e+04
3.919200000000000000e+04
3.922500000000000000e+04
3.923900000000000000e+04
3.924100000000000000e+04
3.928100000000000000e+04
3.930200000000000000e+04
3.935100000000000000e+04
3.936000000000000000e+04
3.939600000000000000e+04
3.940800000000000000e+04
3.941100000000000000e+04
3.944400000000000000e+04
3.944900000000000000e+04
3.946300000000000000e+04
3.947500000000000000e+04
3.950700000000000000e+04
3.954000000000000000e+04
3.960500000000000000e+04
3.963000000000000000e+04
3.964400000000000000e+04
3.968200000000000000e+04
3.969400000000000000e+04
3.969900000000000000e+04
3.971600000000000000e+04
3.971700000000000000e+04
3.977300000000000000e+04
3.978900000000000000e+04
3.979500000000000000e+04
3.979900000000000000e+04
3.980200000000000000e+04
3.980400000000000000e+04
3.981300000000000000e+04
3.981800000000000000e+04
3.982000000000000000e+04
3.983100000000000000e+04
3.983200000000000000e+04
3.983500000000000000e+04
3.983700000000000000e+04
3.984400000000000000e+04
3.986900000000000000e+04
3.987400000000000000e+04
3.989400000000000000e+04
3.991100000000000000e+04
3.995400000000000000e+04
3.998800000000000000e+04
4.000800000000000000e+04
4.002300000000000000e+04
4.003100000000000000e+04
4.004600000000000000e+04
4.005200000000000000e+04
4.007100000000000000e+04
4.009200000000000000e+04
4.009500000000000000e+04
4.010300000000000000e+04
4.015900000000000000e+04
4.017800000000000000e+04
4.017900000000000000e+04
4.018400000000000000e+04
4.018700000000000000e+04
4.018800000000000000e+04
4.018900000000000000e+04
4.019500000000000000e+04
4.023200000000000000e+04
4.026000000000000000e+04
4.026100000000000000e+04
4.028000000000000000e+04
4.033700000000000000e+04
4.036800000000000000e+04
4.040200000000000000e+04
4.042900000000000000e+04
4.043300000000000000e+04
4.043400000000000000e+04
4.044600000000000000e+04
4.045900000000000000e+04
4.048100000000000000e+04
4.048700000000000000e+04
4.054100000000000000e+04
4.055700000000000000e+04
4.057000000000000000e+04
4.058200000000000000e+04
4.061800000000000000e+04
4.067000000000000000e+04
4.068800000000000000e+04
4.072800000000000000e+04
4.073700000000000000e+04
4.073800000000000000e+04
4.075700000000000000e+04
4.076600000000000000e+04
4.076900000000000000e+04
4.078500000000000000e+04
4.078600000000000000e+04
4.081800000000000000e+04
4.082700000000000000e+04
4.084300000000000000e+04
4.084700000000000000e+04
4.085600000000000000e+04
4.085700000000000000e+04
4.087800000000000000e+04
4.088400000000000000e+04
4.089300000000000000e+04
4.092000000000000000e+04
4.095800000000000000e+04
4.096500000000000000e+04
4.098200000000000000e+04
4.099300000000000000e+04
4.101900000000000000e+04
4.102000000000000000e+04
4.103200000000000000e+04
4.105800000000000000e+04
4.106300000000000000e+04
4.108100000000000000e+04
4.110300000000000000e+04
4.110600000000000000e+04
4.111100000000000000e+04
4.111900000000000000e+04
4.112300000000000000e+04
4.112800000000000000e+04
4.116100000000000000e+04
4.117400000000000000e+04
4.120500000000000000e+04
4.121500000000000000e+04
4.121600000000000000e+04
4.122900000000000000e+04
4.127800000000000000e+04
4.131800000000000000e+04
4.132800000000000000e+04
4.135000000000000000e+04
4.136600000000000000e+04
4.137400000000000000e+04
4.138700000000000000e+04
4.142200000000000000e+04
4.143000000000000000e+04
4.143800000000000000e+04
4.146300000000000000e+04
4.148100000000000000e+04
4.150100000000000000e+04
4.150300000000000000e+04
4.151500000000000000e+04
4.155700000000000000e+04
4.158400000000000000e+04
4.159200000000000000e+04
4.159600000000000000e+04
4.160100000000000000e+04
4.160700000000000000e+04
4.161600000000000000e+04
4.163100000000000000e+04
4.164300000000000000e+04
4.166700000000000000e+04
4.167700000000000000e+04
4.173700000000000000e+04
4.174300000000000000e+04
4.179300000000000000e+04
4.179700000000000000e+04
4.182600000000000000e+04
4.183300000000000000e+04
4.186800000000000000e+04
4.187400000000000000e+04
4.187600000000000000e+04
4.188500000000000000e+04
4.188600000000000000e+04
4.188700000000000000e+04
4.190100000000000000e+04
4.190700000000000000e+04
4.192900000000000000e+04
4.194100000000000000e+04
4.194500000000000000e+04
4.194600000000000000e+04
4.201200000000000000e+04
4.201300000000000000e+04
4.201500000000000000e+04
4.201600000000000000e+04
4.205600000000000000e+04
4.205700000000000000e+04
4.205800000000000000e+04
4.206100000000000000e+04
4.209500000000000000e+04
4.210000000000000000e+04
4.210200000000000000e+04
4.212400000000000000e+04
4.215200000000000000e+04
4.216000000000000000e+04
4.216200000000000000e+04
4.216300000000000000e+04
4.216700000000000000e+04
4.218600000000000000e+04
4.218700000000000000e+04
4.225500000000000000e+04
4.228800000000000000e+04
4.232300000000000000e+04
4.234000000000000000e+04
4.237300000000000000e+04
4.237900000000000000e+04
4.239400000000000000e+04
4.239900000000000000e+04
4.240800000000000000e+04
4.244400000000000000e+04
4.247000000000000000e+04
4.250900000000000000e+04
4.252400000000000000e+04
4.253400000000000000e+04
4.255900000000000000e+04
4.257600000000000000e+04
4.258000000000000000e+04
4.262700000000000000e+04
4.262900000000000000e+04
4.263100000000000000e+04
4.267800000000000000e+04
4.268000000000000000e+04
4.269500000000000000e+04
4.270100000000000000e+04
4.271800000000000000e+04
4.273200000000000000e+04
4.277600000000000000e+04
4.278400000000000000e+04
4.280700000000000000e+04
4.281100000000000000e+04
4.285500000000000000e+04
4.287700000000000000e+04
4.289500000000000000e+04
4.292200000000000000e+04
4.294500000000000000e+04
4.295200000000000000e+04
4.295900000000000000e+04
4.298600000000000000e+04
4.300600000000000000e+04
4.301900000000000000e+04
4.303100000000000000e+04
4.303300000000000000e+04
4.307000000000000000e+04
4.307200000000000000e+04
4.307500000000000000e+04
4.312200000000000000e+04
4.314800000000000000e+04
4.315300000000000000e+04
4.323100000000000000e+04
4.323400000000000000e+04
4.324200000000000000e+04
4.325000000000000000e+04
4.326400000000000000e+04
4.335700000000000000e+04
4.336500000000000000e+04
4.338000000000000000e+04
4.338800000000000000e+04
4.340000000000000000e+04
4.340700000000000000e+04
4.340900000000000000e+04
4.341000000000000000e+04
4.341200000000000000e+04
4.347600000000000000e+04
4.351900000000000000e+04
4.353700000000000000e+04
4.355900000000000000e+04
4.356100000000000000e+04
4.359100000000000000e+04
4.359300000000000000e+04
4.359500000000000000e+04
4.361700000000000000e+04
4.362000000000000000e+04
4.366100000000000000e+04
4.366400000000000000e+04
4.366700000000000000e+04
4.366800000000000000e+04
4.366900000000000000e+04
4.367800000000000000e+04
4.373800000000000000e+04
4.374400000000000000e+04
4.374900000000000000e+04
4.375400000000000000e+04
4.376700000000000000e+04
4.377000000000000000e+04
4.377100000000000000e+04
4.377700000000000000e+04
4.378000000000000000e+04
4.378100000000000000e+04
4.379300000000000000e+04
4.379600000000000000e+04
4.380700000000000000e+04
4.381100000000000000e+04
4.384900000000000000e+04
4.387300000000000000e+04
4.388800000000000000e+04
4.389200000000000000e+04
4.389800000000000000e+04
4.391400000000000000e+04
4.392400000000000000e+04
4.393400000000000000e+04
4.393900000000000000e+04
4.395300000000000000e+04
4.395600000000000000e+04
4.396200000000000000e+04
4.397500000000000000e+04
4.399000000000000000e+04
4.400100000000000000e+04
4.401300000000000000e+04
4.401900000000000000e+04
4.402700000000000000e+04
4.404800000000000000e+04
4.406400000000000000e+04
4.408100000000000000e+04
4.409200000000000000e+04
4.411600000000000000e+04
4.414200000000000000e+04
4.414500000000000000e+04
4.414600000000000000e+04
4.415700000000000000e+04
4.417100000000000000e+04
4.418200000000000000e+04
4.419300000000000000e+04
4.419800000000000000e+04
4.419900000000000000e+04
4.420200000000000000e+04
4.420300000000000000e+04
4.421000000000000000e+04
4.421100000000000000e+04
4.421400000000000000e+04
4.422100000000000000e+04
4.423000000000000000e+04
4.423700000000000000e+04
4.428500000000000000e+04
4.431500000000000000e+04
4.431700000000000000e+04
4.432100000000000000e+04
4.433000000000000000e+04
4.435700000000000000e+04
4.436000000000000000e+04
4.439300000000000000e+04
4.439700000000000000e+04
4.440000000000000000e+04
4.440600000000000000e+04
4.443600000000000000e+04
4.444800000000000000e+04
4.446000000000000000e+04
4.448800000000000000e+04
4.449200000000000000e+04
4.449400000000000000e+04
4.451000000000000000e+04
4.453400000000000000e+04
4.455500000000000000e+04
4.456700000000000000e+04
4.458600000000000000e+04
4.459400000000000000e+04
4.459800000000000000e+04
4.460800000000000000e+04
4.463900000000000000e+04
4.465200000000000000e+04
4.465600000000000000e+04
4.468500000000000000e+04
4.470800000000000000e+04
4.473500000000000000e+04
4.476400000000000000e+04
4.476500000000000000e+04
4.482100000000000000e+04
4.482900000000000000e+04
4.484100000000000000e+04
4.488200000000000000e+04
4.488300000000000000e+04
4.490300000000000000e+04
4.491400000000000000e+04
4.496300000000000000e+04
4.497800000000000000e+04
4.498400000000000000e+04
4.505100000000000000e+04
4.507100000000000000e+04
4.507300000000000000e+04
4.508400000000000000e+04
4.508800000000000000e+04
4.508900000000000000e+04
4.518000000000000000e+04
4.523600000000000000e+04
4.523700000000000000e+04
4.525100000000000000e+04
4.527600000000000000e+04
4.528600000000000000e+04
4.530100000000000000e+04
4.531200000000000000e+04
4.531700000000000000e+04
4.532600000000000000e+04
4.533100000000000000e+04
4.533900000000000000e+04
4.534000000000000000e+04
4.534300000000000000e+04
4.535200000000000000e+04
4.537900000000000000e+04
4.540900000000000000e+04
4.542200000000000000e+04
4.545800000000000000e+04
4.546200000000000000e+04
4.546400000000000000e+04
4.547800000000000000e+04
4.550300000000000000e+04
4.550400000000000000e+04
4.550500000000000000e+04
4.554500000000000000e+04
4.558300000000000000e+04
4.561900000000000000e+04
4.562400000000000000e+04
4.562700000000000000e+04
4.563700000000000000e+04
4.564000000000000000e+04
4.565100000000000000e+04
4.568000000000000000e+04
4.568100000000000000e+04
4.569000000000000000e+04
4.569600000000000000e+04
4.573800000000000000e+04
4.574900000000000000e+04
4.583300000000000000e+04
4.583600000000000000e+04
4.584600000000000000e+04
4.585800000000000000e+04
4.586000000000000000e+04
4.592500000000000000e+04
4.594300000000000000e+04
4.595300000000000000e+04
4.596700000000000000e+04
4.598400000000000000e+04
4.598700000000000000e+04
4.599900000000000000e+04
4.600200000000000000e+04
4.600600000000000000e+04
4.600700000000000000e+04
4.601100000000000000e+04
4.601700000000000000e+04
4.601900000000000000e+04
4.603200000000000000e+04
4.607800000000000000e+04
4.609100000000000000e+04
4.610300000000000000e+04
4.611700000000000000e+04
4.614000000000000000e+04
4.618000000000000000e+04
4.619500000000000000e+04
4.621300000000000000e+04
4.622400000000000000e+04
4.623900000000000000e+04
4.626500000000000000e+04
4.627100000000000000e+04
4.627400000000000000e+04
4.633300000000000000e+04
4.633700000000000000e+04
4.634800000000000000e+04
4.635700000000000000e+04
4.636800000000000000e+04
4.638100000000000000e+04
4.638800000000000000e+04
4.639200000000000000e+04
4.639800000000000000e+04
4.640900000000000000e+04
4.641300000000000000e+04
4.641400000000000000e+04
4.641700000000000000e+04
4.642200000000000000e+04
4.644300000000000000e+04
4.645600000000000000e+04
4.647900000000000000e+04
4.650200000000000000e+04
4.651900000000000000e+04
4.652100000000000000e+04
4.652500000000000000e+04
4.656000000000000000e+04
4.656800000000000000e+04
4.657600000000000000e+04
4.660400000000000000e+04
4.664500000000000000e+04
4.664700000000000000e+04
4.664900000000000000e+04
4.666100000000000000e+04
4.666900000000000000e+04
4.667800000000000000e+04
4.667900000000000000e+04
4.668000000000000000e+04
4.668600000000000000e+04
4.671000000000000000e+04
4.675900000000000000e+04
4.677900000000000000e+04
4.679500000000000000e+04
4.680500000000000000e+04
4.681900000000000000e+04
4.684000000000000000e+04
4.685200000000000000e+04
4.686000000000000000e+04
4.686700000000000000e+04
4.686900000000000000e+04
4.687100000000000000e+04
4.687500000000000000e+04
4.689100000000000000e+04
4.690300000000000000e+04
4.691200000000000000e+04
4.693500000000000000e+04
4.694700000000000000e+04
4.695600000000000000e+04
4.697900000000000000e+04
4.698200000000000000e+04
4.700700000000000000e+04
4.702600000000000000e+04
4.705800000000000000e+04
4.707100000000000000e+04
4.709800000000000000e+04
4.710400000000000000e+04
4.710600000000000000e+04
4.712100000000000000e+04
4.717000000000000000e+04
4.717600000000000000e+04
4.725200000000000000e+04
4.726500000000000000e+04
4.733000000000000000e+04
4.734200000000000000e+04
4.734300000000000000e+04
4.734500000000000000e+04
4.736400000000000000e+04
4.744300000000000000e+04
4.744500000000000000e+04
4.745300000000000000e+04
4.748200000000000000e+04
4.749400000000000000e+04
4.750000000000000000e+04
4.750600000000000000e+04
4.751600000000000000e+04
4.754000000000000000e+04
4.758100000000000000e+04
4.759000000000000000e+04
4.767300000000000000e+04
4.769300000000000000e+04
4.769500000000000000e+04
4.772200000000000000e+04
4.776500000000000000e+04
4.777300000000000000e+04
4.777500000000000000e+04
4.778000000000000000e+04
4.780900000000000000e+04
4.781400000000000000e+04
4.783200000000000000e+04
4.785300000000000000e+04
4.786500000000000000e+04
4.788200000000000000e+04
4.791300000000000000e+04
4.792200000000000000e+04
4.796800000000000000e+04
4.798000000000000000e+04
4.799700000000000000e+04
4.802700000000000000e+04
4.803500000000000000e+04
4.803900000000000000e+04
4.808200000000000000e+04
4.809600000000000000e+04
4.810100000000000000e+04
4.810200000000000000e+04
4.811300000000000000e+04
4.812100000000000000e+04
4.812200000000000000e+04
4.813100000000000000e+04
4.816500000000000000e+04
4.822500000000000000e+04
4.827700000000000000e+04
4.831800000000000000e+04
4.832100000000000000e+04
4.832200000000000000e+04
4.834700000000000000e+04
4.834800000000000000e+04
4.835600000000000000e+04
4.836100000000000000e+04
