2.200000000000000000e+01
2.800000000000000000e+01
7.200000000000000000e+01
7.700000000000000000e+01
8.300000000000000000e+01
8.700000000000000000e+01
2.110000000000000000e+02
2.120000000000000000e+02
3.020000000000000000e+02
3.040000000000000000e+02
3.780000000000000000e+02
4.290000000000000000e+02
4.320000000000000000e+02
4.330000000000000000e+02
5.090000000000000000e+02
5.370000000000000000e+02
5.670000000000000000e+02
5.770000000000000000e+02
6.300000000000000000e+02
6.310000000000000000e+02
7.090000000000000000e+02
7.120000000000000000e+02
7.240000000000000000e+02
7.260000000000000000e+02
7.570000000000000000e+02
7.660000000000000000e+02
7.830000000000000000e+02
7.840000000000000000e+02
8.100000000000000000e+02
8.140000000000000000e+02
8.440000000000000000e+02
8.480000000000000000e+02
8.490000000000000000e+02
8.500000000000000000e+02
8.520000000000000000e+02
8.530000000000000000e+02
8.960000000000000000e+02
8.980000000000000000e+02
9.170000000000000000e+02
9.330000000000000000e+02
9.420000000000000000e+02
9.470000000000000000e+02
9.660000000000000000e+02
9.910000000000000000e+02
9.930000000000000000e+02
1.001000000000000000e+03
1.042000000000000000e+03
1.054000000000000000e+03
1.055000000000000000e+03
1.056000000000000000e+03
1.058000000000000000e+03
1.073000000000000000e+03
1.074000000000000000e+03
1.081000000000000000e+03
1.090000000000000000e+03
1.098000000000000000e+03
1.123000000000000000e+03
1.136000000000000000e+03
1.137000000000000000e+03
1.150000000000000000e+03
1.158000000000000000e+03
1.171000000000000000e+03
1.178000000000000000e+03
1.221000000000000000e+03
1.231000000000000000e+03
1.235000000000000000e+03
1.246000000000000000e+03
1.268000000000000000e+03
1.279000000000000000e+03
1.313000000000000000e+03
1.319000000000000000e+03
1.326000000000000000e+03
1.334000000000000000e+03
1.335000000000000000e+03
1.338000000000000000e+03
1.347000000000000000e+03
1.364000000000000000e+03
1.367000000000000000e+03
1.382000000000000000e+03
1.398000000000000000e+03
1.417000000000000000e+03
1.418000000000000000e+03
1.438000000000000000e+03
1.440000000000000000e+03
1.448000000000000000e+03
1.450000000000000000e+03
1.490000000000000000e+03
1.497000000000000000e+03
1.498000000000000000e+03
1.508000000000000000e+03
1.516000000000000000e+03
1.522000000000000000e+03
1.546000000000000000e+03
1.568000000000000000e+03
1.582000000000000000e+03
1.583000000000000000e+03
1.600000000000000000e+03
1.617000000000000000e+03
1.618000000000000000e+03
1.664000000000000000e+03
1.675000000000000000e+03
1.683000000000000000e+03
1.686000000000000000e+03
1.687000000000000000e+03
1.689000000000000000e+03
1.709000000000000000e+03
1.719000000000000000e+03
1.736000000000000000e+03
1.771000000000000000e+03
1.779000000000000000e+03
1.802000000000000000e+03
1.808000000000000000e+03
1.817000000000000000e+03
1.827000000000000000e+03
1.828000000000000000e+03
1.831000000000000000e+03
1.835000000000000000e+03
1.848000000000000000e+03
1.863000000000000000e+03
1.868000000000000000e+03
1.874000000000000000e+03
1.875000000000000000e+03
1.876000000000000000e+03
1.879000000000000000e+03
1.890000000000000000e+03
1.927000000000000000e+03
1.937000000000000000e+03
1.957000000000000000e+03
1.973000000000000000e+03
1.974000000000000000e+03
1.978000000000000000e+03
1.989000000000000000e+03
1.994000000000000000e+03
1.997000000000000000e+03
1.999000000000000000e+03
2.005000000000000000e+03
2.009000000000000000e+03
2.012000000000000000e+03
2.014000000000000000e+03
2.018000000000000000e+03
2.022000000000000000e+03
2.026000000000000000e+03
2.027000000000000000e+03
2.036000000000000000e+03
2.037000000000000000e+03
2.043000000000000000e+03
2.099000000000000000e+03
2.105000000000000000e+03
2.107000000000000000e+03
2.108000000000000000e+03
2.110000000000000000e+03
2.121000000000000000e+03
2.128000000000000000e+03
2.135000000000000000e+03
2.138000000000000000e+03
2.151000000000000000e+03
2.219000000000000000e+03
2.223000000000000000e+03
2.242000000000000000e+03
2.257000000000000000e+03
2.260000000000000000e+03
2.261000000000000000e+03
2.270000000000000000e+03
2.284000000000000000e+03
2.287000000000000000e+03
2.288000000000000000e+03
2.302000000000000000e+03
2.303000000000000000e+03
2.311000000000000000e+03
2.319000000000000000e+03
2.322000000000000000e+03
2.323000000000000000e+03
2.324000000000000000e+03
2.345000000000000000e+03
2.366000000000000000e+03
2.392000000000000000e+03
2.399000000000000000e+03
2.409000000000000000e+03
2.412000000000000000e+03
2.421000000000000000e+03
2.453000000000000000e+03
2.562000000000000000e+03
2.566000000000000000e+03
2.567000000000000000e+03
2.578000000000000000e+03
2.598000000000000000e+03
2.618000000000000000e+03
2.622000000000000000e+03
2.651000000000000000e+03
2.676000000000000000e+03
2.679000000000000000e+03
2.710000000000000000e+03
2.725000000000000000e+03
2.726000000000000000e+03
2.728000000000000000e+03
2.739000000000000000e+03
2.760000000000000000e+03
2.763000000000000000e+03
2.764000000000000000e+03
2.766000000000000000e+03
2.767000000000000000e+03
2.768000000000000000e+03
2.778000000000000000e+03
2.782000000000000000e+03
2.802000000000000000e+03
2.817000000000000000e+03
2.826000000000000000e+03
2.827000000000000000e+03
2.834000000000000000e+03
2.837000000000000000e+03
2.842000000000000000e+03
2.853000000000000000e+03
2.855000000000000000e+03
2.930000000000000000e+03
2.932000000000000000e+03
2.933000000000000000e+03
2.935000000000000000e+03
2.936000000000000000e+03
2.954000000000000000e+03
2.957000000000000000e+03
2.966000000000000000e+03
2.990000000000000000e+03
2.999000000000000000e+03
3.011000000000000000e+03
3.022000000000000000e+03
3.034000000000000000e+03
3.036000000000000000e+03
3.103000000000000000e+03
3.104000000000000000e+03
3.171000000000000000e+03
3.197000000000000000e+03
3.198000000000000000e+03
3.199000000000000000e+03
3.208000000000000000e+03
3.214000000000000000e+03
3.219000000000000000e+03
3.233000000000000000e+03
3.244000000000000000e+03
3.245000000000000000e+03
3.260000000000000000e+03
3.265000000000000000e+03
3.269000000000000000e+03
3.272000000000000000e+03
3.291000000000000000e+03
3.297000000000000000e+03
3.301000000000000000e+03
3.317000000000000000e+03
3.332000000000000000e+03
3.337000000000000000e+03
3.339000000000000000e+03
3.381000000000000000e+03
3.392000000000000000e+03
3.398000000000000000e+03
3.412000000000000000e+03
3.415000000000000000e+03
3.416000000000000000e+03
3.427000000000000000e+03
3.455000000000000000e+03
3.458000000000000000e+03
3.463000000000000000e+03
3.466000000000000000e+03
3.470000000000000000e+03
3.491000000000000000e+03
3.502000000000000000e+03
3.509000000000000000e+03
3.513000000000000000e+03
3.537000000000000000e+03
3.545000000000000000e+03
3.583000000000000000e+03
3.590000000000000000e+03
3.605000000000000000e+03
3.633000000000000000e+03
3.635000000000000000e+03
3.640000000000000000e+03
3.644000000000000000e+03
3.704000000000000000e+03
3.709000000000000000e+03
3.736000000000000000e+03
3.748000000000000000e+03
3.785000000000000000e+03
3.805000000000000000e+03
3.823000000000000000e+03
3.835000000000000000e+03
3.836000000000000000e+03
3.838000000000000000e+03
3.862000000000000000e+03
3.863000000000000000e+03
3.867000000000000000e+03
3.878000000000000000e+03
3.887000000000000000e+03
3.889000000000000000e+03
3.891000000000000000e+03
3.894000000000000000e+03
3.934000000000000000e+03
3.950000000000000000e+03
3.953000000000000000e+03
3.962000000000000000e+03
3.993000000000000000e+03
3.996000000000000000e+03
4.001000000000000000e+03
4.008000000000000000e+03
4.013000000000000000e+03
4.014000000000000000e+03
4.043000000000000000e+03
4.052000000000000000e+03
4.069000000000000000e+03
4.074000000000000000e+03
4.076000000000000000e+03
4.077000000000000000e+03
4.078000000000000000e+03
4.086000000000000000e+03
4.103000000000000000e+03
4.108000000000000000e+03
4.118000000000000000e+03
4.146000000000000000e+03
4.187000000000000000e+03
4.205000000000000000e+03
4.216000000000000000e+03
4.218000000000000000e+03
4.231000000000000000e+03
4.232000000000000000e+03
4.233000000000000000e+03
4.238000000000000000e+03
4.245000000000000000e+03
4.271000000000000000e+03
4.281000000000000000e+03
4.291000000000000000e+03
4.330000000000000000e+03
4.334000000000000000e+03
4.341000000000000000e+03
4.346000000000000000e+03
4.356000000000000000e+03
4.397000000000000000e+03
4.417000000000000000e+03
4.421000000000000000e+03
4.487000000000000000e+03
4.488000000000000000e+03
4.491000000000000000e+03
4.501000000000000000e+03
4.523000000000000000e+03
4.529000000000000000e+03
4.569000000000000000e+03
4.571000000000000000e+03
4.572000000000000000e+03
4.576000000000000000e+03
4.579000000000000000e+03
4.582000000000000000e+03
4.634000000000000000e+03
4.690000000000000000e+03
4.695000000000000000e+03
4.712000000000000000e+03
4.725000000000000000e+03
4.728000000000000000e+03
4.739000000000000000e+03
4.758000000000000000e+03
4.785000000000000000e+03
4.796000000000000000e+03
4.820000000000000000e+03
4.840000000000000000e+03
4.849000000000000000e+03
4.888000000000000000e+03
4.906000000000000000e+03
4.942000000000000000e+03
4.959000000000000000e+03
4.965000000000000000e+03
5.067000000000000000e+03
5.089000000000000000e+03
5.104000000000000000e+03
5.122000000000000000e+03
5.138000000000000000e+03
5.141000000000000000e+03
5.153000000000000000e+03
5.198000000000000000e+03
5.204000000000000000e+03
5.254000000000000000e+03
5.268000000000000000e+03
5.269000000000000000e+03
5.270000000000000000e+03
5.271000000000000000e+03
5.282000000000000000e+03
5.312000000000000000e+03
5.318000000000000000e+03
5.323000000000000000e+03
5.328000000000000000e+03
5.329000000000000000e+03
5.330000000000000000e+03
5.333000000000000000e+03
5.335000000000000000e+03
5.348000000000000000e+03
5.358000000000000000e+03
5.367000000000000000e+03
5.372000000000000000e+03
5.401000000000000000e+03
5.407000000000000000e+03
5.420000000000000000e+03
5.432000000000000000e+03
5.448000000000000000e+03
5.451000000000000000e+03
5.458000000000000000e+03
5.482000000000000000e+03
5.520000000000000000e+03
5.522000000000000000e+03
5.523000000000000000e+03
5.583000000000000000e+03
5.586000000000000000e+03
5.588000000000000000e+03
5.600000000000000000e+03
5.603000000000000000e+03
5.615000000000000000e+03
5.649000000000000000e+03
5.654000000000000000e+03
5.658000000000000000e+03
5.679000000000000000e+03
5.685000000000000000e+03
5.693000000000000000e+03
5.709000000000000000e+03
5.716000000000000000e+03
5.725000000000000000e+03
5.740000000000000000e+03
5.773000000000000000e+03
5.785000000000000000e+03
5.793000000000000000e+03
5.840000000000000000e+03
5.846000000000000000e+03
5.867000000000000000e+03
5.893000000000000000e+03
5.905000000000000000e+03
5.907000000000000000e+03
5.915000000000000000e+03
5.926000000000000000e+03
5.943000000000000000e+03
5.956000000000000000e+03
6.009000000000000000e+03
6.010000000000000000e+03
6.037000000000000000e+03
6.039000000000000000e+03
6.051000000000000000e+03
6.073000000000000000e+03
6.075000000000000000e+03
6.082000000000000000e+03
6.093000000000000000e+03
6.096000000000000000e+03
6.105000000000000000e+03
6.170000000000000000e+03
6.186000000000000000e+03
6.213000000000000000e+03
6.217000000000000000e+03
6.261000000000000000e+03
6.282000000000000000e+03
6.288000000000000000e+03
6.311000000000000000e+03
6.324000000000000000e+03
6.326000000000000000e+03
6.329000000000000000e+03
6.335000000000000000e+03
6.348000000000000000e+03
6.356000000000000000e+03
6.386000000000000000e+03
6.387000000000000000e+03
6.393000000000000000e+03
6.431000000000000000e+03
6.448000000000000000e+03
6.456000000000000000e+03
6.457000000000000000e+03
6.468000000000000000e+03
6.485000000000000000e+03
6.522000000000000000e+03
6.527000000000000000e+03
6.545000000000000000e+03
6.562000000000000000e+03
6.565000000000000000e+03
6.570000000000000000e+03
6.642000000000000000e+03
6.643000000000000000e+03
6.691000000000000000e+03
6.698000000000000000e+03
6.702000000000000000e+03
6.758000000000000000e+03
6.783000000000000000e+03
6.791000000000000000e+03
6.816000000000000000e+03
6.824000000000000000e+03
6.870000000000000000e+03
6.899000000000000000e+03
6.931000000000000000e+03
6.953000000000000000e+03
6.955000000000000000e+03
6.972000000000000000e+03
6.978000000000000000e+03
6.981000000000000000e+03
6.984000000000000000e+03
6.989000000000000000e+03
6.990000000000000000e+03
6.996000000000000000e+03
7.019000000000000000e+03
7.029000000000000000e+03
7.064000000000000000e+03
7.072000000000000000e+03
7.084000000000000000e+03
7.095000000000000000e+03
7.101000000000000000e+03
7.134000000000000000e+03
7.140000000000000000e+03
7.144000000000000000e+03
7.161000000000000000e+03
7.170000000000000000e+03
7.174000000000000000e+03
7.178000000000000000e+03
7.190000000000000000e+03
7.192000000000000000e+03
7.200000000000000000e+03
7.241000000000000000e+03
7.242000000000000000e+03
7.246000000000000000e+03
7.255000000000000000e+03
7.297000000000000000e+03
7.305000000000000000e+03
7.312000000000000000e+03
7.348000000000000000e+03
7.377000000000000000e+03
7.396000000000000000e+03
7.424000000000000000e+03
7.466000000000000000e+03
7.468000000000000000e+03
7.475000000000000000e+03
7.486000000000000000e+03
7.487000000000000000e+03
7.599000000000000000e+03
7.623000000000000000e+03
7.688000000000000000e+03
7.693000000000000000e+03
7.750000000000000000e+03
7.770000000000000000e+03
7.816000000000000000e+03
7.824000000000000000e+03
7.825000000000000000e+03
7.851000000000000000e+03
7.853000000000000000e+03
7.890000000000000000e+03
7.893000000000000000e+03
7.896000000000000000e+03
7.912000000000000000e+03
7.951000000000000000e+03
7.962000000000000000e+03
7.983000000000000000e+03
7.991000000000000000e+03
7.994000000000000000e+03
7.998000000000000000e+03
8.000000000000000000e+03
8.012000000000000000e+03
8.016000000000000000e+03
8.021000000000000000e+03
8.051000000000000000e+03
8.074000000000000000e+03
8.079000000000000000e+03
8.081000000000000000e+03
8.143000000000000000e+03
8.162000000000000000e+03
8.231000000000000000e+03
8.241000000000000000e+03
8.245000000000000000e+03
8.257000000000000000e+03
8.266000000000000000e+03
8.304000000000000000e+03
8.305000000000000000e+03
8.310000000000000000e+03
8.344000000000000000e+03
8.399000000000000000e+03
8.411000000000000000e+03
8.415000000000000000e+03
8.460000000000000000e+03
8.466000000000000000e+03
8.473000000000000000e+03
8.495000000000000000e+03
8.516000000000000000e+03
8.542000000000000000e+03
8.546000000000000000e+03
8.552000000000000000e+03
8.576000000000000000e+03
8.578000000000000000e+03
8.590000000000000000e+03
8.600000000000000000e+03
8.614000000000000000e+03
8.622000000000000000e+03
8.706000000000000000e+03
8.714000000000000000e+03
8.733000000000000000e+03
8.743000000000000000e+03
8.750000000000000000e+03
8.766000000000000000e+03
8.769000000000000000e+03
8.778000000000000000e+03
8.786000000000000000e+03
8.790000000000000000e+03
8.794000000000000000e+03
8.798000000000000000e+03
8.808000000000000000e+03
8.879000000000000000e+03
8.905000000000000000e+03
8.908000000000000000e+03
8.928000000000000000e+03
8.939000000000000000e+03
8.946000000000000000e+03
8.961000000000000000e+03
8.970000000000000000e+03
9.020000000000000000e+03
9.031000000000000000e+03
9.075000000000000000e+03
9.076000000000000000e+03
9.081000000000000000e+03
9.094000000000000000e+03
9.095000000000000000e+03
9.129000000000000000e+03
9.136000000000000000e+03
9.151000000000000000e+03
9.181000000000000000e+03
9.183000000000000000e+03
9.185000000000000000e+03
9.187000000000000000e+03
9.213000000000000000e+03
9.262000000000000000e+03
9.264000000000000000e+03
9.267000000000000000e+03
9.269000000000000000e+03
9.327000000000000000e+03
9.332000000000000000e+03
9.344000000000000000e+03
9.345000000000000000e+03
9.346000000000000000e+03
9.350000000000000000e+03
9.353000000000000000e+03
9.360000000000000000e+03
9.370000000000000000e+03
9.372000000000000000e+03
9.386000000000000000e+03
9.393000000000000000e+03
9.417000000000000000e+03
9.418000000000000000e+03
9.419000000000000000e+03
9.421000000000000000e+03
9.439000000000000000e+03
9.500000000000000000e+03
9.504000000000000000e+03
9.507000000000000000e+03
9.509000000000000000e+03
9.517000000000000000e+03
9.521000000000000000e+03
9.571000000000000000e+03
9.589000000000000000e+03
9.605000000000000000e+03
9.620000000000000000e+03
9.641000000000000000e+03
9.668000000000000000e+03
9.673000000000000000e+03
9.675000000000000000e+03
9.682000000000000000e+03
9.686000000000000000e+03
9.692000000000000000e+03
9.704000000000000000e+03
9.708000000000000000e+03
9.712000000000000000e+03
9.714000000000000000e+03
9.719000000000000000e+03
9.721000000000000000e+03
9.722000000000000000e+03
9.742000000000000000e+03
9.753000000000000000e+03
9.777000000000000000e+03
9.790000000000000000e+03
9.805000000000000000e+03
9.819000000000000000e+03
9.824000000000000000e+03
9.849000000000000000e+03
9.855000000000000000e+03
9.862000000000000000e+03
9.872000000000000000e+03
9.878000000000000000e+03
9.883000000000000000e+03
9.897000000000000000e+03
9.903000000000000000e+03
9.914000000000000000e+03
9.916000000000000000e+03
9.939000000000000000e+03
9.952000000000000000e+03
9.964000000000000000e+03
9.969000000000000000e+03
9.973000000000000000e+03
9.975000000000000000e+03
9.991000000000000000e+03
9.998000000000000000e+03
1.000200000000000000e+04
1.002800000000000000e+04
1.006100000000000000e+04
1.007400000000000000e+04
1.008500000000000000e+04
1.008600000000000000e+04
1.008900000000000000e+04
1.009000000000000000e+04
1.010600000000000000e+04
1.011800000000000000e+04
1.012500000000000000e+04
1.013200000000000000e+04
1.013300000000000000e+04
1.013400000000000000e+04
1.014600000000000000e+04
1.014800000000000000e+04
1.015400000000000000e+04
1.016300000000000000e+04
1.016700000000000000e+04
1.017200000000000000e+04
1.017400000000000000e+04
1.017800000000000000e+04
1.017900000000000000e+04
1.018700000000000000e+04
1.021500000000000000e+04
1.021600000000000000e+04
1.022700000000000000e+04
1.023100000000000000e+04
1.023800000000000000e+04
1.024500000000000000e+04
1.026500000000000000e+04
1.029500000000000000e+04
1.029700000000000000e+04
1.029800000000000000e+04
1.031500000000000000e+04
1.032000000000000000e+04
1.034200000000000000e+04
1.035600000000000000e+04
1.040200000000000000e+04
1.040800000000000000e+04
1.042500000000000000e+04
1.042600000000000000e+04
1.043200000000000000e+04
1.044100000000000000e+04
1.045600000000000000e+04
1.046900000000000000e+04
1.049100000000000000e+04
1.052100000000000000e+04
1.052800000000000000e+04
1.054300000000000000e+04
1.056500000000000000e+04
1.056600000000000000e+04
1.057600000000000000e+04
1.061000000000000000e+04
1.061900000000000000e+04
1.070800000000000000e+04
1.072200000000000000e+04
1.073800000000000000e+04
1.075400000000000000e+04
1.077200000000000000e+04
1.077500000000000000e+04
1.080000000000000000e+04
1.080400000000000000e+04
1.086300000000000000e+04
1.086500000000000000e+04
1.086700000000000000e+04
1.090200000000000000e+04
1.090800000000000000e+04
1.091700000000000000e+04
1.094600000000000000e+04
1.096700000000000000e+04
1.098000000000000000e+04
1.098800000000000000e+04
1.098900000000000000e+04
1.100700000000000000e+04
1.103400000000000000e+04
1.103500000000000000e+04
1.107700000000000000e+04
1.110200000000000000e+04
1.111900000000000000e+04
1.115100000000000000e+04
1.117500000000000000e+04
1.118100000000000000e+04
1.118300000000000000e+04
1.118400000000000000e+04
1.119500000000000000e+04
1.123800000000000000e+04
1.125900000000000000e+04
1.126400000000000000e+04
1.127300000000000000e+04
1.128700000000000000e+04
1.128800000000000000e+04
1.134600000000000000e+04
1.135200000000000000e+04
1.136200000000000000e+04
1.136600000000000000e+04
1.138500000000000000e+04
1.140400000000000000e+04
1.141400000000000000e+04
1.141500000000000000e+04
1.147200000000000000e+04
1.147700000000000000e+04
1.148300000000000000e+04
1.148700000000000000e+04
1.151700000000000000e+04
1.154200000000000000e+04
1.155900000000000000e+04
1.156000000000000000e+04
1.156600000000000000e+04
1.156800000000000000e+04
1.157300000000000000e+04
1.158300000000000000e+04
1.160900000000000000e+04
1.162500000000000000e+04
1.164300000000000000e+04
1.164700000000000000e+04
1.166000000000000000e+04
1.166100000000000000e+04
1.166200000000000000e+04
1.169100000000000000e+04
1.169600000000000000e+04
1.172900000000000000e+04
1.178900000000000000e+04
1.179500000000000000e+04
1.185100000000000000e+04
1.185500000000000000e+04
1.188600000000000000e+04
1.188900000000000000e+04
1.189600000000000000e+04
1.189800000000000000e+04
1.192200000000000000e+04
1.192400000000000000e+04
1.193500000000000000e+04
1.193700000000000000e+04
1.194300000000000000e+04
1.195000000000000000e+04
1.195100000000000000e+04
1.195200000000000000e+04
1.199200000000000000e+04
1.204600000000000000e+04
1.204700000000000000e+04
1.205400000000000000e+04
1.205500000000000000e+04
1.206100000000000000e+04
1.206900000000000000e+04
1.211400000000000000e+04
1.213400000000000000e+04
1.214300000000000000e+04
1.216200000000000000e+04
1.222300000000000000e+04
1.223200000000000000e+04
1.225100000000000000e+04
1.225400000000000000e+04
1.226000000000000000e+04
1.228400000000000000e+04
1.229700000000000000e+04
1.230900000000000000e+04
1.231900000000000000e+04
1.232200000000000000e+04
1.232500000000000000e+04
1.233700000000000000e+04
1.236300000000000000e+04
1.236900000000000000e+04
1.238700000000000000e+04
1.239400000000000000e+04
1.241100000000000000e+04
1.242200000000000000e+04
1.245200000000000000e+04
1.246700000000000000e+04
1.247400000000000000e+04
1.247600000000000000e+04
1.247800000000000000e+04
1.248000000000000000e+04
1.250800000000000000e+04
1.253000000000000000e+04
1.255800000000000000e+04
1.256200000000000000e+04
1.257900000000000000e+04
1.258500000000000000e+04
1.260000000000000000e+04
1.261400000000000000e+04
1.262400000000000000e+04
1.262700000000000000e+04
1.263100000000000000e+04
1.264000000000000000e+04
1.269000000000000000e+04
1.270000000000000000e+04
1.271100000000000000e+04
1.272100000000000000e+04
1.278200000000000000e+04
1.283300000000000000e+04
1.283600000000000000e+04
1.286200000000000000e+04
1.288300000000000000e+04
1.288400000000000000e+04
1.288800000000000000e+04
1.289600000000000000e+04
1.290300000000000000e+04
1.290900000000000000e+04
1.291100000000000000e+04
1.292200000000000000e+04
1.298800000000000000e+04
1.299000000000000000e+04
1.303300000000000000e+04
1.306400000000000000e+04
1.308500000000000000e+04
1.309700000000000000e+04
1.312000000000000000e+04
1.312400000000000000e+04
1.321700000000000000e+04
1.323600000000000000e+04
1.325600000000000000e+04
1.326000000000000000e+04
1.330700000000000000e+04
1.333900000000000000e+04
1.336800000000000000e+04
1.338700000000000000e+04
1.344800000000000000e+04
1.345800000000000000e+04
1.346200000000000000e+04
1.348000000000000000e+04
1.350300000000000000e+04
1.352300000000000000e+04
1.353900000000000000e+04
1.357400000000000000e+04
1.358600000000000000e+04
1.359600000000000000e+04
1.360800000000000000e+04
1.363500000000000000e+04
1.365400000000000000e+04
1.365500000000000000e+04
1.366100000000000000e+04
1.367200000000000000e+04
1.367400000000000000e+04
1.367700000000000000e+04
1.367800000000000000e+04
1.371600000000000000e+04
1.375700000000000000e+04
1.379300000000000000e+04
1.379400000000000000e+04
1.379900000000000000e+04
1.382000000000000000e+04
1.388400000000000000e+04
1.389700000000000000e+04
1.389900000000000000e+04
1.390900000000000000e+04
1.392200000000000000e+04
1.392900000000000000e+04
1.394900000000000000e+04
1.397800000000000000e+04
1.398900000000000000e+04
1.400700000000000000e+04
1.402300000000000000e+04
1.403300000000000000e+04
1.405200000000000000e+04
1.405800000000000000e+04
1.408600000000000000e+04
1.410700000000000000e+04
1.412300000000000000e+04
1.412400000000000000e+04
1.412900000000000000e+04
1.418300000000000000e+04
1.419000000000000000e+04
1.430900000000000000e+04
1.434700000000000000e+04
1.440500000000000000e+04
1.440600000000000000e+04
1.441600000000000000e+04
1.442400000000000000e+04
1.443500000000000000e+04
1.444800000000000000e+04
1.445500000000000000e+04
1.448300000000000000e+04
1.448800000000000000e+04
1.453300000000000000e+04
1.454700000000000000e+04
1.455200000000000000e+04
1.457300000000000000e+04
1.459200000000000000e+04
1.460400000000000000e+04
1.461200000000000000e+04
1.464100000000000000e+04
1.465100000000000000e+04
1.465900000000000000e+04
1.466300000000000000e+04
1.466800000000000000e+04
1.467100000000000000e+04
1.468800000000000000e+04
1.468900000000000000e+04
1.470000000000000000e+04
1.470400000000000000e+04
1.471400000000000000e+04
1.471700000000000000e+04
1.471900000000000000e+04
1.472000000000000000e+04
1.472400000000000000e+04
1.473400000000000000e+04
1.474000000000000000e+04
1.475200000000000000e+04
1.475400000000000000e+04
1.475900000000000000e+04
1.477800000000000000e+04
1.479100000000000000e+04
1.485200000000000000e+04
1.487800000000000000e+04
1.489900000000000000e+04
1.490700000000000000e+04
1.491800000000000000e+04
1.492100000000000000e+04
1.494800000000000000e+04
1.495300000000000000e+04
1.497300000000000000e+04
1.500000000000000000e+04
1.500500000000000000e+04
1.500600000000000000e+04
1.501900000000000000e+04
1.502900000000000000e+04
1.506100000000000000e+04
1.510400000000000000e+04
1.511800000000000000e+04
1.513000000000000000e+04
1.513100000000000000e+04
1.513500000000000000e+04
1.516100000000000000e+04
1.516700000000000000e+04
1.517300000000000000e+04
1.517900000000000000e+04
1.518900000000000000e+04
1.522100000000000000e+04
1.525100000000000000e+04
1.532000000000000000e+04
1.535800000000000000e+04
1.536000000000000000e+04
1.538800000000000000e+04
1.539900000000000000e+04
1.541400000000000000e+04
1.546700000000000000e+04
1.547400000000000000e+04
1.548400000000000000e+04
1.551400000000000000e+04
1.552600000000000000e+04
1.553700000000000000e+04
1.554200000000000000e+04
1.556500000000000000e+04
1.559800000000000000e+04
1.560100000000000000e+04
1.561800000000000000e+04
1.562100000000000000e+04
1.564100000000000000e+04
1.568400000000000000e+04
1.569000000000000000e+04
1.569300000000000000e+04
1.569400000000000000e+04
1.569500000000000000e+04
1.570700000000000000e+04
1.571000000000000000e+04
1.571400000000000000e+04
1.573200000000000000e+04
1.573700000000000000e+04
1.573900000000000000e+04
1.574000000000000000e+04
1.574600000000000000e+04
1.575700000000000000e+04
1.576200000000000000e+04
1.577800000000000000e+04
1.578000000000000000e+04
1.579900000000000000e+04
1.581700000000000000e+04
1.583000000000000000e+04
1.588600000000000000e+04
1.588900000000000000e+04
1.590100000000000000e+04
1.590800000000000000e+04
1.591500000000000000e+04
1.595800000000000000e+04
1.596300000000000000e+04
1.596500000000000000e+04
1.597100000000000000e+04
1.598200000000000000e+04
1.598400000000000000e+04
1.600900000000000000e+04
1.602900000000000000e+04
1.604700000000000000e+04
1.607300000000000000e+04
1.609000000000000000e+04
1.609200000000000000e+04
1.611300000000000000e+04
1.611500000000000000e+04
1.612000000000000000e+04
1.612100000000000000e+04
1.612900000000000000e+04
1.613500000000000000e+04
1.616000000000000000e+04
1.622900000000000000e+04
1.625100000000000000e+04
1.626700000000000000e+04
1.626800000000000000e+04
1.627100000000000000e+04
1.628000000000000000e+04
1.630400000000000000e+04
1.631400000000000000e+04
1.633900000000000000e+04
1.641000000000000000e+04
1.641900000000000000e+04
1.643600000000000000e+04
1.644300000000000000e+04
1.644700000000000000e+04
1.647400000000000000e+04
1.648500000000000000e+04
1.651100000000000000e+04
1.651400000000000000e+04
1.653300000000000000e+04
1.654200000000000000e+04
1.655100000000000000e+04
1.660400000000000000e+04
1.660800000000000000e+04
1.663000000000000000e+04
1.664200000000000000e+04
1.665900000000000000e+04
1.671000000000000000e+04
1.674900000000000000e+04
1.676000000000000000e+04
1.677200000000000000e+04
1.679200000000000000e+04
1.679600000000000000e+04
1.683000000000000000e+04
1.685400000000000000e+04
1.686400000000000000e+04
1.687200000000000000e+04
1.688100000000000000e+04
1.690200000000000000e+04
1.693800000000000000e+04
1.696000000000000000e+04
1.697000000000000000e+04
1.702200000000000000e+04
1.703100000000000000e+04
1.706900000000000000e+04
1.708100000000000000e+04
1.708700000000000000e+04
1.710100000000000000e+04
1.710600000000000000e+04
1.710800000000000000e+04
1.711400000000000000e+04
1.711700000000000000e+04
1.713900000000000000e+04
1.715900000000000000e+04
1.717400000000000000e+04
1.719900000000000000e+04
1.721500000000000000e+04
1.723000000000000000e+04
1.723200000000000000e+04
1.723900000000000000e+04
1.724100000000000000e+04
1.727100000000000000e+04
1.727600000000000000e+04
1.727800000000000000e+04
1.728200000000000000e+04
1.728300000000000000e+04
1.728600000000000000e+04
1.732600000000000000e+04
1.734600000000000000e+04
1.735200000000000000e+04
1.735900000000000000e+04
1.736800000000000000e+04
1.739800000000000000e+04
1.740700000000000000e+04
1.741500000000000000e+04
1.742600000000000000e+04
1.743500000000000000e+04
1.744400000000000000e+04
1.749500000000000000e+04
1.750700000000000000e+04
1.751000000000000000e+04
1.753200000000000000e+04
1.754600000000000000e+04
1.756300000000000000e+04
1.757100000000000000e+04
1.759600000000000000e+04
1.762200000000000000e+04
1.763900000000000000e+04
1.764700000000000000e+04
1.764800000000000000e+04
1.765000000000000000e+04
1.767200000000000000e+04
1.769800000000000000e+04
1.770200000000000000e+04
1.771900000000000000e+04
1.773100000000000000e+04
1.773500000000000000e+04
1.774800000000000000e+04
1.775300000000000000e+04
1.775900000000000000e+04
1.776500000000000000e+04
1.776700000000000000e+04
1.777600000000000000e+04
1.782400000000000000e+04
1.783400000000000000e+04
1.784200000000000000e+04
1.785000000000000000e+04
1.785200000000000000e+04
1.786600000000000000e+04
1.790100000000000000e+04
1.792300000000000000e+04
1.793500000000000000e+04
1.794400000000000000e+04
1.794900000000000000e+04
1.799400000000000000e+04
1.801700000000000000e+04
1.801800000000000000e+04
1.804600000000000000e+04
1.805900000000000000e+04
1.806100000000000000e+04
1.809400000000000000e+04
1.809600000000000000e+04
1.812000000000000000e+04
1.812100000000000000e+04
1.812500000000000000e+04
1.812900000000000000e+04
1.813900000000000000e+04
1.822100000000000000e+04
1.823400000000000000e+04
1.827800000000000000e+04
1.827900000000000000e+04
1.828300000000000000e+04
1.829500000000000000e+04
1.830200000000000000e+04
1.830300000000000000e+04
1.835100000000000000e+04
1.840200000000000000e+04
1.840900000000000000e+04
1.842100000000000000e+04
1.845000000000000000e+04
1.845200000000000000e+04
1.845700000000000000e+04
1.847900000000000000e+04
1.850800000000000000e+04
1.853000000000000000e+04
1.853300000000000000e+04
1.853700000000000000e+04
1.854000000000000000e+04
1.854400000000000000e+04
1.855300000000000000e+04
1.857100000000000000e+04
1.858400000000000000e+04
1.862200000000000000e+04
1.862300000000000000e+04
1.862400000000000000e+04
1.862500000000000000e+04
1.865200000000000000e+04
1.865400000000000000e+04
1.866700000000000000e+04
1.867600000000000000e+04
1.870200000000000000e+04
1.875400000000000000e+04
1.877200000000000000e+04
1.877300000000000000e+04
1.878200000000000000e+04
1.879200000000000000e+04
1.881700000000000000e+04
1.882200000000000000e+04
1.882500000000000000e+04
1.883300000000000000e+04
1.887100000000000000e+04
1.890400000000000000e+04
1.890800000000000000e+04
1.892800000000000000e+04
1.893000000000000000e+04
1.893400000000000000e+04
1.894500000000000000e+04
1.895300000000000000e+04
1.895900000000000000e+04
1.896300000000000000e+04
1.896400000000000000e+04
1.897400000000000000e+04
1.898600000000000000e+04
1.905700000000000000e+04
1.906200000000000000e+04
1.906700000000000000e+04
1.906800000000000000e+04
1.907000000000000000e+04
1.910400000000000000e+04
1.912200000000000000e+04
1.916900000000000000e+04
1.917700000000000000e+04
1.918100000000000000e+04
1.920300000000000000e+04
1.924500000000000000e+04
1.924600000000000000e+04
1.926400000000000000e+04
1.926700000000000000e+04
1.929100000000000000e+04
1.931200000000000000e+04
1.936200000000000000e+04
1.936600000000000000e+04
1.936700000000000000e+04
1.938800000000000000e+04
1.943200000000000000e+04
1.944100000000000000e+04
1.946200000000000000e+04
1.946600000000000000e+04
1.949100000000000000e+04
1.949200000000000000e+04
1.949300000000000000e+04
1.950300000000000000e+04
1.951000000000000000e+04
1.951600000000000000e+04
1.952600000000000000e+04
1.953500000000000000e+04
1.956000000000000000e+04
1.956500000000000000e+04
1.957800000000000000e+04
1.959500000000000000e+04
1.959700000000000000e+04
1.961500000000000000e+04
1.961700000000000000e+04
1.962500000000000000e+04
1.963800000000000000e+04
1.968000000000000000e+04
1.968300000000000000e+04
1.970900000000000000e+04
1.971500000000000000e+04
1.971600000000000000e+04
1.973000000000000000e+04
1.973400000000000000e+04
1.973600000000000000e+04
1.974300000000000000e+04
1.980200000000000000e+04
1.980500000000000000e+04
1.982500000000000000e+04
1.984000000000000000e+04
1.986200000000000000e+04
1.986400000000000000e+04
1.986500000000000000e+04
1.992300000000000000e+04
1.992800000000000000e+04
1.993200000000000000e+04
1.993700000000000000e+04
1.995500000000000000e+04
1.997200000000000000e+04
2.001700000000000000e+04
2.002200000000000000e+04
2.002300000000000000e+04
2.008000000000000000e+04
2.009000000000000000e+04
2.009100000000000000e+04
2.009200000000000000e+04
2.009300000000000000e+04
2.009600000000000000e+04
2.011000000000000000e+04
2.011600000000000000e+04
2.013100000000000000e+04
2.013600000000000000e+04
2.016500000000000000e+04
2.018600000000000000e+04
2.018800000000000000e+04
2.019400000000000000e+04
2.019500000000000000e+04
2.019600000000000000e+04
2.021400000000000000e+04
2.021900000000000000e+04
2.027600000000000000e+04
2.028100000000000000e+04
2.028500000000000000e+04
2.029200000000000000e+04
2.030400000000000000e+04
2.035200000000000000e+04
2.036400000000000000e+04
2.036500000000000000e+04
2.037800000000000000e+04
2.037900000000000000e+04
2.038000000000000000e+04
2.039100000000000000e+04
2.039500000000000000e+04
2.039700000000000000e+04
2.041400000000000000e+04
2.044400000000000000e+04
2.044500000000000000e+04
2.045200000000000000e+04
2.046600000000000000e+04
2.052700000000000000e+04
2.054300000000000000e+04
2.059900000000000000e+04
2.061400000000000000e+04
2.061600000000000000e+04
2.063400000000000000e+04
2.063500000000000000e+04
2.063600000000000000e+04
2.064400000000000000e+04
2.067000000000000000e+04
2.071000000000000000e+04
2.075300000000000000e+04
2.075800000000000000e+04
2.075900000000000000e+04
2.078700000000000000e+04
2.079800000000000000e+04
2.080600000000000000e+04
2.088100000000000000e+04
2.088900000000000000e+04
2.090600000000000000e+04
2.090800000000000000e+04
2.093600000000000000e+04
2.094800000000000000e+04
2.096900000000000000e+04
2.097000000000000000e+04
2.097700000000000000e+04
2.097900000000000000e+04
2.101200000000000000e+04
2.102200000000000000e+04
2.102700000000000000e+04
2.103100000000000000e+04
2.104900000000000000e+04
2.105200000000000000e+04
2.105700000000000000e+04
2.106600000000000000e+04
2.106700000000000000e+04
2.107800000000000000e+04
2.108100000000000000e+04
2.110100000000000000e+04
2.117800000000000000e+04
2.120400000000000000e+04
2.121000000000000000e+04
2.121600000000000000e+04
2.122100000000000000e+04
2.122700000000000000e+04
2.123900000000000000e+04
2.128200000000000000e+04
2.131500000000000000e+04
2.135000000000000000e+04
2.135100000000000000e+04
2.135700000000000000e+04
2.137700000000000000e+04
2.138600000000000000e+04
2.139500000000000000e+04
2.139900000000000000e+04
2.143100000000000000e+04
2.144100000000000000e+04
2.144200000000000000e+04
2.146100000000000000e+04
2.146400000000000000e+04
2.149900000000000000e+04
2.150300000000000000e+04
2.152400000000000000e+04
2.152500000000000000e+04
2.154600000000000000e+04
2.157400000000000000e+04
2.157600000000000000e+04
2.166800000000000000e+04
2.167400000000000000e+04
2.168700000000000000e+04
2.173100000000000000e+04
2.173200000000000000e+04
2.175500000000000000e+04
2.182300000000000000e+04
2.187400000000000000e+04
2.189400000000000000e+04
2.193900000000000000e+04
2.195300000000000000e+04
2.199100000000000000e+04
2.201100000000000000e+04
2.206000000000000000e+04
2.209200000000000000e+04
2.210500000000000000e+04
2.211800000000000000e+04
2.213100000000000000e+04
2.213200000000000000e+04
2.213500000000000000e+04
2.213700000000000000e+04
2.214500000000000000e+04
2.215500000000000000e+04
2.215700000000000000e+04
2.223200000000000000e+04
2.223500000000000000e+04
2.224400000000000000e+04
2.225900000000000000e+04
2.230300000000000000e+04
2.230400000000000000e+04
2.237400000000000000e+04
2.241500000000000000e+04
2.242400000000000000e+04
2.246600000000000000e+04
2.249400000000000000e+04
2.252300000000000000e+04
2.255600000000000000e+04
2.260100000000000000e+04
2.262400000000000000e+04
2.263600000000000000e+04
2.267600000000000000e+04
2.268800000000000000e+04
2.271800000000000000e+04
2.273700000000000000e+04
2.278600000000000000e+04
2.281400000000000000e+04
2.283000000000000000e+04
2.287300000000000000e+04
2.287400000000000000e+04
2.287500000000000000e+04
2.287900000000000000e+04
2.292300000000000000e+04
2.293000000000000000e+04
2.294800000000000000e+04
2.295900000000000000e+04
2.296200000000000000e+04
2.299500000000000000e+04
2.299600000000000000e+04
2.299700000000000000e+04
2.304300000000000000e+04
2.305000000000000000e+04
2.306200000000000000e+04
2.311000000000000000e+04
2.311900000000000000e+04
2.313600000000000000e+04
2.322600000000000000e+04
2.326200000000000000e+04
2.326900000000000000e+04
2.330300000000000000e+04
2.330400000000000000e+04
2.332500000000000000e+04
2.333800000000000000e+04
2.338300000000000000e+04
2.339500000000000000e+04
2.339800000000000000e+04
2.344900000000000000e+04
2.347500000000000000e+04
2.349000000000000000e+04
2.350200000000000000e+04
2.351300000000000000e+04
2.351900000000000000e+04
2.352500000000000000e+04
2.357400000000000000e+04
2.362100000000000000e+04
2.364000000000000000e+04
2.369300000000000000e+04
2.371800000000000000e+04
2.374000000000000000e+04
2.375100000000000000e+04
2.377200000000000000e+04
2.378100000000000000e+04
2.378900000000000000e+04
2.380400000000000000e+04
2.383800000000000000e+04
2.384400000000000000e+04
2.384500000000000000e+04
2.384600000000000000e+04
2.384800000000000000e+04
2.385700000000000000e+04
2.387300000000000000e+04
2.387800000000000000e+04
2.387900000000000000e+04
2.391200000000000000e+04
2.395100000000000000e+04
2.398200000000000000e+04
2.399600000000000000e+04
2.399700000000000000e+04
2.400300000000000000e+04
2.400400000000000000e+04
2.402500000000000000e+04
2.403000000000000000e+04
2.403100000000000000e+04
2.404500000000000000e+04
2.406200000000000000e+04
2.406400000000000000e+04
2.411400000000000000e+04
2.411600000000000000e+04
2.412400000000000000e+04
2.417600000000000000e+04
2.420200000000000000e+04
2.424500000000000000e+04
2.426300000000000000e+04
2.426900000000000000e+04
2.427100000000000000e+04
2.427500000000000000e+04
2.427600000000000000e+04
2.432800000000000000e+04
2.433200000000000000e+04
2.433300000000000000e+04
2.434700000000000000e+04
2.436000000000000000e+04
2.436200000000000000e+04
2.436300000000000000e+04
2.438500000000000000e+04
2.438700000000000000e+04
2.439300000000000000e+04
2.439700000000000000e+04
2.440500000000000000e+04
2.441100000000000000e+04
2.441500000000000000e+04
2.441700000000000000e+04
2.444400000000000000e+04
2.445300000000000000e+04
2.446100000000000000e+04
2.448200000000000000e+04
2.450800000000000000e+04
2.451900000000000000e+04
2.452100000000000000e+04
2.454500000000000000e+04
2.455000000000000000e+04
2.455300000000000000e+04
2.456700000000000000e+04
2.457200000000000000e+04
2.457400000000000000e+04
2.463100000000000000e+04
2.466800000000000000e+04
2.467200000000000000e+04
2.469600000000000000e+04
2.469800000000000000e+04
2.471100000000000000e+04
2.472000000000000000e+04
2.472300000000000000e+04
2.473100000000000000e+04
2.473700000000000000e+04
2.475500000000000000e+04
2.475700000000000000e+04
2.476400000000000000e+04
2.478600000000000000e+04
2.479100000000000000e+04
2.479700000000000000e+04
2.480800000000000000e+04
2.484300000000000000e+04
2.487600000000000000e+04
2.488000000000000000e+04
2.488100000000000000e+04
2.489700000000000000e+04
2.497500000000000000e+04
2.498300000000000000e+04
2.500600000000000000e+04
2.502100000000000000e+04
2.503300000000000000e+04
2.503800000000000000e+04
2.506400000000000000e+04
2.506600000000000000e+04
2.506900000000000000e+04
2.507400000000000000e+04
2.508200000000000000e+04
2.509300000000000000e+04
2.509400000000000000e+04
2.509700000000000000e+04
2.510100000000000000e+04
2.510400000000000000e+04
2.513100000000000000e+04
2.514500000000000000e+04
2.516300000000000000e+04
2.516600000000000000e+04
2.519000000000000000e+04
2.525000000000000000e+04
2.525900000000000000e+04
2.527700000000000000e+04
2.527800000000000000e+04
2.530000000000000000e+04
2.530200000000000000e+04
2.530900000000000000e+04
2.532100000000000000e+04
2.534700000000000000e+04
2.535000000000000000e+04
2.539800000000000000e+04
2.542700000000000000e+04
2.543100000000000000e+04
2.547400000000000000e+04
2.554900000000000000e+04
2.555300000000000000e+04
2.556200000000000000e+04
2.556500000000000000e+04
2.558000000000000000e+04
2.558500000000000000e+04
2.558900000000000000e+04
2.561700000000000000e+04
2.563400000000000000e+04
2.564400000000000000e+04
2.571200000000000000e+04
2.571900000000000000e+04
2.573800000000000000e+04
2.574400000000000000e+04
2.576600000000000000e+04
2.577400000000000000e+04
2.579900000000000000e+04
2.580900000000000000e+04
2.581300000000000000e+04
2.581900000000000000e+04
2.583000000000000000e+04
2.583200000000000000e+04
2.584100000000000000e+04
2.584800000000000000e+04
2.585400000000000000e+04
2.585800000000000000e+04
2.586000000000000000e+04
2.587700000000000000e+04
2.588300000000000000e+04
2.588900000000000000e+04
2.589200000000000000e+04
2.595000000000000000e+04
2.599900000000000000e+04
2.600200000000000000e+04
2.601100000000000000e+04
2.604300000000000000e+04
2.608100000000000000e+04
2.609200000000000000e+04
2.609400000000000000e+04
2.610000000000000000e+04
2.610200000000000000e+04
2.610700000000000000e+04
2.613600000000000000e+04
2.617000000000000000e+04
2.619500000000000000e+04
2.622600000000000000e+04
2.624300000000000000e+04
2.624700000000000000e+04
2.625800000000000000e+04
2.635000000000000000e+04
2.637800000000000000e+04
2.640800000000000000e+04
2.643700000000000000e+04
2.652300000000000000e+04
2.655000000000000000e+04
2.655700000000000000e+04
2.659000000000000000e+04
2.667000000000000000e+04
2.667400000000000000e+04
2.671600000000000000e+04
2.673700000000000000e+04
2.676000000000000000e+04
2.679500000000000000e+04
2.679800000000000000e+04
2.680000000000000000e+04
2.681800000000000000e+04
2.682300000000000000e+04
2.683500000000000000e+04
2.684700000000000000e+04
2.685600000000000000e+04
2.689000000000000000e+04
2.690500000000000000e+04
2.692700000000000000e+04
2.693200000000000000e+04
2.693900000000000000e+04
2.696400000000000000e+04
2.698600000000000000e+04
2.699200000000000000e+04
2.699300000000000000e+04
2.703400000000000000e+04
2.707100000000000000e+04
2.707900000000000000e+04
2.708600000000000000e+04
2.717600000000000000e+04
2.719100000000000000e+04
2.723100000000000000e+04
2.727600000000000000e+04
2.733100000000000000e+04
2.734300000000000000e+04
2.734700000000000000e+04
2.738700000000000000e+04
2.742400000000000000e+04
2.742900000000000000e+04
2.746300000000000000e+04
2.747000000000000000e+04
2.747600000000000000e+04
2.747700000000000000e+04
2.754500000000000000e+04
2.758600000000000000e+04
2.761100000000000000e+04
2.765600000000000000e+04
2.765800000000000000e+04
2.768700000000000000e+04
2.770100000000000000e+04
2.770700000000000000e+04
2.774800000000000000e+04
2.774900000000000000e+04
2.776700000000000000e+04
2.777200000000000000e+04
2.780400000000000000e+04
2.781200000000000000e+04
2.783300000000000000e+04
2.784000000000000000e+04
2.796100000000000000e+04
2.801300000000000000e+04
2.802000000000000000e+04
2.802100000000000000e+04
2.802300000000000000e+04
2.802400000000000000e+04
2.805700000000000000e+04
2.807100000000000000e+04
2.810500000000000000e+04
2.810800000000000000e+04
2.815300000000000000e+04
2.819600000000000000e+04
2.820300000000000000e+04
2.821200000000000000e+04
2.824300000000000000e+04
2.825700000000000000e+04
2.831700000000000000e+04
2.832100000000000000e+04
2.833100000000000000e+04
2.834900000000000000e+04
2.835300000000000000e+04
2.835500000000000000e+04
2.835600000000000000e+04
2.837000000000000000e+04
2.838200000000000000e+04
2.839900000000000000e+04
2.840000000000000000e+04
2.840800000000000000e+04
2.841000000000000000e+04
2.841600000000000000e+04
2.842600000000000000e+04
2.843500000000000000e+04
2.845500000000000000e+04
2.845700000000000000e+04
2.848200000000000000e+04
2.856700000000000000e+04
2.857500000000000000e+04
2.861200000000000000e+04
2.862900000000000000e+04
2.863100000000000000e+04
2.863500000000000000e+04
2.865000000000000000e+04
2.866700000000000000e+04
2.866900000000000000e+04
2.867500000000000000e+04
2.868100000000000000e+04
2.870100000000000000e+04
2.870600000000000000e+04
2.875300000000000000e+04
2.878600000000000000e+04
2.881000000000000000e+04
2.882700000000000000e+04
2.884900000000000000e+04
2.885000000000000000e+04
2.887500000000000000e+04
2.890300000000000000e+04
2.891900000000000000e+04
2.894700000000000000e+04
2.894800000000000000e+04
2.898500000000000000e+04
2.900700000000000000e+04
2.902200000000000000e+04
2.903700000000000000e+04
2.904100000000000000e+04
2.905100000000000000e+04
2.906600000000000000e+04
2.906700000000000000e+04
2.909000000000000000e+04
2.909500000000000000e+04
2.910900000000000000e+04
2.911600000000000000e+04
2.914900000000000000e+04
2.915900000000000000e+04
2.916300000000000000e+04
2.916400000000000000e+04
2.919100000000000000e+04
2.919200000000000000e+04
2.919400000000000000e+04
2.920100000000000000e+04
2.925400000000000000e+04
2.926800000000000000e+04
2.928100000000000000e+04
2.929200000000000000e+04
2.930800000000000000e+04
2.931200000000000000e+04
2.932300000000000000e+04
2.932800000000000000e+04
2.934500000000000000e+04
2.935100000000000000e+04
2.935700000000000000e+04
2.936900000000000000e+04
2.937000000000000000e+04
2.937400000000000000e+04
2.938900000000000000e+04
2.943200000000000000e+04
2.943300000000000000e+04
2.944100000000000000e+04
2.944900000000000000e+04
2.945100000000000000e+04
2.945200000000000000e+04
2.953800000000000000e+04
2.953900000000000000e+04
2.954500000000000000e+04
2.956700000000000000e+04
2.958800000000000000e+04
2.961700000000000000e+04
2.962400000000000000e+04
2.964400000000000000e+04
2.966100000000000000e+04
2.968500000000000000e+04
2.968900000000000000e+04
2.970000000000000000e+04
2.970800000000000000e+04
2.972200000000000000e+04
2.973100000000000000e+04
2.976900000000000000e+04
2.977000000000000000e+04
2.980300000000000000e+04
2.980500000000000000e+04
2.985200000000000000e+04
2.986600000000000000e+04
2.989400000000000000e+04
2.989500000000000000e+04
2.991800000000000000e+04
2.994300000000000000e+04
2.994700000000000000e+04
2.996000000000000000e+04
2.999200000000000000e+04
3.000200000000000000e+04
3.004200000000000000e+04
3.006100000000000000e+04
3.006400000000000000e+04
3.007400000000000000e+04
3.007500000000000000e+04
3.008300000000000000e+04
3.009100000000000000e+04
3.010500000000000000e+04
3.011400000000000000e+04
3.012900000000000000e+04
3.014000000000000000e+04
3.014800000000000000e+04
3.014900000000000000e+04
3.017500000000000000e+04
3.018500000000000000e+04
3.020400000000000000e+04
3.020500000000000000e+04
3.020700000000000000e+04
3.021600000000000000e+04
3.024600000000000000e+04
3.025000000000000000e+04
3.025400000000000000e+04
3.026400000000000000e+04
3.027000000000000000e+04
3.027700000000000000e+04
3.030300000000000000e+04
3.030600000000000000e+04
3.033600000000000000e+04
3.035900000000000000e+04
3.037200000000000000e+04
3.037600000000000000e+04
3.038100000000000000e+04
3.042800000000000000e+04
3.044100000000000000e+04
3.045100000000000000e+04
3.045300000000000000e+04
3.045400000000000000e+04
3.045700000000000000e+04
3.045800000000000000e+04
3.047600000000000000e+04
3.051300000000000000e+04
3.054900000000000000e+04
3.059400000000000000e+04
3.059900000000000000e+04
3.060200000000000000e+04
3.062900000000000000e+04
3.067800000000000000e+04
3.071100000000000000e+04
3.071400000000000000e+04
3.073200000000000000e+04
3.075300000000000000e+04
3.075700000000000000e+04
3.076800000000000000e+04
3.077600000000000000e+04
3.078600000000000000e+04
3.080500000000000000e+04
3.081600000000000000e+04
3.081700000000000000e+04
3.081900000000000000e+04
3.082900000000000000e+04
3.084700000000000000e+04
3.086400000000000000e+04
3.087600000000000000e+04
3.089400000000000000e+04
3.089700000000000000e+04
3.094400000000000000e+04
3.094700000000000000e+04
3.098400000000000000e+04
3.098500000000000000e+04
3.102600000000000000e+04
3.103700000000000000e+04
3.105800000000000000e+04
3.110800000000000000e+04
3.111100000000000000e+04
3.113800000000000000e+04
3.114100000000000000e+04
3.116100000000000000e+04
3.118000000000000000e+04
3.120100000000000000e+04
3.120200000000000000e+04
3.121500000000000000e+04
3.122300000000000000e+04
3.123100000000000000e+04
3.125400000000000000e+04
3.125900000000000000e+04
3.126500000000000000e+04
3.126900000000000000e+04
3.127100000000000000e+04
3.128400000000000000e+04
3.131100000000000000e+04
3.131200000000000000e+04
3.132000000000000000e+04
3.134500000000000000e+04
3.134900000000000000e+04
3.137200000000000000e+04
3.137600000000000000e+04
3.138100000000000000e+04
3.142600000000000000e+04
3.145100000000000000e+04
3.147200000000000000e+04
3.147300000000000000e+04
3.149300000000000000e+04
3.150500000000000000e+04
3.151400000000000000e+04
3.152100000000000000e+04
3.153800000000000000e+04
3.154200000000000000e+04
3.154900000000000000e+04
3.158600000000000000e+04
3.162300000000000000e+04
3.163400000000000000e+04
3.169800000000000000e+04
3.169900000000000000e+04
3.170700000000000000e+04
3.171600000000000000e+04
3.172100000000000000e+04
3.174300000000000000e+04
3.177400000000000000e+04
3.179500000000000000e+04
3.179700000000000000e+04
3.180900000000000000e+04
3.184600000000000000e+04
3.185300000000000000e+04
3.186200000000000000e+04
3.186500000000000000e+04
3.187900000000000000e+04
3.189100000000000000e+04
3.189300000000000000e+04
3.189400000000000000e+04
3.189700000000000000e+04
3.189800000000000000e+04
3.192400000000000000e+04
3.192800000000000000e+04
3.193200000000000000e+04
3.193300000000000000e+04
3.193400000000000000e+04
3.195500000000000000e+04
3.197400000000000000e+04
3.197500000000000000e+04
3.202400000000000000e+04
3.202900000000000000e+04
3.204800000000000000e+04
3.205700000000000000e+04
3.210800000000000000e+04
3.211000000000000000e+04
3.212200000000000000e+04
3.214400000000000000e+04
3.215800000000000000e+04
3.216400000000000000e+04
3.220300000000000000e+04
3.220700000000000000e+04
3.223300000000000000e+04
3.227000000000000000e+04
3.227300000000000000e+04
3.227500000000000000e+04
3.228100000000000000e+04
3.228600000000000000e+04
3.228700000000000000e+04
3.230400000000000000e+04
3.232900000000000000e+04
3.233100000000000000e+04
3.233600000000000000e+04
3.234900000000000000e+04
3.235400000000000000e+04
3.237000000000000000e+04
3.238900000000000000e+04
3.242300000000000000e+04
3.242500000000000000e+04
3.244800000000000000e+04
3.249200000000000000e+04
3.249400000000000000e+04
3.250800000000000000e+04
3.251000000000000000e+04
3.255100000000000000e+04
3.257000000000000000e+04
3.259400000000000000e+04
3.261200000000000000e+04
3.266300000000000000e+04
3.268000000000000000e+04
3.269400000000000000e+04
3.277300000000000000e+04
3.278700000000000000e+04
3.280500000000000000e+04
3.281100000000000000e+04
3.285700000000000000e+04
3.288100000000000000e+04
3.289800000000000000e+04
3.290000000000000000e+04
3.291200000000000000e+04
3.292300000000000000e+04
3.294500000000000000e+04
3.295200000000000000e+04
3.295800000000000000e+04
3.298600000000000000e+04
3.298800000000000000e+04
3.300200000000000000e+04
3.306900000000000000e+04
3.308500000000000000e+04
3.315400000000000000e+04
3.315800000000000000e+04
3.319600000000000000e+04
3.321300000000000000e+04
3.325400000000000000e+04
3.329100000000000000e+04
3.329600000000000000e+04
3.329700000000000000e+04
3.333400000000000000e+04
3.336000000000000000e+04
3.336400000000000000e+04
3.339300000000000000e+04
3.339600000000000000e+04
3.340500000000000000e+04
3.341600000000000000e+04
3.342800000000000000e+04
3.343100000000000000e+04
3.344900000000000000e+04
3.346000000000000000e+04
3.346300000000000000e+04
3.348700000000000000e+04
3.350500000000000000e+04
3.350700000000000000e+04
3.351700000000000000e+04
3.352900000000000000e+04
3.358500000000000000e+04
3.360700000000000000e+04
3.362400000000000000e+04
3.363600000000000000e+04
3.364200000000000000e+04
3.365800000000000000e+04
3.366300000000000000e+04
3.369500000000000000e+04
3.370200000000000000e+04
3.373900000000000000e+04
3.375300000000000000e+04
3.376700000000000000e+04
3.377400000000000000e+04
3.378900000000000000e+04
3.379300000000000000e+04
3.379400000000000000e+04
3.382100000000000000e+04
3.382200000000000000e+04
3.382600000000000000e+04
3.383300000000000000e+04
3.383900000000000000e+04
3.385800000000000000e+04
3.386600000000000000e+04
3.387800000000000000e+04
3.389400000000000000e+04
3.391500000000000000e+04
3.392400000000000000e+04
3.392500000000000000e+04
3.394400000000000000e+04
3.396400000000000000e+04
3.398700000000000000e+04
3.401300000000000000e+04
3.402100000000000000e+04
3.402200000000000000e+04
3.402900000000000000e+04
3.403200000000000000e+04
3.403600000000000000e+04
3.404700000000000000e+04
3.404900000000000000e+04
3.405900000000000000e+04
3.409600000000000000e+04
3.410400000000000000e+04
3.411500000000000000e+04
3.412000000000000000e+04
3.412700000000000000e+04
3.414700000000000000e+04
3.418700000000000000e+04
3.419000000000000000e+04
3.421600000000000000e+04
3.424100000000000000e+04
3.427200000000000000e+04
3.428700000000000000e+04
3.431300000000000000e+04
3.434200000000000000e+04
3.434600000000000000e+04
3.436900000000000000e+04
3.437200000000000000e+04
3.437800000000000000e+04
3.438000000000000000e+04
3.438400000000000000e+04
3.439900000000000000e+04
3.440200000000000000e+04
3.450700000000000000e+04
3.452700000000000000e+04
3.454100000000000000e+04
3.461500000000000000e+04
3.465500000000000000e+04
3.465900000000000000e+04
3.468100000000000000e+04
3.468800000000000000e+04
3.471000000000000000e+04
3.472200000000000000e+04
3.474100000000000000e+04
3.475100000000000000e+04
3.475200000000000000e+04
3.475600000000000000e+04
3.480400000000000000e+04
3.481300000000000000e+04
3.481800000000000000e+04
3.481900000000000000e+04
3.486200000000000000e+04
3.489400000000000000e+04
3.492400000000000000e+04
3.493200000000000000e+04
3.495100000000000000e+04
3.495200000000000000e+04
3.497400000000000000e+04
3.497700000000000000e+04
3.498700000000000000e+04
3.499200000000000000e+04
3.502100000000000000e+04
3.503300000000000000e+04
3.506300000000000000e+04
3.506700000000000000e+04
3.507600000000000000e+04
3.508000000000000000e+04
3.508400000000000000e+04
3.513600000000000000e+04
3.513900000000000000e+04
3.522500000000000000e+04
3.523200000000000000e+04
3.527200000000000000e+04
3.529100000000000000e+04
3.530200000000000000e+04
3.531900000000000000e+04
3.532500000000000000e+04
3.533200000000000000e+04
3.534500000000000000e+04
3.536200000000000000e+04
3.539700000000000000e+04
3.543400000000000000e+04
3.545900000000000000e+04
3.549100000000000000e+04
3.549200000000000000e+04
3.549700000000000000e+04
3.555900000000000000e+04
3.556300000000000000e+04
3.556600000000000000e+04
3.560000000000000000e+04
3.560100000000000000e+04
3.561000000000000000e+04
3.561300000000000000e+04
3.562300000000000000e+04
3.563000000000000000e+04
3.563300000000000000e+04
3.566600000000000000e+04
3.567500000000000000e+04
3.569800000000000000e+04
3.570000000000000000e+04
3.574400000000000000e+04
3.574600000000000000e+04
3.574700000000000000e+04
3.576100000000000000e+04
3.576900000000000000e+04
3.577700000000000000e+04
3.578600000000000000e+04
3.578800000000000000e+04
3.579100000000000000e+04
3.583300000000000000e+04
3.583600000000000000e+04
3.586100000000000000e+04
3.586700000000000000e+04
3.587600000000000000e+04
3.589300000000000000e+04
3.590100000000000000e+04
3.593600000000000000e+04
3.598000000000000000e+04
3.598200000000000000e+04
3.599300000000000000e+04
3.601300000000000000e+04
3.604400000000000000e+04
3.607400000000000000e+04
3.609800000000000000e+04
3.610000000000000000e+04
3.610100000000000000e+04
3.610500000000000000e+04
3.613700000000000000e+04
3.614900000000000000e+04
3.617100000000000000e+04
3.617800000000000000e+04
3.618300000000000000e+04
3.619300000000000000e+04
3.621400000000000000e+04
3.621500000000000000e+04
3.624300000000000000e+04
3.626400000000000000e+04
3.629600000000000000e+04
3.630000000000000000e+04
3.631400000000000000e+04
3.632000000000000000e+04
3.632600000000000000e+04
3.635400000000000000e+04
3.636800000000000000e+04
3.646700000000000000e+04
3.647000000000000000e+04
3.647700000000000000e+04
3.648300000000000000e+04
3.648500000000000000e+04
3.649900000000000000e+04
3.650700000000000000e+04
3.651200000000000000e+04
3.652100000000000000e+04
3.653700000000000000e+04
3.655900000000000000e+04
3.656100000000000000e+04
3.656300000000000000e+04
3.658500000000000000e+04
3.662700000000000000e+04
3.663500000000000000e+04
3.666700000000000000e+04
3.666900000000000000e+04
3.667000000000000000e+04
3.667200000000000000e+04
3.667300000000000000e+04
3.667500000000000000e+04
3.671100000000000000e+04
3.672500000000000000e+04
3.674100000000000000e+04
3.676900000000000000e+04
3.677900000000000000e+04
3.681500000000000000e+04
3.682000000000000000e+04
3.682100000000000000e+04
3.686000000000000000e+04
3.686500000000000000e+04
3.694300000000000000e+04
3.694400000000000000e+04
3.695100000000000000e+04
3.696300000000000000e+04
3.696700000000000000e+04
3.700600000000000000e+04
3.700700000000000000e+04
3.701600000000000000e+04
3.702100000000000000e+04
3.702800000000000000e+04
3.704100000000000000e+04
3.709300000000000000e+04
3.711500000000000000e+04
3.712800000000000000e+04
3.714600000000000000e+04
3.715300000000000000e+04
3.716400000000000000e+04
3.716800000000000000e+04
3.717300000000000000e+04
3.717400000000000000e+04
3.717600000000000000e+04
3.720200000000000000e+04
3.721600000000000000e+04
3.723000000000000000e+04
3.723400000000000000e+04
3.727100000000000000e+04
3.727300000000000000e+04
3.736300000000000000e+04
3.739000000000000000e+04
3.740500000000000000e+04
3.741300000000000000e+04
3.743900000000000000e+04
3.744000000000000000e+04
3.744600000000000000e+04
3.745800000000000000e+04
3.747000000000000000e+04
3.747200000000000000e+04
3.747800000000000000e+04
3.748500000000000000e+04
3.749200000000000000e+04
3.749400000000000000e+04
3.752600000000000000e+04
3.753100000000000000e+04
3.755700000000000000e+04
3.762300000000000000e+04
3.763200000000000000e+04
3.766100000000000000e+04
3.767100000000000000e+04
3.767200000000000000e+04
3.768300000000000000e+04
3.772700000000000000e+04
3.774100000000000000e+04
3.774700000000000000e+04
3.780100000000000000e+04
3.782600000000000000e+04
3.785100000000000000e+04
3.785400000000000000e+04
3.788700000000000000e+04
3.789900000000000000e+04
3.790000000000000000e+04
3.790400000000000000e+04
3.790600000000000000e+04
3.794400000000000000e+04
3.796000000000000000e+04
3.797500000000000000e+04
3.798000000000000000e+04
3.799900000000000000e+04
3.800600000000000000e+04
3.801200000000000000e+04
3.801900000000000000e+04
3.804400000000000000e+04
3.806500000000000000e+04
3.806700000000000000e+04
3.807800000000000000e+04
3.810500000000000000e+04
3.811800000000000000e+04
3.814600000000000000e+04
3.816100000000000000e+04
3.817100000000000000e+04
3.827200000000000000e+04
3.827800000000000000e+04
3.828000000000000000e+04
3.829500000000000000e+04
3.831100000000000000e+04
3.832100000000000000e+04
3.832700000000000000e+04
3.834200000000000000e+04
3.838200000000000000e+04
3.839700000000000000e+04
3.840700000000000000e+04
3.841800000000000000e+04
3.843300000000000000e+04
3.844300000000000000e+04
3.849400000000000000e+04
3.849900000000000000e+04
3.850400000000000000e+04
3.854000000000000000e+04
3.857600000000000000e+04
3.858900000000000000e+04
3.859300000000000000e+04
3.861300000000000000e+04
3.862700000000000000e+04
3.864200000000000000e+04
3.864400000000000000e+04
3.865400000000000000e+04
3.865500000000000000e+04
3.866200000000000000e+04
3.867600000000000000e+04
3.869600000000000000e+04
3.870900000000000000e+04
3.872800000000000000e+04
3.878500000000000000e+04
3.879500000000000000e+04
3.880200000000000000e+04
3.895300000000000000e+04
3.897300000000000000e+04
3.899200000000000000e+04
3.902500000000000000e+04
3.903300000000000000e+04
3.906900000000000000e+04
3.910100000000000000e+04
3.916900000000000000e+04
3.917100000000000000e+04
3.918700000000000000e+04
3.918800000000000000e+04
3.919300000000000000e+04
3.919700000000000000e+04
3.920500000000000000e+04
3.920700000000000000e+04
3.920900000000000000e+04
3.921000000000000000e+04
3.922200000000000000e+04
3.924900000000000000e+04
3.927300000000000000e+04
3.928200000000000000e+04
3.930300000000000000e+04
3.931600000000000000e+04
3.935500000000000000e+04
3.936400000000000000e+04
3.936700000000000000e+04
3.940100000000000000e+04
3.941600000000000000e+04
3.942900000000000000e+04
3.945300000000000000e+04
3.948100000000000000e+04
3.948800000000000000e+04
3.949300000000000000e+04
3.949600000000000000e+04
3.950300000000000000e+04
3.951100000000000000e+04
3.951800000000000000e+04
3.952200000000000000e+04
3.958300000000000000e+04
3.958700000000000000e+04
3.959600000000000000e+04
3.959700000000000000e+04
3.960900000000000000e+04
3.961000000000000000e+04
3.961900000000000000e+04
3.964900000000000000e+04
3.967400000000000000e+04
3.967600000000000000e+04
3.967900000000000000e+04
3.975700000000000000e+04
3.976400000000000000e+04
3.978200000000000000e+04
3.978800000000000000e+04
3.979400000000000000e+04
3.980300000000000000e+04
3.980800000000000000e+04
3.982100000000000000e+04
3.982800000000000000e+04
3.983300000000000000e+04
3.985100000000000000e+04
3.985700000000000000e+04
3.986300000000000000e+04
3.988300000000000000e+04
3.990200000000000000e+04
3.995600000000000000e+04
3.996300000000000000e+04
3.996900000000000000e+04
3.997600000000000000e+04
4.000700000000000000e+04
4.003300000000000000e+04
4.007900000000000000e+04
4.010700000000000000e+04
4.010800000000000000e+04
4.011800000000000000e+04
4.016600000000000000e+04
4.017500000000000000e+04
4.017600000000000000e+04
4.017700000000000000e+04
4.018000000000000000e+04
4.018100000000000000e+04
4.018500000000000000e+04
4.022200000000000000e+04
4.027800000000000000e+04
4.033600000000000000e+04
4.035200000000000000e+04
4.035900000000000000e+04
4.041200000000000000e+04
4.041900000000000000e+04
4.043200000000000000e+04
4.044500000000000000e+04
4.044800000000000000e+04
4.044900000000000000e+04
4.046100000000000000e+04
4.046400000000000000e+04
4.047300000000000000e+04
4.050200000000000000e+04
4.050300000000000000e+04
4.052200000000000000e+04
4.053100000000000000e+04
4.055200000000000000e+04
4.055900000000000000e+04
4.056100000000000000e+04
4.056200000000000000e+04
4.058600000000000000e+04
4.070500000000000000e+04
4.072700000000000000e+04
4.073100000000000000e+04
4.073400000000000000e+04
4.074000000000000000e+04
4.074400000000000000e+04
4.074600000000000000e+04
4.076700000000000000e+04
4.077100000000000000e+04
4.077700000000000000e+04
4.082600000000000000e+04
4.083800000000000000e+04
4.084500000000000000e+04
4.085800000000000000e+04
4.087500000000000000e+04
4.088600000000000000e+04
4.094600000000000000e+04
4.097600000000000000e+04
4.098500000000000000e+04
4.099500000000000000e+04
4.099600000000000000e+04
4.099900000000000000e+04
4.101100000000000000e+04
4.102100000000000000e+04
4.104400000000000000e+04
4.106500000000000000e+04
4.108300000000000000e+04
4.114700000000000000e+04
4.119600000000000000e+04
4.123300000000000000e+04
4.125200000000000000e+04
4.126800000000000000e+04
4.127700000000000000e+04
4.130500000000000000e+04
4.132700000000000000e+04
4.136200000000000000e+04
4.136500000000000000e+04
4.137500000000000000e+04
4.141800000000000000e+04
4.143300000000000000e+04
4.147500000000000000e+04
4.148300000000000000e+04
4.149000000000000000e+04
4.156900000000000000e+04
4.160000000000000000e+04
4.162500000000000000e+04
4.165300000000000000e+04
4.168200000000000000e+04
4.168500000000000000e+04
4.172800000000000000e+04
4.173500000000000000e+04
4.175200000000000000e+04
4.176100000000000000e+04
4.177700000000000000e+04
4.177900000000000000e+04
4.178100000000000000e+04
4.180400000000000000e+04
4.180700000000000000e+04
4.185300000000000000e+04
4.185600000000000000e+04
4.187200000000000000e+04
4.188800000000000000e+04
4.192000000000000000e+04
4.195500000000000000e+04
4.195800000000000000e+04
4.195900000000000000e+04
4.199200000000000000e+04
4.200800000000000000e+04
4.203600000000000000e+04
4.205100000000000000e+04
4.206700000000000000e+04
4.207300000000000000e+04
4.209300000000000000e+04
4.210900000000000000e+04
4.211000000000000000e+04
4.213000000000000000e+04
4.213300000000000000e+04
4.214500000000000000e+04
4.214800000000000000e+04
4.214900000000000000e+04
4.215400000000000000e+04
4.216400000000000000e+04
4.216500000000000000e+04
4.217700000000000000e+04
4.221600000000000000e+04
4.223000000000000000e+04
4.225100000000000000e+04
4.226300000000000000e+04
4.228700000000000000e+04
4.229700000000000000e+04
4.231200000000000000e+04
4.231300000000000000e+04
4.235600000000000000e+04
4.236100000000000000e+04
4.238000000000000000e+04
4.239200000000000000e+04
4.239300000000000000e+04
4.240200000000000000e+04
4.242800000000000000e+04
4.243200000000000000e+04
4.247900000000000000e+04
4.248100000000000000e+04
4.248800000000000000e+04
4.251000000000000000e+04
4.256200000000000000e+04
4.256500000000000000e+04
4.258200000000000000e+04
4.268900000000000000e+04
4.269200000000000000e+04
4.270400000000000000e+04
4.273700000000000000e+04
4.274600000000000000e+04
4.283100000000000000e+04
4.283400000000000000e+04
4.286600000000000000e+04
4.286800000000000000e+04
4.287600000000000000e+04
4.288700000000000000e+04
4.292300000000000000e+04
4.294200000000000000e+04
4.294400000000000000e+04
4.295500000000000000e+04
4.296300000000000000e+04
4.296600000000000000e+04
4.299800000000000000e+04
4.301200000000000000e+04
4.302500000000000000e+04
4.303700000000000000e+04
4.304500000000000000e+04
4.305900000000000000e+04
4.307300000000000000e+04
4.308200000000000000e+04
4.309100000000000000e+04
4.310000000000000000e+04
4.312700000000000000e+04
4.317800000000000000e+04
4.318200000000000000e+04
4.324000000000000000e+04
4.324500000000000000e+04
4.325500000000000000e+04
4.326300000000000000e+04
4.326900000000000000e+04
4.327800000000000000e+04
4.328300000000000000e+04
4.329200000000000000e+04
4.329400000000000000e+04
4.329600000000000000e+04
4.331400000000000000e+04
4.333100000000000000e+04
4.333900000000000000e+04
4.339500000000000000e+04
4.340400000000000000e+04
4.341600000000000000e+04
4.342700000000000000e+04
4.343200000000000000e+04
4.343600000000000000e+04
4.347400000000000000e+04
4.347800000000000000e+04
4.348600000000000000e+04
4.348800000000000000e+04
4.351100000000000000e+04
4.352100000000000000e+04
4.353600000000000000e+04
4.353800000000000000e+04
4.354400000000000000e+04
4.357500000000000000e+04
4.358100000000000000e+04
4.358400000000000000e+04
4.360300000000000000e+04
4.361100000000000000e+04
4.364300000000000000e+04
4.367600000000000000e+04
4.368400000000000000e+04
4.368800000000000000e+04
4.369400000000000000e+04
4.370400000000000000e+04
4.370700000000000000e+04
4.371000000000000000e+04
4.371200000000000000e+04
4.371600000000000000e+04
4.376200000000000000e+04
4.379100000000000000e+04
4.379400000000000000e+04
4.380800000000000000e+04
4.382600000000000000e+04
4.383500000000000000e+04
4.384000000000000000e+04
4.384700000000000000e+04
4.385800000000000000e+04
4.389100000000000000e+04
4.390800000000000000e+04
4.394600000000000000e+04
4.397300000000000000e+04
4.399900000000000000e+04
4.400900000000000000e+04
4.404200000000000000e+04
4.405400000000000000e+04
4.408500000000000000e+04
4.408600000000000000e+04
4.409300000000000000e+04
4.410800000000000000e+04
4.411700000000000000e+04
4.414100000000000000e+04
4.416200000000000000e+04
4.416400000000000000e+04
4.418400000000000000e+04
4.433200000000000000e+04
4.436900000000000000e+04
4.439000000000000000e+04
4.443200000000000000e+04
4.447300000000000000e+04
4.447600000000000000e+04
4.453100000000000000e+04
4.453600000000000000e+04
4.453700000000000000e+04
4.455200000000000000e+04
4.456500000000000000e+04
4.457800000000000000e+04
4.458500000000000000e+04
4.460900000000000000e+04
4.464400000000000000e+04
4.464500000000000000e+04
4.466000000000000000e+04
4.467600000000000000e+04
4.468300000000000000e+04
4.470600000000000000e+04
4.474300000000000000e+04
4.475300000000000000e+04
4.475400000000000000e+04
4.480400000000000000e+04
4.481300000000000000e+04
4.482500000000000000e+04
4.485100000000000000e+04
4.485400000000000000e+04
4.486900000000000000e+04
4.487800000000000000e+04
4.488100000000000000e+04
4.489300000000000000e+04
4.489500000000000000e+04
4.489700000000000000e+04
4.490100000000000000e+04
4.490400000000000000e+04
4.490700000000000000e+04
4.490800000000000000e+04
4.491500000000000000e+04
4.491800000000000000e+04
4.491900000000000000e+04
4.492100000000000000e+04
4.493100000000000000e+04
4.494600000000000000e+04
4.494700000000000000e+04
4.494900000000000000e+04
4.495400000000000000e+04
4.496700000000000000e+04
4.499500000000000000e+04
4.502600000000000000e+04
4.504400000000000000e+04
4.505600000000000000e+04
4.506500000000000000e+04
4.506700000000000000e+04
4.506900000000000000e+04
4.512100000000000000e+04
4.512200000000000000e+04
4.512400000000000000e+04
4.514600000000000000e+04
4.516200000000000000e+04
4.517400000000000000e+04
4.518800000000000000e+04
4.519000000000000000e+04
4.521700000000000000e+04
4.521900000000000000e+04
4.522800000000000000e+04
4.522900000000000000e+04
4.523300000000000000e+04
4.524200000000000000e+04
4.524300000000000000e+04
4.524500000000000000e+04
4.524600000000000000e+04
4.525900000000000000e+04
4.526800000000000000e+04
4.526900000000000000e+04
4.527800000000000000e+04
4.531500000000000000e+04
4.533800000000000000e+04
4.535000000000000000e+04
4.537100000000000000e+04
4.540100000000000000e+04
4.540200000000000000e+04
4.540800000000000000e+04
4.542100000000000000e+04
4.543700000000000000e+04
4.551100000000000000e+04
4.551600000000000000e+04
4.552000000000000000e+04
4.553900000000000000e+04
4.554800000000000000e+04
4.555000000000000000e+04
4.556300000000000000e+04
4.556700000000000000e+04
4.561100000000000000e+04
4.562800000000000000e+04
4.563200000000000000e+04
4.564600000000000000e+04
4.565000000000000000e+04
4.565600000000000000e+04
4.566500000000000000e+04
4.573600000000000000e+04
4.575500000000000000e+04
4.576200000000000000e+04
4.576300000000000000e+04
4.580500000000000000e+04
4.581000000000000000e+04
4.582500000000000000e+04
4.585500000000000000e+04
4.586100000000000000e+04
4.587100000000000000e+04
4.589300000000000000e+04
4.591500000000000000e+04
4.593700000000000000e+04
4.594200000000000000e+04
4.600300000000000000e+04
4.600400000000000000e+04
4.600500000000000000e+04
4.601300000000000000e+04
4.605000000000000000e+04
4.605400000000000000e+04
4.608700000000000000e+04
4.608900000000000000e+04
4.610500000000000000e+04
4.611500000000000000e+04
4.612600000000000000e+04
4.614400000000000000e+04
4.615500000000000000e+04
4.615600000000000000e+04
4.617900000000000000e+04
4.620400000000000000e+04
4.622700000000000000e+04
4.623800000000000000e+04
4.628900000000000000e+04
4.629100000000000000e+04
4.631300000000000000e+04
4.635000000000000000e+04
4.635400000000000000e+04
4.638900000000000000e+04
4.643800000000000000e+04
4.643900000000000000e+04
4.645500000000000000e+04
4.645800000000000000e+04
4.646000000000000000e+04
4.647000000000000000e+04
4.647200000000000000e+04
4.647300000000000000e+04
4.649900000000000000e+04
4.651400000000000000e+04
4.651700000000000000e+04
4.654900000000000000e+04
4.657500000000000000e+04
4.661900000000000000e+04
4.665700000000000000e+04
4.672000000000000000e+04
4.672100000000000000e+04
4.674200000000000000e+04
4.674500000000000000e+04
4.676400000000000000e+04
4.676600000000000000e+04
4.680700000000000000e+04
4.682100000000000000e+04
4.682500000000000000e+04
4.682600000000000000e+04
4.686100000000000000e+04
4.689600000000000000e+04
4.690100000000000000e+04
4.691400000000000000e+04
4.691500000000000000e+04
4.691900000000000000e+04
4.693200000000000000e+04
4.693300000000000000e+04
4.693400000000000000e+04
4.695800000000000000e+04
4.698500000000000000e+04
4.700500000000000000e+04
4.703900000000000000e+04
4.706900000000000000e+04
4.712700000000000000e+04
4.713600000000000000e+04
4.713700000000000000e+04
4.714300000000000000e+04
4.715400000000000000e+04
4.719800000000000000e+04
4.721900000000000000e+04
4.722000000000000000e+04
4.724100000000000000e+04
4.725000000000000000e+04
4.732900000000000000e+04
4.735500000000000000e+04
4.735800000000000000e+04
4.737600000000000000e+04
4.739400000000000000e+04
4.740300000000000000e+04
4.740900000000000000e+04
4.741000000000000000e+04
4.741900000000000000e+04
4.742300000000000000e+04
4.742400000000000000e+04
4.742700000000000000e+04
4.745700000000000000e+04
4.747000000000000000e+04
4.747300000000000000e+04
4.750200000000000000e+04
4.751100000000000000e+04
4.751900000000000000e+04
4.756400000000000000e+04
4.760600000000000000e+04
4.762100000000000000e+04
4.763600000000000000e+04
4.764400000000000000e+04
4.765200000000000000e+04
4.765300000000000000e+04
4.765700000000000000e+04
4.766600000000000000e+04
4.766900000000000000e+04
4.770500000000000000e+04
4.771800000000000000e+04
4.771900000000000000e+04
4.777000000000000000e+04
4.779600000000000000e+04
4.781300000000000000e+04
4.783000000000000000e+04
4.783800000000000000e+04
4.784800000000000000e+04
4.785000000000000000e+04
4.786200000000000000e+04
4.786800000000000000e+04
4.790300000000000000e+04
4.792100000000000000e+04
4.792400000000000000e+04
4.794800000000000000e+04
4.796000000000000000e+04
4.796300000000000000e+04
4.797100000000000000e+04
4.797700000000000000e+04
4.800300000000000000e+04
4.803300000000000000e+04
4.804200000000000000e+04
4.806100000000000000e+04
4.806200000000000000e+04
4.806600000000000000e+04
4.807100000000000000e+04
4.810900000000000000e+04
4.813500000000000000e+04
4.816600000000000000e+04
4.816800000000000000e+04
4.818800000000000000e+04
4.819400000000000000e+04
4.820600000000000000e+04
4.820800000000000000e+04
4.821700000000000000e+04
4.826400000000000000e+04
4.828100000000000000e+04
4.828200000000000000e+04
4.828800000000000000e+04
4.829100000000000000e+04
4.829500000000000000e+04
4.831100000000000000e+04
4.831600000000000000e+04
4.831900000000000000e+04
4.832300000000000000e+04
