5.800000000000000000e+01
2.030000000000000000e+02
3.690000000000000000e+02
4.830000000000000000e+02
6.150000000000000000e+02
6.750000000000000000e+02
7.060000000000000000e+02
8.830000000000000000e+02
1.163000000000000000e+03
1.173000000000000000e+03
1.198000000000000000e+03
1.444000000000000000e+03
1.446000000000000000e+03
1.502000000000000000e+03
1.507000000000000000e+03
1.543000000000000000e+03
1.559000000000000000e+03
1.603000000000000000e+03
1.636000000000000000e+03
1.700000000000000000e+03
1.715000000000000000e+03
1.750000000000000000e+03
1.798000000000000000e+03
1.799000000000000000e+03
1.854000000000000000e+03
1.864000000000000000e+03
1.941000000000000000e+03
1.985000000000000000e+03
2.052000000000000000e+03
2.084000000000000000e+03
2.088000000000000000e+03
2.097000000000000000e+03
2.113000000000000000e+03
2.139000000000000000e+03
2.341000000000000000e+03
2.415000000000000000e+03
2.429000000000000000e+03
2.538000000000000000e+03
2.865000000000000000e+03
2.871000000000000000e+03
2.880000000000000000e+03
2.909000000000000000e+03
2.917000000000000000e+03
2.943000000000000000e+03
2.951000000000000000e+03
2.967000000000000000e+03
2.971000000000000000e+03
2.975000000000000000e+03
2.978000000000000000e+03
3.002000000000000000e+03
3.177000000000000000e+03
3.213000000000000000e+03
3.221000000000000000e+03
3.274000000000000000e+03
3.378000000000000000e+03
3.622000000000000000e+03
3.662000000000000000e+03
3.718000000000000000e+03
3.792000000000000000e+03
3.860000000000000000e+03
3.861000000000000000e+03
3.869000000000000000e+03
3.884000000000000000e+03
3.918000000000000000e+03
3.968000000000000000e+03
4.042000000000000000e+03
4.050000000000000000e+03
4.063000000000000000e+03
4.065000000000000000e+03
4.079000000000000000e+03
4.081000000000000000e+03
4.085000000000000000e+03
4.098000000000000000e+03
4.150000000000000000e+03
4.160000000000000000e+03
4.301000000000000000e+03
4.559000000000000000e+03
4.698000000000000000e+03
4.756000000000000000e+03
4.784000000000000000e+03
4.855000000000000000e+03
4.972000000000000000e+03
5.178000000000000000e+03
5.209000000000000000e+03
5.213000000000000000e+03
5.218000000000000000e+03
5.241000000000000000e+03
5.242000000000000000e+03
5.273000000000000000e+03
5.287000000000000000e+03
5.303000000000000000e+03
5.337000000000000000e+03
5.343000000000000000e+03
5.344000000000000000e+03
5.350000000000000000e+03
5.355000000000000000e+03
5.356000000000000000e+03
5.450000000000000000e+03
5.452000000000000000e+03
5.473000000000000000e+03
5.550000000000000000e+03
5.573000000000000000e+03
5.598000000000000000e+03
5.599000000000000000e+03
5.675000000000000000e+03
5.694000000000000000e+03
5.707000000000000000e+03
5.712000000000000000e+03
5.713000000000000000e+03
5.774000000000000000e+03
5.780000000000000000e+03
5.795000000000000000e+03
5.921000000000000000e+03
5.933000000000000000e+03
5.937000000000000000e+03
5.989000000000000000e+03
5.992000000000000000e+03
6.079000000000000000e+03
6.089000000000000000e+03
6.100000000000000000e+03
6.122000000000000000e+03
6.125000000000000000e+03
6.169000000000000000e+03
6.180000000000000000e+03
6.250000000000000000e+03
6.286000000000000000e+03
6.333000000000000000e+03
6.345000000000000000e+03
6.352000000000000000e+03
6.505000000000000000e+03
6.520000000000000000e+03
6.567000000000000000e+03
6.571000000000000000e+03
6.573000000000000000e+03
6.582000000000000000e+03
6.595000000000000000e+03
6.625000000000000000e+03
6.649000000000000000e+03
6.669000000000000000e+03
6.719000000000000000e+03
6.733000000000000000e+03
6.734000000000000000e+03
6.738000000000000000e+03
6.756000000000000000e+03
6.821000000000000000e+03
6.833000000000000000e+03
6.873000000000000000e+03
6.879000000000000000e+03
6.974000000000000000e+03
6.975000000000000000e+03
6.992000000000000000e+03
7.036000000000000000e+03
7.039000000000000000e+03
7.074000000000000000e+03
7.124000000000000000e+03
7.207000000000000000e+03
7.215000000000000000e+03
7.272000000000000000e+03
7.294000000000000000e+03
7.332000000000000000e+03
7.358000000000000000e+03
7.372000000000000000e+03
7.389000000000000000e+03
7.510000000000000000e+03
7.522000000000000000e+03
7.535000000000000000e+03
7.548000000000000000e+03
7.549000000000000000e+03
7.550000000000000000e+03
7.635000000000000000e+03
7.641000000000000000e+03
7.678000000000000000e+03
7.708000000000000000e+03
7.720000000000000000e+03
7.728000000000000000e+03
7.730000000000000000e+03
7.732000000000000000e+03
7.733000000000000000e+03
7.743000000000000000e+03
7.796000000000000000e+03
7.868000000000000000e+03
7.870000000000000000e+03
7.916000000000000000e+03
7.919000000000000000e+03
7.936000000000000000e+03
7.975000000000000000e+03
7.982000000000000000e+03
8.041000000000000000e+03
8.060000000000000000e+03
8.113000000000000000e+03
8.239000000000000000e+03
8.243000000000000000e+03
8.280000000000000000e+03
8.281000000000000000e+03
8.303000000000000000e+03
8.308000000000000000e+03
8.360000000000000000e+03
8.369000000000000000e+03
8.373000000000000000e+03
8.390000000000000000e+03
8.401000000000000000e+03
8.471000000000000000e+03
8.524000000000000000e+03
8.592000000000000000e+03
8.606000000000000000e+03
8.608000000000000000e+03
8.616000000000000000e+03
8.678000000000000000e+03
8.681000000000000000e+03
8.692000000000000000e+03
8.810000000000000000e+03
8.835000000000000000e+03
8.862000000000000000e+03
8.872000000000000000e+03
8.876000000000000000e+03
8.884000000000000000e+03
8.918000000000000000e+03
8.947000000000000000e+03
9.017000000000000000e+03
9.024000000000000000e+03
9.046000000000000000e+03
9.050000000000000000e+03
9.052000000000000000e+03
9.072000000000000000e+03
9.083000000000000000e+03
9.089000000000000000e+03
9.115000000000000000e+03
9.120000000000000000e+03
9.121000000000000000e+03
9.126000000000000000e+03
9.132000000000000000e+03
9.140000000000000000e+03
9.160000000000000000e+03
9.169000000000000000e+03
9.203000000000000000e+03
9.255000000000000000e+03
9.326000000000000000e+03
9.357000000000000000e+03
9.361000000000000000e+03
9.366000000000000000e+03
9.367000000000000000e+03
9.371000000000000000e+03
9.443000000000000000e+03
9.448000000000000000e+03
9.450000000000000000e+03
9.549000000000000000e+03
9.656000000000000000e+03
9.680000000000000000e+03
9.711000000000000000e+03
9.718000000000000000e+03
9.842000000000000000e+03
9.847000000000000000e+03
9.852000000000000000e+03
9.888000000000000000e+03
9.890000000000000000e+03
9.891000000000000000e+03
9.917000000000000000e+03
9.918000000000000000e+03
9.940000000000000000e+03
9.979000000000000000e+03
1.000700000000000000e+04
1.003300000000000000e+04
1.004900000000000000e+04
1.007900000000000000e+04
1.012300000000000000e+04
1.017100000000000000e+04
1.020500000000000000e+04
1.025000000000000000e+04
1.033800000000000000e+04
1.034900000000000000e+04
1.040500000000000000e+04
1.054800000000000000e+04
1.054900000000000000e+04
1.055800000000000000e+04
1.057500000000000000e+04
1.059500000000000000e+04
1.065300000000000000e+04
1.075000000000000000e+04
1.088100000000000000e+04
1.092000000000000000e+04
1.092300000000000000e+04
1.093400000000000000e+04
1.097000000000000000e+04
1.097300000000000000e+04
1.100600000000000000e+04
1.101700000000000000e+04
1.106600000000000000e+04
1.110000000000000000e+04
1.117000000000000000e+04
1.117100000000000000e+04
1.117700000000000000e+04
1.118200000000000000e+04
1.120900000000000000e+04
1.127900000000000000e+04
1.128000000000000000e+04
1.128200000000000000e+04
1.129500000000000000e+04
1.129800000000000000e+04
1.130000000000000000e+04
1.130100000000000000e+04
1.135500000000000000e+04
1.137900000000000000e+04
1.139100000000000000e+04
1.139300000000000000e+04
1.140300000000000000e+04
1.145900000000000000e+04
1.148800000000000000e+04
1.150500000000000000e+04
1.158000000000000000e+04
1.159000000000000000e+04
1.161400000000000000e+04
1.162800000000000000e+04
1.168600000000000000e+04
1.170700000000000000e+04
1.178100000000000000e+04
1.188800000000000000e+04
1.198800000000000000e+04
1.199600000000000000e+04
1.201600000000000000e+04
1.202100000000000000e+04
1.203000000000000000e+04
1.206800000000000000e+04
1.216900000000000000e+04
1.217200000000000000e+04
1.221800000000000000e+04
1.228900000000000000e+04
1.231400000000000000e+04
1.238000000000000000e+04
1.238400000000000000e+04
1.238600000000000000e+04
1.239800000000000000e+04
1.241700000000000000e+04
1.245500000000000000e+04
1.246800000000000000e+04
1.248500000000000000e+04
1.249200000000000000e+04
1.260500000000000000e+04
1.264300000000000000e+04
1.270700000000000000e+04
1.274400000000000000e+04
1.275000000000000000e+04
1.276000000000000000e+04
1.278400000000000000e+04
1.283200000000000000e+04
1.287400000000000000e+04
1.288900000000000000e+04
1.290000000000000000e+04
1.290400000000000000e+04
1.290600000000000000e+04
1.291200000000000000e+04
1.296500000000000000e+04
1.300000000000000000e+04
1.302600000000000000e+04
1.305300000000000000e+04
1.306300000000000000e+04
1.307200000000000000e+04
1.316400000000000000e+04
1.316700000000000000e+04
1.318900000000000000e+04
1.319100000000000000e+04
1.319400000000000000e+04
1.322400000000000000e+04
1.324700000000000000e+04
1.324800000000000000e+04
1.329800000000000000e+04
1.332400000000000000e+04
1.334300000000000000e+04
1.338400000000000000e+04
1.339200000000000000e+04
1.345200000000000000e+04
1.348200000000000000e+04
1.350700000000000000e+04
1.353400000000000000e+04
1.353600000000000000e+04
1.355100000000000000e+04
1.355600000000000000e+04
1.362100000000000000e+04
1.364700000000000000e+04
1.366300000000000000e+04
1.368500000000000000e+04
1.368700000000000000e+04
1.369300000000000000e+04
1.370200000000000000e+04
1.370600000000000000e+04
1.371200000000000000e+04
1.380300000000000000e+04
1.385200000000000000e+04
1.390200000000000000e+04
1.393200000000000000e+04
1.393500000000000000e+04
1.396600000000000000e+04
1.399800000000000000e+04
1.417500000000000000e+04
1.426600000000000000e+04
1.431100000000000000e+04
1.433800000000000000e+04
1.436700000000000000e+04
1.437200000000000000e+04
1.437600000000000000e+04
1.440900000000000000e+04
1.442600000000000000e+04
1.447800000000000000e+04
1.456600000000000000e+04
1.456700000000000000e+04
1.456800000000000000e+04
1.457800000000000000e+04
1.460900000000000000e+04
1.463700000000000000e+04
1.466700000000000000e+04
1.472800000000000000e+04
1.473600000000000000e+04
1.474700000000000000e+04
1.478000000000000000e+04
1.478900000000000000e+04
1.479200000000000000e+04
1.483300000000000000e+04
1.485300000000000000e+04
1.486000000000000000e+04
1.489100000000000000e+04
1.493900000000000000e+04
1.495600000000000000e+04
1.496200000000000000e+04
1.496300000000000000e+04
1.496600000000000000e+04
1.496800000000000000e+04
1.496900000000000000e+04
1.502500000000000000e+04
1.507900000000000000e+04
1.508400000000000000e+04
1.511200000000000000e+04
1.511300000000000000e+04
1.513300000000000000e+04
1.513600000000000000e+04
1.523100000000000000e+04
1.523400000000000000e+04
1.529300000000000000e+04
1.529400000000000000e+04
1.533000000000000000e+04
1.536700000000000000e+04
1.540300000000000000e+04
1.542100000000000000e+04
1.544400000000000000e+04
1.544600000000000000e+04
1.544800000000000000e+04
1.547100000000000000e+04
1.550800000000000000e+04
1.551300000000000000e+04
1.555500000000000000e+04
1.560500000000000000e+04
1.562600000000000000e+04
1.565400000000000000e+04
1.568300000000000000e+04
1.586500000000000000e+04
1.588800000000000000e+04
1.594500000000000000e+04
1.596400000000000000e+04
1.597200000000000000e+04
1.600400000000000000e+04
1.600600000000000000e+04
1.603900000000000000e+04
1.605100000000000000e+04
1.613200000000000000e+04
1.613600000000000000e+04
1.614700000000000000e+04
1.615800000000000000e+04
1.618000000000000000e+04
1.625600000000000000e+04
1.628200000000000000e+04
1.629800000000000000e+04
1.632000000000000000e+04
1.632900000000000000e+04
1.636000000000000000e+04
1.640700000000000000e+04
1.642100000000000000e+04
1.647500000000000000e+04
1.647700000000000000e+04
1.656200000000000000e+04
1.656400000000000000e+04
1.657200000000000000e+04
1.663100000000000000e+04
1.663200000000000000e+04
1.663800000000000000e+04
1.664000000000000000e+04
1.669900000000000000e+04
1.671600000000000000e+04
1.672200000000000000e+04
1.674700000000000000e+04
1.675500000000000000e+04
1.685200000000000000e+04
1.687700000000000000e+04
1.692200000000000000e+04
1.693200000000000000e+04
1.694500000000000000e+04
1.700700000000000000e+04
1.701600000000000000e+04
1.704200000000000000e+04
1.705100000000000000e+04
1.706300000000000000e+04
1.707100000000000000e+04
1.715400000000000000e+04
1.717500000000000000e+04
1.725000000000000000e+04
1.725800000000000000e+04
1.739000000000000000e+04
1.751500000000000000e+04
1.759900000000000000e+04
1.767400000000000000e+04
1.773200000000000000e+04
1.773400000000000000e+04
1.774300000000000000e+04
1.774500000000000000e+04
1.779600000000000000e+04
1.780800000000000000e+04
1.781400000000000000e+04
1.782800000000000000e+04
1.785400000000000000e+04
1.787200000000000000e+04
1.789100000000000000e+04
1.791100000000000000e+04
1.791900000000000000e+04
1.792900000000000000e+04
1.793000000000000000e+04
1.793300000000000000e+04
1.795800000000000000e+04
1.796600000000000000e+04
1.796900000000000000e+04
1.800000000000000000e+04
1.803600000000000000e+04
1.804900000000000000e+04
1.810000000000000000e+04
1.810300000000000000e+04
1.811600000000000000e+04
1.812300000000000000e+04
1.814100000000000000e+04
1.814600000000000000e+04
1.819800000000000000e+04
1.820500000000000000e+04
1.822900000000000000e+04
1.823000000000000000e+04
1.824500000000000000e+04
1.826000000000000000e+04
1.827200000000000000e+04
1.829800000000000000e+04
1.832600000000000000e+04
1.837600000000000000e+04
1.842800000000000000e+04
1.844600000000000000e+04
1.845600000000000000e+04
1.846000000000000000e+04
1.852600000000000000e+04
1.855100000000000000e+04
1.855600000000000000e+04
1.861400000000000000e+04
1.869000000000000000e+04
1.872600000000000000e+04
1.874500000000000000e+04
1.875700000000000000e+04
1.879400000000000000e+04
1.880500000000000000e+04
1.883600000000000000e+04
1.889800000000000000e+04
1.891200000000000000e+04
1.892400000000000000e+04
1.895200000000000000e+04
1.896200000000000000e+04
1.902300000000000000e+04
1.903600000000000000e+04
1.904800000000000000e+04
1.906300000000000000e+04
1.907500000000000000e+04
1.908300000000000000e+04
1.909500000000000000e+04
1.916100000000000000e+04
1.916800000000000000e+04
1.918200000000000000e+04
1.918700000000000000e+04
1.920400000000000000e+04
1.920800000000000000e+04
1.921400000000000000e+04
1.928300000000000000e+04
1.931600000000000000e+04
1.931900000000000000e+04
1.934000000000000000e+04
1.935800000000000000e+04
1.938700000000000000e+04
1.939400000000000000e+04
1.940500000000000000e+04
1.948500000000000000e+04
1.950500000000000000e+04
1.951400000000000000e+04
1.951500000000000000e+04
1.952400000000000000e+04
1.955800000000000000e+04
1.965000000000000000e+04
1.965100000000000000e+04
1.966600000000000000e+04
1.966700000000000000e+04
1.967500000000000000e+04
1.967800000000000000e+04
1.973300000000000000e+04
1.975300000000000000e+04
1.977600000000000000e+04
1.977700000000000000e+04
1.983100000000000000e+04
1.983300000000000000e+04
1.990400000000000000e+04
1.990500000000000000e+04
1.990800000000000000e+04
1.991500000000000000e+04
1.991800000000000000e+04
1.991900000000000000e+04
1.992600000000000000e+04
1.994100000000000000e+04
1.995100000000000000e+04
1.999600000000000000e+04
2.000400000000000000e+04
2.000600000000000000e+04
2.000900000000000000e+04
2.003000000000000000e+04
2.005900000000000000e+04
2.011700000000000000e+04
2.012800000000000000e+04
2.013500000000000000e+04
2.019000000000000000e+04
2.019800000000000000e+04
2.022800000000000000e+04
2.026200000000000000e+04
2.027200000000000000e+04
2.028300000000000000e+04
2.028600000000000000e+04
2.033200000000000000e+04
2.033900000000000000e+04
2.039300000000000000e+04
2.042600000000000000e+04
2.042700000000000000e+04
2.042800000000000000e+04
2.043200000000000000e+04
2.045000000000000000e+04
2.048100000000000000e+04
2.048600000000000000e+04
2.048700000000000000e+04
2.048900000000000000e+04
2.049000000000000000e+04
2.049100000000000000e+04
2.049200000000000000e+04
2.049300000000000000e+04
2.053700000000000000e+04
2.053800000000000000e+04
2.053900000000000000e+04
2.054000000000000000e+04
2.054700000000000000e+04
2.055000000000000000e+04
2.056900000000000000e+04
2.057800000000000000e+04
2.058900000000000000e+04
2.059300000000000000e+04
2.061900000000000000e+04
2.063800000000000000e+04
2.071900000000000000e+04
2.073300000000000000e+04
2.074900000000000000e+04
2.076600000000000000e+04
2.082900000000000000e+04
2.086800000000000000e+04
2.086900000000000000e+04
2.087300000000000000e+04
2.092100000000000000e+04
2.094400000000000000e+04
2.096000000000000000e+04
2.096100000000000000e+04
2.104800000000000000e+04
2.107500000000000000e+04
2.109600000000000000e+04
2.113700000000000000e+04
2.114300000000000000e+04
2.121400000000000000e+04
2.122800000000000000e+04
2.128300000000000000e+04
2.131400000000000000e+04
2.132400000000000000e+04
2.134200000000000000e+04
2.135800000000000000e+04
2.138200000000000000e+04
2.138900000000000000e+04
2.140400000000000000e+04
2.141200000000000000e+04
2.141300000000000000e+04
2.141800000000000000e+04
2.144900000000000000e+04
2.146300000000000000e+04
2.150100000000000000e+04
2.152700000000000000e+04
2.152800000000000000e+04
2.154300000000000000e+04
2.155100000000000000e+04
2.155700000000000000e+04
2.156500000000000000e+04
2.156900000000000000e+04
2.157200000000000000e+04
2.158700000000000000e+04
2.168100000000000000e+04
2.168600000000000000e+04
2.172100000000000000e+04
2.175100000000000000e+04
2.175200000000000000e+04
2.175900000000000000e+04
2.178900000000000000e+04
2.179100000000000000e+04
2.180200000000000000e+04
2.192400000000000000e+04
2.195500000000000000e+04
2.197900000000000000e+04
2.203500000000000000e+04
2.227200000000000000e+04
2.235700000000000000e+04
2.245800000000000000e+04
2.248300000000000000e+04
2.248900000000000000e+04
2.250100000000000000e+04
2.253300000000000000e+04
2.255100000000000000e+04
2.257200000000000000e+04
2.259800000000000000e+04
2.260200000000000000e+04
2.266100000000000000e+04
2.266500000000000000e+04
2.269100000000000000e+04
2.272500000000000000e+04
2.283400000000000000e+04
2.285800000000000000e+04
2.291400000000000000e+04
2.294900000000000000e+04
2.297500000000000000e+04
2.298400000000000000e+04
2.303300000000000000e+04
2.304500000000000000e+04
2.315900000000000000e+04
2.318500000000000000e+04
2.323200000000000000e+04
2.323900000000000000e+04
2.327000000000000000e+04
2.327300000000000000e+04
2.327700000000000000e+04
2.328900000000000000e+04
2.329000000000000000e+04
2.331300000000000000e+04
2.331600000000000000e+04
2.335200000000000000e+04
2.338200000000000000e+04
2.340500000000000000e+04
2.342600000000000000e+04
2.342700000000000000e+04
2.345200000000000000e+04
2.347800000000000000e+04
2.348000000000000000e+04
2.356000000000000000e+04
2.356600000000000000e+04
2.358100000000000000e+04
2.358600000000000000e+04
2.361400000000000000e+04
2.373000000000000000e+04
2.373200000000000000e+04
2.375600000000000000e+04
2.375800000000000000e+04
2.380100000000000000e+04
2.382400000000000000e+04
2.386800000000000000e+04
2.389300000000000000e+04
2.391700000000000000e+04
2.392300000000000000e+04
2.394800000000000000e+04
2.396500000000000000e+04
2.401200000000000000e+04
2.404300000000000000e+04
2.404900000000000000e+04
2.405400000000000000e+04
2.406600000000000000e+04
2.407700000000000000e+04
2.408800000000000000e+04
2.409800000000000000e+04
2.413900000000000000e+04
2.414000000000000000e+04
2.415400000000000000e+04
2.417200000000000000e+04
2.417900000000000000e+04
2.419200000000000000e+04
2.423200000000000000e+04
2.423700000000000000e+04
2.430800000000000000e+04
2.431700000000000000e+04
2.433100000000000000e+04
2.435400000000000000e+04
2.435700000000000000e+04
2.437100000000000000e+04
2.447800000000000000e+04
2.450600000000000000e+04
2.451100000000000000e+04
2.451600000000000000e+04
2.452500000000000000e+04
2.453200000000000000e+04
2.454100000000000000e+04
2.454400000000000000e+04
2.454700000000000000e+04
2.454800000000000000e+04
2.455500000000000000e+04
2.458800000000000000e+04
2.459200000000000000e+04
2.464800000000000000e+04
2.467900000000000000e+04
2.468000000000000000e+04
2.468500000000000000e+04
2.470100000000000000e+04
2.470500000000000000e+04
2.471000000000000000e+04
2.471600000000000000e+04
2.473000000000000000e+04
2.473400000000000000e+04
2.475600000000000000e+04
2.476000000000000000e+04
2.480100000000000000e+04
2.480700000000000000e+04
2.482200000000000000e+04
2.493600000000000000e+04
2.494800000000000000e+04
2.503100000000000000e+04
2.507900000000000000e+04
2.513500000000000000e+04
2.516400000000000000e+04
2.517000000000000000e+04
2.517100000000000000e+04
2.519500000000000000e+04
2.521200000000000000e+04
2.521300000000000000e+04
2.523000000000000000e+04
2.525700000000000000e+04
2.526100000000000000e+04
2.526300000000000000e+04
2.527000000000000000e+04
2.527300000000000000e+04
2.528300000000000000e+04
2.531700000000000000e+04
2.533700000000000000e+04
2.534900000000000000e+04
2.535700000000000000e+04
2.536600000000000000e+04
2.536700000000000000e+04
2.544500000000000000e+04
2.544700000000000000e+04
2.548400000000000000e+04
2.550500000000000000e+04
2.550900000000000000e+04
2.551000000000000000e+04
2.551100000000000000e+04
2.551200000000000000e+04
2.552100000000000000e+04
2.552800000000000000e+04
2.558200000000000000e+04
2.560000000000000000e+04
2.560800000000000000e+04
2.562000000000000000e+04
2.562600000000000000e+04
2.566100000000000000e+04
2.569400000000000000e+04
2.571500000000000000e+04
2.571600000000000000e+04
2.575600000000000000e+04
2.576000000000000000e+04
2.579100000000000000e+04
2.579700000000000000e+04
2.581100000000000000e+04
2.582400000000000000e+04
2.583800000000000000e+04
2.587400000000000000e+04
2.591400000000000000e+04
2.592100000000000000e+04
2.595300000000000000e+04
2.603000000000000000e+04
2.603800000000000000e+04
2.604900000000000000e+04
2.605100000000000000e+04
2.606000000000000000e+04
2.606100000000000000e+04
2.606900000000000000e+04
2.607800000000000000e+04
2.608700000000000000e+04
2.610800000000000000e+04
2.615500000000000000e+04
2.616100000000000000e+04
2.616900000000000000e+04
2.621000000000000000e+04
2.624900000000000000e+04
2.629700000000000000e+04
2.632000000000000000e+04
2.632100000000000000e+04
2.645400000000000000e+04
2.649700000000000000e+04
2.653600000000000000e+04
2.653900000000000000e+04
2.654500000000000000e+04
2.655100000000000000e+04
2.656300000000000000e+04
2.657500000000000000e+04
2.663600000000000000e+04
2.673500000000000000e+04
2.686600000000000000e+04
2.688200000000000000e+04
2.700200000000000000e+04
2.701900000000000000e+04
2.703100000000000000e+04
2.708400000000000000e+04
2.708900000000000000e+04
2.709000000000000000e+04
2.709400000000000000e+04
2.709600000000000000e+04
2.709900000000000000e+04
2.710000000000000000e+04
2.711300000000000000e+04
2.712000000000000000e+04
2.712700000000000000e+04
2.714200000000000000e+04
2.715900000000000000e+04
2.716100000000000000e+04
2.716800000000000000e+04
2.719200000000000000e+04
2.721900000000000000e+04
2.728400000000000000e+04
2.729000000000000000e+04
2.731800000000000000e+04
2.732400000000000000e+04
2.733400000000000000e+04
2.746900000000000000e+04
2.747800000000000000e+04
2.750700000000000000e+04
2.753800000000000000e+04
2.754300000000000000e+04
2.758200000000000000e+04
2.758400000000000000e+04
2.760100000000000000e+04
2.763300000000000000e+04
2.769400000000000000e+04
2.769500000000000000e+04
2.778800000000000000e+04
2.781300000000000000e+04
2.783100000000000000e+04
2.785500000000000000e+04
2.788900000000000000e+04
2.790300000000000000e+04
2.792300000000000000e+04
2.795100000000000000e+04
2.798800000000000000e+04
2.799300000000000000e+04
2.803100000000000000e+04
2.803400000000000000e+04
2.803500000000000000e+04
2.803700000000000000e+04
2.804100000000000000e+04
2.807900000000000000e+04
2.808400000000000000e+04
2.808500000000000000e+04
2.808600000000000000e+04
2.810300000000000000e+04
2.813000000000000000e+04
2.814600000000000000e+04
2.815000000000000000e+04
2.815600000000000000e+04
2.825600000000000000e+04
2.827900000000000000e+04
2.830900000000000000e+04
2.831900000000000000e+04
2.837300000000000000e+04
2.838800000000000000e+04
2.843000000000000000e+04
2.843600000000000000e+04
2.844100000000000000e+04
2.852200000000000000e+04
2.853900000000000000e+04
2.860700000000000000e+04
2.860900000000000000e+04
2.863400000000000000e+04
2.865300000000000000e+04
2.866100000000000000e+04
2.866400000000000000e+04
2.866600000000000000e+04
2.872900000000000000e+04
2.884500000000000000e+04
2.885400000000000000e+04
2.886300000000000000e+04
2.887200000000000000e+04
2.890900000000000000e+04
2.892900000000000000e+04
2.898000000000000000e+04
2.905200000000000000e+04
2.906100000000000000e+04
2.911100000000000000e+04
2.915500000000000000e+04
2.916100000000000000e+04
2.916500000000000000e+04
2.916700000000000000e+04
2.917400000000000000e+04
2.918800000000000000e+04
2.920300000000000000e+04
2.921000000000000000e+04
2.923700000000000000e+04
2.926300000000000000e+04
2.930200000000000000e+04
2.934600000000000000e+04
2.935400000000000000e+04
2.936300000000000000e+04
2.936500000000000000e+04
2.941200000000000000e+04
2.945700000000000000e+04
2.946400000000000000e+04
2.947200000000000000e+04
2.947800000000000000e+04
2.956800000000000000e+04
2.958300000000000000e+04
2.959600000000000000e+04
2.964700000000000000e+04
2.965300000000000000e+04
2.965400000000000000e+04
2.966500000000000000e+04
2.972000000000000000e+04
2.973200000000000000e+04
2.973400000000000000e+04
2.975400000000000000e+04
2.975700000000000000e+04
2.980600000000000000e+04
2.985300000000000000e+04
2.986800000000000000e+04
2.986900000000000000e+04
2.987400000000000000e+04
2.989900000000000000e+04
2.990000000000000000e+04
3.002300000000000000e+04
3.002600000000000000e+04
3.002900000000000000e+04
3.009700000000000000e+04
3.011600000000000000e+04
3.013100000000000000e+04
3.016800000000000000e+04
3.019900000000000000e+04
3.027600000000000000e+04
3.036700000000000000e+04
3.043100000000000000e+04
3.046800000000000000e+04
3.057700000000000000e+04
3.058800000000000000e+04
3.061700000000000000e+04
3.062500000000000000e+04
3.064000000000000000e+04
3.069800000000000000e+04
3.071900000000000000e+04
3.074300000000000000e+04
3.074400000000000000e+04
3.082100000000000000e+04
3.087100000000000000e+04
3.088900000000000000e+04
3.099200000000000000e+04
3.100200000000000000e+04
3.101900000000000000e+04
3.106800000000000000e+04
3.110200000000000000e+04
3.111000000000000000e+04
3.114200000000000000e+04
3.117200000000000000e+04
3.120400000000000000e+04
3.124500000000000000e+04
3.126300000000000000e+04
3.128000000000000000e+04
3.129700000000000000e+04
3.133700000000000000e+04
3.134800000000000000e+04
3.138700000000000000e+04
3.139500000000000000e+04
3.139900000000000000e+04
3.140000000000000000e+04
3.141900000000000000e+04
3.144100000000000000e+04
3.149700000000000000e+04
3.149800000000000000e+04
3.150700000000000000e+04
3.153100000000000000e+04
3.157000000000000000e+04
3.159900000000000000e+04
3.163500000000000000e+04
3.163800000000000000e+04
3.168100000000000000e+04
3.168800000000000000e+04
3.169100000000000000e+04
3.170000000000000000e+04
3.171300000000000000e+04
3.174800000000000000e+04
3.176900000000000000e+04
3.178900000000000000e+04
3.179400000000000000e+04
3.180500000000000000e+04
3.183600000000000000e+04
3.188800000000000000e+04
3.193700000000000000e+04
3.193800000000000000e+04
3.193900000000000000e+04
3.200700000000000000e+04
3.206500000000000000e+04
3.208400000000000000e+04
3.210600000000000000e+04
3.211600000000000000e+04
3.215700000000000000e+04
3.217800000000000000e+04
3.224500000000000000e+04
3.230000000000000000e+04
3.230200000000000000e+04
3.230700000000000000e+04
3.235600000000000000e+04
3.236400000000000000e+04
3.241200000000000000e+04
3.241800000000000000e+04
3.243400000000000000e+04
3.249100000000000000e+04
3.250000000000000000e+04
3.250300000000000000e+04
3.255500000000000000e+04
3.259600000000000000e+04
3.263000000000000000e+04
3.264900000000000000e+04
3.266600000000000000e+04
3.272400000000000000e+04
3.274100000000000000e+04
3.275800000000000000e+04
3.276300000000000000e+04
3.278200000000000000e+04
3.279500000000000000e+04
3.279600000000000000e+04
3.280800000000000000e+04
3.282200000000000000e+04
3.282700000000000000e+04
3.282900000000000000e+04
3.286400000000000000e+04
3.287300000000000000e+04
3.288200000000000000e+04
3.290400000000000000e+04
3.290500000000000000e+04
3.291800000000000000e+04
3.294900000000000000e+04
3.295400000000000000e+04
3.296000000000000000e+04
3.299300000000000000e+04
3.299400000000000000e+04
3.301700000000000000e+04
3.303600000000000000e+04
3.305200000000000000e+04
3.307100000000000000e+04
3.307500000000000000e+04
3.309000000000000000e+04
3.309100000000000000e+04
3.310800000000000000e+04
3.311100000000000000e+04
3.312600000000000000e+04
3.313000000000000000e+04
3.314100000000000000e+04
3.315100000000000000e+04
3.320000000000000000e+04
3.323700000000000000e+04
3.327600000000000000e+04
3.335500000000000000e+04
3.335800000000000000e+04
3.335900000000000000e+04
3.336200000000000000e+04
3.338500000000000000e+04
3.339800000000000000e+04
3.339900000000000000e+04
3.342100000000000000e+04
3.344800000000000000e+04
3.345500000000000000e+04
3.347300000000000000e+04
3.347800000000000000e+04
3.348400000000000000e+04
3.349100000000000000e+04
3.351900000000000000e+04
3.352000000000000000e+04
3.353300000000000000e+04
3.361000000000000000e+04
3.363500000000000000e+04
3.364400000000000000e+04
3.365200000000000000e+04
3.366500000000000000e+04
3.367800000000000000e+04
3.369600000000000000e+04
3.370900000000000000e+04
3.372700000000000000e+04
3.374400000000000000e+04
3.381500000000000000e+04
3.383000000000000000e+04
3.384600000000000000e+04
3.384700000000000000e+04
3.384800000000000000e+04
3.386800000000000000e+04
3.394100000000000000e+04
3.395400000000000000e+04
3.395500000000000000e+04
3.397600000000000000e+04
3.399100000000000000e+04
3.401700000000000000e+04
3.412600000000000000e+04
3.413900000000000000e+04
3.429600000000000000e+04
3.430200000000000000e+04
3.433700000000000000e+04
3.433800000000000000e+04
3.434000000000000000e+04
3.435300000000000000e+04
3.437600000000000000e+04
3.439400000000000000e+04
3.440300000000000000e+04
3.440800000000000000e+04
3.446000000000000000e+04
3.447800000000000000e+04
3.448600000000000000e+04
3.455100000000000000e+04
3.456100000000000000e+04
3.460500000000000000e+04
3.465700000000000000e+04
3.471500000000000000e+04
3.474700000000000000e+04
3.479000000000000000e+04
3.479400000000000000e+04
3.483900000000000000e+04
3.493400000000000000e+04
3.494800000000000000e+04
3.496600000000000000e+04
3.498500000000000000e+04
3.500000000000000000e+04
3.500200000000000000e+04
3.508100000000000000e+04
3.508700000000000000e+04
3.513500000000000000e+04
3.515500000000000000e+04
3.521400000000000000e+04
3.524600000000000000e+04
3.530600000000000000e+04
3.534400000000000000e+04
3.535300000000000000e+04
3.535600000000000000e+04
3.535900000000000000e+04
3.536000000000000000e+04
3.536100000000000000e+04
3.540800000000000000e+04
3.555800000000000000e+04
3.556500000000000000e+04
3.559700000000000000e+04
3.562500000000000000e+04
3.562800000000000000e+04
3.564200000000000000e+04
3.575000000000000000e+04
3.576300000000000000e+04
3.577200000000000000e+04
3.578700000000000000e+04
3.579200000000000000e+04
3.582000000000000000e+04
3.582800000000000000e+04
3.584500000000000000e+04
3.597400000000000000e+04
3.599000000000000000e+04
3.601200000000000000e+04
3.604700000000000000e+04
3.605100000000000000e+04
3.606100000000000000e+04
3.607700000000000000e+04
3.609400000000000000e+04
3.617600000000000000e+04
3.625600000000000000e+04
3.628900000000000000e+04
3.630900000000000000e+04
3.640800000000000000e+04
3.642700000000000000e+04
3.645000000000000000e+04
3.652200000000000000e+04
3.654800000000000000e+04
3.655700000000000000e+04
3.658300000000000000e+04
3.669100000000000000e+04
3.669500000000000000e+04
3.676300000000000000e+04
3.676500000000000000e+04
3.678800000000000000e+04
3.688700000000000000e+04
3.689600000000000000e+04
3.690200000000000000e+04
3.691300000000000000e+04
3.692000000000000000e+04
3.697600000000000000e+04
3.701500000000000000e+04
3.702000000000000000e+04
3.705200000000000000e+04
3.716500000000000000e+04
3.718900000000000000e+04
3.719000000000000000e+04
3.719900000000000000e+04
3.721800000000000000e+04
3.725700000000000000e+04
3.734300000000000000e+04
3.735100000000000000e+04
3.735300000000000000e+04
3.736200000000000000e+04
3.737600000000000000e+04
3.741600000000000000e+04
3.743600000000000000e+04
3.750900000000000000e+04
3.751300000000000000e+04
3.751700000000000000e+04
3.752700000000000000e+04
3.752800000000000000e+04
3.753900000000000000e+04
3.754000000000000000e+04
3.755200000000000000e+04
3.758900000000000000e+04
3.759100000000000000e+04
3.759400000000000000e+04
3.759900000000000000e+04
3.768000000000000000e+04
3.768200000000000000e+04
3.771900000000000000e+04
3.773300000000000000e+04
3.775900000000000000e+04
3.777900000000000000e+04
3.780500000000000000e+04
3.784400000000000000e+04
3.784700000000000000e+04
3.786100000000000000e+04
3.787800000000000000e+04
3.793500000000000000e+04
3.799800000000000000e+04
3.802300000000000000e+04
3.805300000000000000e+04
3.805800000000000000e+04
3.810600000000000000e+04
3.810900000000000000e+04
3.812000000000000000e+04
3.818500000000000000e+04
3.819900000000000000e+04
3.824000000000000000e+04
3.825300000000000000e+04
3.827100000000000000e+04
3.828400000000000000e+04
3.828900000000000000e+04
3.829900000000000000e+04
3.831900000000000000e+04
3.832900000000000000e+04
3.835300000000000000e+04
3.838000000000000000e+04
3.838100000000000000e+04
3.839400000000000000e+04
3.840500000000000000e+04
3.845500000000000000e+04
3.847100000000000000e+04
3.847300000000000000e+04
3.848400000000000000e+04
3.849800000000000000e+04
3.853300000000000000e+04
3.856000000000000000e+04
3.860900000000000000e+04
3.862500000000000000e+04
3.863400000000000000e+04
3.863900000000000000e+04
3.864500000000000000e+04
3.864600000000000000e+04
3.866800000000000000e+04
3.867100000000000000e+04
3.867700000000000000e+04
3.868000000000000000e+04
3.873600000000000000e+04
3.876200000000000000e+04
3.881100000000000000e+04
3.884700000000000000e+04
3.887300000000000000e+04
3.888800000000000000e+04
3.891700000000000000e+04
3.896300000000000000e+04
3.899400000000000000e+04
3.905000000000000000e+04
3.914800000000000000e+04
3.920000000000000000e+04
3.927600000000000000e+04
3.927800000000000000e+04
3.930500000000000000e+04
3.933000000000000000e+04
3.937700000000000000e+04
3.938600000000000000e+04
3.938800000000000000e+04
3.941300000000000000e+04
3.950600000000000000e+04
3.951400000000000000e+04
3.952300000000000000e+04
3.956200000000000000e+04
3.956500000000000000e+04
3.965600000000000000e+04
3.967800000000000000e+04
3.969700000000000000e+04
3.971300000000000000e+04
3.972200000000000000e+04
3.973100000000000000e+04
3.974200000000000000e+04
3.978300000000000000e+04
3.979300000000000000e+04
3.980500000000000000e+04
3.980600000000000000e+04
3.981100000000000000e+04
3.981900000000000000e+04
3.983800000000000000e+04
3.988600000000000000e+04
3.992500000000000000e+04
3.993200000000000000e+04
4.007000000000000000e+04
4.012400000000000000e+04
4.013600000000000000e+04
4.013800000000000000e+04
4.015100000000000000e+04
4.016100000000000000e+04
4.019700000000000000e+04
4.021200000000000000e+04
4.031500000000000000e+04
4.038900000000000000e+04
4.041400000000000000e+04
4.042600000000000000e+04
4.042800000000000000e+04
4.045500000000000000e+04
4.052100000000000000e+04
4.054400000000000000e+04
4.060500000000000000e+04
4.061900000000000000e+04
4.066700000000000000e+04
4.072600000000000000e+04
4.073600000000000000e+04
4.078100000000000000e+04
4.086000000000000000e+04
4.087300000000000000e+04
4.091300000000000000e+04
4.095400000000000000e+04
4.100700000000000000e+04
4.102900000000000000e+04
4.109500000000000000e+04
4.109700000000000000e+04
4.111700000000000000e+04
4.113300000000000000e+04
4.114800000000000000e+04
4.115800000000000000e+04
4.115900000000000000e+04
4.116000000000000000e+04
4.119800000000000000e+04
4.122200000000000000e+04
4.123800000000000000e+04
4.125000000000000000e+04
4.128700000000000000e+04
4.131300000000000000e+04
4.133100000000000000e+04
4.140700000000000000e+04
4.143100000000000000e+04
4.147300000000000000e+04
4.149900000000000000e+04
4.152400000000000000e+04
4.152700000000000000e+04
4.166800000000000000e+04
4.167400000000000000e+04
4.167500000000000000e+04
4.171900000000000000e+04
4.178500000000000000e+04
4.180500000000000000e+04
4.182700000000000000e+04
4.182800000000000000e+04
4.182900000000000000e+04
4.184600000000000000e+04
4.185500000000000000e+04
4.186000000000000000e+04
4.186100000000000000e+04
4.187700000000000000e+04
4.187800000000000000e+04
4.193800000000000000e+04
4.194000000000000000e+04
4.195100000000000000e+04
4.199300000000000000e+04
4.207200000000000000e+04
4.208300000000000000e+04
4.210800000000000000e+04
4.212200000000000000e+04
4.213700000000000000e+04
4.214200000000000000e+04
4.214600000000000000e+04
4.214700000000000000e+04
4.215500000000000000e+04
4.216600000000000000e+04
4.221700000000000000e+04
4.222200000000000000e+04
4.222500000000000000e+04
4.224700000000000000e+04
4.225700000000000000e+04
4.230000000000000000e+04
4.231700000000000000e+04
4.234400000000000000e+04
4.242500000000000000e+04
4.255600000000000000e+04
4.260200000000000000e+04
4.261500000000000000e+04
4.262800000000000000e+04
4.264400000000000000e+04
4.264700000000000000e+04
4.266500000000000000e+04
4.266700000000000000e+04
4.267600000000000000e+04
4.268400000000000000e+04
4.271000000000000000e+04
4.275600000000000000e+04
4.277400000000000000e+04
4.280600000000000000e+04
4.284300000000000000e+04
4.284800000000000000e+04
4.286300000000000000e+04
4.288200000000000000e+04
4.289000000000000000e+04
4.289700000000000000e+04
4.290000000000000000e+04
4.293300000000000000e+04
4.293500000000000000e+04
4.297800000000000000e+04
4.299200000000000000e+04
4.299400000000000000e+04
4.300100000000000000e+04
4.301300000000000000e+04
4.301800000000000000e+04
4.303400000000000000e+04
4.305000000000000000e+04
4.305800000000000000e+04
4.307900000000000000e+04
4.308600000000000000e+04
4.309800000000000000e+04
4.310400000000000000e+04
4.312500000000000000e+04
4.314700000000000000e+04
4.314900000000000000e+04
4.315500000000000000e+04
4.318300000000000000e+04
4.318400000000000000e+04
4.318700000000000000e+04
4.320900000000000000e+04
4.322700000000000000e+04
4.322800000000000000e+04
4.324300000000000000e+04
4.324700000000000000e+04
4.328600000000000000e+04
4.329300000000000000e+04
4.329500000000000000e+04
4.333800000000000000e+04
4.334000000000000000e+04
4.334200000000000000e+04
4.334600000000000000e+04
4.335300000000000000e+04
4.337000000000000000e+04
4.337800000000000000e+04
4.341400000000000000e+04
4.342000000000000000e+04
4.343700000000000000e+04
4.345200000000000000e+04
4.345700000000000000e+04
4.347300000000000000e+04
4.349100000000000000e+04
4.349300000000000000e+04
4.352300000000000000e+04
4.352400000000000000e+04
4.352900000000000000e+04
4.354000000000000000e+04
4.354300000000000000e+04
4.360000000000000000e+04
4.361600000000000000e+04
4.363400000000000000e+04
4.364200000000000000e+04
4.367700000000000000e+04
4.368100000000000000e+04
4.368200000000000000e+04
4.371500000000000000e+04
4.373400000000000000e+04
4.375700000000000000e+04
4.381600000000000000e+04
4.384800000000000000e+04
4.385400000000000000e+04
4.385700000000000000e+04
4.386900000000000000e+04
4.388600000000000000e+04
4.392200000000000000e+04
4.397700000000000000e+04
4.398900000000000000e+04
4.400000000000000000e+04
4.401100000000000000e+04
4.403900000000000000e+04
4.411200000000000000e+04
4.412600000000000000e+04
4.415100000000000000e+04
4.426100000000000000e+04
4.428300000000000000e+04
4.428600000000000000e+04
4.428900000000000000e+04
4.441100000000000000e+04
4.445900000000000000e+04
4.447000000000000000e+04
4.447500000000000000e+04
4.449900000000000000e+04
4.466200000000000000e+04
4.470100000000000000e+04
4.472000000000000000e+04
4.472100000000000000e+04
4.476700000000000000e+04
4.480600000000000000e+04
4.481100000000000000e+04
4.484900000000000000e+04
4.486300000000000000e+04
4.489000000000000000e+04
4.489600000000000000e+04
4.491700000000000000e+04
4.494000000000000000e+04
4.496200000000000000e+04
4.497400000000000000e+04
4.498100000000000000e+04
4.500200000000000000e+04
4.501000000000000000e+04
4.501900000000000000e+04
4.511300000000000000e+04
4.519600000000000000e+04
4.528500000000000000e+04
4.530400000000000000e+04
4.531100000000000000e+04
4.539700000000000000e+04
4.540500000000000000e+04
4.543900000000000000e+04
4.546500000000000000e+04
4.550100000000000000e+04
4.550200000000000000e+04
4.553600000000000000e+04
4.555800000000000000e+04
4.556600000000000000e+04
4.560600000000000000e+04
4.560700000000000000e+04
4.561300000000000000e+04
4.565200000000000000e+04
4.565300000000000000e+04
4.572000000000000000e+04
4.572700000000000000e+04
4.573200000000000000e+04
4.575000000000000000e+04
4.579700000000000000e+04
4.580900000000000000e+04
4.583100000000000000e+04
4.583200000000000000e+04
4.583700000000000000e+04
4.588600000000000000e+04
4.591900000000000000e+04
4.592700000000000000e+04
4.593200000000000000e+04
4.595100000000000000e+04
4.597700000000000000e+04
4.598300000000000000e+04
4.600000000000000000e+04
4.600800000000000000e+04
4.603100000000000000e+04
4.603700000000000000e+04
4.606500000000000000e+04
4.606600000000000000e+04
4.610600000000000000e+04
4.611100000000000000e+04
4.613100000000000000e+04
4.613600000000000000e+04
4.618200000000000000e+04
4.623400000000000000e+04
4.627900000000000000e+04
4.628600000000000000e+04
4.629000000000000000e+04
4.636000000000000000e+04
4.637100000000000000e+04
4.637300000000000000e+04
4.643700000000000000e+04
4.644900000000000000e+04
4.645900000000000000e+04
4.648600000000000000e+04
4.650100000000000000e+04
4.653800000000000000e+04
4.655600000000000000e+04
4.656500000000000000e+04
4.658200000000000000e+04
4.663000000000000000e+04
4.665200000000000000e+04
4.665300000000000000e+04
4.665800000000000000e+04
4.666700000000000000e+04
4.669400000000000000e+04
4.669500000000000000e+04
4.674400000000000000e+04
4.674600000000000000e+04
4.675700000000000000e+04
4.675800000000000000e+04
4.677600000000000000e+04
4.679600000000000000e+04
4.683300000000000000e+04
4.684100000000000000e+04
4.685600000000000000e+04
4.685900000000000000e+04
4.687900000000000000e+04
4.688600000000000000e+04
4.688700000000000000e+04
4.691000000000000000e+04
4.691600000000000000e+04
4.691800000000000000e+04
4.696900000000000000e+04
4.697000000000000000e+04
4.698400000000000000e+04
4.702900000000000000e+04
4.705600000000000000e+04
4.706600000000000000e+04
4.707000000000000000e+04
4.712400000000000000e+04
4.716500000000000000e+04
4.718300000000000000e+04
4.720000000000000000e+04
4.720200000000000000e+04
4.721200000000000000e+04
4.724800000000000000e+04
4.726100000000000000e+04
4.726300000000000000e+04
4.730300000000000000e+04
4.733200000000000000e+04
4.739500000000000000e+04
4.741600000000000000e+04
4.750300000000000000e+04
4.754100000000000000e+04
4.754300000000000000e+04
4.760800000000000000e+04
4.763700000000000000e+04
4.767700000000000000e+04
4.768500000000000000e+04
4.770100000000000000e+04
4.771300000000000000e+04
4.775000000000000000e+04
4.775200000000000000e+04
4.779100000000000000e+04
4.782600000000000000e+04
4.784000000000000000e+04
4.784200000000000000e+04
4.795100000000000000e+04
4.795300000000000000e+04
4.797900000000000000e+04
4.803400000000000000e+04
4.804800000000000000e+04
4.805400000000000000e+04
4.805500000000000000e+04
4.810400000000000000e+04
4.813800000000000000e+04
4.814100000000000000e+04
4.815900000000000000e+04
4.822600000000000000e+04
4.826000000000000000e+04
4.827900000000000000e+04
4.828600000000000000e+04
4.829200000000000000e+04
4.830900000000000000e+04
4.832500000000000000e+04
4.833200000000000000e+04
4.834000000000000000e+04
4.834500000000000000e+04
4.834900000000000000e+04
