8.160000000000000000e+02
1.027000000000000000e+03
1.287000000000000000e+03
1.531000000000000000e+03
1.810000000000000000e+03
1.830000000000000000e+03
1.833000000000000000e+03
1.893000000000000000e+03
1.916000000000000000e+03
1.918000000000000000e+03
1.955000000000000000e+03
1.966000000000000000e+03
2.192000000000000000e+03
2.203000000000000000e+03
2.259000000000000000e+03
2.338000000000000000e+03
2.353000000000000000e+03
2.532000000000000000e+03
2.549000000000000000e+03
2.611000000000000000e+03
2.743000000000000000e+03
2.841000000000000000e+03
2.881000000000000000e+03
2.911000000000000000e+03
3.109000000000000000e+03
3.118000000000000000e+03
3.143000000000000000e+03
3.231000000000000000e+03
3.388000000000000000e+03
3.394000000000000000e+03
3.448000000000000000e+03
3.473000000000000000e+03
3.500000000000000000e+03
3.778000000000000000e+03
3.798000000000000000e+03
3.828000000000000000e+03
3.858000000000000000e+03
3.915000000000000000e+03
4.019000000000000000e+03
4.060000000000000000e+03
4.096000000000000000e+03
4.106000000000000000e+03
4.142000000000000000e+03
4.179000000000000000e+03
4.258000000000000000e+03
4.325000000000000000e+03
4.354000000000000000e+03
4.479000000000000000e+03
4.597000000000000000e+03
4.622000000000000000e+03
4.629000000000000000e+03
4.649000000000000000e+03
4.763000000000000000e+03
4.903000000000000000e+03
4.918000000000000000e+03
4.919000000000000000e+03
4.925000000000000000e+03
4.943000000000000000e+03
4.957000000000000000e+03
5.111000000000000000e+03
5.125000000000000000e+03
5.158000000000000000e+03
5.170000000000000000e+03
5.205000000000000000e+03
5.308000000000000000e+03
5.309000000000000000e+03
5.392000000000000000e+03
5.456000000000000000e+03
5.483000000000000000e+03
5.543000000000000000e+03
5.618000000000000000e+03
5.626000000000000000e+03
5.696000000000000000e+03
5.749000000000000000e+03
5.800000000000000000e+03
5.806000000000000000e+03
5.808000000000000000e+03
5.819000000000000000e+03
5.827000000000000000e+03
5.843000000000000000e+03
5.888000000000000000e+03
5.923000000000000000e+03
5.932000000000000000e+03
5.961000000000000000e+03
5.963000000000000000e+03
6.004000000000000000e+03
6.033000000000000000e+03
6.090000000000000000e+03
6.103000000000000000e+03
6.159000000000000000e+03
6.215000000000000000e+03
6.260000000000000000e+03
6.291000000000000000e+03
6.318000000000000000e+03
6.400000000000000000e+03
6.406000000000000000e+03
6.434000000000000000e+03
6.458000000000000000e+03
6.490000000000000000e+03
6.506000000000000000e+03
6.507000000000000000e+03
6.566000000000000000e+03
6.598000000000000000e+03
6.603000000000000000e+03
6.618000000000000000e+03
6.623000000000000000e+03
6.638000000000000000e+03
6.640000000000000000e+03
6.659000000000000000e+03
6.673000000000000000e+03
6.700000000000000000e+03
6.776000000000000000e+03
6.818000000000000000e+03
6.936000000000000000e+03
6.940000000000000000e+03
6.941000000000000000e+03
7.046000000000000000e+03
7.047000000000000000e+03
7.098000000000000000e+03
7.128000000000000000e+03
7.175000000000000000e+03
7.184000000000000000e+03
7.187000000000000000e+03
7.195000000000000000e+03
7.233000000000000000e+03
7.360000000000000000e+03
7.364000000000000000e+03
7.366000000000000000e+03
7.401000000000000000e+03
7.437000000000000000e+03
7.460000000000000000e+03
7.511000000000000000e+03
7.536000000000000000e+03
7.537000000000000000e+03
7.542000000000000000e+03
7.546000000000000000e+03
7.591000000000000000e+03
7.608000000000000000e+03
7.638000000000000000e+03
7.655000000000000000e+03
7.673000000000000000e+03
7.781000000000000000e+03
7.786000000000000000e+03
7.831000000000000000e+03
7.844000000000000000e+03
7.846000000000000000e+03
8.062000000000000000e+03
8.155000000000000000e+03
8.191000000000000000e+03
8.252000000000000000e+03
8.268000000000000000e+03
8.283000000000000000e+03
8.328000000000000000e+03
8.385000000000000000e+03
8.410000000000000000e+03
8.643000000000000000e+03
8.765000000000000000e+03
8.792000000000000000e+03
8.887000000000000000e+03
8.901000000000000000e+03
8.964000000000000000e+03
9.175000000000000000e+03
9.224000000000000000e+03
9.239000000000000000e+03
9.244000000000000000e+03
9.245000000000000000e+03
9.250000000000000000e+03
9.272000000000000000e+03
9.297000000000000000e+03
9.298000000000000000e+03
9.299000000000000000e+03
9.301000000000000000e+03
9.307000000000000000e+03
9.310000000000000000e+03
9.335000000000000000e+03
9.336000000000000000e+03
9.355000000000000000e+03
9.379000000000000000e+03
9.388000000000000000e+03
9.423000000000000000e+03
9.425000000000000000e+03
9.426000000000000000e+03
9.465000000000000000e+03
9.467000000000000000e+03
9.510000000000000000e+03
9.511000000000000000e+03
9.526000000000000000e+03
9.527000000000000000e+03
9.568000000000000000e+03
9.608000000000000000e+03
9.669000000000000000e+03
9.709000000000000000e+03
9.725000000000000000e+03
9.751000000000000000e+03
9.755000000000000000e+03
9.854000000000000000e+03
9.857000000000000000e+03
9.906000000000000000e+03
9.908000000000000000e+03
9.913000000000000000e+03
9.923000000000000000e+03
9.926000000000000000e+03
1.007600000000000000e+04
1.010000000000000000e+04
1.010100000000000000e+04
1.012600000000000000e+04
1.022600000000000000e+04
1.026900000000000000e+04
1.027700000000000000e+04
1.028000000000000000e+04
1.029900000000000000e+04
1.031200000000000000e+04
1.031900000000000000e+04
1.035100000000000000e+04
1.039400000000000000e+04
1.041100000000000000e+04
1.042800000000000000e+04
1.043800000000000000e+04
1.048600000000000000e+04
1.048800000000000000e+04
1.050900000000000000e+04
1.053000000000000000e+04
1.053700000000000000e+04
1.055400000000000000e+04
1.055600000000000000e+04
1.060000000000000000e+04
1.067900000000000000e+04
1.068900000000000000e+04
1.069700000000000000e+04
1.074100000000000000e+04
1.075200000000000000e+04
1.076500000000000000e+04
1.080500000000000000e+04
1.081700000000000000e+04
1.085200000000000000e+04
1.105400000000000000e+04
1.108100000000000000e+04
1.110800000000000000e+04
1.111200000000000000e+04
1.112900000000000000e+04
1.113100000000000000e+04
1.113600000000000000e+04
1.113900000000000000e+04
1.130300000000000000e+04
1.130500000000000000e+04
1.131700000000000000e+04
1.133000000000000000e+04
1.133400000000000000e+04
1.135600000000000000e+04
1.143100000000000000e+04
1.150000000000000000e+04
1.152900000000000000e+04
1.153900000000000000e+04
1.157000000000000000e+04
1.161700000000000000e+04
1.165600000000000000e+04
1.166700000000000000e+04
1.167400000000000000e+04
1.171700000000000000e+04
1.186400000000000000e+04
1.192800000000000000e+04
1.195900000000000000e+04
1.197500000000000000e+04
1.214900000000000000e+04
1.215200000000000000e+04
1.220900000000000000e+04
1.223800000000000000e+04
1.234600000000000000e+04
1.240500000000000000e+04
1.240700000000000000e+04
1.240800000000000000e+04
1.240900000000000000e+04
1.241200000000000000e+04
1.256000000000000000e+04
1.272300000000000000e+04
1.275900000000000000e+04
1.296800000000000000e+04
1.297100000000000000e+04
1.302700000000000000e+04
1.303100000000000000e+04
1.303900000000000000e+04
1.325000000000000000e+04
1.326400000000000000e+04
1.329400000000000000e+04
1.336600000000000000e+04
1.349000000000000000e+04
1.350800000000000000e+04
1.350900000000000000e+04
1.361600000000000000e+04
1.366500000000000000e+04
1.367300000000000000e+04
1.369500000000000000e+04
1.369800000000000000e+04
1.370800000000000000e+04
1.372400000000000000e+04
1.375500000000000000e+04
1.378400000000000000e+04
1.383200000000000000e+04
1.389100000000000000e+04
1.390300000000000000e+04
1.391500000000000000e+04
1.395000000000000000e+04
1.397000000000000000e+04
1.398700000000000000e+04
1.399300000000000000e+04
1.406400000000000000e+04
1.413200000000000000e+04
1.413500000000000000e+04
1.413900000000000000e+04
1.417800000000000000e+04
1.419500000000000000e+04
1.420400000000000000e+04
1.421000000000000000e+04
1.422900000000000000e+04
1.423000000000000000e+04
1.423400000000000000e+04
1.424000000000000000e+04
1.424200000000000000e+04
1.429500000000000000e+04
1.441100000000000000e+04
1.442500000000000000e+04
1.446400000000000000e+04
1.451000000000000000e+04
1.453000000000000000e+04
1.455900000000000000e+04
1.460100000000000000e+04
1.463500000000000000e+04
1.473300000000000000e+04
1.474300000000000000e+04
1.477500000000000000e+04
1.478500000000000000e+04
1.486600000000000000e+04
1.499200000000000000e+04
1.502200000000000000e+04
1.502300000000000000e+04
1.505500000000000000e+04
1.509600000000000000e+04
1.513800000000000000e+04
1.522200000000000000e+04
1.532800000000000000e+04
1.533700000000000000e+04
1.535500000000000000e+04
1.535700000000000000e+04
1.549000000000000000e+04
1.552400000000000000e+04
1.557600000000000000e+04
1.559700000000000000e+04
1.559900000000000000e+04
1.564800000000000000e+04
1.576600000000000000e+04
1.582000000000000000e+04
1.598000000000000000e+04
1.598800000000000000e+04
1.601400000000000000e+04
1.612800000000000000e+04
1.613800000000000000e+04
1.618400000000000000e+04
1.621500000000000000e+04
1.627200000000000000e+04
1.630600000000000000e+04
1.638200000000000000e+04
1.642400000000000000e+04
1.643400000000000000e+04
1.646800000000000000e+04
1.648900000000000000e+04
1.649200000000000000e+04
1.652200000000000000e+04
1.652700000000000000e+04
1.657300000000000000e+04
1.667000000000000000e+04
1.669000000000000000e+04
1.672300000000000000e+04
1.675400000000000000e+04
1.677100000000000000e+04
1.679500000000000000e+04
1.681100000000000000e+04
1.681200000000000000e+04
1.688800000000000000e+04
1.689400000000000000e+04
1.689600000000000000e+04
1.690100000000000000e+04
1.691100000000000000e+04
1.704700000000000000e+04
1.707200000000000000e+04
1.710300000000000000e+04
1.712800000000000000e+04
1.725500000000000000e+04
1.733200000000000000e+04
1.738500000000000000e+04
1.738600000000000000e+04
1.740600000000000000e+04
1.742300000000000000e+04
1.745900000000000000e+04
1.747200000000000000e+04
1.750500000000000000e+04
1.751700000000000000e+04
1.753300000000000000e+04
1.766400000000000000e+04
1.773900000000000000e+04
1.774000000000000000e+04
1.774100000000000000e+04
1.780000000000000000e+04
1.782500000000000000e+04
1.787100000000000000e+04
1.791300000000000000e+04
1.791500000000000000e+04
1.792000000000000000e+04
1.793100000000000000e+04
1.794100000000000000e+04
1.795700000000000000e+04
1.798400000000000000e+04
1.800500000000000000e+04
1.803000000000000000e+04
1.808200000000000000e+04
1.808300000000000000e+04
1.813200000000000000e+04
1.819000000000000000e+04
1.819100000000000000e+04
1.819700000000000000e+04
1.827500000000000000e+04
1.828700000000000000e+04
1.831900000000000000e+04
1.832800000000000000e+04
1.838600000000000000e+04
1.841100000000000000e+04
1.842200000000000000e+04
1.847400000000000000e+04
1.847700000000000000e+04
1.856600000000000000e+04
1.858600000000000000e+04
1.862700000000000000e+04
1.863100000000000000e+04
1.873800000000000000e+04
1.874700000000000000e+04
1.874800000000000000e+04
1.877800000000000000e+04
1.879700000000000000e+04
1.883800000000000000e+04
1.886000000000000000e+04
1.892000000000000000e+04
1.896100000000000000e+04
1.901700000000000000e+04
1.902100000000000000e+04
1.903500000000000000e+04
1.905900000000000000e+04
1.906500000000000000e+04
1.911600000000000000e+04
1.913600000000000000e+04
1.914900000000000000e+04
1.920500000000000000e+04
1.921000000000000000e+04
1.922600000000000000e+04
1.922700000000000000e+04
1.926800000000000000e+04
1.926900000000000000e+04
1.927000000000000000e+04
1.930200000000000000e+04
1.930700000000000000e+04
1.930900000000000000e+04
1.931300000000000000e+04
1.934300000000000000e+04
1.937200000000000000e+04
1.938900000000000000e+04
1.941900000000000000e+04
1.945000000000000000e+04
1.948200000000000000e+04
1.950000000000000000e+04
1.952200000000000000e+04
1.952500000000000000e+04
1.954700000000000000e+04
1.959400000000000000e+04
1.959600000000000000e+04
1.960600000000000000e+04
1.964900000000000000e+04
1.966400000000000000e+04
1.969000000000000000e+04
1.970200000000000000e+04
1.975900000000000000e+04
1.976800000000000000e+04
1.977900000000000000e+04
1.978000000000000000e+04
1.981900000000000000e+04
1.982200000000000000e+04
1.982400000000000000e+04
1.984800000000000000e+04
1.996700000000000000e+04
1.997300000000000000e+04
2.015700000000000000e+04
2.015800000000000000e+04
2.015900000000000000e+04
2.017300000000000000e+04
2.033100000000000000e+04
2.034800000000000000e+04
2.041600000000000000e+04
2.041900000000000000e+04
2.044700000000000000e+04
2.059600000000000000e+04
2.063200000000000000e+04
2.069300000000000000e+04
2.083300000000000000e+04
2.089200000000000000e+04
2.097400000000000000e+04
2.105400000000000000e+04
2.106900000000000000e+04
2.107200000000000000e+04
2.108500000000000000e+04
2.114700000000000000e+04
2.123300000000000000e+04
2.123600000000000000e+04
2.123700000000000000e+04
2.126500000000000000e+04
2.127300000000000000e+04
2.128500000000000000e+04
2.129100000000000000e+04
2.145400000000000000e+04
2.148900000000000000e+04
2.154100000000000000e+04
2.156300000000000000e+04
2.158100000000000000e+04
2.160200000000000000e+04
2.164100000000000000e+04
2.166600000000000000e+04
2.169100000000000000e+04
2.171000000000000000e+04
2.174400000000000000e+04
2.174900000000000000e+04
2.176500000000000000e+04
2.179300000000000000e+04
2.179500000000000000e+04
2.180100000000000000e+04
2.188400000000000000e+04
2.192100000000000000e+04
2.193000000000000000e+04
2.194700000000000000e+04
2.195100000000000000e+04
2.196200000000000000e+04
2.197200000000000000e+04
2.197600000000000000e+04
2.200700000000000000e+04
2.200800000000000000e+04
2.200900000000000000e+04
2.212800000000000000e+04
2.216900000000000000e+04
2.217200000000000000e+04
2.220900000000000000e+04
2.222300000000000000e+04
2.222400000000000000e+04
2.225100000000000000e+04
2.231100000000000000e+04
2.232600000000000000e+04
2.238700000000000000e+04
2.238800000000000000e+04
2.244900000000000000e+04
2.259500000000000000e+04
2.260400000000000000e+04
2.261200000000000000e+04
2.270100000000000000e+04
2.272400000000000000e+04
2.272700000000000000e+04
2.276100000000000000e+04
2.281300000000000000e+04
2.284500000000000000e+04
2.288400000000000000e+04
2.290500000000000000e+04
2.292100000000000000e+04
2.292200000000000000e+04
2.293800000000000000e+04
2.295000000000000000e+04
2.297200000000000000e+04
2.298500000000000000e+04
2.298900000000000000e+04
2.307500000000000000e+04
2.308100000000000000e+04
2.309600000000000000e+04
2.310500000000000000e+04
2.310600000000000000e+04
2.310800000000000000e+04
2.315600000000000000e+04
2.317600000000000000e+04
2.322200000000000000e+04
2.322300000000000000e+04
2.322400000000000000e+04
2.330500000000000000e+04
2.334500000000000000e+04
2.346900000000000000e+04
2.347000000000000000e+04
2.348800000000000000e+04
2.351800000000000000e+04
2.352900000000000000e+04
2.355600000000000000e+04
2.357000000000000000e+04
2.358300000000000000e+04
2.365600000000000000e+04
2.368900000000000000e+04
2.371100000000000000e+04
2.375300000000000000e+04
2.375900000000000000e+04
2.376100000000000000e+04
2.376200000000000000e+04
2.401400000000000000e+04
2.408500000000000000e+04
2.408600000000000000e+04
2.412200000000000000e+04
2.422000000000000000e+04
2.432600000000000000e+04
2.437200000000000000e+04
2.437800000000000000e+04
2.442400000000000000e+04
2.442500000000000000e+04
2.444100000000000000e+04
2.447700000000000000e+04
2.448300000000000000e+04
2.454300000000000000e+04
2.463200000000000000e+04
2.472100000000000000e+04
2.472800000000000000e+04
2.475300000000000000e+04
2.482600000000000000e+04
2.482900000000000000e+04
2.483700000000000000e+04
2.484000000000000000e+04
2.484500000000000000e+04
2.485600000000000000e+04
2.485700000000000000e+04
2.485800000000000000e+04
2.485900000000000000e+04
2.489500000000000000e+04
2.493000000000000000e+04
2.496600000000000000e+04
2.497200000000000000e+04
2.501400000000000000e+04
2.502400000000000000e+04
2.507800000000000000e+04
2.508500000000000000e+04
2.509900000000000000e+04
2.511300000000000000e+04
2.524500000000000000e+04
2.532900000000000000e+04
2.537200000000000000e+04
2.537300000000000000e+04
2.542000000000000000e+04
2.542100000000000000e+04
2.545600000000000000e+04
2.545700000000000000e+04
2.548300000000000000e+04
2.550700000000000000e+04
2.550800000000000000e+04
2.551400000000000000e+04
2.557100000000000000e+04
2.557300000000000000e+04
2.559100000000000000e+04
2.562100000000000000e+04
2.566200000000000000e+04
2.569100000000000000e+04
2.573400000000000000e+04
2.573500000000000000e+04
2.582600000000000000e+04
2.582800000000000000e+04
2.582900000000000000e+04
2.586800000000000000e+04
2.586900000000000000e+04
2.597800000000000000e+04
2.600400000000000000e+04
2.606800000000000000e+04
2.613900000000000000e+04
2.615000000000000000e+04
2.615200000000000000e+04
2.615900000000000000e+04
2.616600000000000000e+04
2.617100000000000000e+04
2.617400000000000000e+04
2.619000000000000000e+04
2.621800000000000000e+04
2.622300000000000000e+04
2.625300000000000000e+04
2.625500000000000000e+04
2.628600000000000000e+04
2.631300000000000000e+04
2.632400000000000000e+04
2.636300000000000000e+04
2.637400000000000000e+04
2.637600000000000000e+04
2.638000000000000000e+04
2.639000000000000000e+04
2.639200000000000000e+04
2.639600000000000000e+04
2.640400000000000000e+04
2.641300000000000000e+04
2.641500000000000000e+04
2.641600000000000000e+04
2.643300000000000000e+04
2.648100000000000000e+04
2.653700000000000000e+04
2.655500000000000000e+04
2.656800000000000000e+04
2.658000000000000000e+04
2.659200000000000000e+04
2.662500000000000000e+04
2.662600000000000000e+04
2.663300000000000000e+04
2.664700000000000000e+04
2.669200000000000000e+04
2.670900000000000000e+04
2.671100000000000000e+04
2.674200000000000000e+04
2.675000000000000000e+04
2.677400000000000000e+04
2.678400000000000000e+04
2.680400000000000000e+04
2.682000000000000000e+04
2.682800000000000000e+04
2.683900000000000000e+04
2.687400000000000000e+04
2.688800000000000000e+04
2.689600000000000000e+04
2.689700000000000000e+04
2.696600000000000000e+04
2.699000000000000000e+04
2.702100000000000000e+04
2.703800000000000000e+04
2.704500000000000000e+04
2.705500000000000000e+04
2.707000000000000000e+04
2.710800000000000000e+04
2.713000000000000000e+04
2.714700000000000000e+04
2.715600000000000000e+04
2.717000000000000000e+04
2.717100000000000000e+04
2.718900000000000000e+04
2.723500000000000000e+04
2.723900000000000000e+04
2.727300000000000000e+04
2.727900000000000000e+04
2.729200000000000000e+04
2.730400000000000000e+04
2.735500000000000000e+04
2.736400000000000000e+04
2.737000000000000000e+04
2.737100000000000000e+04
2.737400000000000000e+04
2.739200000000000000e+04
2.739700000000000000e+04
2.739900000000000000e+04
2.740700000000000000e+04
2.741900000000000000e+04
2.742600000000000000e+04
2.742700000000000000e+04
2.748900000000000000e+04
2.749300000000000000e+04
2.751300000000000000e+04
2.752500000000000000e+04
2.753100000000000000e+04
2.754600000000000000e+04
2.754700000000000000e+04
2.755900000000000000e+04
2.757800000000000000e+04
2.759600000000000000e+04
2.760200000000000000e+04
2.760800000000000000e+04
2.763700000000000000e+04
2.765500000000000000e+04
2.765700000000000000e+04
2.766900000000000000e+04
2.767600000000000000e+04
2.768200000000000000e+04
2.768300000000000000e+04
2.768400000000000000e+04
2.770600000000000000e+04
2.770900000000000000e+04
2.772600000000000000e+04
2.784900000000000000e+04
2.785900000000000000e+04
2.791700000000000000e+04
2.801400000000000000e+04
2.801500000000000000e+04
2.805500000000000000e+04
2.806000000000000000e+04
2.809200000000000000e+04
2.809600000000000000e+04
2.816600000000000000e+04
2.817500000000000000e+04
2.820900000000000000e+04
2.825000000000000000e+04
2.826300000000000000e+04
2.828600000000000000e+04
2.829000000000000000e+04
2.829100000000000000e+04
2.832300000000000000e+04
2.834500000000000000e+04
2.838600000000000000e+04
2.839800000000000000e+04
2.840500000000000000e+04
2.841300000000000000e+04
2.841400000000000000e+04
2.843800000000000000e+04
2.846000000000000000e+04
2.848900000000000000e+04
2.849100000000000000e+04
2.850000000000000000e+04
2.852600000000000000e+04
2.860600000000000000e+04
2.862000000000000000e+04
2.863200000000000000e+04
2.869700000000000000e+04
2.872300000000000000e+04
2.874900000000000000e+04
2.875100000000000000e+04
2.876200000000000000e+04
2.878400000000000000e+04
2.879300000000000000e+04
2.881300000000000000e+04
2.883200000000000000e+04
2.883300000000000000e+04
2.886100000000000000e+04
2.892800000000000000e+04
2.898300000000000000e+04
2.899000000000000000e+04
2.899100000000000000e+04
2.899600000000000000e+04
2.899900000000000000e+04
2.901400000000000000e+04
2.903600000000000000e+04
2.905700000000000000e+04
2.905900000000000000e+04
2.906500000000000000e+04
2.909300000000000000e+04
2.910500000000000000e+04
2.911300000000000000e+04
2.911800000000000000e+04
2.912700000000000000e+04
2.914800000000000000e+04
2.915200000000000000e+04
2.916900000000000000e+04
2.919000000000000000e+04
2.919300000000000000e+04
2.919600000000000000e+04
2.921400000000000000e+04
2.922600000000000000e+04
2.922700000000000000e+04
2.922800000000000000e+04
2.925200000000000000e+04
2.926000000000000000e+04
2.936200000000000000e+04
2.939800000000000000e+04
2.948500000000000000e+04
2.949600000000000000e+04
2.952200000000000000e+04
2.954200000000000000e+04
2.954300000000000000e+04
2.954800000000000000e+04
2.960900000000000000e+04
2.961600000000000000e+04
2.962100000000000000e+04
2.963800000000000000e+04
2.977200000000000000e+04
2.978500000000000000e+04
2.980400000000000000e+04
2.982600000000000000e+04
2.988100000000000000e+04
2.988300000000000000e+04
2.999400000000000000e+04
3.005100000000000000e+04
3.009600000000000000e+04
3.011900000000000000e+04
3.012000000000000000e+04
3.014100000000000000e+04
3.014400000000000000e+04
3.015300000000000000e+04
3.019600000000000000e+04
3.022500000000000000e+04
3.026300000000000000e+04
3.028100000000000000e+04
3.035100000000000000e+04
3.035200000000000000e+04
3.035600000000000000e+04
3.035800000000000000e+04
3.036000000000000000e+04
3.041700000000000000e+04
3.044300000000000000e+04
3.047100000000000000e+04
3.056200000000000000e+04
3.056600000000000000e+04
3.056700000000000000e+04
3.059800000000000000e+04
3.060800000000000000e+04
3.061400000000000000e+04
3.062200000000000000e+04
3.063000000000000000e+04
3.064300000000000000e+04
3.068900000000000000e+04
3.069300000000000000e+04
3.071200000000000000e+04
3.073800000000000000e+04
3.075000000000000000e+04
3.077000000000000000e+04
3.077100000000000000e+04
3.077300000000000000e+04
3.077500000000000000e+04
3.083600000000000000e+04
3.084900000000000000e+04
3.085000000000000000e+04
3.087700000000000000e+04
3.088000000000000000e+04
3.088400000000000000e+04
3.089800000000000000e+04
3.090300000000000000e+04
3.092000000000000000e+04
3.092300000000000000e+04
3.094500000000000000e+04
3.095300000000000000e+04
3.095500000000000000e+04
3.096000000000000000e+04
3.096300000000000000e+04
3.104700000000000000e+04
3.105900000000000000e+04
3.107900000000000000e+04
3.108000000000000000e+04
3.108300000000000000e+04
3.108400000000000000e+04
3.109200000000000000e+04
3.109300000000000000e+04
3.114600000000000000e+04
3.115200000000000000e+04
3.115600000000000000e+04
3.121200000000000000e+04
3.124800000000000000e+04
3.129900000000000000e+04
3.132600000000000000e+04
3.133400000000000000e+04
3.137000000000000000e+04
3.140900000000000000e+04
3.141000000000000000e+04
3.141600000000000000e+04
3.144200000000000000e+04
3.146500000000000000e+04
3.148200000000000000e+04
3.151100000000000000e+04
3.151300000000000000e+04
3.152300000000000000e+04
3.152400000000000000e+04
3.154600000000000000e+04
3.155700000000000000e+04
3.155900000000000000e+04
3.156000000000000000e+04
3.156100000000000000e+04
3.164100000000000000e+04
3.164400000000000000e+04
3.167100000000000000e+04
3.167300000000000000e+04
3.185100000000000000e+04
3.185200000000000000e+04
3.190100000000000000e+04
3.192700000000000000e+04
3.193500000000000000e+04
3.202200000000000000e+04
3.207000000000000000e+04
3.208300000000000000e+04
3.219400000000000000e+04
3.222300000000000000e+04
3.223700000000000000e+04
3.228400000000000000e+04
3.233300000000000000e+04
3.233400000000000000e+04
3.237300000000000000e+04
3.238000000000000000e+04
3.240700000000000000e+04
3.246700000000000000e+04
3.247500000000000000e+04
3.250100000000000000e+04
3.257800000000000000e+04
3.258900000000000000e+04
3.259500000000000000e+04
3.261600000000000000e+04
3.270600000000000000e+04
3.283900000000000000e+04
3.291400000000000000e+04
3.295900000000000000e+04
3.299500000000000000e+04
3.300000000000000000e+04
3.304200000000000000e+04
3.306100000000000000e+04
3.313300000000000000e+04
3.314500000000000000e+04
3.317000000000000000e+04
3.317100000000000000e+04
3.317700000000000000e+04
3.317800000000000000e+04
3.322300000000000000e+04
3.323900000000000000e+04
3.331200000000000000e+04
3.335700000000000000e+04
3.338900000000000000e+04
3.339000000000000000e+04
3.340300000000000000e+04
3.340900000000000000e+04
3.342700000000000000e+04
3.347100000000000000e+04
3.347200000000000000e+04
3.349500000000000000e+04
3.355700000000000000e+04
3.357100000000000000e+04
3.357200000000000000e+04
3.357300000000000000e+04
3.364700000000000000e+04
3.365500000000000000e+04
3.365900000000000000e+04
3.370400000000000000e+04
3.393500000000000000e+04
3.395000000000000000e+04
3.402800000000000000e+04
3.410300000000000000e+04
3.412100000000000000e+04
3.415600000000000000e+04
3.416700000000000000e+04
3.418100000000000000e+04
3.423900000000000000e+04
3.427900000000000000e+04
3.428600000000000000e+04
3.429000000000000000e+04
3.429100000000000000e+04
3.429500000000000000e+04
3.432800000000000000e+04
3.439100000000000000e+04
3.439700000000000000e+04
3.441000000000000000e+04
3.444200000000000000e+04
3.446400000000000000e+04
3.449200000000000000e+04
3.450200000000000000e+04
3.458700000000000000e+04
3.459000000000000000e+04
3.459100000000000000e+04
3.459200000000000000e+04
3.459500000000000000e+04
3.469200000000000000e+04
3.469500000000000000e+04
3.472300000000000000e+04
3.472400000000000000e+04
3.477200000000000000e+04
3.478200000000000000e+04
3.480900000000000000e+04
3.483300000000000000e+04
3.490300000000000000e+04
3.490700000000000000e+04
3.493000000000000000e+04
3.493600000000000000e+04
3.494300000000000000e+04
3.503000000000000000e+04
3.505100000000000000e+04
3.507700000000000000e+04
3.511300000000000000e+04
3.511400000000000000e+04
3.513700000000000000e+04
3.524100000000000000e+04
3.526600000000000000e+04
3.528000000000000000e+04
3.535800000000000000e+04
3.536900000000000000e+04
3.542600000000000000e+04
3.543800000000000000e+04
3.545200000000000000e+04
3.547100000000000000e+04
3.547700000000000000e+04
3.547800000000000000e+04
3.548100000000000000e+04
3.548600000000000000e+04
3.550600000000000000e+04
3.550900000000000000e+04
3.551800000000000000e+04
3.552000000000000000e+04
3.553800000000000000e+04
3.555300000000000000e+04
3.555700000000000000e+04
3.556100000000000000e+04
3.557600000000000000e+04
3.558500000000000000e+04
3.559200000000000000e+04
3.561900000000000000e+04
3.562400000000000000e+04
3.562600000000000000e+04
3.564100000000000000e+04
3.566200000000000000e+04
3.570800000000000000e+04
3.572600000000000000e+04
3.577500000000000000e+04
3.580300000000000000e+04
3.581400000000000000e+04
3.583900000000000000e+04
3.584800000000000000e+04
3.586800000000000000e+04
3.588300000000000000e+04
3.595300000000000000e+04
3.597100000000000000e+04
3.597900000000000000e+04
3.601400000000000000e+04
3.610200000000000000e+04
3.612100000000000000e+04
3.612900000000000000e+04
3.614300000000000000e+04
3.619000000000000000e+04
3.620100000000000000e+04
3.620300000000000000e+04
3.620500000000000000e+04
3.622600000000000000e+04
3.624900000000000000e+04
3.626600000000000000e+04
3.629000000000000000e+04
3.630600000000000000e+04
3.633100000000000000e+04
3.633400000000000000e+04
3.634800000000000000e+04
3.636300000000000000e+04
3.636700000000000000e+04
3.637500000000000000e+04
3.639300000000000000e+04
3.639500000000000000e+04
3.640100000000000000e+04
3.643600000000000000e+04
3.644400000000000000e+04
3.645600000000000000e+04
3.647100000000000000e+04
3.649400000000000000e+04
3.649600000000000000e+04
3.650200000000000000e+04
3.651100000000000000e+04
3.653000000000000000e+04
3.653600000000000000e+04
3.656000000000000000e+04
3.656700000000000000e+04
3.657200000000000000e+04
3.657800000000000000e+04
3.657900000000000000e+04
3.658200000000000000e+04
3.659300000000000000e+04
3.661800000000000000e+04
3.661900000000000000e+04
3.662200000000000000e+04
3.664600000000000000e+04
3.668800000000000000e+04
3.668900000000000000e+04
3.669200000000000000e+04
3.670000000000000000e+04
3.673000000000000000e+04
3.676000000000000000e+04
3.679900000000000000e+04
3.682400000000000000e+04
3.687100000000000000e+04
3.688800000000000000e+04
3.695800000000000000e+04
3.696900000000000000e+04
3.703600000000000000e+04
3.705100000000000000e+04
3.705600000000000000e+04
3.705900000000000000e+04
3.708400000000000000e+04
3.713300000000000000e+04
3.713600000000000000e+04
3.715100000000000000e+04
3.716200000000000000e+04
3.721300000000000000e+04
3.723600000000000000e+04
3.729800000000000000e+04
3.738100000000000000e+04
3.738500000000000000e+04
3.738600000000000000e+04
3.739500000000000000e+04
3.739700000000000000e+04
3.743500000000000000e+04
3.747400000000000000e+04
3.757800000000000000e+04
3.758100000000000000e+04
3.760900000000000000e+04
3.763500000000000000e+04
3.764200000000000000e+04
3.766400000000000000e+04
3.767300000000000000e+04
3.777700000000000000e+04
3.782700000000000000e+04
3.783800000000000000e+04
3.784600000000000000e+04
3.785000000000000000e+04
3.786000000000000000e+04
3.792000000000000000e+04
3.794000000000000000e+04
3.794700000000000000e+04
3.795400000000000000e+04
3.795500000000000000e+04
3.795600000000000000e+04
3.797100000000000000e+04
3.797700000000000000e+04
3.801400000000000000e+04
3.809100000000000000e+04
3.813000000000000000e+04
3.814100000000000000e+04
3.815500000000000000e+04
3.819200000000000000e+04
3.820100000000000000e+04
3.832500000000000000e+04
3.833600000000000000e+04
3.834100000000000000e+04
3.834900000000000000e+04
3.835700000000000000e+04
3.836100000000000000e+04
3.837100000000000000e+04
3.845200000000000000e+04
3.846800000000000000e+04
3.847500000000000000e+04
3.850800000000000000e+04
3.852200000000000000e+04
3.854300000000000000e+04
3.855000000000000000e+04
3.860100000000000000e+04
3.860300000000000000e+04
3.860500000000000000e+04
3.869100000000000000e+04
3.871900000000000000e+04
3.872100000000000000e+04
3.872600000000000000e+04
3.872700000000000000e+04
3.873400000000000000e+04
3.875000000000000000e+04
3.877800000000000000e+04
3.878700000000000000e+04
3.879800000000000000e+04
3.880900000000000000e+04
3.882000000000000000e+04
3.883800000000000000e+04
3.885100000000000000e+04
3.886000000000000000e+04
3.886100000000000000e+04
3.889700000000000000e+04
3.889900000000000000e+04
3.892900000000000000e+04
3.893300000000000000e+04
3.895800000000000000e+04
3.899100000000000000e+04
3.905600000000000000e+04
3.908100000000000000e+04
3.908300000000000000e+04
3.909000000000000000e+04
3.910800000000000000e+04
3.914400000000000000e+04
3.915600000000000000e+04
3.915700000000000000e+04
3.916000000000000000e+04
3.919500000000000000e+04
3.920100000000000000e+04
3.920200000000000000e+04
3.920400000000000000e+04
3.922800000000000000e+04
3.928600000000000000e+04
3.929600000000000000e+04
3.930000000000000000e+04
3.931700000000000000e+04
3.931900000000000000e+04
3.934800000000000000e+04
3.935400000000000000e+04
3.936100000000000000e+04
3.940400000000000000e+04
3.941200000000000000e+04
3.942800000000000000e+04
3.946600000000000000e+04
3.947700000000000000e+04
3.951000000000000000e+04
3.951200000000000000e+04
3.953200000000000000e+04
3.954400000000000000e+04
3.955000000000000000e+04
3.955800000000000000e+04
3.956100000000000000e+04
3.960700000000000000e+04
3.962400000000000000e+04
3.973600000000000000e+04
3.976200000000000000e+04
3.977000000000000000e+04
3.977400000000000000e+04
3.977600000000000000e+04
3.982200000000000000e+04
3.982600000000000000e+04
3.983000000000000000e+04
3.983900000000000000e+04
3.986200000000000000e+04
3.989600000000000000e+04
3.994600000000000000e+04
3.997100000000000000e+04
3.997400000000000000e+04
3.999200000000000000e+04
4.001600000000000000e+04
4.005500000000000000e+04
4.006400000000000000e+04
4.011700000000000000e+04
4.012700000000000000e+04
4.013000000000000000e+04
4.014500000000000000e+04
4.019400000000000000e+04
4.024200000000000000e+04
4.029600000000000000e+04
4.031200000000000000e+04
4.032500000000000000e+04
4.032600000000000000e+04
4.032700000000000000e+04
4.032800000000000000e+04
4.032900000000000000e+04
4.033000000000000000e+04
4.033100000000000000e+04
4.033800000000000000e+04
4.034000000000000000e+04
4.034200000000000000e+04
4.034300000000000000e+04
4.035000000000000000e+04
4.035100000000000000e+04
4.035500000000000000e+04
4.035700000000000000e+04
4.037500000000000000e+04
4.038200000000000000e+04
4.038400000000000000e+04
4.038500000000000000e+04
4.038600000000000000e+04
4.038700000000000000e+04
4.040900000000000000e+04
4.041000000000000000e+04
4.046800000000000000e+04
4.047200000000000000e+04
4.048500000000000000e+04
4.050700000000000000e+04
4.056000000000000000e+04
4.066400000000000000e+04
4.072300000000000000e+04
4.079700000000000000e+04
4.079900000000000000e+04
4.082400000000000000e+04
4.086200000000000000e+04
4.086500000000000000e+04
4.090100000000000000e+04
4.092400000000000000e+04
4.101800000000000000e+04
4.112500000000000000e+04
4.114200000000000000e+04
4.114900000000000000e+04
4.116200000000000000e+04
4.119300000000000000e+04
4.121200000000000000e+04
4.125300000000000000e+04
4.126000000000000000e+04
4.126400000000000000e+04
4.129900000000000000e+04
4.130700000000000000e+04
4.133500000000000000e+04
4.138400000000000000e+04
4.140500000000000000e+04
4.147200000000000000e+04
4.148200000000000000e+04
4.148500000000000000e+04
4.150600000000000000e+04
4.151200000000000000e+04
4.153800000000000000e+04
4.154200000000000000e+04
4.154500000000000000e+04
4.156100000000000000e+04
4.156200000000000000e+04
4.156300000000000000e+04
4.156400000000000000e+04
4.157000000000000000e+04
4.157100000000000000e+04
4.160900000000000000e+04
4.161000000000000000e+04
4.161400000000000000e+04
4.161500000000000000e+04
4.165100000000000000e+04
4.165900000000000000e+04
4.168300000000000000e+04
4.169600000000000000e+04
4.169700000000000000e+04
4.170100000000000000e+04
4.171200000000000000e+04
4.174000000000000000e+04
4.174900000000000000e+04
4.175400000000000000e+04
4.175500000000000000e+04
4.176600000000000000e+04
4.183000000000000000e+04
4.183500000000000000e+04
4.184800000000000000e+04
4.186900000000000000e+04
4.187900000000000000e+04
4.188200000000000000e+04
4.193700000000000000e+04
4.195600000000000000e+04
4.198100000000000000e+04
4.198900000000000000e+04
4.199700000000000000e+04
4.199800000000000000e+04
4.200000000000000000e+04
4.200100000000000000e+04
4.201000000000000000e+04
4.202000000000000000e+04
4.207800000000000000e+04
4.215800000000000000e+04
4.215900000000000000e+04
4.217000000000000000e+04
4.217100000000000000e+04
4.217400000000000000e+04
4.217800000000000000e+04
4.219600000000000000e+04
4.220500000000000000e+04
4.221000000000000000e+04
4.225300000000000000e+04
4.228100000000000000e+04
4.232200000000000000e+04
4.233200000000000000e+04
4.233500000000000000e+04
4.239700000000000000e+04
4.239800000000000000e+04
4.240400000000000000e+04
4.243100000000000000e+04
4.246800000000000000e+04
4.249300000000000000e+04
4.251600000000000000e+04
4.255000000000000000e+04
4.257500000000000000e+04
4.259700000000000000e+04
4.259800000000000000e+04
4.261000000000000000e+04
4.265500000000000000e+04
4.277900000000000000e+04
4.278600000000000000e+04
4.279200000000000000e+04
4.286000000000000000e+04
4.287800000000000000e+04
4.293400000000000000e+04
4.302700000000000000e+04
4.305100000000000000e+04
4.306700000000000000e+04
4.308100000000000000e+04
4.308400000000000000e+04
4.311100000000000000e+04
4.312600000000000000e+04
4.314300000000000000e+04
4.320100000000000000e+04
4.336900000000000000e+04
4.337400000000000000e+04
4.338900000000000000e+04
4.346100000000000000e+04
4.346300000000000000e+04
4.347200000000000000e+04
4.348000000000000000e+04
4.350000000000000000e+04
4.350500000000000000e+04
4.350900000000000000e+04
4.354800000000000000e+04
4.358500000000000000e+04
4.361000000000000000e+04
4.363700000000000000e+04
4.374200000000000000e+04
4.375500000000000000e+04
4.376300000000000000e+04
4.379200000000000000e+04
4.379500000000000000e+04
4.380100000000000000e+04
4.383000000000000000e+04
4.383200000000000000e+04
4.384600000000000000e+04
4.388400000000000000e+04
4.394200000000000000e+04
4.397200000000000000e+04
4.410000000000000000e+04
4.411900000000000000e+04
4.417400000000000000e+04
4.417500000000000000e+04
4.421700000000000000e+04
4.424500000000000000e+04
4.430000000000000000e+04
4.430900000000000000e+04
4.431300000000000000e+04
4.432500000000000000e+04
4.435000000000000000e+04
4.435600000000000000e+04
4.442100000000000000e+04
4.442200000000000000e+04
4.443800000000000000e+04
4.444300000000000000e+04
4.450700000000000000e+04
4.451400000000000000e+04
4.452900000000000000e+04
4.454600000000000000e+04
4.456800000000000000e+04
4.459600000000000000e+04
4.466500000000000000e+04
4.467400000000000000e+04
4.468400000000000000e+04
4.469500000000000000e+04
4.471100000000000000e+04
4.471900000000000000e+04
4.477300000000000000e+04
4.478700000000000000e+04
4.479500000000000000e+04
4.480500000000000000e+04
4.482800000000000000e+04
4.485000000000000000e+04
4.485500000000000000e+04
4.487300000000000000e+04
4.487600000000000000e+04
4.488500000000000000e+04
4.488600000000000000e+04
4.491300000000000000e+04
4.491600000000000000e+04
4.492700000000000000e+04
4.493200000000000000e+04
4.497500000000000000e+04
4.499300000000000000e+04
4.501600000000000000e+04
4.503100000000000000e+04
4.505500000000000000e+04
4.507700000000000000e+04
4.508000000000000000e+04
4.510500000000000000e+04
4.510700000000000000e+04
4.510800000000000000e+04
4.510900000000000000e+04
4.511700000000000000e+04
4.513800000000000000e+04
4.516400000000000000e+04
4.516700000000000000e+04
4.517600000000000000e+04
4.517900000000000000e+04
4.523500000000000000e+04
4.525000000000000000e+04
4.528000000000000000e+04
4.528200000000000000e+04
4.529700000000000000e+04
4.530500000000000000e+04
4.533400000000000000e+04
4.534800000000000000e+04
4.538300000000000000e+04
4.540000000000000000e+04
4.540400000000000000e+04
4.541700000000000000e+04
4.542900000000000000e+04
4.543500000000000000e+04
4.544000000000000000e+04
4.544500000000000000e+04
4.544900000000000000e+04
4.546700000000000000e+04
4.546800000000000000e+04
4.547700000000000000e+04
4.548600000000000000e+04
4.549000000000000000e+04
4.550800000000000000e+04
4.554200000000000000e+04
4.554300000000000000e+04
4.554400000000000000e+04
4.555400000000000000e+04
4.558600000000000000e+04
4.561600000000000000e+04
4.562100000000000000e+04
4.562300000000000000e+04
4.562600000000000000e+04
4.563600000000000000e+04
4.564100000000000000e+04
4.564400000000000000e+04
4.564500000000000000e+04
4.566800000000000000e+04
4.566900000000000000e+04
4.569800000000000000e+04
4.578600000000000000e+04
4.579800000000000000e+04
4.584400000000000000e+04
4.601500000000000000e+04
4.601800000000000000e+04
4.609300000000000000e+04
4.610800000000000000e+04
4.611200000000000000e+04
4.622500000000000000e+04
4.631700000000000000e+04
4.633500000000000000e+04
4.635100000000000000e+04
4.635200000000000000e+04
4.635500000000000000e+04
4.651500000000000000e+04
4.654400000000000000e+04
4.663600000000000000e+04
4.668700000000000000e+04
4.674300000000000000e+04
4.676000000000000000e+04
4.678400000000000000e+04
4.679000000000000000e+04
4.683500000000000000e+04
4.692600000000000000e+04
4.692700000000000000e+04
4.693000000000000000e+04
4.698900000000000000e+04
4.702500000000000000e+04
4.702800000000000000e+04
4.705000000000000000e+04
4.705400000000000000e+04
4.705500000000000000e+04
4.709200000000000000e+04
4.709300000000000000e+04
4.709500000000000000e+04
4.709900000000000000e+04
4.714100000000000000e+04
4.715000000000000000e+04
4.715100000000000000e+04
4.715300000000000000e+04
4.716700000000000000e+04
4.716800000000000000e+04
4.718100000000000000e+04
4.718700000000000000e+04
4.725400000000000000e+04
4.726900000000000000e+04
4.727500000000000000e+04
4.727800000000000000e+04
4.727900000000000000e+04
4.729200000000000000e+04
4.732000000000000000e+04
4.733400000000000000e+04
4.733800000000000000e+04
4.736200000000000000e+04
4.737900000000000000e+04
4.738000000000000000e+04
4.740000000000000000e+04
4.741400000000000000e+04
4.746200000000000000e+04
4.746300000000000000e+04
4.746400000000000000e+04
4.749700000000000000e+04
4.752600000000000000e+04
4.752900000000000000e+04
4.754700000000000000e+04
4.755300000000000000e+04
4.755700000000000000e+04
4.756000000000000000e+04
4.756200000000000000e+04
4.759700000000000000e+04
4.767400000000000000e+04
4.769100000000000000e+04
4.770000000000000000e+04
4.771500000000000000e+04
4.772400000000000000e+04
4.773000000000000000e+04
4.774900000000000000e+04
4.775600000000000000e+04
4.778900000000000000e+04
4.780200000000000000e+04
4.780600000000000000e+04
4.780700000000000000e+04
4.783700000000000000e+04
4.801500000000000000e+04
4.802000000000000000e+04
4.802300000000000000e+04
4.802600000000000000e+04
4.806700000000000000e+04
4.811600000000000000e+04
4.815400000000000000e+04
4.818900000000000000e+04
4.821400000000000000e+04
4.822900000000000000e+04
4.826600000000000000e+04
4.834300000000000000e+04
