1.580000000000000000e+02
2.350000000000000000e+02
2.360000000000000000e+02
2.390000000000000000e+02
2.980000000000000000e+02
3.480000000000000000e+02
4.180000000000000000e+02
4.190000000000000000e+02
4.480000000000000000e+02
4.490000000000000000e+02
4.980000000000000000e+02
5.000000000000000000e+02
5.290000000000000000e+02
6.050000000000000000e+02
6.290000000000000000e+02
6.700000000000000000e+02
7.140000000000000000e+02
7.150000000000000000e+02
7.430000000000000000e+02
7.590000000000000000e+02
7.640000000000000000e+02
7.870000000000000000e+02
9.380000000000000000e+02
9.760000000000000000e+02
9.820000000000000000e+02
9.830000000000000000e+02
9.890000000000000000e+02
1.015000000000000000e+03
1.039000000000000000e+03
1.099000000000000000e+03
1.114000000000000000e+03
1.146000000000000000e+03
1.172000000000000000e+03
1.182000000000000000e+03
1.183000000000000000e+03
1.184000000000000000e+03
1.205000000000000000e+03
1.207000000000000000e+03
1.216000000000000000e+03
1.218000000000000000e+03
1.224000000000000000e+03
1.230000000000000000e+03
1.236000000000000000e+03
1.239000000000000000e+03
1.243000000000000000e+03
1.355000000000000000e+03
1.368000000000000000e+03
1.429000000000000000e+03
1.445000000000000000e+03
1.447000000000000000e+03
1.453000000000000000e+03
1.455000000000000000e+03
1.460000000000000000e+03
1.469000000000000000e+03
1.476000000000000000e+03
1.480000000000000000e+03
1.509000000000000000e+03
1.510000000000000000e+03
1.517000000000000000e+03
1.532000000000000000e+03
1.556000000000000000e+03
1.587000000000000000e+03
1.590000000000000000e+03
1.592000000000000000e+03
1.650000000000000000e+03
1.660000000000000000e+03
1.690000000000000000e+03
1.692000000000000000e+03
1.748000000000000000e+03
1.785000000000000000e+03
1.806000000000000000e+03
1.807000000000000000e+03
1.839000000000000000e+03
1.841000000000000000e+03
1.853000000000000000e+03
1.859000000000000000e+03
1.909000000000000000e+03
1.911000000000000000e+03
1.931000000000000000e+03
1.939000000000000000e+03
1.946000000000000000e+03
1.962000000000000000e+03
1.969000000000000000e+03
1.984000000000000000e+03
1.996000000000000000e+03
2.034000000000000000e+03
2.055000000000000000e+03
2.090000000000000000e+03
2.150000000000000000e+03
2.157000000000000000e+03
2.169000000000000000e+03
2.200000000000000000e+03
2.204000000000000000e+03
2.205000000000000000e+03
2.209000000000000000e+03
2.221000000000000000e+03
2.237000000000000000e+03
2.246000000000000000e+03
2.251000000000000000e+03
2.256000000000000000e+03
2.283000000000000000e+03
2.296000000000000000e+03
2.306000000000000000e+03
2.314000000000000000e+03
2.352000000000000000e+03
2.403000000000000000e+03
2.411000000000000000e+03
2.432000000000000000e+03
2.509000000000000000e+03
2.556000000000000000e+03
2.559000000000000000e+03
2.639000000000000000e+03
2.642000000000000000e+03
2.657000000000000000e+03
2.668000000000000000e+03
2.670000000000000000e+03
2.674000000000000000e+03
2.688000000000000000e+03
2.694000000000000000e+03
2.708000000000000000e+03
2.709000000000000000e+03
2.724000000000000000e+03
2.732000000000000000e+03
2.753000000000000000e+03
2.758000000000000000e+03
2.765000000000000000e+03
2.779000000000000000e+03
2.804000000000000000e+03
2.808000000000000000e+03
2.858000000000000000e+03
2.879000000000000000e+03
3.045000000000000000e+03
3.069000000000000000e+03
3.075000000000000000e+03
3.116000000000000000e+03
3.137000000000000000e+03
3.181000000000000000e+03
3.191000000000000000e+03
3.206000000000000000e+03
3.217000000000000000e+03
3.240000000000000000e+03
3.255000000000000000e+03
3.259000000000000000e+03
3.263000000000000000e+03
3.266000000000000000e+03
3.275000000000000000e+03
3.281000000000000000e+03
3.283000000000000000e+03
3.289000000000000000e+03
3.313000000000000000e+03
3.338000000000000000e+03
3.348000000000000000e+03
3.355000000000000000e+03
3.371000000000000000e+03
3.399000000000000000e+03
3.400000000000000000e+03
3.404000000000000000e+03
3.406000000000000000e+03
3.440000000000000000e+03
3.446000000000000000e+03
3.465000000000000000e+03
3.482000000000000000e+03
3.519000000000000000e+03
3.535000000000000000e+03
3.546000000000000000e+03
3.547000000000000000e+03
3.582000000000000000e+03
3.585000000000000000e+03
3.596000000000000000e+03
3.597000000000000000e+03
3.643000000000000000e+03
3.653000000000000000e+03
3.681000000000000000e+03
3.710000000000000000e+03
3.727000000000000000e+03
3.735000000000000000e+03
3.741000000000000000e+03
3.742000000000000000e+03
3.745000000000000000e+03
3.781000000000000000e+03
3.791000000000000000e+03
3.808000000000000000e+03
3.820000000000000000e+03
3.839000000000000000e+03
3.845000000000000000e+03
3.875000000000000000e+03
3.895000000000000000e+03
3.901000000000000000e+03
3.916000000000000000e+03
3.917000000000000000e+03
3.939000000000000000e+03
3.967000000000000000e+03
3.973000000000000000e+03
3.988000000000000000e+03
4.006000000000000000e+03
4.010000000000000000e+03
4.017000000000000000e+03
4.030000000000000000e+03
4.031000000000000000e+03
4.032000000000000000e+03
4.033000000000000000e+03
4.035000000000000000e+03
4.036000000000000000e+03
4.045000000000000000e+03
4.056000000000000000e+03
4.064000000000000000e+03
4.112000000000000000e+03
4.120000000000000000e+03
4.136000000000000000e+03
4.144000000000000000e+03
4.155000000000000000e+03
4.157000000000000000e+03
4.159000000000000000e+03
4.180000000000000000e+03
4.186000000000000000e+03
4.200000000000000000e+03
4.210000000000000000e+03
4.214000000000000000e+03
4.221000000000000000e+03
4.234000000000000000e+03
4.242000000000000000e+03
4.243000000000000000e+03
4.250000000000000000e+03
4.252000000000000000e+03
4.254000000000000000e+03
4.256000000000000000e+03
4.261000000000000000e+03
4.264000000000000000e+03
4.268000000000000000e+03
4.297000000000000000e+03
4.379000000000000000e+03
4.389000000000000000e+03
4.391000000000000000e+03
4.428000000000000000e+03
4.431000000000000000e+03
4.444000000000000000e+03
4.456000000000000000e+03
4.464000000000000000e+03
4.478000000000000000e+03
4.480000000000000000e+03
4.483000000000000000e+03
4.494000000000000000e+03
4.528000000000000000e+03
4.608000000000000000e+03
4.614000000000000000e+03
4.635000000000000000e+03
4.639000000000000000e+03
4.640000000000000000e+03
4.647000000000000000e+03
4.727000000000000000e+03
4.740000000000000000e+03
4.745000000000000000e+03
4.751000000000000000e+03
4.770000000000000000e+03
4.791000000000000000e+03
4.792000000000000000e+03
4.800000000000000000e+03
4.806000000000000000e+03
4.812000000000000000e+03
4.813000000000000000e+03
4.827000000000000000e+03
4.833000000000000000e+03
4.835000000000000000e+03
4.852000000000000000e+03
4.870000000000000000e+03
4.893000000000000000e+03
4.898000000000000000e+03
4.923000000000000000e+03
4.938000000000000000e+03
4.984000000000000000e+03
4.994000000000000000e+03
4.997000000000000000e+03
5.048000000000000000e+03
5.103000000000000000e+03
5.140000000000000000e+03
5.163000000000000000e+03
5.190000000000000000e+03
5.243000000000000000e+03
5.257000000000000000e+03
5.259000000000000000e+03
5.261000000000000000e+03
5.266000000000000000e+03
5.274000000000000000e+03
5.314000000000000000e+03
5.369000000000000000e+03
5.373000000000000000e+03
5.387000000000000000e+03
5.397000000000000000e+03
5.413000000000000000e+03
5.424000000000000000e+03
5.425000000000000000e+03
5.433000000000000000e+03
5.449000000000000000e+03
5.455000000000000000e+03
5.512000000000000000e+03
5.513000000000000000e+03
5.537000000000000000e+03
5.546000000000000000e+03
5.547000000000000000e+03
5.574000000000000000e+03
5.577000000000000000e+03
5.590000000000000000e+03
5.592000000000000000e+03
5.612000000000000000e+03
5.655000000000000000e+03
5.678000000000000000e+03
5.719000000000000000e+03
5.720000000000000000e+03
5.739000000000000000e+03
5.760000000000000000e+03
5.762000000000000000e+03
5.763000000000000000e+03
5.778000000000000000e+03
5.790000000000000000e+03
5.792000000000000000e+03
5.796000000000000000e+03
5.802000000000000000e+03
5.815000000000000000e+03
5.826000000000000000e+03
5.839000000000000000e+03
5.841000000000000000e+03
5.844000000000000000e+03
5.853000000000000000e+03
5.865000000000000000e+03
5.866000000000000000e+03
5.870000000000000000e+03
5.877000000000000000e+03
5.891000000000000000e+03
5.912000000000000000e+03
5.917000000000000000e+03
5.918000000000000000e+03
5.935000000000000000e+03
5.940000000000000000e+03
5.951000000000000000e+03
5.966000000000000000e+03
5.974000000000000000e+03
5.988000000000000000e+03
5.994000000000000000e+03
5.995000000000000000e+03
5.997000000000000000e+03
6.003000000000000000e+03
6.019000000000000000e+03
6.020000000000000000e+03
6.021000000000000000e+03
6.023000000000000000e+03
6.026000000000000000e+03
6.042000000000000000e+03
6.052000000000000000e+03
6.058000000000000000e+03
6.110000000000000000e+03
6.117000000000000000e+03
6.119000000000000000e+03
6.134000000000000000e+03
6.135000000000000000e+03
6.150000000000000000e+03
6.155000000000000000e+03
6.160000000000000000e+03
6.188000000000000000e+03
6.251000000000000000e+03
6.262000000000000000e+03
6.268000000000000000e+03
6.271000000000000000e+03
6.289000000000000000e+03
6.304000000000000000e+03
6.316000000000000000e+03
6.320000000000000000e+03
6.321000000000000000e+03
6.331000000000000000e+03
6.354000000000000000e+03
6.355000000000000000e+03
6.358000000000000000e+03
6.417000000000000000e+03
6.419000000000000000e+03
6.424000000000000000e+03
6.443000000000000000e+03
6.450000000000000000e+03
6.501000000000000000e+03
6.544000000000000000e+03
6.574000000000000000e+03
6.577000000000000000e+03
6.578000000000000000e+03
6.608000000000000000e+03
6.609000000000000000e+03
6.610000000000000000e+03
6.620000000000000000e+03
6.622000000000000000e+03
6.628000000000000000e+03
6.639000000000000000e+03
6.656000000000000000e+03
6.680000000000000000e+03
6.708000000000000000e+03
6.717000000000000000e+03
6.722000000000000000e+03
6.744000000000000000e+03
6.746000000000000000e+03
6.747000000000000000e+03
6.769000000000000000e+03
6.785000000000000000e+03
6.788000000000000000e+03
6.835000000000000000e+03
6.836000000000000000e+03
6.837000000000000000e+03
6.862000000000000000e+03
6.884000000000000000e+03
6.885000000000000000e+03
6.907000000000000000e+03
6.908000000000000000e+03
6.918000000000000000e+03
6.921000000000000000e+03
6.951000000000000000e+03
6.952000000000000000e+03
6.964000000000000000e+03
6.998000000000000000e+03
7.017000000000000000e+03
7.037000000000000000e+03
7.040000000000000000e+03
7.057000000000000000e+03
7.065000000000000000e+03
7.103000000000000000e+03
7.106000000000000000e+03
7.123000000000000000e+03
7.131000000000000000e+03
7.156000000000000000e+03
7.167000000000000000e+03
7.216000000000000000e+03
7.228000000000000000e+03
7.231000000000000000e+03
7.248000000000000000e+03
7.256000000000000000e+03
7.267000000000000000e+03
7.269000000000000000e+03
7.274000000000000000e+03
7.291000000000000000e+03
7.296000000000000000e+03
7.318000000000000000e+03
7.362000000000000000e+03
7.367000000000000000e+03
7.378000000000000000e+03
7.459000000000000000e+03
7.484000000000000000e+03
7.491000000000000000e+03
7.506000000000000000e+03
7.521000000000000000e+03
7.577000000000000000e+03
7.578000000000000000e+03
7.579000000000000000e+03
7.582000000000000000e+03
7.602000000000000000e+03
7.613000000000000000e+03
7.616000000000000000e+03
7.617000000000000000e+03
7.620000000000000000e+03
7.631000000000000000e+03
7.633000000000000000e+03
7.643000000000000000e+03
7.644000000000000000e+03
7.646000000000000000e+03
7.671000000000000000e+03
7.690000000000000000e+03
7.691000000000000000e+03
7.771000000000000000e+03
7.862000000000000000e+03
7.867000000000000000e+03
7.880000000000000000e+03
7.941000000000000000e+03
7.943000000000000000e+03
7.971000000000000000e+03
7.989000000000000000e+03
8.019000000000000000e+03
8.035000000000000000e+03
8.054000000000000000e+03
8.084000000000000000e+03
8.207000000000000000e+03
8.227000000000000000e+03
8.264000000000000000e+03
8.282000000000000000e+03
8.318000000000000000e+03
8.331000000000000000e+03
8.350000000000000000e+03
8.397000000000000000e+03
8.433000000000000000e+03
8.443000000000000000e+03
8.468000000000000000e+03
8.470000000000000000e+03
8.472000000000000000e+03
8.480000000000000000e+03
8.482000000000000000e+03
8.526000000000000000e+03
8.536000000000000000e+03
8.538000000000000000e+03
8.553000000000000000e+03
8.558000000000000000e+03
8.564000000000000000e+03
8.568000000000000000e+03
8.582000000000000000e+03
8.594000000000000000e+03
8.595000000000000000e+03
8.620000000000000000e+03
8.624000000000000000e+03
8.633000000000000000e+03
8.636000000000000000e+03
8.637000000000000000e+03
8.648000000000000000e+03
8.649000000000000000e+03
8.660000000000000000e+03
8.665000000000000000e+03
8.676000000000000000e+03
8.702000000000000000e+03
8.704000000000000000e+03
8.707000000000000000e+03
8.712000000000000000e+03
8.731000000000000000e+03
8.764000000000000000e+03
8.777000000000000000e+03
8.785000000000000000e+03
8.793000000000000000e+03
8.826000000000000000e+03
8.838000000000000000e+03
8.846000000000000000e+03
8.854000000000000000e+03
8.871000000000000000e+03
8.891000000000000000e+03
8.892000000000000000e+03
8.893000000000000000e+03
8.894000000000000000e+03
8.895000000000000000e+03
8.899000000000000000e+03
8.900000000000000000e+03
8.927000000000000000e+03
8.930000000000000000e+03
8.936000000000000000e+03
8.940000000000000000e+03
8.978000000000000000e+03
8.983000000000000000e+03
8.984000000000000000e+03
8.990000000000000000e+03
9.014000000000000000e+03
9.025000000000000000e+03
9.029000000000000000e+03
9.034000000000000000e+03
9.058000000000000000e+03
9.073000000000000000e+03
9.082000000000000000e+03
9.090000000000000000e+03
9.110000000000000000e+03
9.111000000000000000e+03
9.118000000000000000e+03
9.133000000000000000e+03
9.159000000000000000e+03
9.171000000000000000e+03
9.172000000000000000e+03
9.186000000000000000e+03
9.202000000000000000e+03
9.222000000000000000e+03
9.247000000000000000e+03
9.259000000000000000e+03
9.265000000000000000e+03
9.302000000000000000e+03
9.311000000000000000e+03
9.312000000000000000e+03
9.322000000000000000e+03
9.342000000000000000e+03
9.382000000000000000e+03
9.400000000000000000e+03
9.415000000000000000e+03
9.456000000000000000e+03
9.458000000000000000e+03
9.475000000000000000e+03
9.477000000000000000e+03
9.493000000000000000e+03
9.494000000000000000e+03
9.497000000000000000e+03
9.498000000000000000e+03
9.522000000000000000e+03
9.529000000000000000e+03
9.532000000000000000e+03
9.538000000000000000e+03
9.539000000000000000e+03
9.558000000000000000e+03
9.631000000000000000e+03
9.632000000000000000e+03
9.633000000000000000e+03
9.634000000000000000e+03
9.662000000000000000e+03
9.672000000000000000e+03
9.707000000000000000e+03
9.728000000000000000e+03
9.758000000000000000e+03
9.768000000000000000e+03
9.769000000000000000e+03
9.786000000000000000e+03
9.808000000000000000e+03
9.811000000000000000e+03
9.836000000000000000e+03
9.889000000000000000e+03
9.895000000000000000e+03
9.902000000000000000e+03
9.909000000000000000e+03
9.938000000000000000e+03
9.953000000000000000e+03
9.956000000000000000e+03
9.983000000000000000e+03
9.990000000000000000e+03
1.000800000000000000e+04
1.003800000000000000e+04
1.004000000000000000e+04
1.008000000000000000e+04
1.010500000000000000e+04
1.011600000000000000e+04
1.012400000000000000e+04
1.013000000000000000e+04
1.016800000000000000e+04
1.018500000000000000e+04
1.018600000000000000e+04
1.019100000000000000e+04
1.021100000000000000e+04
1.022400000000000000e+04
1.025200000000000000e+04
1.027800000000000000e+04
1.032500000000000000e+04
1.033000000000000000e+04
1.033700000000000000e+04
1.034500000000000000e+04
1.034800000000000000e+04
1.038100000000000000e+04
1.038600000000000000e+04
1.039700000000000000e+04
1.041700000000000000e+04
1.043700000000000000e+04
1.044000000000000000e+04
1.046000000000000000e+04
1.048900000000000000e+04
1.052600000000000000e+04
1.053800000000000000e+04
1.054700000000000000e+04
1.056000000000000000e+04
1.056800000000000000e+04
1.059800000000000000e+04
1.060600000000000000e+04
1.064500000000000000e+04
1.065000000000000000e+04
1.066400000000000000e+04
1.066900000000000000e+04
1.067200000000000000e+04
1.069900000000000000e+04
1.072100000000000000e+04
1.073500000000000000e+04
1.074700000000000000e+04
1.074800000000000000e+04
1.077600000000000000e+04
1.079600000000000000e+04
1.082600000000000000e+04
1.083500000000000000e+04
1.084300000000000000e+04
1.084700000000000000e+04
1.085300000000000000e+04
1.086200000000000000e+04
1.087000000000000000e+04
1.089000000000000000e+04
1.089200000000000000e+04
1.093000000000000000e+04
1.094200000000000000e+04
1.094900000000000000e+04
1.095700000000000000e+04
1.095800000000000000e+04
1.096500000000000000e+04
1.097200000000000000e+04
1.097500000000000000e+04
1.100200000000000000e+04
1.100900000000000000e+04
1.103300000000000000e+04
1.104100000000000000e+04
1.104200000000000000e+04
1.104300000000000000e+04
1.106000000000000000e+04
1.111400000000000000e+04
1.112800000000000000e+04
1.115000000000000000e+04
1.118500000000000000e+04
1.119200000000000000e+04
1.121700000000000000e+04
1.123600000000000000e+04
1.123900000000000000e+04
1.128900000000000000e+04
1.129000000000000000e+04
1.129700000000000000e+04
1.133200000000000000e+04
1.135700000000000000e+04
1.139800000000000000e+04
1.140100000000000000e+04
1.143300000000000000e+04
1.144100000000000000e+04
1.146100000000000000e+04
1.146800000000000000e+04
1.147100000000000000e+04
1.147800000000000000e+04
1.150300000000000000e+04
1.151400000000000000e+04
1.151500000000000000e+04
1.153300000000000000e+04
1.157200000000000000e+04
1.160300000000000000e+04
1.161300000000000000e+04
1.163000000000000000e+04
1.163700000000000000e+04
1.166300000000000000e+04
1.170800000000000000e+04
1.172000000000000000e+04
1.172200000000000000e+04
1.175000000000000000e+04
1.175100000000000000e+04
1.175900000000000000e+04
1.176700000000000000e+04
1.177300000000000000e+04
1.177500000000000000e+04
1.177700000000000000e+04
1.179300000000000000e+04
1.184900000000000000e+04
1.185300000000000000e+04
1.186600000000000000e+04
1.188300000000000000e+04
1.188700000000000000e+04
1.189000000000000000e+04
1.196400000000000000e+04
1.197200000000000000e+04
1.198200000000000000e+04
1.198600000000000000e+04
1.200700000000000000e+04
1.200900000000000000e+04
1.203300000000000000e+04
1.204500000000000000e+04
1.208300000000000000e+04
1.208900000000000000e+04
1.209600000000000000e+04
1.210100000000000000e+04
1.214100000000000000e+04
1.214500000000000000e+04
1.218600000000000000e+04
1.219800000000000000e+04
1.225800000000000000e+04
1.225900000000000000e+04
1.226100000000000000e+04
1.226500000000000000e+04
1.226900000000000000e+04
1.227000000000000000e+04
1.232300000000000000e+04
1.233000000000000000e+04
1.236800000000000000e+04
1.237900000000000000e+04
1.240200000000000000e+04
1.240600000000000000e+04
1.242400000000000000e+04
1.246600000000000000e+04
1.249900000000000000e+04
1.250600000000000000e+04
1.253500000000000000e+04
1.254000000000000000e+04
1.255600000000000000e+04
1.258100000000000000e+04
1.258600000000000000e+04
1.265100000000000000e+04
1.267000000000000000e+04
1.267200000000000000e+04
1.276700000000000000e+04
1.279300000000000000e+04
1.279600000000000000e+04
1.281300000000000000e+04
1.282700000000000000e+04
1.286900000000000000e+04
1.288200000000000000e+04
1.292500000000000000e+04
1.293700000000000000e+04
1.298900000000000000e+04
1.299200000000000000e+04
1.300300000000000000e+04
1.300700000000000000e+04
1.302900000000000000e+04
1.310800000000000000e+04
1.312200000000000000e+04
1.315200000000000000e+04
1.316100000000000000e+04
1.316600000000000000e+04
1.320200000000000000e+04
1.321800000000000000e+04
1.322900000000000000e+04
1.326100000000000000e+04
1.326900000000000000e+04
1.327100000000000000e+04
1.327400000000000000e+04
1.331400000000000000e+04
1.332800000000000000e+04
1.332900000000000000e+04
1.335700000000000000e+04
1.335800000000000000e+04
1.337400000000000000e+04
1.337500000000000000e+04
1.337700000000000000e+04
1.338300000000000000e+04
1.340800000000000000e+04
1.344100000000000000e+04
1.344200000000000000e+04
1.347400000000000000e+04
1.347500000000000000e+04
1.350500000000000000e+04
1.356400000000000000e+04
1.357200000000000000e+04
1.359700000000000000e+04
1.361800000000000000e+04
1.363200000000000000e+04
1.363300000000000000e+04
1.369600000000000000e+04
1.373100000000000000e+04
1.373400000000000000e+04
1.374300000000000000e+04
1.375200000000000000e+04
1.377000000000000000e+04
1.377300000000000000e+04
1.380000000000000000e+04
1.382700000000000000e+04
1.388000000000000000e+04
1.390100000000000000e+04
1.390700000000000000e+04
1.393300000000000000e+04
1.394000000000000000e+04
1.394700000000000000e+04
1.398800000000000000e+04
1.400600000000000000e+04
1.401000000000000000e+04
1.401600000000000000e+04
1.402700000000000000e+04
1.404100000000000000e+04
1.406200000000000000e+04
1.406300000000000000e+04
1.406600000000000000e+04
1.407000000000000000e+04
1.407800000000000000e+04
1.411300000000000000e+04
1.411900000000000000e+04
1.412000000000000000e+04
1.412200000000000000e+04
1.412700000000000000e+04
1.413100000000000000e+04
1.414100000000000000e+04
1.414700000000000000e+04
1.416600000000000000e+04
1.418100000000000000e+04
1.419300000000000000e+04
1.425000000000000000e+04
1.426900000000000000e+04
1.429600000000000000e+04
1.429700000000000000e+04
1.430200000000000000e+04
1.432900000000000000e+04
1.435400000000000000e+04
1.437300000000000000e+04
1.439000000000000000e+04
1.439100000000000000e+04
1.440700000000000000e+04
1.440800000000000000e+04
1.443200000000000000e+04
1.447300000000000000e+04
1.448000000000000000e+04
1.448700000000000000e+04
1.452200000000000000e+04
1.457900000000000000e+04
1.461900000000000000e+04
1.467500000000000000e+04
1.468200000000000000e+04
1.470500000000000000e+04
1.470700000000000000e+04
1.471200000000000000e+04
1.471300000000000000e+04
1.474900000000000000e+04
1.477400000000000000e+04
1.479400000000000000e+04
1.479500000000000000e+04
1.479700000000000000e+04
1.480000000000000000e+04
1.480100000000000000e+04
1.481600000000000000e+04
1.490600000000000000e+04
1.492500000000000000e+04
1.493100000000000000e+04
1.493300000000000000e+04
1.494000000000000000e+04
1.497200000000000000e+04
1.498000000000000000e+04
1.498700000000000000e+04
1.501300000000000000e+04
1.501800000000000000e+04
1.504700000000000000e+04
1.505600000000000000e+04
1.505700000000000000e+04
1.508200000000000000e+04
1.508800000000000000e+04
1.509200000000000000e+04
1.511500000000000000e+04
1.511600000000000000e+04
1.511900000000000000e+04
1.515000000000000000e+04
1.515200000000000000e+04
1.515600000000000000e+04
1.525500000000000000e+04
1.525600000000000000e+04
1.526400000000000000e+04
1.529200000000000000e+04
1.530400000000000000e+04
1.531600000000000000e+04
1.531700000000000000e+04
1.538200000000000000e+04
1.539100000000000000e+04
1.540000000000000000e+04
1.541200000000000000e+04
1.545000000000000000e+04
1.545400000000000000e+04
1.545500000000000000e+04
1.547000000000000000e+04
1.550000000000000000e+04
1.550300000000000000e+04
1.551100000000000000e+04
1.551500000000000000e+04
1.552100000000000000e+04
1.553500000000000000e+04
1.553800000000000000e+04
1.555200000000000000e+04
1.555800000000000000e+04
1.561300000000000000e+04
1.563300000000000000e+04
1.563400000000000000e+04
1.563600000000000000e+04
1.563700000000000000e+04
1.563800000000000000e+04
1.564200000000000000e+04
1.575400000000000000e+04
1.575900000000000000e+04
1.576100000000000000e+04
1.578100000000000000e+04
1.578400000000000000e+04
1.578500000000000000e+04
1.578700000000000000e+04
1.581500000000000000e+04
1.581600000000000000e+04
1.582400000000000000e+04
1.583200000000000000e+04
1.585900000000000000e+04
1.587700000000000000e+04
1.590700000000000000e+04
1.598900000000000000e+04
1.603100000000000000e+04
1.604400000000000000e+04
1.606900000000000000e+04
1.607000000000000000e+04
1.614200000000000000e+04
1.615000000000000000e+04
1.618200000000000000e+04
1.619100000000000000e+04
1.619200000000000000e+04
1.620300000000000000e+04
1.621800000000000000e+04
1.621900000000000000e+04
1.622400000000000000e+04
1.622500000000000000e+04
1.624100000000000000e+04
1.624200000000000000e+04
1.624300000000000000e+04
1.624500000000000000e+04
1.630100000000000000e+04
1.631900000000000000e+04
1.632100000000000000e+04
1.635100000000000000e+04
1.635600000000000000e+04
1.639600000000000000e+04
1.642900000000000000e+04
1.643500000000000000e+04
1.646100000000000000e+04
1.648600000000000000e+04
1.648700000000000000e+04
1.650300000000000000e+04
1.652000000000000000e+04
1.652400000000000000e+04
1.652500000000000000e+04
1.654700000000000000e+04
1.655300000000000000e+04
1.656900000000000000e+04
1.659100000000000000e+04
1.660500000000000000e+04
1.661800000000000000e+04
1.662100000000000000e+04
1.664900000000000000e+04
1.666900000000000000e+04
1.668000000000000000e+04
1.669800000000000000e+04
1.670300000000000000e+04
1.670700000000000000e+04
1.673500000000000000e+04
1.673700000000000000e+04
1.674200000000000000e+04
1.676800000000000000e+04
1.680300000000000000e+04
1.682000000000000000e+04
1.685000000000000000e+04
1.690600000000000000e+04
1.693500000000000000e+04
1.693700000000000000e+04
1.694800000000000000e+04
1.695100000000000000e+04
1.695200000000000000e+04
1.698300000000000000e+04
1.698500000000000000e+04
1.701400000000000000e+04
1.701800000000000000e+04
1.704400000000000000e+04
1.707400000000000000e+04
1.709200000000000000e+04
1.714500000000000000e+04
1.715100000000000000e+04
1.716000000000000000e+04
1.717200000000000000e+04
1.718300000000000000e+04
1.721800000000000000e+04
1.723100000000000000e+04
1.723300000000000000e+04
1.723500000000000000e+04
1.735000000000000000e+04
1.736100000000000000e+04
1.736200000000000000e+04
1.741600000000000000e+04
1.745600000000000000e+04
1.747400000000000000e+04
1.748100000000000000e+04
1.749300000000000000e+04
1.750100000000000000e+04
1.750400000000000000e+04
1.752200000000000000e+04
1.753600000000000000e+04
1.757900000000000000e+04
1.758500000000000000e+04
1.759300000000000000e+04
1.760800000000000000e+04
1.761300000000000000e+04
1.761900000000000000e+04
1.762500000000000000e+04
1.763800000000000000e+04
1.765400000000000000e+04
1.767500000000000000e+04
1.767600000000000000e+04
1.768500000000000000e+04
1.769200000000000000e+04
1.769500000000000000e+04
1.771000000000000000e+04
1.771400000000000000e+04
1.776300000000000000e+04
1.781600000000000000e+04
1.781700000000000000e+04
1.781800000000000000e+04
1.781900000000000000e+04
1.782900000000000000e+04
1.784300000000000000e+04
1.784600000000000000e+04
1.785100000000000000e+04
1.787400000000000000e+04
1.789900000000000000e+04
1.790300000000000000e+04
1.793200000000000000e+04
1.793900000000000000e+04
1.794000000000000000e+04
1.794800000000000000e+04
1.798600000000000000e+04
1.802600000000000000e+04
1.803100000000000000e+04
1.803200000000000000e+04
1.804800000000000000e+04
1.807900000000000000e+04
1.808600000000000000e+04
1.808700000000000000e+04
1.809000000000000000e+04
1.815200000000000000e+04
1.816000000000000000e+04
1.816100000000000000e+04
1.820000000000000000e+04
1.821000000000000000e+04
1.822700000000000000e+04
1.822800000000000000e+04
1.823600000000000000e+04
1.828100000000000000e+04
1.831000000000000000e+04
1.831200000000000000e+04
1.835400000000000000e+04
1.835600000000000000e+04
1.836000000000000000e+04
1.836600000000000000e+04
1.837000000000000000e+04
1.837800000000000000e+04
1.838200000000000000e+04
1.841400000000000000e+04
1.841800000000000000e+04
1.842700000000000000e+04
1.843800000000000000e+04
1.848500000000000000e+04
1.848600000000000000e+04
1.850300000000000000e+04
1.851500000000000000e+04
1.854100000000000000e+04
1.857600000000000000e+04
1.859900000000000000e+04
1.861600000000000000e+04
1.864600000000000000e+04
1.865900000000000000e+04
1.866600000000000000e+04
1.867500000000000000e+04
1.869500000000000000e+04
1.870000000000000000e+04
1.870600000000000000e+04
1.871200000000000000e+04
1.871500000000000000e+04
1.872800000000000000e+04
1.873000000000000000e+04
1.875300000000000000e+04
1.879300000000000000e+04
1.882900000000000000e+04
1.883100000000000000e+04
1.884100000000000000e+04
1.887400000000000000e+04
1.887600000000000000e+04
1.888300000000000000e+04
1.889700000000000000e+04
1.891700000000000000e+04
1.893300000000000000e+04
1.894000000000000000e+04
1.894700000000000000e+04
1.898100000000000000e+04
1.900100000000000000e+04
1.902600000000000000e+04
1.906100000000000000e+04
1.907800000000000000e+04
1.908100000000000000e+04
1.908400000000000000e+04
1.909900000000000000e+04
1.911100000000000000e+04
1.911400000000000000e+04
1.912400000000000000e+04
1.916600000000000000e+04
1.920000000000000000e+04
1.922000000000000000e+04
1.922500000000000000e+04
1.926500000000000000e+04
1.933900000000000000e+04
1.937900000000000000e+04
1.940100000000000000e+04
1.940700000000000000e+04
1.941000000000000000e+04
1.941300000000000000e+04
1.941700000000000000e+04
1.942100000000000000e+04
1.943500000000000000e+04
1.944200000000000000e+04
1.944300000000000000e+04
1.947500000000000000e+04
1.947900000000000000e+04
1.948400000000000000e+04
1.948900000000000000e+04
1.949700000000000000e+04
1.949800000000000000e+04
1.950600000000000000e+04
1.952700000000000000e+04
1.953600000000000000e+04
1.954000000000000000e+04
1.955900000000000000e+04
1.956400000000000000e+04
1.963100000000000000e+04
1.964600000000000000e+04
1.966100000000000000e+04
1.966800000000000000e+04
1.967900000000000000e+04
1.968800000000000000e+04
1.971300000000000000e+04
1.972300000000000000e+04
1.972800000000000000e+04
1.974200000000000000e+04
1.976600000000000000e+04
1.978200000000000000e+04
1.979500000000000000e+04
1.981300000000000000e+04
1.981600000000000000e+04
1.984200000000000000e+04
1.985300000000000000e+04
1.985900000000000000e+04
1.988500000000000000e+04
1.991600000000000000e+04
1.992400000000000000e+04
1.994300000000000000e+04
1.995900000000000000e+04
1.997600000000000000e+04
2.000100000000000000e+04
2.000800000000000000e+04
2.002500000000000000e+04
2.002700000000000000e+04
2.002800000000000000e+04
2.003900000000000000e+04
2.004000000000000000e+04
2.012700000000000000e+04
2.017500000000000000e+04
2.017600000000000000e+04
2.022400000000000000e+04
2.024300000000000000e+04
2.027100000000000000e+04
2.031300000000000000e+04
2.031600000000000000e+04
2.035700000000000000e+04
2.037000000000000000e+04
2.043000000000000000e+04
2.050200000000000000e+04
2.051400000000000000e+04
2.054500000000000000e+04
2.055500000000000000e+04
2.055600000000000000e+04
2.056000000000000000e+04
2.059100000000000000e+04
2.062000000000000000e+04
2.065900000000000000e+04
2.070500000000000000e+04
2.075100000000000000e+04
2.079000000000000000e+04
2.081700000000000000e+04
2.086600000000000000e+04
2.090900000000000000e+04
2.091000000000000000e+04
2.091300000000000000e+04
2.092900000000000000e+04
2.093100000000000000e+04
2.095600000000000000e+04
2.096200000000000000e+04
2.096800000000000000e+04
2.098500000000000000e+04
2.101700000000000000e+04
2.110600000000000000e+04
2.112100000000000000e+04
2.112500000000000000e+04
2.114100000000000000e+04
2.119500000000000000e+04
2.121100000000000000e+04
2.124100000000000000e+04
2.126700000000000000e+04
2.126900000000000000e+04
2.133200000000000000e+04
2.142300000000000000e+04
2.146900000000000000e+04
2.147500000000000000e+04
2.149000000000000000e+04
2.149100000000000000e+04
2.151900000000000000e+04
2.155400000000000000e+04
2.157500000000000000e+04
2.157700000000000000e+04
2.158000000000000000e+04
2.167200000000000000e+04
2.167800000000000000e+04
2.169600000000000000e+04
2.170400000000000000e+04
2.173600000000000000e+04
2.175000000000000000e+04
2.175300000000000000e+04
2.176100000000000000e+04
2.177600000000000000e+04
2.177900000000000000e+04
2.184300000000000000e+04
2.184400000000000000e+04
2.185200000000000000e+04
2.185300000000000000e+04
2.185400000000000000e+04
2.185800000000000000e+04
2.186600000000000000e+04
2.189000000000000000e+04
2.190700000000000000e+04
2.193400000000000000e+04
2.193500000000000000e+04
2.193700000000000000e+04
2.195800000000000000e+04
2.198500000000000000e+04
2.201300000000000000e+04
2.201600000000000000e+04
2.201700000000000000e+04
2.202100000000000000e+04
2.211000000000000000e+04
2.212900000000000000e+04
2.216200000000000000e+04
2.216300000000000000e+04
2.217700000000000000e+04
2.218500000000000000e+04
2.222800000000000000e+04
2.223700000000000000e+04
2.225800000000000000e+04
2.230900000000000000e+04
2.235100000000000000e+04
2.241700000000000000e+04
2.242200000000000000e+04
2.243800000000000000e+04
2.246800000000000000e+04
2.250300000000000000e+04
2.250800000000000000e+04
2.252500000000000000e+04
2.257100000000000000e+04
2.259900000000000000e+04
2.261500000000000000e+04
2.262100000000000000e+04
2.262300000000000000e+04
2.268700000000000000e+04
2.268900000000000000e+04
2.270800000000000000e+04
2.271200000000000000e+04
2.274000000000000000e+04
2.274400000000000000e+04
2.274800000000000000e+04
2.275000000000000000e+04
2.275300000000000000e+04
2.276400000000000000e+04
2.279400000000000000e+04
2.283700000000000000e+04
2.285700000000000000e+04
2.286000000000000000e+04
2.286900000000000000e+04
2.288700000000000000e+04
2.289400000000000000e+04
2.291700000000000000e+04
2.293900000000000000e+04
2.294500000000000000e+04
2.294600000000000000e+04
2.295800000000000000e+04
2.298200000000000000e+04
2.299400000000000000e+04
2.300000000000000000e+04
2.301300000000000000e+04
2.306100000000000000e+04
2.309000000000000000e+04
2.310400000000000000e+04
2.311200000000000000e+04
2.313200000000000000e+04
2.315800000000000000e+04
2.317300000000000000e+04
2.323700000000000000e+04
2.324000000000000000e+04
2.324100000000000000e+04
2.326300000000000000e+04
2.326500000000000000e+04
2.328300000000000000e+04
2.328700000000000000e+04
2.329100000000000000e+04
2.329200000000000000e+04
2.330700000000000000e+04
2.333500000000000000e+04
2.333700000000000000e+04
2.334000000000000000e+04
2.335300000000000000e+04
2.339000000000000000e+04
2.344100000000000000e+04
2.346000000000000000e+04
2.346700000000000000e+04
2.356900000000000000e+04
2.357100000000000000e+04
2.359100000000000000e+04
2.359800000000000000e+04
2.360300000000000000e+04
2.361800000000000000e+04
2.362000000000000000e+04
2.364600000000000000e+04
2.366400000000000000e+04
2.366800000000000000e+04
2.368800000000000000e+04
2.369000000000000000e+04
2.369100000000000000e+04
2.369400000000000000e+04
2.370000000000000000e+04
2.370100000000000000e+04
2.370300000000000000e+04
2.370600000000000000e+04
2.370700000000000000e+04
2.375000000000000000e+04
2.375200000000000000e+04
2.375400000000000000e+04
2.376400000000000000e+04
2.376500000000000000e+04
2.380000000000000000e+04
2.380600000000000000e+04
2.381800000000000000e+04
2.384900000000000000e+04
2.388400000000000000e+04
2.389100000000000000e+04
2.389700000000000000e+04
2.389900000000000000e+04
2.391100000000000000e+04
2.395300000000000000e+04
2.395400000000000000e+04
2.396300000000000000e+04
2.396400000000000000e+04
2.404100000000000000e+04
2.404700000000000000e+04
2.409500000000000000e+04
2.409600000000000000e+04
2.409900000000000000e+04
2.411500000000000000e+04
2.411900000000000000e+04
2.416600000000000000e+04
2.418700000000000000e+04
2.420400000000000000e+04
2.420500000000000000e+04
2.421300000000000000e+04
2.422300000000000000e+04
2.426600000000000000e+04
2.429800000000000000e+04
2.431200000000000000e+04
2.432400000000000000e+04
2.434200000000000000e+04
2.435800000000000000e+04
2.437400000000000000e+04
2.437500000000000000e+04
2.437900000000000000e+04
2.438300000000000000e+04
2.440000000000000000e+04
2.441200000000000000e+04
2.443500000000000000e+04
2.445800000000000000e+04
2.446800000000000000e+04
2.448600000000000000e+04
2.449100000000000000e+04
2.449800000000000000e+04
2.450100000000000000e+04
2.457500000000000000e+04
2.462100000000000000e+04
2.463400000000000000e+04
2.463800000000000000e+04
2.464300000000000000e+04
2.464600000000000000e+04
2.465500000000000000e+04
2.467600000000000000e+04
2.469000000000000000e+04
2.475900000000000000e+04
2.476800000000000000e+04
2.477600000000000000e+04
2.478000000000000000e+04
2.478500000000000000e+04
2.478900000000000000e+04
2.480000000000000000e+04
2.481400000000000000e+04
2.482400000000000000e+04
2.483000000000000000e+04
2.484100000000000000e+04
2.485200000000000000e+04
2.488400000000000000e+04
2.488500000000000000e+04
2.489300000000000000e+04
2.491500000000000000e+04
2.492800000000000000e+04
2.497600000000000000e+04
2.499000000000000000e+04
2.501100000000000000e+04
2.501200000000000000e+04
2.501700000000000000e+04
2.501900000000000000e+04
2.504500000000000000e+04
2.504900000000000000e+04
2.506800000000000000e+04
2.509600000000000000e+04
2.510300000000000000e+04
2.511700000000000000e+04
2.512000000000000000e+04
2.512200000000000000e+04
2.513600000000000000e+04
2.513700000000000000e+04
2.513800000000000000e+04
2.513900000000000000e+04
2.514200000000000000e+04
2.514300000000000000e+04
2.516500000000000000e+04
2.518600000000000000e+04
2.518800000000000000e+04
2.522300000000000000e+04
2.523900000000000000e+04
2.529400000000000000e+04
2.531200000000000000e+04
2.534600000000000000e+04
2.536200000000000000e+04
2.536300000000000000e+04
2.537100000000000000e+04
2.538400000000000000e+04
2.539900000000000000e+04
2.540200000000000000e+04
2.540700000000000000e+04
2.542300000000000000e+04
2.544000000000000000e+04
2.544200000000000000e+04
2.544800000000000000e+04
2.545000000000000000e+04
2.545300000000000000e+04
2.548100000000000000e+04
2.548200000000000000e+04
2.548700000000000000e+04
2.549000000000000000e+04
2.550300000000000000e+04
2.550600000000000000e+04
2.552600000000000000e+04
2.555200000000000000e+04
2.555400000000000000e+04
2.555500000000000000e+04
2.563800000000000000e+04
2.566000000000000000e+04
2.568800000000000000e+04
2.569300000000000000e+04
2.569600000000000000e+04
2.569700000000000000e+04
2.569900000000000000e+04
2.570000000000000000e+04
2.570600000000000000e+04
2.576700000000000000e+04
2.580800000000000000e+04
2.581500000000000000e+04
2.581600000000000000e+04
2.583500000000000000e+04
2.585700000000000000e+04
2.586200000000000000e+04
2.587300000000000000e+04
2.587900000000000000e+04
2.590200000000000000e+04
2.591100000000000000e+04
2.592600000000000000e+04
2.593500000000000000e+04
2.596100000000000000e+04
2.596900000000000000e+04
2.597100000000000000e+04
2.599300000000000000e+04
2.600100000000000000e+04
2.604500000000000000e+04
2.607000000000000000e+04
2.612600000000000000e+04
2.613700000000000000e+04
2.617300000000000000e+04
2.620800000000000000e+04
2.621600000000000000e+04
2.622800000000000000e+04
2.623000000000000000e+04
2.623400000000000000e+04
2.624000000000000000e+04
2.624500000000000000e+04
2.627500000000000000e+04
2.638200000000000000e+04
2.639800000000000000e+04
2.641400000000000000e+04
2.642300000000000000e+04
2.643000000000000000e+04
2.643900000000000000e+04
2.644200000000000000e+04
2.644700000000000000e+04
2.647400000000000000e+04
2.648900000000000000e+04
2.651300000000000000e+04
2.654700000000000000e+04
2.660100000000000000e+04
2.661600000000000000e+04
2.665000000000000000e+04
2.665300000000000000e+04
2.666100000000000000e+04
2.666200000000000000e+04
2.666300000000000000e+04
2.672900000000000000e+04
2.674900000000000000e+04
2.679700000000000000e+04
2.681200000000000000e+04
2.681400000000000000e+04
2.683600000000000000e+04
2.685300000000000000e+04
2.685400000000000000e+04
2.686000000000000000e+04
2.686300000000000000e+04
2.686700000000000000e+04
2.686800000000000000e+04
2.687700000000000000e+04
2.687900000000000000e+04
2.690800000000000000e+04
2.691900000000000000e+04
2.692300000000000000e+04
2.692800000000000000e+04
2.694100000000000000e+04
2.697900000000000000e+04
2.702300000000000000e+04
2.703000000000000000e+04
2.705900000000000000e+04
2.706200000000000000e+04
2.706800000000000000e+04
2.706900000000000000e+04
2.708200000000000000e+04
2.709100000000000000e+04
2.714400000000000000e+04
2.717300000000000000e+04
2.719400000000000000e+04
2.720600000000000000e+04
2.721400000000000000e+04
2.724700000000000000e+04
2.725000000000000000e+04
2.727400000000000000e+04
2.727800000000000000e+04
2.730300000000000000e+04
2.731000000000000000e+04
2.732200000000000000e+04
2.732600000000000000e+04
2.738400000000000000e+04
2.739100000000000000e+04
2.744100000000000000e+04
2.747900000000000000e+04
2.757700000000000000e+04
2.764500000000000000e+04
2.764800000000000000e+04
2.767400000000000000e+04
2.769700000000000000e+04
2.771200000000000000e+04
2.771800000000000000e+04
2.772800000000000000e+04
2.772900000000000000e+04
2.773300000000000000e+04
2.773500000000000000e+04
2.775100000000000000e+04
2.775200000000000000e+04
2.778200000000000000e+04
2.784400000000000000e+04
2.790000000000000000e+04
2.792400000000000000e+04
2.799500000000000000e+04
2.800000000000000000e+04
2.800900000000000000e+04
2.803800000000000000e+04
2.804500000000000000e+04
2.806400000000000000e+04
2.806600000000000000e+04
2.811700000000000000e+04
2.811800000000000000e+04
2.812900000000000000e+04
2.814400000000000000e+04
2.815500000000000000e+04
2.815800000000000000e+04
2.816800000000000000e+04
2.820000000000000000e+04
2.820800000000000000e+04
2.823700000000000000e+04
2.824800000000000000e+04
2.827500000000000000e+04
2.828900000000000000e+04
2.829200000000000000e+04
2.834400000000000000e+04
2.839400000000000000e+04
2.839500000000000000e+04
2.841500000000000000e+04
2.842800000000000000e+04
2.844700000000000000e+04
2.846800000000000000e+04
2.854100000000000000e+04
2.855200000000000000e+04
2.857100000000000000e+04
2.861300000000000000e+04
2.861500000000000000e+04
2.863600000000000000e+04
2.864000000000000000e+04
2.872100000000000000e+04
2.873100000000000000e+04
2.873800000000000000e+04
2.874700000000000000e+04
2.876800000000000000e+04
2.879000000000000000e+04
2.879100000000000000e+04
2.880900000000000000e+04
2.881400000000000000e+04
2.881700000000000000e+04
2.882600000000000000e+04
2.882800000000000000e+04
2.884400000000000000e+04
2.885900000000000000e+04
2.889600000000000000e+04
2.890000000000000000e+04
2.890100000000000000e+04
2.892100000000000000e+04
2.892200000000000000e+04
2.893100000000000000e+04
2.894300000000000000e+04
2.895300000000000000e+04
2.896500000000000000e+04
2.896700000000000000e+04
2.900400000000000000e+04
2.902700000000000000e+04
2.903000000000000000e+04
2.905000000000000000e+04
2.908800000000000000e+04
2.912800000000000000e+04
2.914400000000000000e+04
2.918300000000000000e+04
2.920000000000000000e+04
2.920500000000000000e+04
2.921700000000000000e+04
2.921800000000000000e+04
2.926500000000000000e+04
2.926600000000000000e+04
2.929500000000000000e+04
2.938300000000000000e+04
2.940900000000000000e+04
2.941000000000000000e+04
2.944600000000000000e+04
2.946500000000000000e+04
2.947100000000000000e+04
2.947300000000000000e+04
2.948900000000000000e+04
2.949000000000000000e+04
2.950500000000000000e+04
2.951300000000000000e+04
2.951700000000000000e+04
2.956300000000000000e+04
2.957400000000000000e+04
2.959200000000000000e+04
2.961200000000000000e+04
2.961900000000000000e+04
2.965200000000000000e+04
2.967500000000000000e+04
2.967800000000000000e+04
2.969200000000000000e+04
2.969900000000000000e+04
2.971500000000000000e+04
2.974800000000000000e+04
2.976800000000000000e+04
2.978900000000000000e+04
2.979800000000000000e+04
2.992900000000000000e+04
2.994400000000000000e+04
2.998700000000000000e+04
2.998800000000000000e+04
2.999500000000000000e+04
3.002400000000000000e+04
3.004900000000000000e+04
3.006000000000000000e+04
3.006800000000000000e+04
3.007800000000000000e+04
3.010900000000000000e+04
3.013000000000000000e+04
3.013800000000000000e+04
3.017700000000000000e+04
3.020600000000000000e+04
3.020800000000000000e+04
3.020900000000000000e+04
3.021900000000000000e+04
3.023100000000000000e+04
3.023900000000000000e+04
3.024200000000000000e+04
3.025100000000000000e+04
3.027200000000000000e+04
3.027900000000000000e+04
3.029500000000000000e+04
3.030000000000000000e+04
3.030100000000000000e+04
3.030200000000000000e+04
3.030500000000000000e+04
3.030900000000000000e+04
3.034000000000000000e+04
3.034900000000000000e+04
3.036100000000000000e+04
3.036300000000000000e+04
3.039200000000000000e+04
3.041300000000000000e+04
3.043800000000000000e+04
3.044400000000000000e+04
3.048200000000000000e+04
3.048300000000000000e+04
3.050700000000000000e+04
3.053200000000000000e+04
3.056000000000000000e+04
3.056400000000000000e+04
3.057000000000000000e+04
3.062000000000000000e+04
3.063300000000000000e+04
3.063400000000000000e+04
3.066200000000000000e+04
3.067400000000000000e+04
3.071000000000000000e+04
3.072500000000000000e+04
3.073400000000000000e+04
3.076400000000000000e+04
3.077200000000000000e+04
3.078200000000000000e+04
3.083300000000000000e+04
3.084000000000000000e+04
3.086000000000000000e+04
3.094100000000000000e+04
3.096600000000000000e+04
3.097800000000000000e+04
3.103400000000000000e+04
3.104800000000000000e+04
3.106300000000000000e+04
3.110700000000000000e+04
3.113000000000000000e+04
3.113600000000000000e+04
3.114300000000000000e+04
3.115500000000000000e+04
3.115700000000000000e+04
3.115800000000000000e+04
3.116600000000000000e+04
3.117000000000000000e+04
3.118700000000000000e+04
3.119000000000000000e+04
3.119100000000000000e+04
3.119300000000000000e+04
3.119400000000000000e+04
3.119500000000000000e+04
3.119600000000000000e+04
3.119700000000000000e+04
3.119800000000000000e+04
3.120800000000000000e+04
3.120900000000000000e+04
3.124200000000000000e+04
3.125600000000000000e+04
3.128200000000000000e+04
3.128700000000000000e+04
3.129000000000000000e+04
3.130100000000000000e+04
3.131000000000000000e+04
3.133600000000000000e+04
3.134300000000000000e+04
3.137100000000000000e+04
3.137800000000000000e+04
3.138600000000000000e+04
3.140600000000000000e+04
3.140700000000000000e+04
3.143000000000000000e+04
3.145400000000000000e+04
3.149000000000000000e+04
3.149500000000000000e+04
3.152800000000000000e+04
3.154400000000000000e+04
3.157300000000000000e+04
3.161000000000000000e+04
3.161600000000000000e+04
3.162100000000000000e+04
3.162700000000000000e+04
3.163200000000000000e+04
3.164700000000000000e+04
3.165400000000000000e+04
3.166200000000000000e+04
3.167700000000000000e+04
3.168300000000000000e+04
3.170100000000000000e+04
3.170800000000000000e+04
3.171900000000000000e+04
3.173300000000000000e+04
3.178300000000000000e+04
3.184200000000000000e+04
3.185600000000000000e+04
3.187200000000000000e+04
3.192200000000000000e+04
3.194700000000000000e+04
3.199400000000000000e+04
3.201200000000000000e+04
3.203500000000000000e+04
3.212600000000000000e+04
3.212900000000000000e+04
3.213500000000000000e+04
3.214700000000000000e+04
3.218700000000000000e+04
3.218800000000000000e+04
3.219300000000000000e+04
3.221500000000000000e+04
3.222500000000000000e+04
3.225700000000000000e+04
3.226100000000000000e+04
3.228300000000000000e+04
3.229700000000000000e+04
3.229900000000000000e+04
3.230300000000000000e+04
3.231100000000000000e+04
3.233700000000000000e+04
3.234700000000000000e+04
3.235200000000000000e+04
3.244900000000000000e+04
3.251100000000000000e+04
3.254700000000000000e+04
3.254900000000000000e+04
3.255000000000000000e+04
3.255800000000000000e+04
3.257200000000000000e+04
3.259200000000000000e+04
3.259300000000000000e+04
3.262000000000000000e+04
3.262400000000000000e+04
3.263300000000000000e+04
3.263400000000000000e+04
3.266200000000000000e+04
3.267300000000000000e+04
3.268800000000000000e+04
3.268900000000000000e+04
3.272200000000000000e+04
3.272800000000000000e+04
3.273200000000000000e+04
3.273600000000000000e+04
3.274600000000000000e+04
3.279700000000000000e+04
3.279800000000000000e+04
3.279900000000000000e+04
3.282500000000000000e+04
3.287100000000000000e+04
3.287200000000000000e+04
3.288300000000000000e+04
3.289400000000000000e+04
3.289600000000000000e+04
3.292800000000000000e+04
3.293400000000000000e+04
3.293700000000000000e+04
3.297800000000000000e+04
3.297900000000000000e+04
3.298500000000000000e+04
3.299800000000000000e+04
3.299900000000000000e+04
3.302300000000000000e+04
3.304600000000000000e+04
3.306300000000000000e+04
3.309700000000000000e+04
3.310600000000000000e+04
3.312500000000000000e+04
3.313700000000000000e+04
3.314200000000000000e+04
3.316600000000000000e+04
3.317200000000000000e+04
3.320900000000000000e+04
3.323200000000000000e+04
3.324800000000000000e+04
3.326600000000000000e+04
3.328200000000000000e+04
3.333000000000000000e+04
3.334100000000000000e+04
3.334200000000000000e+04
3.335100000000000000e+04
3.338800000000000000e+04
3.339700000000000000e+04
3.345800000000000000e+04
3.346100000000000000e+04
3.349000000000000000e+04
3.350800000000000000e+04
3.352700000000000000e+04
3.353000000000000000e+04
3.353500000000000000e+04
3.354100000000000000e+04
3.356200000000000000e+04
3.357800000000000000e+04
3.358900000000000000e+04
3.359700000000000000e+04
3.363100000000000000e+04
3.365300000000000000e+04
3.365700000000000000e+04
3.371200000000000000e+04
3.372300000000000000e+04
3.374000000000000000e+04
3.376200000000000000e+04
3.381900000000000000e+04
3.384200000000000000e+04
3.384400000000000000e+04
3.387000000000000000e+04
3.389200000000000000e+04
3.392000000000000000e+04
3.400900000000000000e+04
3.402500000000000000e+04
3.406800000000000000e+04
3.412400000000000000e+04
3.412500000000000000e+04
3.414900000000000000e+04
3.415000000000000000e+04
3.416100000000000000e+04
3.423600000000000000e+04
3.435600000000000000e+04
3.438800000000000000e+04
3.442500000000000000e+04
3.443000000000000000e+04
3.444300000000000000e+04
3.445600000000000000e+04
3.446200000000000000e+04
3.450100000000000000e+04
3.453500000000000000e+04
3.454200000000000000e+04
3.454300000000000000e+04
3.455700000000000000e+04
3.455800000000000000e+04
3.456900000000000000e+04
3.459700000000000000e+04
3.464100000000000000e+04
3.464300000000000000e+04
3.466700000000000000e+04
3.469600000000000000e+04
3.469900000000000000e+04
3.470000000000000000e+04
3.470100000000000000e+04
3.470200000000000000e+04
3.471200000000000000e+04
3.474000000000000000e+04
3.475000000000000000e+04
3.476200000000000000e+04
3.476600000000000000e+04
3.477500000000000000e+04
3.487800000000000000e+04
3.489300000000000000e+04
3.489500000000000000e+04
3.490600000000000000e+04
3.498300000000000000e+04
3.499300000000000000e+04
3.501700000000000000e+04
3.502600000000000000e+04
3.503700000000000000e+04
3.504400000000000000e+04
3.504800000000000000e+04
3.505400000000000000e+04
3.505500000000000000e+04
3.506800000000000000e+04
3.508800000000000000e+04
3.510600000000000000e+04
3.511700000000000000e+04
3.519100000000000000e+04
3.521800000000000000e+04
3.526300000000000000e+04
3.530300000000000000e+04
3.532700000000000000e+04
3.534900000000000000e+04
3.538000000000000000e+04
3.538800000000000000e+04
3.540900000000000000e+04
3.541300000000000000e+04
3.544500000000000000e+04
3.552900000000000000e+04
3.553000000000000000e+04
3.553900000000000000e+04
3.554700000000000000e+04
3.555200000000000000e+04
3.561400000000000000e+04
3.563200000000000000e+04
3.563900000000000000e+04
3.570600000000000000e+04
3.571600000000000000e+04
3.572800000000000000e+04
3.574500000000000000e+04
3.577000000000000000e+04
3.579000000000000000e+04
3.579600000000000000e+04
3.582100000000000000e+04
3.582500000000000000e+04
3.589800000000000000e+04
3.591900000000000000e+04
3.592800000000000000e+04
3.593700000000000000e+04
3.597800000000000000e+04
3.598400000000000000e+04
3.601700000000000000e+04
3.612700000000000000e+04
3.613600000000000000e+04
3.614000000000000000e+04
3.614200000000000000e+04
3.614600000000000000e+04
3.617500000000000000e+04
3.619100000000000000e+04
3.619400000000000000e+04
3.621200000000000000e+04
3.624400000000000000e+04
3.625300000000000000e+04
3.628600000000000000e+04
3.629400000000000000e+04
3.629700000000000000e+04
3.632800000000000000e+04
3.638600000000000000e+04
3.641100000000000000e+04
3.643400000000000000e+04
3.643900000000000000e+04
3.644300000000000000e+04
3.644700000000000000e+04
3.645300000000000000e+04
3.658600000000000000e+04
3.663000000000000000e+04
3.663200000000000000e+04
3.664000000000000000e+04
3.664900000000000000e+04
3.670300000000000000e+04
3.674500000000000000e+04
3.675500000000000000e+04
3.682800000000000000e+04
3.683100000000000000e+04
3.684600000000000000e+04
3.686800000000000000e+04
3.687500000000000000e+04
3.688300000000000000e+04
3.693900000000000000e+04
3.696200000000000000e+04
3.698000000000000000e+04
3.699400000000000000e+04
3.703200000000000000e+04
3.703300000000000000e+04
3.703400000000000000e+04
3.704200000000000000e+04
3.704700000000000000e+04
3.704800000000000000e+04
3.705400000000000000e+04
3.705500000000000000e+04
3.706700000000000000e+04
3.708800000000000000e+04
3.708900000000000000e+04
3.709100000000000000e+04
3.712000000000000000e+04
3.713500000000000000e+04
3.719400000000000000e+04
3.727500000000000000e+04
3.727600000000000000e+04
3.731400000000000000e+04
3.731500000000000000e+04
3.736600000000000000e+04
3.736900000000000000e+04
3.737400000000000000e+04
3.740100000000000000e+04
3.743400000000000000e+04
3.745100000000000000e+04
3.746600000000000000e+04
3.747500000000000000e+04
3.749100000000000000e+04
3.749900000000000000e+04
3.750600000000000000e+04
3.750700000000000000e+04
3.750800000000000000e+04
3.752300000000000000e+04
3.752400000000000000e+04
3.752500000000000000e+04
3.756300000000000000e+04
3.757300000000000000e+04
3.758200000000000000e+04
3.760600000000000000e+04
3.760800000000000000e+04
3.762000000000000000e+04
3.762100000000000000e+04
3.762900000000000000e+04
3.765700000000000000e+04
3.767400000000000000e+04
3.768500000000000000e+04
3.769600000000000000e+04
3.770700000000000000e+04
3.771000000000000000e+04
3.771300000000000000e+04
3.772000000000000000e+04
3.772200000000000000e+04
3.772300000000000000e+04
3.773600000000000000e+04
3.775800000000000000e+04
3.780600000000000000e+04
3.784800000000000000e+04
3.787100000000000000e+04
3.788600000000000000e+04
3.789200000000000000e+04
3.792500000000000000e+04
3.794900000000000000e+04
3.795300000000000000e+04
3.800200000000000000e+04
3.803100000000000000e+04
3.803200000000000000e+04
3.806200000000000000e+04
3.806300000000000000e+04
3.806400000000000000e+04
3.810000000000000000e+04
3.811500000000000000e+04
3.812600000000000000e+04
3.815100000000000000e+04
3.816000000000000000e+04
3.817200000000000000e+04
3.819000000000000000e+04
3.821500000000000000e+04
3.821700000000000000e+04
3.829300000000000000e+04
3.829700000000000000e+04
3.831700000000000000e+04
3.837300000000000000e+04
3.837500000000000000e+04
3.838600000000000000e+04
3.838800000000000000e+04
3.843200000000000000e+04
3.843400000000000000e+04
3.843900000000000000e+04
3.846000000000000000e+04
3.855500000000000000e+04
3.857900000000000000e+04
3.861500000000000000e+04
3.861700000000000000e+04
3.866000000000000000e+04
3.869400000000000000e+04
3.870200000000000000e+04
3.875600000000000000e+04
3.876900000000000000e+04
3.877000000000000000e+04
3.878600000000000000e+04
3.882200000000000000e+04
3.882300000000000000e+04
3.884500000000000000e+04
3.885300000000000000e+04
3.886700000000000000e+04
3.890600000000000000e+04
3.892400000000000000e+04
3.895400000000000000e+04
3.895600000000000000e+04
3.895700000000000000e+04
3.901000000000000000e+04
3.907200000000000000e+04
3.909700000000000000e+04
3.911400000000000000e+04
3.913600000000000000e+04
3.915200000000000000e+04
3.916500000000000000e+04
3.918400000000000000e+04
3.923000000000000000e+04
3.934700000000000000e+04
3.939100000000000000e+04
3.939400000000000000e+04
3.943500000000000000e+04
3.945200000000000000e+04
3.951900000000000000e+04
3.952100000000000000e+04
3.953300000000000000e+04
3.955500000000000000e+04
3.957100000000000000e+04
3.961100000000000000e+04
3.962000000000000000e+04
3.962100000000000000e+04
3.967300000000000000e+04
3.968800000000000000e+04
3.971800000000000000e+04
3.972800000000000000e+04
3.973900000000000000e+04
3.974700000000000000e+04
3.975200000000000000e+04
3.985200000000000000e+04
3.987500000000000000e+04
3.988800000000000000e+04
3.990500000000000000e+04
3.993000000000000000e+04
3.993900000000000000e+04
3.996000000000000000e+04
3.997300000000000000e+04
3.997800000000000000e+04
3.997900000000000000e+04
3.998200000000000000e+04
3.998400000000000000e+04
3.998600000000000000e+04
4.002000000000000000e+04
4.004300000000000000e+04
4.006100000000000000e+04
4.008000000000000000e+04
4.008100000000000000e+04
4.010000000000000000e+04
4.014900000000000000e+04
4.019000000000000000e+04
4.019100000000000000e+04
4.019200000000000000e+04
4.024800000000000000e+04
4.025400000000000000e+04
4.028200000000000000e+04
4.028600000000000000e+04
4.032200000000000000e+04
4.033900000000000000e+04
4.036300000000000000e+04
4.039000000000000000e+04
4.039100000000000000e+04
4.041700000000000000e+04
4.042500000000000000e+04
4.043600000000000000e+04
4.045100000000000000e+04
4.045800000000000000e+04
4.046700000000000000e+04
4.047500000000000000e+04
4.055500000000000000e+04
4.058900000000000000e+04
4.059100000000000000e+04
4.060400000000000000e+04
4.061700000000000000e+04
4.065000000000000000e+04
4.065100000000000000e+04
4.065200000000000000e+04
4.067300000000000000e+04
4.068500000000000000e+04
4.070700000000000000e+04
4.072400000000000000e+04
4.075000000000000000e+04
4.075200000000000000e+04
4.077000000000000000e+04
4.078200000000000000e+04
4.079500000000000000e+04
4.080700000000000000e+04
4.081700000000000000e+04
4.084600000000000000e+04
4.085300000000000000e+04
4.087200000000000000e+04
4.087900000000000000e+04
4.091100000000000000e+04
4.094100000000000000e+04
4.096400000000000000e+04
4.096700000000000000e+04
4.099700000000000000e+04
4.099800000000000000e+04
4.100600000000000000e+04
4.103400000000000000e+04
4.103500000000000000e+04
4.103600000000000000e+04
4.104900000000000000e+04
4.105000000000000000e+04
4.105100000000000000e+04
4.106600000000000000e+04
4.106900000000000000e+04
4.107100000000000000e+04
4.110200000000000000e+04
4.111000000000000000e+04
4.113500000000000000e+04
4.115100000000000000e+04
4.116300000000000000e+04
4.119000000000000000e+04
4.120800000000000000e+04
4.122000000000000000e+04
4.125900000000000000e+04
4.128800000000000000e+04
4.132000000000000000e+04
4.135500000000000000e+04
4.141000000000000000e+04
4.142300000000000000e+04
4.144800000000000000e+04
4.147700000000000000e+04
4.155400000000000000e+04
4.155500000000000000e+04
4.155600000000000000e+04
4.159000000000000000e+04
4.159500000000000000e+04
4.159700000000000000e+04
4.160500000000000000e+04
4.162000000000000000e+04
4.164000000000000000e+04
4.164900000000000000e+04
4.169800000000000000e+04
4.170000000000000000e+04
4.172100000000000000e+04
4.172900000000000000e+04
4.173300000000000000e+04
4.173600000000000000e+04
4.174600000000000000e+04
4.178600000000000000e+04
4.180600000000000000e+04
4.182400000000000000e+04
4.186600000000000000e+04
4.186700000000000000e+04
4.190400000000000000e+04
4.193000000000000000e+04
4.194700000000000000e+04
4.194800000000000000e+04
4.195200000000000000e+04
4.199100000000000000e+04
4.200900000000000000e+04
4.203000000000000000e+04
4.205000000000000000e+04
4.205200000000000000e+04
4.206600000000000000e+04
4.207100000000000000e+04
4.210100000000000000e+04
4.217300000000000000e+04
4.218000000000000000e+04
4.218500000000000000e+04
4.222600000000000000e+04
4.222900000000000000e+04
4.224500000000000000e+04
4.225600000000000000e+04
4.226000000000000000e+04
4.226600000000000000e+04
4.229100000000000000e+04
4.237600000000000000e+04
4.239100000000000000e+04
4.241100000000000000e+04
4.241400000000000000e+04
4.242000000000000000e+04
4.242400000000000000e+04
4.252800000000000000e+04
4.253100000000000000e+04
4.254100000000000000e+04
4.255500000000000000e+04
4.258600000000000000e+04
4.266600000000000000e+04
4.271100000000000000e+04
4.271400000000000000e+04
4.271600000000000000e+04
4.272400000000000000e+04
4.272700000000000000e+04
4.273600000000000000e+04
4.274800000000000000e+04
4.275200000000000000e+04
4.276100000000000000e+04
4.277200000000000000e+04
4.277300000000000000e+04
4.281900000000000000e+04
4.282000000000000000e+04
4.286200000000000000e+04
4.290100000000000000e+04
4.291700000000000000e+04
4.298100000000000000e+04
4.300400000000000000e+04
4.304800000000000000e+04
4.306900000000000000e+04
4.308900000000000000e+04
4.309700000000000000e+04
4.310100000000000000e+04
4.319800000000000000e+04
4.322100000000000000e+04
4.322400000000000000e+04
4.324100000000000000e+04
4.327200000000000000e+04
4.327900000000000000e+04
4.331300000000000000e+04
4.333600000000000000e+04
4.338100000000000000e+04
4.339100000000000000e+04
4.339400000000000000e+04
4.339700000000000000e+04
4.344800000000000000e+04
4.345900000000000000e+04
4.346800000000000000e+04
4.349500000000000000e+04
4.350300000000000000e+04
4.351400000000000000e+04
4.356400000000000000e+04
4.357600000000000000e+04
4.358600000000000000e+04
4.360600000000000000e+04
4.362100000000000000e+04
4.362700000000000000e+04
4.363300000000000000e+04
4.365000000000000000e+04
4.365500000000000000e+04
4.367000000000000000e+04
4.367300000000000000e+04
4.370300000000000000e+04
4.372300000000000000e+04
4.372500000000000000e+04
4.372700000000000000e+04
4.374000000000000000e+04
4.375900000000000000e+04
4.376100000000000000e+04
4.384100000000000000e+04
4.389000000000000000e+04
4.391100000000000000e+04
4.392500000000000000e+04
4.392600000000000000e+04
4.392800000000000000e+04
4.393200000000000000e+04
4.393800000000000000e+04
4.399200000000000000e+04
4.399300000000000000e+04
4.401500000000000000e+04
4.401800000000000000e+04
4.404300000000000000e+04
4.406100000000000000e+04
4.408800000000000000e+04
4.408900000000000000e+04
4.413500000000000000e+04
4.415800000000000000e+04
4.416700000000000000e+04
4.417200000000000000e+04
4.417700000000000000e+04
4.417900000000000000e+04
4.418900000000000000e+04
4.421300000000000000e+04
4.422300000000000000e+04
4.423900000000000000e+04
4.425500000000000000e+04
4.426700000000000000e+04
4.435300000000000000e+04
4.437200000000000000e+04
4.439800000000000000e+04
4.441200000000000000e+04
4.441700000000000000e+04
4.442600000000000000e+04
4.443900000000000000e+04
4.445700000000000000e+04
4.448300000000000000e+04
4.448900000000000000e+04
4.449600000000000000e+04
4.449700000000000000e+04
4.450500000000000000e+04
4.452400000000000000e+04
4.460100000000000000e+04
4.461100000000000000e+04
4.461200000000000000e+04
4.461300000000000000e+04
4.461500000000000000e+04
4.463300000000000000e+04
4.468100000000000000e+04
4.468900000000000000e+04
4.474600000000000000e+04
4.474900000000000000e+04
4.479300000000000000e+04
4.479900000000000000e+04
4.480100000000000000e+04
4.488700000000000000e+04
4.492900000000000000e+04
4.495900000000000000e+04
4.496900000000000000e+04
4.497600000000000000e+04
4.500800000000000000e+04
4.501500000000000000e+04
4.503200000000000000e+04
4.503600000000000000e+04
4.504500000000000000e+04
4.505400000000000000e+04
4.506600000000000000e+04
4.507900000000000000e+04
4.508500000000000000e+04
4.509900000000000000e+04
4.515500000000000000e+04
4.517700000000000000e+04
4.525700000000000000e+04
4.528100000000000000e+04
4.534700000000000000e+04
4.535300000000000000e+04
4.535600000000000000e+04
4.538700000000000000e+04
4.543100000000000000e+04
4.544400000000000000e+04
4.545700000000000000e+04
4.548300000000000000e+04
4.552400000000000000e+04
4.555700000000000000e+04
4.559900000000000000e+04
4.563000000000000000e+04
4.565900000000000000e+04
4.568300000000000000e+04
4.571900000000000000e+04
4.573900000000000000e+04
4.574400000000000000e+04
4.577300000000000000e+04
4.577400000000000000e+04
4.583500000000000000e+04
4.584800000000000000e+04
4.585100000000000000e+04
4.587900000000000000e+04
4.590700000000000000e+04
4.591300000000000000e+04
4.591400000000000000e+04
4.591800000000000000e+04
4.592200000000000000e+04
4.592600000000000000e+04
4.593600000000000000e+04
4.595400000000000000e+04
4.597400000000000000e+04
4.604000000000000000e+04
4.605200000000000000e+04
4.606900000000000000e+04
4.607600000000000000e+04
4.608400000000000000e+04
4.608500000000000000e+04
4.612000000000000000e+04
4.614600000000000000e+04
4.615400000000000000e+04
4.615900000000000000e+04
4.617000000000000000e+04
4.617100000000000000e+04
4.617300000000000000e+04
4.618900000000000000e+04
4.619000000000000000e+04
4.619700000000000000e+04
4.620200000000000000e+04
4.621400000000000000e+04
4.626400000000000000e+04
4.627300000000000000e+04
4.629700000000000000e+04
4.630700000000000000e+04
4.631000000000000000e+04
4.631400000000000000e+04
4.632600000000000000e+04
4.633800000000000000e+04
4.634900000000000000e+04
4.640800000000000000e+04
4.641100000000000000e+04
4.643000000000000000e+04
4.643300000000000000e+04
4.643400000000000000e+04
4.643600000000000000e+04
4.648200000000000000e+04
4.649600000000000000e+04
4.650700000000000000e+04
4.650800000000000000e+04
4.652000000000000000e+04
4.652700000000000000e+04
4.652900000000000000e+04
4.654600000000000000e+04
4.655400000000000000e+04
4.656700000000000000e+04
4.657800000000000000e+04
4.658900000000000000e+04
4.660200000000000000e+04
4.670900000000000000e+04
4.672200000000000000e+04
4.672800000000000000e+04
4.673900000000000000e+04
4.674000000000000000e+04
4.691100000000000000e+04
4.692800000000000000e+04
4.693100000000000000e+04
4.694100000000000000e+04
4.694300000000000000e+04
4.695100000000000000e+04
4.696500000000000000e+04
4.699100000000000000e+04
4.702000000000000000e+04
4.702100000000000000e+04
4.703200000000000000e+04
4.708400000000000000e+04
4.711200000000000000e+04
4.711300000000000000e+04
4.711700000000000000e+04
4.717500000000000000e+04
4.718900000000000000e+04
4.723600000000000000e+04
4.724200000000000000e+04
4.734900000000000000e+04
4.736700000000000000e+04
4.736800000000000000e+04
4.739300000000000000e+04
4.741500000000000000e+04
4.741700000000000000e+04
4.743400000000000000e+04
4.744200000000000000e+04
4.744800000000000000e+04
4.749900000000000000e+04
4.750700000000000000e+04
4.752200000000000000e+04
4.757300000000000000e+04
4.757400000000000000e+04
4.759100000000000000e+04
4.759500000000000000e+04
4.761000000000000000e+04
4.761100000000000000e+04
4.762000000000000000e+04
4.762200000000000000e+04
4.763800000000000000e+04
4.763900000000000000e+04
4.764000000000000000e+04
4.768800000000000000e+04
4.768900000000000000e+04
4.769700000000000000e+04
4.771700000000000000e+04
4.772700000000000000e+04
4.775500000000000000e+04
4.775700000000000000e+04
4.776000000000000000e+04
4.776800000000000000e+04
4.780500000000000000e+04
4.781100000000000000e+04
4.785600000000000000e+04
4.786600000000000000e+04
4.787600000000000000e+04
4.787700000000000000e+04
4.790500000000000000e+04
4.791000000000000000e+04
4.792000000000000000e+04
4.792900000000000000e+04
4.793000000000000000e+04
4.794600000000000000e+04
4.795200000000000000e+04
4.796100000000000000e+04
4.803000000000000000e+04
4.806400000000000000e+04
4.810000000000000000e+04
4.810500000000000000e+04
4.820200000000000000e+04
4.821300000000000000e+04
4.823900000000000000e+04
4.829900000000000000e+04
4.830700000000000000e+04
4.833900000000000000e+04
