3.900000000000000000e+01
7.100000000000000000e+01
1.010000000000000000e+02
1.070000000000000000e+02
2.430000000000000000e+02
2.600000000000000000e+02
4.090000000000000000e+02
4.100000000000000000e+02
4.730000000000000000e+02
5.120000000000000000e+02
5.450000000000000000e+02
5.680000000000000000e+02
5.720000000000000000e+02
6.210000000000000000e+02
6.990000000000000000e+02
7.530000000000000000e+02
7.620000000000000000e+02
7.690000000000000000e+02
8.030000000000000000e+02
8.210000000000000000e+02
8.230000000000000000e+02
8.300000000000000000e+02
8.460000000000000000e+02
8.510000000000000000e+02
8.670000000000000000e+02
8.900000000000000000e+02
9.130000000000000000e+02
9.220000000000000000e+02
9.290000000000000000e+02
9.320000000000000000e+02
9.650000000000000000e+02
9.730000000000000000e+02
9.870000000000000000e+02
9.940000000000000000e+02
1.002000000000000000e+03
1.017000000000000000e+03
1.021000000000000000e+03
1.052000000000000000e+03
1.138000000000000000e+03
1.142000000000000000e+03
1.161000000000000000e+03
1.208000000000000000e+03
1.209000000000000000e+03
1.228000000000000000e+03
1.278000000000000000e+03
1.301000000000000000e+03
1.310000000000000000e+03
1.316000000000000000e+03
1.324000000000000000e+03
1.329000000000000000e+03
1.332000000000000000e+03
1.352000000000000000e+03
1.362000000000000000e+03
1.363000000000000000e+03
1.366000000000000000e+03
1.376000000000000000e+03
1.391000000000000000e+03
1.406000000000000000e+03
1.435000000000000000e+03
1.436000000000000000e+03
1.452000000000000000e+03
1.459000000000000000e+03
1.464000000000000000e+03
1.474000000000000000e+03
1.481000000000000000e+03
1.486000000000000000e+03
1.489000000000000000e+03
1.494000000000000000e+03
1.527000000000000000e+03
1.539000000000000000e+03
1.544000000000000000e+03
1.548000000000000000e+03
1.599000000000000000e+03
1.606000000000000000e+03
1.611000000000000000e+03
1.625000000000000000e+03
1.644000000000000000e+03
1.679000000000000000e+03
1.695000000000000000e+03
1.712000000000000000e+03
1.776000000000000000e+03
1.783000000000000000e+03
1.793000000000000000e+03
1.804000000000000000e+03
1.812000000000000000e+03
1.823000000000000000e+03
1.840000000000000000e+03
1.842000000000000000e+03
1.852000000000000000e+03
1.857000000000000000e+03
1.883000000000000000e+03
1.949000000000000000e+03
1.964000000000000000e+03
1.976000000000000000e+03
1.980000000000000000e+03
1.983000000000000000e+03
2.017000000000000000e+03
2.035000000000000000e+03
2.038000000000000000e+03
2.054000000000000000e+03
2.056000000000000000e+03
2.059000000000000000e+03
2.061000000000000000e+03
2.081000000000000000e+03
2.083000000000000000e+03
2.095000000000000000e+03
2.129000000000000000e+03
2.141000000000000000e+03
2.145000000000000000e+03
2.165000000000000000e+03
2.185000000000000000e+03
2.207000000000000000e+03
2.215000000000000000e+03
2.216000000000000000e+03
2.218000000000000000e+03
2.233000000000000000e+03
2.234000000000000000e+03
2.243000000000000000e+03
2.254000000000000000e+03
2.278000000000000000e+03
2.305000000000000000e+03
2.308000000000000000e+03
2.320000000000000000e+03
2.391000000000000000e+03
2.408000000000000000e+03
2.439000000000000000e+03
2.480000000000000000e+03
2.518000000000000000e+03
2.529000000000000000e+03
2.537000000000000000e+03
2.551000000000000000e+03
2.552000000000000000e+03
2.554000000000000000e+03
2.626000000000000000e+03
2.637000000000000000e+03
2.659000000000000000e+03
2.711000000000000000e+03
2.733000000000000000e+03
2.772000000000000000e+03
2.773000000000000000e+03
2.774000000000000000e+03
2.805000000000000000e+03
2.822000000000000000e+03
2.829000000000000000e+03
2.835000000000000000e+03
2.838000000000000000e+03
2.839000000000000000e+03
2.840000000000000000e+03
2.852000000000000000e+03
2.857000000000000000e+03
2.870000000000000000e+03
2.876000000000000000e+03
2.890000000000000000e+03
2.891000000000000000e+03
2.893000000000000000e+03
2.899000000000000000e+03
2.900000000000000000e+03
2.901000000000000000e+03
2.903000000000000000e+03
2.910000000000000000e+03
2.929000000000000000e+03
2.955000000000000000e+03
2.997000000000000000e+03
3.000000000000000000e+03
3.016000000000000000e+03
3.020000000000000000e+03
3.035000000000000000e+03
3.040000000000000000e+03
3.041000000000000000e+03
3.046000000000000000e+03
3.047000000000000000e+03
3.085000000000000000e+03
3.093000000000000000e+03
3.154000000000000000e+03
3.195000000000000000e+03
3.209000000000000000e+03
3.210000000000000000e+03
3.222000000000000000e+03
3.234000000000000000e+03
3.315000000000000000e+03
3.351000000000000000e+03
3.364000000000000000e+03
3.396000000000000000e+03
3.445000000000000000e+03
3.475000000000000000e+03
3.485000000000000000e+03
3.495000000000000000e+03
3.511000000000000000e+03
3.512000000000000000e+03
3.523000000000000000e+03
3.540000000000000000e+03
3.553000000000000000e+03
3.555000000000000000e+03
3.564000000000000000e+03
3.572000000000000000e+03
3.575000000000000000e+03
3.593000000000000000e+03
3.627000000000000000e+03
3.649000000000000000e+03
3.673000000000000000e+03
3.693000000000000000e+03
3.694000000000000000e+03
3.706000000000000000e+03
3.708000000000000000e+03
3.734000000000000000e+03
3.737000000000000000e+03
3.753000000000000000e+03
3.764000000000000000e+03
3.765000000000000000e+03
3.766000000000000000e+03
3.772000000000000000e+03
3.775000000000000000e+03
3.782000000000000000e+03
3.788000000000000000e+03
3.789000000000000000e+03
3.790000000000000000e+03
3.811000000000000000e+03
3.814000000000000000e+03
3.817000000000000000e+03
3.818000000000000000e+03
3.859000000000000000e+03
3.879000000000000000e+03
3.886000000000000000e+03
3.897000000000000000e+03
3.905000000000000000e+03
3.911000000000000000e+03
3.925000000000000000e+03
3.930000000000000000e+03
3.946000000000000000e+03
3.983000000000000000e+03
3.989000000000000000e+03
3.998000000000000000e+03
4.016000000000000000e+03
4.029000000000000000e+03
4.055000000000000000e+03
4.058000000000000000e+03
4.059000000000000000e+03
4.068000000000000000e+03
4.073000000000000000e+03
4.075000000000000000e+03
4.121000000000000000e+03
4.125000000000000000e+03
4.137000000000000000e+03
4.163000000000000000e+03
4.167000000000000000e+03
4.183000000000000000e+03
4.185000000000000000e+03
4.189000000000000000e+03
4.194000000000000000e+03
4.207000000000000000e+03
4.236000000000000000e+03
4.241000000000000000e+03
4.248000000000000000e+03
4.251000000000000000e+03
4.266000000000000000e+03
4.276000000000000000e+03
4.283000000000000000e+03
4.285000000000000000e+03
4.300000000000000000e+03
4.311000000000000000e+03
4.318000000000000000e+03
4.347000000000000000e+03
4.402000000000000000e+03
4.406000000000000000e+03
4.413000000000000000e+03
4.430000000000000000e+03
4.434000000000000000e+03
4.436000000000000000e+03
4.438000000000000000e+03
4.449000000000000000e+03
4.468000000000000000e+03
4.486000000000000000e+03
4.492000000000000000e+03
4.503000000000000000e+03
4.524000000000000000e+03
4.544000000000000000e+03
4.550000000000000000e+03
4.551000000000000000e+03
4.590000000000000000e+03
4.591000000000000000e+03
4.594000000000000000e+03
4.596000000000000000e+03
4.598000000000000000e+03
4.603000000000000000e+03
4.637000000000000000e+03
4.683000000000000000e+03
4.684000000000000000e+03
4.687000000000000000e+03
4.688000000000000000e+03
4.701000000000000000e+03
4.707000000000000000e+03
4.715000000000000000e+03
4.718000000000000000e+03
4.768000000000000000e+03
4.781000000000000000e+03
4.804000000000000000e+03
4.818000000000000000e+03
4.831000000000000000e+03
4.842000000000000000e+03
4.845000000000000000e+03
4.866000000000000000e+03
4.883000000000000000e+03
4.915000000000000000e+03
4.921000000000000000e+03
4.940000000000000000e+03
4.956000000000000000e+03
4.969000000000000000e+03
4.974000000000000000e+03
4.991000000000000000e+03
5.007000000000000000e+03
5.018000000000000000e+03
5.036000000000000000e+03
5.049000000000000000e+03
5.050000000000000000e+03
5.051000000000000000e+03
5.056000000000000000e+03
5.065000000000000000e+03
5.068000000000000000e+03
5.084000000000000000e+03
5.101000000000000000e+03
5.102000000000000000e+03
5.113000000000000000e+03
5.114000000000000000e+03
5.116000000000000000e+03
5.119000000000000000e+03
5.120000000000000000e+03
5.133000000000000000e+03
5.134000000000000000e+03
5.144000000000000000e+03
5.151000000000000000e+03
5.161000000000000000e+03
5.162000000000000000e+03
5.181000000000000000e+03
5.192000000000000000e+03
5.195000000000000000e+03
5.196000000000000000e+03
5.210000000000000000e+03
5.212000000000000000e+03
5.216000000000000000e+03
5.251000000000000000e+03
5.256000000000000000e+03
5.292000000000000000e+03
5.331000000000000000e+03
5.375000000000000000e+03
5.389000000000000000e+03
5.414000000000000000e+03
5.423000000000000000e+03
5.439000000000000000e+03
5.453000000000000000e+03
5.454000000000000000e+03
5.460000000000000000e+03
5.463000000000000000e+03
5.467000000000000000e+03
5.485000000000000000e+03
5.500000000000000000e+03
5.501000000000000000e+03
5.510000000000000000e+03
5.525000000000000000e+03
5.526000000000000000e+03
5.556000000000000000e+03
5.563000000000000000e+03
5.568000000000000000e+03
5.576000000000000000e+03
5.578000000000000000e+03
5.582000000000000000e+03
5.589000000000000000e+03
5.634000000000000000e+03
5.635000000000000000e+03
5.644000000000000000e+03
5.666000000000000000e+03
5.671000000000000000e+03
5.721000000000000000e+03
5.722000000000000000e+03
5.731000000000000000e+03
5.737000000000000000e+03
5.744000000000000000e+03
5.754000000000000000e+03
5.771000000000000000e+03
5.807000000000000000e+03
5.818000000000000000e+03
5.829000000000000000e+03
5.832000000000000000e+03
5.842000000000000000e+03
5.871000000000000000e+03
5.878000000000000000e+03
5.884000000000000000e+03
5.886000000000000000e+03
5.914000000000000000e+03
5.916000000000000000e+03
5.947000000000000000e+03
5.954000000000000000e+03
5.959000000000000000e+03
5.969000000000000000e+03
5.976000000000000000e+03
5.984000000000000000e+03
5.993000000000000000e+03
6.013000000000000000e+03
6.025000000000000000e+03
6.043000000000000000e+03
6.047000000000000000e+03
6.061000000000000000e+03
6.062000000000000000e+03
6.067000000000000000e+03
6.081000000000000000e+03
6.108000000000000000e+03
6.116000000000000000e+03
6.118000000000000000e+03
6.226000000000000000e+03
6.253000000000000000e+03
6.257000000000000000e+03
6.258000000000000000e+03
6.368000000000000000e+03
6.401000000000000000e+03
6.405000000000000000e+03
6.409000000000000000e+03
6.414000000000000000e+03
6.415000000000000000e+03
6.427000000000000000e+03
6.436000000000000000e+03
6.491000000000000000e+03
6.494000000000000000e+03
6.525000000000000000e+03
6.546000000000000000e+03
6.576000000000000000e+03
6.599000000000000000e+03
6.600000000000000000e+03
6.605000000000000000e+03
6.631000000000000000e+03
6.632000000000000000e+03
6.635000000000000000e+03
6.660000000000000000e+03
6.670000000000000000e+03
6.676000000000000000e+03
6.701000000000000000e+03
6.707000000000000000e+03
6.709000000000000000e+03
6.731000000000000000e+03
6.748000000000000000e+03
6.751000000000000000e+03
6.752000000000000000e+03
6.754000000000000000e+03
6.757000000000000000e+03
6.759000000000000000e+03
6.760000000000000000e+03
6.761000000000000000e+03
6.762000000000000000e+03
6.794000000000000000e+03
6.795000000000000000e+03
6.796000000000000000e+03
6.799000000000000000e+03
6.802000000000000000e+03
6.803000000000000000e+03
6.813000000000000000e+03
6.828000000000000000e+03
6.831000000000000000e+03
6.851000000000000000e+03
6.856000000000000000e+03
6.859000000000000000e+03
6.900000000000000000e+03
6.914000000000000000e+03
6.916000000000000000e+03
6.928000000000000000e+03
6.930000000000000000e+03
6.933000000000000000e+03
6.973000000000000000e+03
6.987000000000000000e+03
6.993000000000000000e+03
6.997000000000000000e+03
7.000000000000000000e+03
7.005000000000000000e+03
7.009000000000000000e+03
7.010000000000000000e+03
7.020000000000000000e+03
7.026000000000000000e+03
7.027000000000000000e+03
7.034000000000000000e+03
7.055000000000000000e+03
7.083000000000000000e+03
7.107000000000000000e+03
7.130000000000000000e+03
7.154000000000000000e+03
7.159000000000000000e+03
7.163000000000000000e+03
7.185000000000000000e+03
7.221000000000000000e+03
7.247000000000000000e+03
7.261000000000000000e+03
7.271000000000000000e+03
7.290000000000000000e+03
7.292000000000000000e+03
7.302000000000000000e+03
7.303000000000000000e+03
7.313000000000000000e+03
7.315000000000000000e+03
7.316000000000000000e+03
7.324000000000000000e+03
7.333000000000000000e+03
7.343000000000000000e+03
7.344000000000000000e+03
7.347000000000000000e+03
7.354000000000000000e+03
7.371000000000000000e+03
7.374000000000000000e+03
7.375000000000000000e+03
7.383000000000000000e+03
7.391000000000000000e+03
7.405000000000000000e+03
7.422000000000000000e+03
7.461000000000000000e+03
7.470000000000000000e+03
7.489000000000000000e+03
7.490000000000000000e+03
7.499000000000000000e+03
7.512000000000000000e+03
7.516000000000000000e+03
7.519000000000000000e+03
7.525000000000000000e+03
7.558000000000000000e+03
7.560000000000000000e+03
7.587000000000000000e+03
7.590000000000000000e+03
7.621000000000000000e+03
7.706000000000000000e+03
7.707000000000000000e+03
7.712000000000000000e+03
7.715000000000000000e+03
7.723000000000000000e+03
7.724000000000000000e+03
7.751000000000000000e+03
7.752000000000000000e+03
7.760000000000000000e+03
7.782000000000000000e+03
7.787000000000000000e+03
7.790000000000000000e+03
7.799000000000000000e+03
7.830000000000000000e+03
7.832000000000000000e+03
7.839000000000000000e+03
7.848000000000000000e+03
7.891000000000000000e+03
7.908000000000000000e+03
7.913000000000000000e+03
7.925000000000000000e+03
7.944000000000000000e+03
7.946000000000000000e+03
7.949000000000000000e+03
7.956000000000000000e+03
7.973000000000000000e+03
7.979000000000000000e+03
7.993000000000000000e+03
8.015000000000000000e+03
8.024000000000000000e+03
8.025000000000000000e+03
8.029000000000000000e+03
8.030000000000000000e+03
8.038000000000000000e+03
8.042000000000000000e+03
8.068000000000000000e+03
8.085000000000000000e+03
8.101000000000000000e+03
8.106000000000000000e+03
8.120000000000000000e+03
8.139000000000000000e+03
8.149000000000000000e+03
8.152000000000000000e+03
8.160000000000000000e+03
8.174000000000000000e+03
8.190000000000000000e+03
8.198000000000000000e+03
8.203000000000000000e+03
8.205000000000000000e+03
8.211000000000000000e+03
8.213000000000000000e+03
8.214000000000000000e+03
8.233000000000000000e+03
8.244000000000000000e+03
8.256000000000000000e+03
8.259000000000000000e+03
8.267000000000000000e+03
8.269000000000000000e+03
8.284000000000000000e+03
8.286000000000000000e+03
8.298000000000000000e+03
8.342000000000000000e+03
8.343000000000000000e+03
8.355000000000000000e+03
8.367000000000000000e+03
8.368000000000000000e+03
8.383000000000000000e+03
8.427000000000000000e+03
8.430000000000000000e+03
8.437000000000000000e+03
8.453000000000000000e+03
8.462000000000000000e+03
8.486000000000000000e+03
8.490000000000000000e+03
8.497000000000000000e+03
8.502000000000000000e+03
8.505000000000000000e+03
8.509000000000000000e+03
8.527000000000000000e+03
8.535000000000000000e+03
8.544000000000000000e+03
8.565000000000000000e+03
8.572000000000000000e+03
8.575000000000000000e+03
8.577000000000000000e+03
8.580000000000000000e+03
8.581000000000000000e+03
8.598000000000000000e+03
8.599000000000000000e+03
8.625000000000000000e+03
8.626000000000000000e+03
8.634000000000000000e+03
8.653000000000000000e+03
8.656000000000000000e+03
8.664000000000000000e+03
8.666000000000000000e+03
8.668000000000000000e+03
8.672000000000000000e+03
8.675000000000000000e+03
8.696000000000000000e+03
8.729000000000000000e+03
8.751000000000000000e+03
8.754000000000000000e+03
8.762000000000000000e+03
8.791000000000000000e+03
8.806000000000000000e+03
8.814000000000000000e+03
8.817000000000000000e+03
8.824000000000000000e+03
8.850000000000000000e+03
8.857000000000000000e+03
8.883000000000000000e+03
8.888000000000000000e+03
8.897000000000000000e+03
8.916000000000000000e+03
8.935000000000000000e+03
8.943000000000000000e+03
8.962000000000000000e+03
8.965000000000000000e+03
8.969000000000000000e+03
8.973000000000000000e+03
8.974000000000000000e+03
8.975000000000000000e+03
8.980000000000000000e+03
8.981000000000000000e+03
8.982000000000000000e+03
9.005000000000000000e+03
9.015000000000000000e+03
9.022000000000000000e+03
9.027000000000000000e+03
9.054000000000000000e+03
9.092000000000000000e+03
9.096000000000000000e+03
9.101000000000000000e+03
9.148000000000000000e+03
9.161000000000000000e+03
9.178000000000000000e+03
9.180000000000000000e+03
9.200000000000000000e+03
9.210000000000000000e+03
9.211000000000000000e+03
9.241000000000000000e+03
9.256000000000000000e+03
9.274000000000000000e+03
9.285000000000000000e+03
9.295000000000000000e+03
9.329000000000000000e+03
9.331000000000000000e+03
9.333000000000000000e+03
9.347000000000000000e+03
9.392000000000000000e+03
9.407000000000000000e+03
9.432000000000000000e+03
9.433000000000000000e+03
9.442000000000000000e+03
9.469000000000000000e+03
9.481000000000000000e+03
9.488000000000000000e+03
9.503000000000000000e+03
9.525000000000000000e+03
9.554000000000000000e+03
9.556000000000000000e+03
9.565000000000000000e+03
9.566000000000000000e+03
9.567000000000000000e+03
9.582000000000000000e+03
9.587000000000000000e+03
9.588000000000000000e+03
9.592000000000000000e+03
9.599000000000000000e+03
9.612000000000000000e+03
9.645000000000000000e+03
9.653000000000000000e+03
9.661000000000000000e+03
9.663000000000000000e+03
9.664000000000000000e+03
9.684000000000000000e+03
9.693000000000000000e+03
9.696000000000000000e+03
9.724000000000000000e+03
9.726000000000000000e+03
9.729000000000000000e+03
9.731000000000000000e+03
9.732000000000000000e+03
9.746000000000000000e+03
9.765000000000000000e+03
9.776000000000000000e+03
9.801000000000000000e+03
9.804000000000000000e+03
9.809000000000000000e+03
9.820000000000000000e+03
9.829000000000000000e+03
9.833000000000000000e+03
9.838000000000000000e+03
9.845000000000000000e+03
9.868000000000000000e+03
9.873000000000000000e+03
9.887000000000000000e+03
9.892000000000000000e+03
9.915000000000000000e+03
9.936000000000000000e+03
9.948000000000000000e+03
9.951000000000000000e+03
9.963000000000000000e+03
9.971000000000000000e+03
1.000600000000000000e+04
1.002600000000000000e+04
1.009300000000000000e+04
1.012100000000000000e+04
1.013700000000000000e+04
1.015000000000000000e+04
1.015800000000000000e+04
1.015900000000000000e+04
1.020800000000000000e+04
1.022300000000000000e+04
1.023000000000000000e+04
1.023500000000000000e+04
1.024300000000000000e+04
1.027500000000000000e+04
1.029000000000000000e+04
1.029400000000000000e+04
1.032400000000000000e+04
1.037600000000000000e+04
1.037700000000000000e+04
1.038000000000000000e+04
1.039600000000000000e+04
1.039900000000000000e+04
1.041300000000000000e+04
1.046800000000000000e+04
1.048300000000000000e+04
1.050600000000000000e+04
1.051100000000000000e+04
1.052300000000000000e+04
1.052400000000000000e+04
1.052500000000000000e+04
1.055000000000000000e+04
1.055100000000000000e+04
1.055300000000000000e+04
1.058100000000000000e+04
1.058200000000000000e+04
1.058800000000000000e+04
1.059000000000000000e+04
1.059100000000000000e+04
1.059200000000000000e+04
1.061700000000000000e+04
1.062100000000000000e+04
1.062600000000000000e+04
1.065700000000000000e+04
1.066100000000000000e+04
1.066700000000000000e+04
1.067100000000000000e+04
1.068400000000000000e+04
1.068700000000000000e+04
1.070100000000000000e+04
1.072000000000000000e+04
1.072800000000000000e+04
1.074000000000000000e+04
1.075500000000000000e+04
1.075600000000000000e+04
1.075700000000000000e+04
1.076700000000000000e+04
1.079000000000000000e+04
1.081600000000000000e+04
1.081800000000000000e+04
1.083000000000000000e+04
1.083600000000000000e+04
1.084400000000000000e+04
1.084500000000000000e+04
1.084900000000000000e+04
1.085400000000000000e+04
1.090600000000000000e+04
1.092500000000000000e+04
1.092600000000000000e+04
1.093800000000000000e+04
1.099100000000000000e+04
1.099200000000000000e+04
1.100300000000000000e+04
1.100500000000000000e+04
1.101200000000000000e+04
1.101300000000000000e+04
1.102300000000000000e+04
1.102500000000000000e+04
1.102700000000000000e+04
1.102900000000000000e+04
1.113000000000000000e+04
1.116600000000000000e+04
1.116700000000000000e+04
1.118700000000000000e+04
1.119000000000000000e+04
1.119300000000000000e+04
1.120500000000000000e+04
1.124300000000000000e+04
1.126600000000000000e+04
1.129300000000000000e+04
1.129400000000000000e+04
1.130600000000000000e+04
1.131900000000000000e+04
1.132400000000000000e+04
1.132900000000000000e+04
1.133800000000000000e+04
1.133900000000000000e+04
1.134200000000000000e+04
1.137200000000000000e+04
1.138200000000000000e+04
1.138400000000000000e+04
1.139900000000000000e+04
1.141000000000000000e+04
1.141700000000000000e+04
1.146000000000000000e+04
1.146700000000000000e+04
1.146900000000000000e+04
1.147300000000000000e+04
1.147400000000000000e+04
1.148600000000000000e+04
1.149300000000000000e+04
1.151000000000000000e+04
1.152200000000000000e+04
1.152800000000000000e+04
1.154900000000000000e+04
1.155200000000000000e+04
1.157900000000000000e+04
1.158800000000000000e+04
1.159200000000000000e+04
1.159600000000000000e+04
1.160700000000000000e+04
1.162400000000000000e+04
1.164800000000000000e+04
1.165100000000000000e+04
1.166500000000000000e+04
1.166600000000000000e+04
1.166800000000000000e+04
1.171800000000000000e+04
1.172300000000000000e+04
1.172400000000000000e+04
1.173700000000000000e+04
1.174800000000000000e+04
1.178400000000000000e+04
1.179000000000000000e+04
1.180100000000000000e+04
1.180300000000000000e+04
1.181600000000000000e+04
1.181700000000000000e+04
1.183000000000000000e+04
1.184700000000000000e+04
1.185600000000000000e+04
1.187400000000000000e+04
1.189100000000000000e+04
1.192100000000000000e+04
1.192900000000000000e+04
1.196100000000000000e+04
1.196300000000000000e+04
1.198000000000000000e+04
1.199000000000000000e+04
1.199100000000000000e+04
1.199700000000000000e+04
1.200300000000000000e+04
1.201500000000000000e+04
1.203800000000000000e+04
1.205300000000000000e+04
1.206200000000000000e+04
1.208700000000000000e+04
1.210200000000000000e+04
1.211100000000000000e+04
1.211500000000000000e+04
1.211800000000000000e+04
1.212300000000000000e+04
1.212500000000000000e+04
1.214800000000000000e+04
1.217300000000000000e+04
1.217600000000000000e+04
1.217800000000000000e+04
1.218000000000000000e+04
1.219400000000000000e+04
1.223300000000000000e+04
1.225500000000000000e+04
1.226700000000000000e+04
1.228100000000000000e+04
1.228200000000000000e+04
1.228500000000000000e+04
1.229500000000000000e+04
1.230100000000000000e+04
1.235400000000000000e+04
1.237600000000000000e+04
1.241500000000000000e+04
1.241600000000000000e+04
1.242300000000000000e+04
1.242700000000000000e+04
1.246200000000000000e+04
1.246300000000000000e+04
1.247500000000000000e+04
1.247900000000000000e+04
1.253100000000000000e+04
1.253200000000000000e+04
1.253600000000000000e+04
1.255100000000000000e+04
1.256400000000000000e+04
1.260200000000000000e+04
1.261900000000000000e+04
1.262900000000000000e+04
1.264100000000000000e+04
1.266500000000000000e+04
1.266700000000000000e+04
1.267900000000000000e+04
1.268000000000000000e+04
1.268400000000000000e+04
1.270300000000000000e+04
1.272800000000000000e+04
1.273100000000000000e+04
1.276500000000000000e+04
1.279400000000000000e+04
1.280100000000000000e+04
1.280800000000000000e+04
1.282600000000000000e+04
1.284600000000000000e+04
1.286300000000000000e+04
1.287500000000000000e+04
1.289900000000000000e+04
1.290700000000000000e+04
1.292100000000000000e+04
1.292600000000000000e+04
1.293800000000000000e+04
1.294400000000000000e+04
1.298000000000000000e+04
1.298300000000000000e+04
1.301400000000000000e+04
1.302500000000000000e+04
1.303000000000000000e+04
1.307400000000000000e+04
1.307600000000000000e+04
1.311800000000000000e+04
1.314900000000000000e+04
1.315000000000000000e+04
1.318200000000000000e+04
1.318600000000000000e+04
1.320400000000000000e+04
1.322700000000000000e+04
1.323000000000000000e+04
1.326700000000000000e+04
1.328000000000000000e+04
1.329000000000000000e+04
1.337000000000000000e+04
1.339000000000000000e+04
1.339100000000000000e+04
1.341000000000000000e+04
1.343200000000000000e+04
1.343600000000000000e+04
1.343700000000000000e+04
1.344000000000000000e+04
1.345100000000000000e+04
1.345400000000000000e+04
1.345600000000000000e+04
1.348300000000000000e+04
1.352000000000000000e+04
1.353800000000000000e+04
1.354000000000000000e+04
1.354600000000000000e+04
1.356900000000000000e+04
1.357500000000000000e+04
1.357900000000000000e+04
1.358500000000000000e+04
1.360200000000000000e+04
1.361200000000000000e+04
1.365200000000000000e+04
1.368300000000000000e+04
1.371700000000000000e+04
1.372500000000000000e+04
1.376500000000000000e+04
1.378500000000000000e+04
1.378600000000000000e+04
1.378800000000000000e+04
1.379800000000000000e+04
1.380200000000000000e+04
1.380900000000000000e+04
1.381800000000000000e+04
1.382200000000000000e+04
1.382300000000000000e+04
1.383700000000000000e+04
1.384300000000000000e+04
1.384500000000000000e+04
1.384600000000000000e+04
1.385900000000000000e+04
1.388200000000000000e+04
1.388800000000000000e+04
1.390600000000000000e+04
1.391600000000000000e+04
1.392100000000000000e+04
1.393600000000000000e+04
1.395200000000000000e+04
1.395400000000000000e+04
1.395900000000000000e+04
1.396200000000000000e+04
1.396700000000000000e+04
1.396900000000000000e+04
1.397700000000000000e+04
1.398300000000000000e+04
1.401800000000000000e+04
1.406900000000000000e+04
1.407400000000000000e+04
1.407500000000000000e+04
1.407600000000000000e+04
1.410400000000000000e+04
1.412100000000000000e+04
1.412600000000000000e+04
1.418500000000000000e+04
1.419700000000000000e+04
1.420000000000000000e+04
1.422000000000000000e+04
1.426400000000000000e+04
1.428900000000000000e+04
1.430400000000000000e+04
1.431600000000000000e+04
1.432500000000000000e+04
1.435800000000000000e+04
1.437700000000000000e+04
1.437900000000000000e+04
1.439400000000000000e+04
1.440000000000000000e+04
1.441300000000000000e+04
1.441400000000000000e+04
1.441800000000000000e+04
1.443000000000000000e+04
1.443400000000000000e+04
1.446300000000000000e+04
1.449700000000000000e+04
1.449800000000000000e+04
1.450100000000000000e+04
1.450900000000000000e+04
1.455600000000000000e+04
1.457500000000000000e+04
1.458300000000000000e+04
1.458500000000000000e+04
1.458600000000000000e+04
1.458700000000000000e+04
1.458800000000000000e+04
1.459000000000000000e+04
1.459100000000000000e+04
1.461700000000000000e+04
1.462400000000000000e+04
1.462700000000000000e+04
1.462900000000000000e+04
1.463000000000000000e+04
1.463300000000000000e+04
1.463400000000000000e+04
1.463800000000000000e+04
1.464600000000000000e+04
1.464800000000000000e+04
1.466000000000000000e+04
1.466500000000000000e+04
1.468300000000000000e+04
1.469500000000000000e+04
1.471500000000000000e+04
1.473000000000000000e+04
1.473500000000000000e+04
1.475000000000000000e+04
1.479000000000000000e+04
1.480300000000000000e+04
1.481900000000000000e+04
1.482300000000000000e+04
1.484600000000000000e+04
1.485800000000000000e+04
1.486500000000000000e+04
1.487200000000000000e+04
1.491600000000000000e+04
1.492600000000000000e+04
1.493700000000000000e+04
1.494900000000000000e+04
1.495000000000000000e+04
1.495100000000000000e+04
1.495200000000000000e+04
1.497500000000000000e+04
1.498100000000000000e+04
1.500400000000000000e+04
1.501200000000000000e+04
1.504600000000000000e+04
1.505900000000000000e+04
1.507100000000000000e+04
1.509500000000000000e+04
1.510100000000000000e+04
1.514700000000000000e+04
1.514900000000000000e+04
1.515400000000000000e+04
1.515700000000000000e+04
1.520200000000000000e+04
1.521100000000000000e+04
1.522500000000000000e+04
1.523300000000000000e+04
1.524100000000000000e+04
1.525000000000000000e+04
1.527400000000000000e+04
1.528000000000000000e+04
1.529000000000000000e+04
1.529800000000000000e+04
1.532200000000000000e+04
1.533100000000000000e+04
1.533500000000000000e+04
1.535000000000000000e+04
1.536500000000000000e+04
1.536600000000000000e+04
1.537300000000000000e+04
1.537500000000000000e+04
1.537600000000000000e+04
1.537800000000000000e+04
1.538100000000000000e+04
1.538400000000000000e+04
1.539500000000000000e+04
1.541700000000000000e+04
1.542700000000000000e+04
1.544700000000000000e+04
1.544900000000000000e+04
1.547200000000000000e+04
1.548600000000000000e+04
1.548700000000000000e+04
1.548800000000000000e+04
1.552300000000000000e+04
1.554300000000000000e+04
1.557000000000000000e+04
1.557100000000000000e+04
1.558900000000000000e+04
1.561100000000000000e+04
1.561200000000000000e+04
1.563000000000000000e+04
1.564700000000000000e+04
1.566900000000000000e+04
1.568200000000000000e+04
1.575800000000000000e+04
1.577700000000000000e+04
1.583700000000000000e+04
1.584200000000000000e+04
1.586000000000000000e+04
1.587300000000000000e+04
1.590000000000000000e+04
1.591800000000000000e+04
1.592300000000000000e+04
1.594100000000000000e+04
1.594600000000000000e+04
1.594700000000000000e+04
1.594900000000000000e+04
1.596100000000000000e+04
1.596700000000000000e+04
1.597300000000000000e+04
1.599900000000000000e+04
1.600500000000000000e+04
1.601900000000000000e+04
1.602500000000000000e+04
1.603400000000000000e+04
1.603600000000000000e+04
1.610800000000000000e+04
1.611400000000000000e+04
1.611600000000000000e+04
1.611700000000000000e+04
1.612700000000000000e+04
1.616100000000000000e+04
1.616700000000000000e+04
1.617500000000000000e+04
1.618700000000000000e+04
1.619700000000000000e+04
1.622600000000000000e+04
1.627400000000000000e+04
1.628600000000000000e+04
1.629300000000000000e+04
1.634200000000000000e+04
1.634400000000000000e+04
1.636600000000000000e+04
1.637200000000000000e+04
1.637900000000000000e+04
1.639700000000000000e+04
1.640200000000000000e+04
1.640300000000000000e+04
1.641300000000000000e+04
1.641400000000000000e+04
1.644500000000000000e+04
1.645000000000000000e+04
1.645700000000000000e+04
1.650100000000000000e+04
1.650200000000000000e+04
1.656300000000000000e+04
1.658700000000000000e+04
1.658800000000000000e+04
1.659500000000000000e+04
1.662500000000000000e+04
1.670500000000000000e+04
1.673000000000000000e+04
1.674000000000000000e+04
1.675700000000000000e+04
1.676600000000000000e+04
1.677400000000000000e+04
1.678800000000000000e+04
1.685100000000000000e+04
1.688300000000000000e+04
1.689500000000000000e+04
1.694700000000000000e+04
1.697900000000000000e+04
1.699200000000000000e+04
1.699900000000000000e+04
1.700400000000000000e+04
1.701200000000000000e+04
1.703700000000000000e+04
1.706500000000000000e+04
1.708500000000000000e+04
1.712000000000000000e+04
1.716500000000000000e+04
1.719000000000000000e+04
1.720300000000000000e+04
1.722800000000000000e+04
1.723700000000000000e+04
1.729700000000000000e+04
1.733600000000000000e+04
1.735600000000000000e+04
1.743300000000000000e+04
1.744500000000000000e+04
1.745200000000000000e+04
1.745300000000000000e+04
1.745800000000000000e+04
1.746700000000000000e+04
1.748600000000000000e+04
1.754800000000000000e+04
1.756100000000000000e+04
1.756400000000000000e+04
1.756800000000000000e+04
1.765100000000000000e+04
1.767700000000000000e+04
1.768700000000000000e+04
1.769300000000000000e+04
1.771300000000000000e+04
1.772400000000000000e+04
1.772800000000000000e+04
1.773000000000000000e+04
1.773700000000000000e+04
1.776800000000000000e+04
1.791600000000000000e+04
1.794200000000000000e+04
1.795000000000000000e+04
1.795200000000000000e+04
1.795500000000000000e+04
1.796100000000000000e+04
1.801200000000000000e+04
1.802000000000000000e+04
1.802700000000000000e+04
1.805000000000000000e+04
1.805500000000000000e+04
1.806500000000000000e+04
1.807400000000000000e+04
1.807500000000000000e+04
1.808000000000000000e+04
1.808100000000000000e+04
1.808900000000000000e+04
1.810200000000000000e+04
1.811500000000000000e+04
1.814200000000000000e+04
1.814400000000000000e+04
1.814500000000000000e+04
1.814800000000000000e+04
1.817000000000000000e+04
1.817200000000000000e+04
1.820200000000000000e+04
1.824800000000000000e+04
1.825800000000000000e+04
1.826200000000000000e+04
1.830900000000000000e+04
1.832000000000000000e+04
1.834600000000000000e+04
1.834900000000000000e+04
1.836300000000000000e+04
1.843600000000000000e+04
1.844800000000000000e+04
1.850900000000000000e+04
1.853500000000000000e+04
1.855000000000000000e+04
1.858800000000000000e+04
1.860100000000000000e+04
1.860400000000000000e+04
1.861100000000000000e+04
1.862900000000000000e+04
1.864200000000000000e+04
1.865800000000000000e+04
1.869200000000000000e+04
1.871100000000000000e+04
1.872700000000000000e+04
1.873900000000000000e+04
1.876300000000000000e+04
1.877600000000000000e+04
1.879500000000000000e+04
1.879600000000000000e+04
1.881000000000000000e+04
1.881800000000000000e+04
1.882300000000000000e+04
1.883500000000000000e+04
1.885800000000000000e+04
1.893900000000000000e+04
1.897700000000000000e+04
1.898400000000000000e+04
1.898800000000000000e+04
1.899700000000000000e+04
1.899800000000000000e+04
1.902900000000000000e+04
1.903300000000000000e+04
1.908600000000000000e+04
1.910200000000000000e+04
1.910300000000000000e+04
1.911300000000000000e+04
1.911500000000000000e+04
1.912500000000000000e+04
1.913700000000000000e+04
1.914200000000000000e+04
1.917100000000000000e+04
1.918400000000000000e+04
1.925100000000000000e+04
1.928800000000000000e+04
1.929300000000000000e+04
1.930100000000000000e+04
1.931500000000000000e+04
1.933800000000000000e+04
1.936400000000000000e+04
1.936500000000000000e+04
1.943000000000000000e+04
1.945500000000000000e+04
1.948600000000000000e+04
1.955300000000000000e+04
1.959100000000000000e+04
1.959800000000000000e+04
1.962200000000000000e+04
1.965500000000000000e+04
1.965900000000000000e+04
1.970300000000000000e+04
1.976900000000000000e+04
1.981400000000000000e+04
1.981500000000000000e+04
1.985100000000000000e+04
1.987200000000000000e+04
1.990200000000000000e+04
1.991000000000000000e+04
1.993600000000000000e+04
1.996400000000000000e+04
1.997400000000000000e+04
1.999700000000000000e+04
2.006500000000000000e+04
2.007500000000000000e+04
2.008600000000000000e+04
2.011300000000000000e+04
2.013400000000000000e+04
2.015500000000000000e+04
2.018100000000000000e+04
2.018700000000000000e+04
2.022900000000000000e+04
2.025100000000000000e+04
2.026100000000000000e+04
2.026600000000000000e+04
2.031100000000000000e+04
2.031200000000000000e+04
2.033700000000000000e+04
2.034200000000000000e+04
2.034300000000000000e+04
2.040300000000000000e+04
2.040400000000000000e+04
2.040500000000000000e+04
2.045700000000000000e+04
2.046300000000000000e+04
2.048300000000000000e+04
2.049700000000000000e+04
2.052900000000000000e+04
2.053600000000000000e+04
2.055400000000000000e+04
2.056600000000000000e+04
2.062300000000000000e+04
2.063900000000000000e+04
2.066900000000000000e+04
2.068700000000000000e+04
2.068800000000000000e+04
2.070600000000000000e+04
2.071700000000000000e+04
2.073700000000000000e+04
2.074600000000000000e+04
2.077400000000000000e+04
2.077600000000000000e+04
2.078900000000000000e+04
2.083100000000000000e+04
2.083200000000000000e+04
2.084100000000000000e+04
2.085100000000000000e+04
2.092700000000000000e+04
2.092800000000000000e+04
2.094200000000000000e+04
2.095100000000000000e+04
2.096600000000000000e+04
2.098700000000000000e+04
2.099200000000000000e+04
2.099300000000000000e+04
2.100200000000000000e+04
2.100700000000000000e+04
2.103300000000000000e+04
2.103800000000000000e+04
2.104000000000000000e+04
2.104400000000000000e+04
2.105900000000000000e+04
2.107400000000000000e+04
2.108300000000000000e+04
2.108900000000000000e+04
2.109400000000000000e+04
2.112700000000000000e+04
2.113200000000000000e+04
2.115000000000000000e+04
2.118400000000000000e+04
2.119400000000000000e+04
2.126100000000000000e+04
2.127700000000000000e+04
2.130700000000000000e+04
2.132800000000000000e+04
2.135400000000000000e+04
2.135500000000000000e+04
2.136200000000000000e+04
2.137400000000000000e+04
2.139200000000000000e+04
2.140500000000000000e+04
2.141100000000000000e+04
2.145500000000000000e+04
2.145600000000000000e+04
2.150200000000000000e+04
2.152000000000000000e+04
2.153300000000000000e+04
2.154900000000000000e+04
2.157100000000000000e+04
2.160000000000000000e+04
2.160700000000000000e+04
2.160800000000000000e+04
2.160900000000000000e+04
2.161000000000000000e+04
2.161100000000000000e+04
2.161200000000000000e+04
2.162100000000000000e+04
2.163800000000000000e+04
2.165000000000000000e+04
2.165600000000000000e+04
2.165900000000000000e+04
2.167000000000000000e+04
2.170900000000000000e+04
2.171700000000000000e+04
2.172000000000000000e+04
2.178500000000000000e+04
2.181700000000000000e+04
2.182000000000000000e+04
2.190300000000000000e+04
2.190600000000000000e+04
2.191100000000000000e+04
2.191300000000000000e+04
2.192200000000000000e+04
2.194100000000000000e+04
2.197100000000000000e+04
2.199200000000000000e+04
2.202900000000000000e+04
2.203900000000000000e+04
2.204000000000000000e+04
2.206800000000000000e+04
2.208600000000000000e+04
2.208700000000000000e+04
2.211300000000000000e+04
2.218100000000000000e+04
2.218600000000000000e+04
2.222500000000000000e+04
2.222600000000000000e+04
2.225500000000000000e+04
2.226300000000000000e+04
2.227500000000000000e+04
2.227900000000000000e+04
2.228100000000000000e+04
2.228600000000000000e+04
2.231200000000000000e+04
2.233900000000000000e+04
2.234000000000000000e+04
2.234900000000000000e+04
2.235400000000000000e+04
2.237100000000000000e+04
2.238000000000000000e+04
2.238200000000000000e+04
2.238300000000000000e+04
2.238500000000000000e+04
2.240600000000000000e+04
2.240800000000000000e+04
2.241400000000000000e+04
2.245400000000000000e+04
2.245500000000000000e+04
2.246500000000000000e+04
2.248200000000000000e+04
2.251400000000000000e+04
2.253400000000000000e+04
2.253800000000000000e+04
2.253900000000000000e+04
2.254900000000000000e+04
2.255500000000000000e+04
2.261000000000000000e+04
2.262000000000000000e+04
2.263200000000000000e+04
2.264400000000000000e+04
2.264600000000000000e+04
2.266800000000000000e+04
2.268000000000000000e+04
2.268500000000000000e+04
2.269900000000000000e+04
2.275700000000000000e+04
2.275800000000000000e+04
2.276900000000000000e+04
2.279100000000000000e+04
2.282100000000000000e+04
2.282300000000000000e+04
2.284600000000000000e+04
2.285400000000000000e+04
2.285500000000000000e+04
2.291000000000000000e+04
2.293500000000000000e+04
2.294200000000000000e+04
2.294300000000000000e+04
2.300900000000000000e+04
2.302600000000000000e+04
2.307100000000000000e+04
2.307800000000000000e+04
2.310100000000000000e+04
2.314600000000000000e+04
2.320900000000000000e+04
2.324900000000000000e+04
2.328800000000000000e+04
2.331900000000000000e+04
2.332400000000000000e+04
2.334100000000000000e+04
2.336100000000000000e+04
2.339200000000000000e+04
2.341200000000000000e+04
2.341300000000000000e+04
2.343200000000000000e+04
2.343500000000000000e+04
2.343600000000000000e+04
2.343700000000000000e+04
2.343800000000000000e+04
2.344000000000000000e+04
2.348200000000000000e+04
2.348400000000000000e+04
2.349300000000000000e+04
2.349800000000000000e+04
2.349900000000000000e+04
2.350000000000000000e+04
2.352400000000000000e+04
2.353100000000000000e+04
2.353300000000000000e+04
2.355300000000000000e+04
2.356400000000000000e+04
2.360800000000000000e+04
2.361100000000000000e+04
2.362700000000000000e+04
2.363500000000000000e+04
2.363600000000000000e+04
2.363700000000000000e+04
2.365100000000000000e+04
2.366200000000000000e+04
2.366900000000000000e+04
2.367200000000000000e+04
2.368100000000000000e+04
2.368600000000000000e+04
2.370200000000000000e+04
2.371200000000000000e+04
2.371300000000000000e+04
2.373300000000000000e+04
2.373700000000000000e+04
2.373900000000000000e+04
2.377500000000000000e+04
2.377600000000000000e+04
2.378700000000000000e+04
2.382600000000000000e+04
2.383200000000000000e+04
2.384000000000000000e+04
2.385200000000000000e+04
2.390600000000000000e+04
2.390900000000000000e+04
2.391600000000000000e+04
2.393100000000000000e+04
2.393600000000000000e+04
2.396000000000000000e+04
2.397100000000000000e+04
2.397700000000000000e+04
2.398700000000000000e+04
2.400500000000000000e+04
2.401000000000000000e+04
2.401600000000000000e+04
2.401700000000000000e+04
2.403600000000000000e+04
2.405600000000000000e+04
2.406900000000000000e+04
2.409200000000000000e+04
2.410700000000000000e+04
2.410800000000000000e+04
2.411000000000000000e+04
2.413000000000000000e+04
2.416700000000000000e+04
2.416800000000000000e+04
2.417000000000000000e+04
2.417100000000000000e+04
2.418200000000000000e+04
2.419400000000000000e+04
2.420700000000000000e+04
2.421800000000000000e+04
2.424200000000000000e+04
2.429400000000000000e+04
2.429900000000000000e+04
2.430100000000000000e+04
2.431500000000000000e+04
2.432300000000000000e+04
2.434500000000000000e+04
2.437600000000000000e+04
2.438400000000000000e+04
2.438900000000000000e+04
2.442800000000000000e+04
2.443000000000000000e+04
2.444900000000000000e+04
2.448400000000000000e+04
2.448800000000000000e+04
2.449300000000000000e+04
2.453300000000000000e+04
2.454600000000000000e+04
2.459900000000000000e+04
2.460100000000000000e+04
2.462600000000000000e+04
2.464100000000000000e+04
2.464500000000000000e+04
2.465300000000000000e+04
2.466300000000000000e+04
2.466500000000000000e+04
2.467800000000000000e+04
2.469900000000000000e+04
2.470400000000000000e+04
2.480600000000000000e+04
2.481000000000000000e+04
2.481300000000000000e+04
2.482100000000000000e+04
2.483100000000000000e+04
2.483500000000000000e+04
2.485500000000000000e+04
2.486700000000000000e+04
2.489200000000000000e+04
2.489800000000000000e+04
2.491200000000000000e+04
2.491900000000000000e+04
2.494900000000000000e+04
2.495900000000000000e+04
2.496200000000000000e+04
2.496400000000000000e+04
2.496800000000000000e+04
2.496900000000000000e+04
2.497100000000000000e+04
2.497800000000000000e+04
2.498100000000000000e+04
2.498900000000000000e+04
2.499100000000000000e+04
2.500400000000000000e+04
2.502700000000000000e+04
2.508400000000000000e+04
2.516000000000000000e+04
2.516800000000000000e+04
2.517300000000000000e+04
2.517900000000000000e+04
2.518700000000000000e+04
2.519300000000000000e+04
2.520900000000000000e+04
2.521000000000000000e+04
2.521400000000000000e+04
2.522000000000000000e+04
2.522600000000000000e+04
2.522900000000000000e+04
2.529100000000000000e+04
2.529300000000000000e+04
2.531100000000000000e+04
2.531500000000000000e+04
2.531900000000000000e+04
2.533300000000000000e+04
2.533500000000000000e+04
2.533800000000000000e+04
2.537700000000000000e+04
2.541200000000000000e+04
2.541600000000000000e+04
2.544300000000000000e+04
2.544600000000000000e+04
2.546000000000000000e+04
2.547900000000000000e+04
2.548800000000000000e+04
2.549300000000000000e+04
2.549700000000000000e+04
2.549900000000000000e+04
2.551300000000000000e+04
2.551600000000000000e+04
2.551700000000000000e+04
2.551800000000000000e+04
2.553600000000000000e+04
2.554000000000000000e+04
2.556400000000000000e+04
2.556600000000000000e+04
2.556900000000000000e+04
2.557000000000000000e+04
2.560200000000000000e+04
2.561000000000000000e+04
2.562500000000000000e+04
2.563500000000000000e+04
2.563700000000000000e+04
2.564600000000000000e+04
2.564700000000000000e+04
2.565000000000000000e+04
2.565500000000000000e+04
2.565600000000000000e+04
2.565700000000000000e+04
2.566700000000000000e+04
2.567700000000000000e+04
2.567900000000000000e+04
2.568000000000000000e+04
2.568400000000000000e+04
2.571100000000000000e+04
2.571300000000000000e+04
2.571700000000000000e+04
2.571800000000000000e+04
2.572700000000000000e+04
2.573300000000000000e+04
2.574500000000000000e+04
2.581800000000000000e+04
2.583700000000000000e+04
2.585000000000000000e+04
2.585500000000000000e+04
2.588000000000000000e+04
2.588500000000000000e+04
2.589300000000000000e+04
2.592000000000000000e+04
2.592200000000000000e+04
2.592400000000000000e+04
2.592900000000000000e+04
2.593800000000000000e+04
2.598400000000000000e+04
2.598700000000000000e+04
2.599000000000000000e+04
2.601200000000000000e+04
2.602300000000000000e+04
2.603300000000000000e+04
2.604200000000000000e+04
2.605300000000000000e+04
2.605500000000000000e+04
2.606400000000000000e+04
2.607500000000000000e+04
2.611700000000000000e+04
2.615400000000000000e+04
2.616200000000000000e+04
2.618400000000000000e+04
2.628200000000000000e+04
2.631900000000000000e+04
2.634100000000000000e+04
2.634600000000000000e+04
2.635800000000000000e+04
2.651500000000000000e+04
2.654400000000000000e+04
2.657400000000000000e+04
2.658500000000000000e+04
2.658800000000000000e+04
2.659300000000000000e+04
2.660000000000000000e+04
2.664300000000000000e+04
2.669100000000000000e+04
2.670500000000000000e+04
2.675400000000000000e+04
2.678900000000000000e+04
2.679000000000000000e+04
2.685800000000000000e+04
2.686500000000000000e+04
2.686900000000000000e+04
2.688700000000000000e+04
2.689500000000000000e+04
2.690200000000000000e+04
2.690600000000000000e+04
2.691600000000000000e+04
2.696000000000000000e+04
2.696100000000000000e+04
2.700000000000000000e+04
2.702800000000000000e+04
2.704200000000000000e+04
2.706700000000000000e+04
2.707700000000000000e+04
2.707800000000000000e+04
2.711400000000000000e+04
2.713300000000000000e+04
2.715300000000000000e+04
2.716600000000000000e+04
2.721600000000000000e+04
2.722900000000000000e+04
2.724300000000000000e+04
2.724400000000000000e+04
2.724900000000000000e+04
2.726300000000000000e+04
2.728900000000000000e+04
2.729700000000000000e+04
2.734100000000000000e+04
2.738500000000000000e+04
2.738600000000000000e+04
2.743200000000000000e+04
2.743500000000000000e+04
2.746100000000000000e+04
2.747200000000000000e+04
2.751000000000000000e+04
2.751100000000000000e+04
2.752800000000000000e+04
2.755800000000000000e+04
2.756800000000000000e+04
2.757100000000000000e+04
2.761400000000000000e+04
2.762300000000000000e+04
2.763600000000000000e+04
2.763900000000000000e+04
2.766600000000000000e+04
2.767000000000000000e+04
2.767800000000000000e+04
2.770000000000000000e+04
2.771400000000000000e+04
2.773700000000000000e+04
2.777500000000000000e+04
2.777700000000000000e+04
2.778500000000000000e+04
2.780800000000000000e+04
2.785200000000000000e+04
2.787000000000000000e+04
2.787900000000000000e+04
2.792500000000000000e+04
2.792700000000000000e+04
2.792900000000000000e+04
2.796000000000000000e+04
2.796200000000000000e+04
2.799600000000000000e+04
2.802900000000000000e+04
2.805000000000000000e+04
2.808700000000000000e+04
2.811300000000000000e+04
2.811500000000000000e+04
2.812000000000000000e+04
2.812200000000000000e+04
2.812400000000000000e+04
2.814900000000000000e+04
2.815200000000000000e+04
2.817900000000000000e+04
2.818000000000000000e+04
2.818400000000000000e+04
2.818500000000000000e+04
2.818800000000000000e+04
2.819100000000000000e+04
2.819200000000000000e+04
2.819900000000000000e+04
2.821800000000000000e+04
2.822100000000000000e+04
2.822200000000000000e+04
2.822700000000000000e+04
2.823100000000000000e+04
2.824200000000000000e+04
2.827600000000000000e+04
2.828200000000000000e+04
2.836100000000000000e+04
2.836700000000000000e+04
2.836900000000000000e+04
2.839300000000000000e+04
2.842700000000000000e+04
2.843400000000000000e+04
2.843700000000000000e+04
2.845300000000000000e+04
2.845600000000000000e+04
2.849700000000000000e+04
2.850800000000000000e+04
2.851200000000000000e+04
2.851800000000000000e+04
2.854600000000000000e+04
2.854800000000000000e+04
2.855300000000000000e+04
2.855700000000000000e+04
2.856000000000000000e+04
2.856400000000000000e+04
2.859800000000000000e+04
2.860000000000000000e+04
2.860300000000000000e+04
2.861700000000000000e+04
2.863900000000000000e+04
2.868600000000000000e+04
2.869300000000000000e+04
2.869900000000000000e+04
2.870900000000000000e+04
2.875000000000000000e+04
2.875200000000000000e+04
2.875900000000000000e+04
2.876000000000000000e+04
2.876300000000000000e+04
2.876500000000000000e+04
2.878300000000000000e+04
2.879600000000000000e+04
2.880100000000000000e+04
2.883600000000000000e+04
2.889300000000000000e+04
2.890600000000000000e+04
2.891300000000000000e+04
2.891600000000000000e+04
2.893800000000000000e+04
2.895500000000000000e+04
2.898800000000000000e+04
2.900200000000000000e+04
2.900900000000000000e+04
2.901000000000000000e+04
2.901100000000000000e+04
2.901200000000000000e+04
2.901500000000000000e+04
2.902400000000000000e+04
2.903900000000000000e+04
2.904500000000000000e+04
2.904800000000000000e+04
2.907300000000000000e+04
2.907700000000000000e+04
2.910100000000000000e+04
2.910700000000000000e+04
2.911000000000000000e+04
2.912600000000000000e+04
2.913600000000000000e+04
2.914100000000000000e+04
2.914500000000000000e+04
2.917200000000000000e+04
2.918900000000000000e+04
2.920700000000000000e+04
2.922300000000000000e+04
2.923300000000000000e+04
2.926900000000000000e+04
2.927400000000000000e+04
2.928700000000000000e+04
2.931900000000000000e+04
2.932400000000000000e+04
2.932500000000000000e+04
2.932700000000000000e+04
2.933200000000000000e+04
2.934200000000000000e+04
2.936800000000000000e+04
2.937300000000000000e+04
2.939500000000000000e+04
2.940000000000000000e+04
2.940200000000000000e+04
2.940300000000000000e+04
2.940700000000000000e+04
2.941100000000000000e+04
2.943500000000000000e+04
2.943700000000000000e+04
2.944700000000000000e+04
2.946700000000000000e+04
2.946900000000000000e+04
2.950100000000000000e+04
2.951200000000000000e+04
2.952300000000000000e+04
2.952700000000000000e+04
2.952900000000000000e+04
2.953200000000000000e+04
2.955000000000000000e+04
2.955100000000000000e+04
2.955500000000000000e+04
2.955600000000000000e+04
2.955900000000000000e+04
2.957800000000000000e+04
2.958900000000000000e+04
2.960500000000000000e+04
2.961400000000000000e+04
2.963200000000000000e+04
2.963300000000000000e+04
2.964300000000000000e+04
2.967400000000000000e+04
2.967900000000000000e+04
2.968000000000000000e+04
2.969600000000000000e+04
2.970600000000000000e+04
2.971200000000000000e+04
2.971300000000000000e+04
2.971800000000000000e+04
2.974300000000000000e+04
2.979200000000000000e+04
2.982500000000000000e+04
2.984600000000000000e+04
2.985500000000000000e+04
2.986300000000000000e+04
2.988900000000000000e+04
2.990200000000000000e+04
2.990900000000000000e+04
2.991300000000000000e+04
2.991700000000000000e+04
2.992200000000000000e+04
2.992400000000000000e+04
2.992700000000000000e+04
2.994600000000000000e+04
2.995000000000000000e+04
2.995100000000000000e+04
2.996400000000000000e+04
2.998600000000000000e+04
2.998900000000000000e+04
2.999300000000000000e+04
2.999600000000000000e+04
3.000800000000000000e+04
3.001500000000000000e+04
3.013200000000000000e+04
3.013900000000000000e+04
3.018600000000000000e+04
3.018900000000000000e+04
3.022700000000000000e+04
3.025500000000000000e+04
3.025700000000000000e+04
3.025800000000000000e+04
3.025900000000000000e+04
3.026000000000000000e+04
3.026200000000000000e+04
3.028500000000000000e+04
3.031300000000000000e+04
3.032400000000000000e+04
3.032800000000000000e+04
3.035700000000000000e+04
3.036200000000000000e+04
3.040300000000000000e+04
3.040600000000000000e+04
3.043000000000000000e+04
3.043300000000000000e+04
3.046300000000000000e+04
3.046600000000000000e+04
3.047800000000000000e+04
3.050900000000000000e+04
3.051000000000000000e+04
3.051200000000000000e+04
3.052700000000000000e+04
3.055300000000000000e+04
3.058700000000000000e+04
3.059000000000000000e+04
3.064500000000000000e+04
3.064600000000000000e+04
3.065000000000000000e+04
3.065600000000000000e+04
3.067300000000000000e+04
3.074800000000000000e+04
3.076000000000000000e+04
3.076100000000000000e+04
3.079500000000000000e+04
3.079700000000000000e+04
3.080600000000000000e+04
3.080900000000000000e+04
3.081100000000000000e+04
3.081200000000000000e+04
3.082500000000000000e+04
3.085500000000000000e+04
3.085700000000000000e+04
3.086100000000000000e+04
3.086200000000000000e+04
3.086300000000000000e+04
3.086500000000000000e+04
3.086600000000000000e+04
3.086900000000000000e+04
3.087000000000000000e+04
3.090200000000000000e+04
3.092700000000000000e+04
3.092800000000000000e+04
3.095800000000000000e+04
3.097000000000000000e+04
3.099700000000000000e+04
3.100500000000000000e+04
3.101300000000000000e+04
3.101400000000000000e+04
3.101500000000000000e+04
3.102000000000000000e+04
3.102200000000000000e+04
3.102800000000000000e+04
3.105400000000000000e+04
3.106200000000000000e+04
3.109400000000000000e+04
3.116000000000000000e+04
3.117600000000000000e+04
3.119200000000000000e+04
3.120000000000000000e+04
3.121300000000000000e+04
3.121600000000000000e+04
3.122000000000000000e+04
3.122100000000000000e+04
3.122200000000000000e+04
3.122400000000000000e+04
3.123200000000000000e+04
3.123800000000000000e+04
3.124300000000000000e+04
3.126100000000000000e+04
3.126200000000000000e+04
3.126400000000000000e+04
3.127300000000000000e+04
3.127900000000000000e+04
3.128100000000000000e+04
3.131400000000000000e+04
3.133000000000000000e+04
3.135300000000000000e+04
3.135800000000000000e+04
3.136100000000000000e+04
3.139400000000000000e+04
3.144000000000000000e+04
3.146100000000000000e+04
3.147600000000000000e+04
3.149900000000000000e+04
3.153000000000000000e+04
3.153300000000000000e+04
3.156400000000000000e+04
3.159600000000000000e+04
3.166400000000000000e+04
3.166600000000000000e+04
3.169400000000000000e+04
3.169500000000000000e+04
3.172200000000000000e+04
3.173200000000000000e+04
3.173700000000000000e+04
3.176600000000000000e+04
3.177300000000000000e+04
3.177800000000000000e+04
3.177900000000000000e+04
3.178700000000000000e+04
3.181500000000000000e+04
3.184300000000000000e+04
3.184500000000000000e+04
3.184700000000000000e+04
3.185900000000000000e+04
3.186000000000000000e+04
3.186700000000000000e+04
3.191400000000000000e+04
3.200800000000000000e+04
3.200900000000000000e+04
3.202700000000000000e+04
3.203700000000000000e+04
3.204100000000000000e+04
3.205400000000000000e+04
3.206400000000000000e+04
3.209400000000000000e+04
3.210000000000000000e+04
3.215900000000000000e+04
3.218300000000000000e+04
3.218500000000000000e+04
3.222400000000000000e+04
3.225100000000000000e+04
3.225400000000000000e+04
3.225800000000000000e+04
3.230500000000000000e+04
3.231900000000000000e+04
3.232300000000000000e+04
3.232400000000000000e+04
3.235800000000000000e+04
3.240200000000000000e+04
3.240300000000000000e+04
3.240400000000000000e+04
3.241100000000000000e+04
3.248500000000000000e+04
3.259100000000000000e+04
3.259800000000000000e+04
3.259900000000000000e+04
3.260400000000000000e+04
3.261900000000000000e+04
3.265100000000000000e+04
3.266900000000000000e+04
3.268100000000000000e+04
3.271200000000000000e+04
3.271700000000000000e+04
3.273800000000000000e+04
3.275400000000000000e+04
3.276900000000000000e+04
3.277900000000000000e+04
3.281600000000000000e+04
3.283100000000000000e+04
3.286800000000000000e+04
3.286900000000000000e+04
3.287400000000000000e+04
3.288700000000000000e+04
3.289900000000000000e+04
3.291700000000000000e+04
3.293100000000000000e+04
3.295100000000000000e+04
3.296600000000000000e+04
3.296700000000000000e+04
3.297100000000000000e+04
3.300300000000000000e+04
3.301200000000000000e+04
3.302400000000000000e+04
3.304000000000000000e+04
3.304700000000000000e+04
3.305600000000000000e+04
3.313100000000000000e+04
3.313200000000000000e+04
3.314600000000000000e+04
3.316500000000000000e+04
3.317400000000000000e+04
3.317900000000000000e+04
3.320400000000000000e+04
3.322400000000000000e+04
3.322500000000000000e+04
3.322900000000000000e+04
3.325000000000000000e+04
3.325100000000000000e+04
3.325200000000000000e+04
3.325500000000000000e+04
3.334300000000000000e+04
3.340700000000000000e+04
3.341500000000000000e+04
3.343900000000000000e+04
3.344700000000000000e+04
3.347600000000000000e+04
3.349300000000000000e+04
3.350300000000000000e+04
3.350400000000000000e+04
3.353700000000000000e+04
3.355500000000000000e+04
3.356400000000000000e+04
3.357700000000000000e+04
3.359300000000000000e+04
3.359400000000000000e+04
3.360900000000000000e+04
3.361300000000000000e+04
3.361700000000000000e+04
3.361800000000000000e+04
3.366200000000000000e+04
3.369100000000000000e+04
3.373100000000000000e+04
3.373200000000000000e+04
3.374700000000000000e+04
3.376400000000000000e+04
3.376900000000000000e+04
3.379000000000000000e+04
3.380700000000000000e+04
3.380800000000000000e+04
3.381800000000000000e+04
3.383200000000000000e+04
3.386100000000000000e+04
3.389600000000000000e+04
3.390000000000000000e+04
3.390800000000000000e+04
3.391000000000000000e+04
3.397500000000000000e+04
3.398000000000000000e+04
3.400600000000000000e+04
3.401100000000000000e+04
3.401400000000000000e+04
3.404600000000000000e+04
3.407800000000000000e+04
3.412800000000000000e+04
3.413600000000000000e+04
3.415400000000000000e+04
3.418000000000000000e+04
3.419400000000000000e+04
3.419800000000000000e+04
3.420400000000000000e+04
3.424800000000000000e+04
3.426500000000000000e+04
3.427300000000000000e+04
3.429200000000000000e+04
3.429800000000000000e+04
3.433400000000000000e+04
3.439000000000000000e+04
3.439500000000000000e+04
3.440600000000000000e+04
3.441800000000000000e+04
3.444100000000000000e+04
3.445900000000000000e+04
3.447400000000000000e+04
3.448300000000000000e+04
3.448400000000000000e+04
3.451700000000000000e+04
3.458300000000000000e+04
3.460100000000000000e+04
3.460600000000000000e+04
3.461700000000000000e+04
3.462700000000000000e+04
3.464900000000000000e+04
3.465100000000000000e+04
3.465400000000000000e+04
3.465600000000000000e+04
3.466900000000000000e+04
3.468600000000000000e+04
3.471300000000000000e+04
3.472000000000000000e+04
3.473700000000000000e+04
3.474200000000000000e+04
3.474900000000000000e+04
3.477400000000000000e+04
3.484100000000000000e+04
3.484300000000000000e+04
3.485800000000000000e+04
3.486000000000000000e+04
3.486300000000000000e+04
3.487000000000000000e+04
3.491700000000000000e+04
3.493500000000000000e+04
3.494900000000000000e+04
3.496300000000000000e+04
3.496400000000000000e+04
3.498000000000000000e+04
3.500800000000000000e+04
3.504500000000000000e+04
3.504700000000000000e+04
3.506500000000000000e+04
3.509500000000000000e+04
3.514800000000000000e+04
3.519000000000000000e+04
3.520300000000000000e+04
3.521900000000000000e+04
3.522700000000000000e+04
3.523900000000000000e+04
3.525500000000000000e+04
3.526900000000000000e+04
3.527500000000000000e+04
3.529700000000000000e+04
3.529800000000000000e+04
3.531000000000000000e+04
3.531700000000000000e+04
3.532800000000000000e+04
3.533100000000000000e+04
3.534700000000000000e+04
3.537600000000000000e+04
3.539000000000000000e+04
3.541700000000000000e+04
3.550500000000000000e+04
3.560200000000000000e+04
3.560400000000000000e+04
3.560600000000000000e+04
3.561500000000000000e+04
3.561700000000000000e+04
3.562100000000000000e+04
3.562200000000000000e+04
3.565500000000000000e+04
3.567200000000000000e+04
3.568400000000000000e+04
3.568700000000000000e+04
3.569100000000000000e+04
3.570200000000000000e+04
3.571500000000000000e+04
3.571900000000000000e+04
3.572000000000000000e+04
3.573600000000000000e+04
3.576000000000000000e+04
3.576200000000000000e+04
3.581300000000000000e+04
3.584200000000000000e+04
3.584300000000000000e+04
3.584400000000000000e+04
3.584900000000000000e+04
3.585500000000000000e+04
3.586600000000000000e+04
3.590000000000000000e+04
3.590600000000000000e+04
3.593500000000000000e+04
3.595200000000000000e+04
3.599600000000000000e+04
3.599700000000000000e+04
3.600700000000000000e+04
3.603800000000000000e+04
3.606800000000000000e+04
3.611000000000000000e+04
3.614100000000000000e+04
3.616500000000000000e+04
3.616900000000000000e+04
3.619800000000000000e+04
3.627200000000000000e+04
3.628500000000000000e+04
3.639700000000000000e+04
3.642400000000000000e+04
3.644600000000000000e+04
3.646900000000000000e+04
3.650600000000000000e+04
3.657400000000000000e+04
3.658100000000000000e+04
3.659100000000000000e+04
3.659400000000000000e+04
3.661600000000000000e+04
3.662600000000000000e+04
3.665200000000000000e+04
3.665400000000000000e+04
3.665800000000000000e+04
3.668600000000000000e+04
3.669000000000000000e+04
3.672700000000000000e+04
3.673100000000000000e+04
3.673400000000000000e+04
3.674600000000000000e+04
3.683000000000000000e+04
3.683900000000000000e+04
3.684000000000000000e+04
3.684500000000000000e+04
3.685600000000000000e+04
3.686300000000000000e+04
3.686900000000000000e+04
3.688900000000000000e+04
3.691500000000000000e+04
3.694200000000000000e+04
3.694800000000000000e+04
3.697700000000000000e+04
3.702500000000000000e+04
3.702600000000000000e+04
3.703500000000000000e+04
3.707500000000000000e+04
3.707600000000000000e+04
3.707700000000000000e+04
3.707900000000000000e+04
3.709500000000000000e+04
3.709800000000000000e+04
3.710400000000000000e+04
3.710700000000000000e+04
3.714500000000000000e+04
3.714700000000000000e+04
3.715800000000000000e+04
3.718400000000000000e+04
3.719600000000000000e+04
3.719700000000000000e+04
3.722600000000000000e+04
3.723900000000000000e+04
3.728800000000000000e+04
3.729900000000000000e+04
3.734400000000000000e+04
3.734700000000000000e+04
3.735400000000000000e+04
3.738200000000000000e+04
3.741200000000000000e+04
3.744100000000000000e+04
3.746000000000000000e+04
3.747600000000000000e+04
3.749600000000000000e+04
3.751600000000000000e+04
3.754600000000000000e+04
3.755400000000000000e+04
3.756000000000000000e+04
3.756800000000000000e+04
3.757500000000000000e+04
3.760300000000000000e+04
3.762400000000000000e+04
3.762600000000000000e+04
3.763300000000000000e+04
3.764000000000000000e+04
3.764800000000000000e+04
3.765100000000000000e+04
3.771600000000000000e+04
3.774500000000000000e+04
3.775100000000000000e+04
3.776600000000000000e+04
3.776900000000000000e+04
3.777000000000000000e+04
3.778200000000000000e+04
3.778400000000000000e+04
3.778700000000000000e+04
3.781100000000000000e+04
3.785500000000000000e+04
3.785800000000000000e+04
3.786500000000000000e+04
3.787000000000000000e+04
3.791900000000000000e+04
3.792200000000000000e+04
3.794300000000000000e+04
3.797400000000000000e+04
3.798900000000000000e+04
3.803000000000000000e+04
3.803400000000000000e+04
3.808400000000000000e+04
3.811300000000000000e+04
3.812500000000000000e+04
3.822200000000000000e+04
3.822600000000000000e+04
3.823100000000000000e+04
3.823900000000000000e+04
3.824300000000000000e+04
3.824400000000000000e+04
3.824500000000000000e+04
3.824700000000000000e+04
3.827900000000000000e+04
3.832200000000000000e+04
3.832300000000000000e+04
3.837400000000000000e+04
3.837600000000000000e+04
3.838500000000000000e+04
3.839900000000000000e+04
3.840300000000000000e+04
3.841400000000000000e+04
3.843600000000000000e+04
3.844600000000000000e+04
3.845400000000000000e+04
3.845600000000000000e+04
3.845900000000000000e+04
3.846500000000000000e+04
3.849500000000000000e+04
3.852400000000000000e+04
3.856300000000000000e+04
3.863000000000000000e+04
3.863300000000000000e+04
3.865800000000000000e+04
3.867000000000000000e+04
3.870800000000000000e+04
3.871500000000000000e+04
3.875800000000000000e+04
3.881300000000000000e+04
3.883100000000000000e+04
3.883900000000000000e+04
3.885600000000000000e+04
3.890100000000000000e+04
3.893000000000000000e+04
3.893600000000000000e+04
3.893700000000000000e+04
3.896400000000000000e+04
3.897700000000000000e+04
3.899900000000000000e+04
3.900100000000000000e+04
3.900400000000000000e+04
3.902700000000000000e+04
3.903000000000000000e+04
3.904300000000000000e+04
3.906000000000000000e+04
3.907900000000000000e+04
3.909900000000000000e+04
3.910600000000000000e+04
3.911600000000000000e+04
3.912900000000000000e+04
3.913700000000000000e+04
3.915800000000000000e+04
3.920300000000000000e+04
3.921700000000000000e+04
3.921800000000000000e+04
3.922600000000000000e+04
3.923300000000000000e+04
3.925300000000000000e+04
3.926400000000000000e+04
3.926500000000000000e+04
3.929300000000000000e+04
3.933300000000000000e+04
3.934600000000000000e+04
3.935200000000000000e+04
3.935600000000000000e+04
3.936500000000000000e+04
3.937400000000000000e+04
3.939200000000000000e+04
3.940700000000000000e+04
3.944700000000000000e+04
3.946000000000000000e+04
3.950200000000000000e+04
3.951500000000000000e+04
3.951700000000000000e+04
3.952000000000000000e+04
3.952800000000000000e+04
3.956000000000000000e+04
3.957500000000000000e+04
3.958600000000000000e+04
3.959100000000000000e+04
3.960400000000000000e+04
3.960600000000000000e+04
3.961200000000000000e+04
3.964300000000000000e+04
3.965200000000000000e+04
3.966600000000000000e+04
3.967500000000000000e+04
3.970000000000000000e+04
3.971100000000000000e+04
3.976600000000000000e+04
3.976700000000000000e+04
3.979700000000000000e+04
3.985400000000000000e+04
3.988000000000000000e+04
3.988200000000000000e+04
3.989500000000000000e+04
3.990100000000000000e+04
3.993700000000000000e+04
3.996800000000000000e+04
3.997700000000000000e+04
4.000200000000000000e+04
4.003900000000000000e+04
4.004000000000000000e+04
4.004800000000000000e+04
4.005300000000000000e+04
4.006700000000000000e+04
4.007400000000000000e+04
4.014200000000000000e+04
4.014400000000000000e+04
4.014600000000000000e+04
4.020100000000000000e+04
4.020200000000000000e+04
4.026800000000000000e+04
4.027900000000000000e+04
4.028500000000000000e+04
4.029000000000000000e+04
4.030000000000000000e+04
4.030600000000000000e+04
4.034800000000000000e+04
4.036200000000000000e+04
4.038000000000000000e+04
4.038800000000000000e+04
4.040300000000000000e+04
4.040400000000000000e+04
4.045200000000000000e+04
4.048400000000000000e+04
4.048800000000000000e+04
4.050400000000000000e+04
4.052600000000000000e+04
4.052800000000000000e+04
4.052900000000000000e+04
4.053400000000000000e+04
4.054700000000000000e+04
4.054800000000000000e+04
4.055300000000000000e+04
4.058000000000000000e+04
4.059700000000000000e+04
4.060300000000000000e+04
4.065400000000000000e+04
4.070400000000000000e+04
4.077300000000000000e+04
4.080200000000000000e+04
4.083400000000000000e+04
4.087400000000000000e+04
4.087700000000000000e+04
4.089100000000000000e+04
4.089600000000000000e+04
4.091200000000000000e+04
4.091800000000000000e+04
4.092600000000000000e+04
4.097800000000000000e+04
4.098300000000000000e+04
4.098700000000000000e+04
4.098900000000000000e+04
4.100000000000000000e+04
4.101300000000000000e+04
4.101400000000000000e+04
4.101600000000000000e+04
4.101700000000000000e+04
4.102200000000000000e+04
4.104100000000000000e+04
4.104300000000000000e+04
4.105200000000000000e+04
4.106100000000000000e+04
4.106400000000000000e+04
4.108600000000000000e+04
4.115200000000000000e+04
4.116900000000000000e+04
4.117300000000000000e+04
4.118500000000000000e+04
4.120100000000000000e+04
4.120200000000000000e+04
4.120600000000000000e+04
4.121000000000000000e+04
4.121300000000000000e+04
4.122400000000000000e+04
4.127200000000000000e+04
4.127900000000000000e+04
4.128900000000000000e+04
4.129200000000000000e+04
4.130000000000000000e+04
4.134100000000000000e+04
4.134200000000000000e+04
4.135400000000000000e+04
4.135800000000000000e+04
4.136300000000000000e+04
4.136400000000000000e+04
4.137300000000000000e+04
4.137700000000000000e+04
4.139000000000000000e+04
4.140600000000000000e+04
4.141900000000000000e+04
4.145400000000000000e+04
4.145500000000000000e+04
4.146200000000000000e+04
4.147600000000000000e+04
4.147800000000000000e+04
4.149200000000000000e+04
4.149300000000000000e+04
4.149700000000000000e+04
4.152800000000000000e+04
4.154000000000000000e+04
4.157600000000000000e+04
4.157900000000000000e+04
4.160400000000000000e+04
4.161200000000000000e+04
4.161300000000000000e+04
4.162100000000000000e+04
4.162200000000000000e+04
4.163000000000000000e+04
4.163200000000000000e+04
4.165400000000000000e+04
4.166200000000000000e+04
4.168400000000000000e+04
4.168800000000000000e+04
4.170300000000000000e+04
4.170900000000000000e+04
4.172400000000000000e+04
4.174200000000000000e+04
4.174700000000000000e+04
4.179000000000000000e+04
4.179200000000000000e+04
4.180100000000000000e+04
4.180200000000000000e+04
4.180800000000000000e+04
4.187100000000000000e+04
4.189100000000000000e+04
4.191400000000000000e+04
4.191600000000000000e+04
4.196500000000000000e+04
4.198800000000000000e+04
4.203400000000000000e+04
4.204700000000000000e+04
4.213400000000000000e+04
4.218200000000000000e+04
4.218400000000000000e+04
4.220200000000000000e+04
4.220300000000000000e+04
4.221500000000000000e+04
4.223600000000000000e+04
4.223700000000000000e+04
4.229000000000000000e+04
4.232500000000000000e+04
4.232800000000000000e+04
4.234500000000000000e+04
4.235500000000000000e+04
4.237000000000000000e+04
4.238400000000000000e+04
4.240600000000000000e+04
4.241200000000000000e+04
4.243500000000000000e+04
4.243700000000000000e+04
4.245800000000000000e+04
4.246200000000000000e+04
4.251900000000000000e+04
4.253700000000000000e+04
4.254200000000000000e+04
4.255300000000000000e+04
4.257700000000000000e+04
4.258800000000000000e+04
4.259300000000000000e+04
4.259500000000000000e+04
4.260600000000000000e+04
4.262100000000000000e+04
4.264600000000000000e+04
4.264800000000000000e+04
4.265000000000000000e+04
4.269800000000000000e+04
4.274000000000000000e+04
4.276400000000000000e+04
4.278800000000000000e+04
4.278900000000000000e+04
4.281400000000000000e+04
4.281500000000000000e+04
4.283700000000000000e+04
4.284100000000000000e+04
4.285200000000000000e+04
4.287400000000000000e+04
4.292400000000000000e+04
4.295300000000000000e+04
4.302400000000000000e+04
4.303600000000000000e+04
4.306300000000000000e+04
4.307700000000000000e+04
4.308700000000000000e+04
4.309600000000000000e+04
4.313100000000000000e+04
4.314400000000000000e+04
4.314500000000000000e+04
4.314600000000000000e+04
4.316900000000000000e+04
4.317100000000000000e+04
4.319900000000000000e+04
4.321500000000000000e+04
4.321700000000000000e+04
4.322000000000000000e+04
4.325300000000000000e+04
4.325700000000000000e+04
4.328000000000000000e+04
4.329800000000000000e+04
4.334500000000000000e+04
4.336400000000000000e+04
4.337100000000000000e+04
4.338700000000000000e+04
4.341300000000000000e+04
4.344200000000000000e+04
4.345400000000000000e+04
4.345800000000000000e+04
4.348400000000000000e+04
4.348500000000000000e+04
4.349700000000000000e+04
4.351700000000000000e+04
4.355100000000000000e+04
4.355400000000000000e+04
4.355500000000000000e+04
4.359600000000000000e+04
4.359700000000000000e+04
4.360100000000000000e+04
4.360900000000000000e+04
4.364500000000000000e+04
4.365200000000000000e+04
4.365800000000000000e+04
4.367200000000000000e+04
4.369900000000000000e+04
4.370000000000000000e+04
4.370600000000000000e+04
4.371300000000000000e+04
4.371800000000000000e+04
4.374600000000000000e+04
4.377200000000000000e+04
4.378200000000000000e+04
4.378600000000000000e+04
4.380900000000000000e+04
4.381900000000000000e+04
4.383700000000000000e+04
4.385000000000000000e+04
4.385900000000000000e+04
4.388100000000000000e+04
4.390000000000000000e+04
4.390600000000000000e+04
4.392900000000000000e+04
4.396300000000000000e+04
4.396400000000000000e+04
4.398600000000000000e+04
4.399800000000000000e+04
4.401600000000000000e+04
4.404500000000000000e+04
4.404600000000000000e+04
4.407600000000000000e+04
4.407700000000000000e+04
4.407800000000000000e+04
4.411500000000000000e+04
4.412500000000000000e+04
4.418000000000000000e+04
4.418100000000000000e+04
4.419000000000000000e+04
4.421600000000000000e+04
4.423100000000000000e+04
4.425800000000000000e+04
4.426900000000000000e+04
4.427000000000000000e+04
4.429900000000000000e+04
4.430700000000000000e+04
4.430800000000000000e+04
4.431000000000000000e+04
4.431200000000000000e+04
4.431800000000000000e+04
4.432900000000000000e+04
4.433100000000000000e+04
4.435900000000000000e+04
4.436300000000000000e+04
4.437600000000000000e+04
4.437800000000000000e+04
4.438200000000000000e+04
4.438700000000000000e+04
4.439900000000000000e+04
4.441500000000000000e+04
4.441600000000000000e+04
4.444700000000000000e+04
4.445000000000000000e+04
4.445300000000000000e+04
4.448200000000000000e+04
4.450300000000000000e+04
4.452200000000000000e+04
4.452700000000000000e+04
4.452800000000000000e+04
4.454100000000000000e+04
4.456900000000000000e+04
4.459700000000000000e+04
4.462100000000000000e+04
4.466300000000000000e+04
4.466900000000000000e+04
4.468800000000000000e+04
4.470700000000000000e+04
4.473300000000000000e+04
4.474000000000000000e+04
4.474100000000000000e+04
4.474800000000000000e+04
4.475500000000000000e+04
4.476300000000000000e+04
4.478400000000000000e+04
4.478800000000000000e+04
4.480200000000000000e+04
4.480800000000000000e+04
4.484700000000000000e+04
4.486000000000000000e+04
4.487000000000000000e+04
4.491200000000000000e+04
4.494100000000000000e+04
4.497100000000000000e+04
4.506200000000000000e+04
4.506400000000000000e+04
4.507200000000000000e+04
4.507400000000000000e+04
4.508100000000000000e+04
4.508200000000000000e+04
4.511800000000000000e+04
4.512000000000000000e+04
4.513000000000000000e+04
4.517000000000000000e+04
4.519900000000000000e+04
4.520800000000000000e+04
4.523400000000000000e+04
4.526700000000000000e+04
4.527000000000000000e+04
4.527100000000000000e+04
4.527900000000000000e+04
4.528300000000000000e+04
4.528400000000000000e+04
4.529600000000000000e+04
4.531000000000000000e+04
4.531900000000000000e+04
4.539500000000000000e+04
4.544300000000000000e+04
4.545300000000000000e+04
4.545600000000000000e+04
4.546900000000000000e+04
4.547000000000000000e+04
4.552800000000000000e+04
4.555500000000000000e+04
4.555900000000000000e+04
4.556000000000000000e+04
4.560200000000000000e+04
4.562000000000000000e+04
4.566000000000000000e+04
4.577200000000000000e+04
4.579600000000000000e+04
4.580100000000000000e+04
4.580700000000000000e+04
4.581700000000000000e+04
4.581800000000000000e+04
4.581900000000000000e+04
4.588000000000000000e+04
4.588800000000000000e+04
4.589100000000000000e+04
4.593300000000000000e+04
4.593400000000000000e+04
4.594400000000000000e+04
4.596300000000000000e+04
4.599200000000000000e+04
4.602100000000000000e+04
4.603800000000000000e+04
4.603900000000000000e+04
4.605700000000000000e+04
4.608800000000000000e+04
4.609200000000000000e+04
4.609700000000000000e+04
4.610400000000000000e+04
4.610900000000000000e+04
4.611400000000000000e+04
4.612700000000000000e+04
4.614700000000000000e+04
4.615000000000000000e+04
4.617400000000000000e+04
4.617500000000000000e+04
4.617800000000000000e+04
4.620100000000000000e+04
4.620900000000000000e+04
4.621000000000000000e+04
4.621500000000000000e+04
4.622300000000000000e+04
4.624700000000000000e+04
4.624800000000000000e+04
4.626200000000000000e+04
4.626300000000000000e+04
4.630000000000000000e+04
4.630100000000000000e+04
4.631500000000000000e+04
4.632800000000000000e+04
4.634000000000000000e+04
4.634200000000000000e+04
4.635900000000000000e+04
4.636300000000000000e+04
4.645400000000000000e+04
4.647500000000000000e+04
4.650900000000000000e+04
4.652800000000000000e+04
4.657100000000000000e+04
4.659600000000000000e+04
4.662700000000000000e+04
4.665100000000000000e+04
4.667300000000000000e+04
4.668500000000000000e+04
4.670400000000000000e+04
4.672900000000000000e+04
4.673300000000000000e+04
4.673700000000000000e+04
4.675500000000000000e+04
4.676700000000000000e+04
4.678800000000000000e+04
4.679200000000000000e+04
4.679800000000000000e+04
4.680300000000000000e+04
4.681500000000000000e+04
4.682400000000000000e+04
4.686600000000000000e+04
4.686800000000000000e+04
4.690800000000000000e+04
4.690900000000000000e+04
4.694200000000000000e+04
4.694800000000000000e+04
4.694900000000000000e+04
4.695000000000000000e+04
4.695400000000000000e+04
4.695500000000000000e+04
4.697800000000000000e+04
4.699800000000000000e+04
4.701400000000000000e+04
4.704300000000000000e+04
4.705100000000000000e+04
4.710000000000000000e+04
4.710200000000000000e+04
4.713200000000000000e+04
4.714500000000000000e+04
4.715600000000000000e+04
4.716100000000000000e+04
4.721300000000000000e+04
4.721800000000000000e+04
4.726600000000000000e+04
4.729500000000000000e+04
4.730700000000000000e+04
4.731600000000000000e+04
4.733100000000000000e+04
4.733700000000000000e+04
4.734400000000000000e+04
4.735000000000000000e+04
4.738200000000000000e+04
4.740100000000000000e+04
4.740400000000000000e+04
4.743600000000000000e+04
4.752300000000000000e+04
4.752400000000000000e+04
4.753900000000000000e+04
4.754400000000000000e+04
4.754900000000000000e+04
4.755200000000000000e+04
4.757500000000000000e+04
4.757700000000000000e+04
4.758600000000000000e+04
4.758700000000000000e+04
4.758800000000000000e+04
4.763300000000000000e+04
4.769800000000000000e+04
4.772300000000000000e+04
4.774500000000000000e+04
4.776200000000000000e+04
4.777400000000000000e+04
4.781700000000000000e+04
4.781800000000000000e+04
4.782200000000000000e+04
4.784900000000000000e+04
4.786900000000000000e+04
4.789200000000000000e+04
4.789400000000000000e+04
4.789500000000000000e+04
4.795400000000000000e+04
4.798400000000000000e+04
4.800500000000000000e+04
4.801100000000000000e+04
4.802100000000000000e+04
4.802400000000000000e+04
4.803800000000000000e+04
4.804500000000000000e+04
4.806800000000000000e+04
4.807300000000000000e+04
4.807400000000000000e+04
4.808600000000000000e+04
4.813400000000000000e+04
4.813900000000000000e+04
4.814900000000000000e+04
4.815600000000000000e+04
4.819000000000000000e+04
4.823100000000000000e+04
4.823400000000000000e+04
4.823600000000000000e+04
4.823800000000000000e+04
4.824400000000000000e+04
4.826200000000000000e+04
4.830800000000000000e+04
4.831500000000000000e+04
4.833300000000000000e+04
