6.690000000000000000e+02
7.920000000000000000e+02
8.850000000000000000e+02
8.890000000000000000e+02
9.240000000000000000e+02
9.280000000000000000e+02
9.680000000000000000e+02
1.147000000000000000e+03
1.177000000000000000e+03
1.260000000000000000e+03
1.274000000000000000e+03
1.558000000000000000e+03
1.561000000000000000e+03
1.645000000000000000e+03
1.671000000000000000e+03
1.737000000000000000e+03
1.745000000000000000e+03
1.755000000000000000e+03
1.772000000000000000e+03
1.790000000000000000e+03
1.791000000000000000e+03
1.792000000000000000e+03
1.822000000000000000e+03
1.832000000000000000e+03
1.891000000000000000e+03
2.002000000000000000e+03
2.077000000000000000e+03
2.269000000000000000e+03
2.275000000000000000e+03
2.339000000000000000e+03
2.346000000000000000e+03
2.428000000000000000e+03
2.430000000000000000e+03
2.435000000000000000e+03
2.464000000000000000e+03
2.527000000000000000e+03
2.576000000000000000e+03
2.713000000000000000e+03
2.821000000000000000e+03
2.883000000000000000e+03
2.884000000000000000e+03
2.886000000000000000e+03
2.897000000000000000e+03
2.958000000000000000e+03
2.973000000000000000e+03
2.991000000000000000e+03
3.321000000000000000e+03
3.370000000000000000e+03
3.419000000000000000e+03
3.510000000000000000e+03
3.558000000000000000e+03
3.569000000000000000e+03
3.577000000000000000e+03
3.606000000000000000e+03
3.608000000000000000e+03
3.613000000000000000e+03
3.620000000000000000e+03
3.666000000000000000e+03
3.712000000000000000e+03
3.800000000000000000e+03
3.802000000000000000e+03
3.815000000000000000e+03
3.827000000000000000e+03
3.888000000000000000e+03
3.948000000000000000e+03
3.972000000000000000e+03
3.975000000000000000e+03
3.978000000000000000e+03
4.002000000000000000e+03
4.025000000000000000e+03
4.038000000000000000e+03
4.082000000000000000e+03
4.093000000000000000e+03
4.165000000000000000e+03
4.357000000000000000e+03
4.574000000000000000e+03
4.600000000000000000e+03
4.604000000000000000e+03
4.617000000000000000e+03
4.691000000000000000e+03
4.705000000000000000e+03
4.711000000000000000e+03
4.814000000000000000e+03
4.841000000000000000e+03
4.859000000000000000e+03
4.860000000000000000e+03
4.904000000000000000e+03
4.911000000000000000e+03
4.926000000000000000e+03
4.990000000000000000e+03
4.998000000000000000e+03
5.002000000000000000e+03
5.054000000000000000e+03
5.057000000000000000e+03
5.073000000000000000e+03
5.074000000000000000e+03
5.155000000000000000e+03
5.185000000000000000e+03
5.186000000000000000e+03
5.224000000000000000e+03
5.226000000000000000e+03
5.285000000000000000e+03
5.305000000000000000e+03
5.352000000000000000e+03
5.353000000000000000e+03
5.363000000000000000e+03
5.516000000000000000e+03
5.540000000000000000e+03
5.564000000000000000e+03
5.565000000000000000e+03
5.597000000000000000e+03
5.647000000000000000e+03
5.697000000000000000e+03
5.715000000000000000e+03
5.860000000000000000e+03
5.861000000000000000e+03
5.883000000000000000e+03
5.895000000000000000e+03
5.897000000000000000e+03
5.924000000000000000e+03
6.184000000000000000e+03
6.185000000000000000e+03
6.187000000000000000e+03
6.203000000000000000e+03
6.338000000000000000e+03
6.398000000000000000e+03
6.453000000000000000e+03
6.512000000000000000e+03
6.519000000000000000e+03
6.568000000000000000e+03
6.587000000000000000e+03
6.641000000000000000e+03
6.644000000000000000e+03
6.715000000000000000e+03
6.815000000000000000e+03
6.872000000000000000e+03
6.876000000000000000e+03
6.919000000000000000e+03
6.938000000000000000e+03
6.971000000000000000e+03
7.007000000000000000e+03
7.031000000000000000e+03
7.032000000000000000e+03
7.075000000000000000e+03
7.076000000000000000e+03
7.077000000000000000e+03
7.100000000000000000e+03
7.115000000000000000e+03
7.116000000000000000e+03
7.142000000000000000e+03
7.146000000000000000e+03
7.194000000000000000e+03
7.227000000000000000e+03
7.268000000000000000e+03
7.299000000000000000e+03
7.353000000000000000e+03
7.356000000000000000e+03
7.370000000000000000e+03
7.402000000000000000e+03
7.403000000000000000e+03
7.409000000000000000e+03
7.432000000000000000e+03
7.440000000000000000e+03
7.441000000000000000e+03
7.447000000000000000e+03
7.457000000000000000e+03
7.493000000000000000e+03
7.495000000000000000e+03
7.513000000000000000e+03
7.553000000000000000e+03
7.618000000000000000e+03
7.624000000000000000e+03
7.737000000000000000e+03
7.757000000000000000e+03
7.772000000000000000e+03
7.878000000000000000e+03
7.967000000000000000e+03
7.988000000000000000e+03
8.022000000000000000e+03
8.102000000000000000e+03
8.270000000000000000e+03
8.276000000000000000e+03
8.295000000000000000e+03
8.311000000000000000e+03
8.381000000000000000e+03
8.398000000000000000e+03
8.400000000000000000e+03
8.405000000000000000e+03
8.450000000000000000e+03
8.604000000000000000e+03
8.605000000000000000e+03
8.607000000000000000e+03
8.671000000000000000e+03
8.697000000000000000e+03
8.698000000000000000e+03
8.784000000000000000e+03
8.840000000000000000e+03
8.880000000000000000e+03
8.904000000000000000e+03
8.913000000000000000e+03
9.028000000000000000e+03
9.035000000000000000e+03
9.057000000000000000e+03
9.079000000000000000e+03
9.093000000000000000e+03
9.112000000000000000e+03
9.123000000000000000e+03
9.163000000000000000e+03
9.166000000000000000e+03
9.242000000000000000e+03
9.291000000000000000e+03
9.300000000000000000e+03
9.309000000000000000e+03
9.365000000000000000e+03
9.427000000000000000e+03
9.464000000000000000e+03
9.505000000000000000e+03
9.576000000000000000e+03
9.622000000000000000e+03
9.705000000000000000e+03
9.749000000000000000e+03
9.750000000000000000e+03
9.757000000000000000e+03
9.781000000000000000e+03
9.783000000000000000e+03
9.821000000000000000e+03
1.008200000000000000e+04
1.011100000000000000e+04
1.014000000000000000e+04
1.014400000000000000e+04
1.014900000000000000e+04
1.020400000000000000e+04
1.024800000000000000e+04
1.025100000000000000e+04
1.025600000000000000e+04
1.030100000000000000e+04
1.033300000000000000e+04
1.034000000000000000e+04
1.034300000000000000e+04
1.035900000000000000e+04
1.036000000000000000e+04
1.043300000000000000e+04
1.043600000000000000e+04
1.055900000000000000e+04
1.056300000000000000e+04
1.061200000000000000e+04
1.061500000000000000e+04
1.066600000000000000e+04
1.071500000000000000e+04
1.079800000000000000e+04
1.082000000000000000e+04
1.082900000000000000e+04
1.087200000000000000e+04
1.094100000000000000e+04
1.101100000000000000e+04
1.103700000000000000e+04
1.104000000000000000e+04
1.110300000000000000e+04
1.111600000000000000e+04
1.113700000000000000e+04
1.115400000000000000e+04
1.122100000000000000e+04
1.123000000000000000e+04
1.134500000000000000e+04
1.138700000000000000e+04
1.143700000000000000e+04
1.144900000000000000e+04
1.156400000000000000e+04
1.158400000000000000e+04
1.173000000000000000e+04
1.183800000000000000e+04
1.191900000000000000e+04
1.193200000000000000e+04
1.193300000000000000e+04
1.193400000000000000e+04
1.198500000000000000e+04
1.200400000000000000e+04
1.202600000000000000e+04
1.203600000000000000e+04
1.204100000000000000e+04
1.206500000000000000e+04
1.209000000000000000e+04
1.209100000000000000e+04
1.209200000000000000e+04
1.210300000000000000e+04
1.212000000000000000e+04
1.215300000000000000e+04
1.215700000000000000e+04
1.217900000000000000e+04
1.220200000000000000e+04
1.230500000000000000e+04
1.231000000000000000e+04
1.232100000000000000e+04
1.235900000000000000e+04
1.239100000000000000e+04
1.239200000000000000e+04
1.242100000000000000e+04
1.245800000000000000e+04
1.254800000000000000e+04
1.254900000000000000e+04
1.256800000000000000e+04
1.259500000000000000e+04
1.270100000000000000e+04
1.275200000000000000e+04
1.280700000000000000e+04
1.294500000000000000e+04
1.296600000000000000e+04
1.296700000000000000e+04
1.296900000000000000e+04
1.306000000000000000e+04
1.331000000000000000e+04
1.335600000000000000e+04
1.338000000000000000e+04
1.343500000000000000e+04
1.343900000000000000e+04
1.344300000000000000e+04
1.355400000000000000e+04
1.361700000000000000e+04
1.361900000000000000e+04
1.362700000000000000e+04
1.363600000000000000e+04
1.364400000000000000e+04
1.368600000000000000e+04
1.387000000000000000e+04
1.387500000000000000e+04
1.390000000000000000e+04
1.393700000000000000e+04
1.397500000000000000e+04
1.399000000000000000e+04
1.411700000000000000e+04
1.417000000000000000e+04
1.417200000000000000e+04
1.417300000000000000e+04
1.421600000000000000e+04
1.425800000000000000e+04
1.426000000000000000e+04
1.426100000000000000e+04
1.426800000000000000e+04
1.428300000000000000e+04
1.433400000000000000e+04
1.438900000000000000e+04
1.443600000000000000e+04
1.445000000000000000e+04
1.446100000000000000e+04
1.447400000000000000e+04
1.449000000000000000e+04
1.449900000000000000e+04
1.450400000000000000e+04
1.451700000000000000e+04
1.452100000000000000e+04
1.453400000000000000e+04
1.453600000000000000e+04
1.460000000000000000e+04
1.465800000000000000e+04
1.474100000000000000e+04
1.474400000000000000e+04
1.474600000000000000e+04
1.481000000000000000e+04
1.481100000000000000e+04
1.488100000000000000e+04
1.488400000000000000e+04
1.501000000000000000e+04
1.503300000000000000e+04
1.503400000000000000e+04
1.503700000000000000e+04
1.504900000000000000e+04
1.510500000000000000e+04
1.515500000000000000e+04
1.521600000000000000e+04
1.525300000000000000e+04
1.525400000000000000e+04
1.529600000000000000e+04
1.544500000000000000e+04
1.549500000000000000e+04
1.557800000000000000e+04
1.568900000000000000e+04
1.570100000000000000e+04
1.572600000000000000e+04
1.572700000000000000e+04
1.582300000000000000e+04
1.585200000000000000e+04
1.586400000000000000e+04
1.593600000000000000e+04
1.597500000000000000e+04
1.598300000000000000e+04
1.599500000000000000e+04
1.607200000000000000e+04
1.610100000000000000e+04
1.611900000000000000e+04
1.628800000000000000e+04
1.628900000000000000e+04
1.631700000000000000e+04
1.631800000000000000e+04
1.633600000000000000e+04
1.638600000000000000e+04
1.640400000000000000e+04
1.646400000000000000e+04
1.647600000000000000e+04
1.647900000000000000e+04
1.649100000000000000e+04
1.651600000000000000e+04
1.655500000000000000e+04
1.657100000000000000e+04
1.657400000000000000e+04
1.657700000000000000e+04
1.659700000000000000e+04
1.662000000000000000e+04
1.663700000000000000e+04
1.669500000000000000e+04
1.670800000000000000e+04
1.700300000000000000e+04
1.708000000000000000e+04
1.720100000000000000e+04
1.724400000000000000e+04
1.741300000000000000e+04
1.758300000000000000e+04
1.759100000000000000e+04
1.760500000000000000e+04
1.763400000000000000e+04
1.766800000000000000e+04
1.767800000000000000e+04
1.785900000000000000e+04
1.786500000000000000e+04
1.786900000000000000e+04
1.787600000000000000e+04
1.788400000000000000e+04
1.789500000000000000e+04
1.791000000000000000e+04
1.792800000000000000e+04
1.795400000000000000e+04
1.796500000000000000e+04
1.798500000000000000e+04
1.804200000000000000e+04
1.821600000000000000e+04
1.852200000000000000e+04
1.855500000000000000e+04
1.855800000000000000e+04
1.856000000000000000e+04
1.856100000000000000e+04
1.869400000000000000e+04
1.869600000000000000e+04
1.874600000000000000e+04
1.877700000000000000e+04
1.878300000000000000e+04
1.878400000000000000e+04
1.885600000000000000e+04
1.894800000000000000e+04
1.895700000000000000e+04
1.901100000000000000e+04
1.904400000000000000e+04
1.905000000000000000e+04
1.908000000000000000e+04
1.908700000000000000e+04
1.913100000000000000e+04
1.919500000000000000e+04
1.920100000000000000e+04
1.922100000000000000e+04
1.925700000000000000e+04
1.940900000000000000e+04
1.953400000000000000e+04
1.955700000000000000e+04
1.962700000000000000e+04
1.963900000000000000e+04
1.964100000000000000e+04
1.964200000000000000e+04
1.964300000000000000e+04
1.964500000000000000e+04
1.965700000000000000e+04
1.969100000000000000e+04
1.969300000000000000e+04
1.975700000000000000e+04
1.976400000000000000e+04
1.998700000000000000e+04
1.999900000000000000e+04
2.000200000000000000e+04
2.002000000000000000e+04
2.007900000000000000e+04
2.011800000000000000e+04
2.015600000000000000e+04
2.016900000000000000e+04
2.022700000000000000e+04
2.024500000000000000e+04
2.026700000000000000e+04
2.026900000000000000e+04
2.030300000000000000e+04
2.039600000000000000e+04
2.044800000000000000e+04
2.044900000000000000e+04
2.046000000000000000e+04
2.046100000000000000e+04
2.046900000000000000e+04
2.048000000000000000e+04
2.051300000000000000e+04
2.052000000000000000e+04
2.063700000000000000e+04
2.077700000000000000e+04
2.082800000000000000e+04
2.088000000000000000e+04
2.088800000000000000e+04
2.101500000000000000e+04
2.102300000000000000e+04
2.102500000000000000e+04
2.106800000000000000e+04
2.107300000000000000e+04
2.108600000000000000e+04
2.115200000000000000e+04
2.115300000000000000e+04
2.140100000000000000e+04
2.142200000000000000e+04
2.143000000000000000e+04
2.153000000000000000e+04
2.154200000000000000e+04
2.168200000000000000e+04
2.173500000000000000e+04
2.176600000000000000e+04
2.186800000000000000e+04
2.215000000000000000e+04
2.236400000000000000e+04
2.238600000000000000e+04
2.244400000000000000e+04
2.259100000000000000e+04
2.269700000000000000e+04
2.271600000000000000e+04
2.277100000000000000e+04
2.277400000000000000e+04
2.283300000000000000e+04
2.290700000000000000e+04
2.296100000000000000e+04
2.301500000000000000e+04
2.307900000000000000e+04
2.312600000000000000e+04
2.314300000000000000e+04
2.314800000000000000e+04
2.319000000000000000e+04
2.319100000000000000e+04
2.319200000000000000e+04
2.319300000000000000e+04
2.322800000000000000e+04
2.334200000000000000e+04
2.335100000000000000e+04
2.340200000000000000e+04
2.341000000000000000e+04
2.345600000000000000e+04
2.347700000000000000e+04
2.348600000000000000e+04
2.353200000000000000e+04
2.354300000000000000e+04
2.355500000000000000e+04
2.358700000000000000e+04
2.360900000000000000e+04
2.362200000000000000e+04
2.362300000000000000e+04
2.362800000000000000e+04
2.363200000000000000e+04
2.365200000000000000e+04
2.367000000000000000e+04
2.369600000000000000e+04
2.369700000000000000e+04
2.378200000000000000e+04
2.385500000000000000e+04
2.386200000000000000e+04
2.386700000000000000e+04
2.391300000000000000e+04
2.394700000000000000e+04
2.400600000000000000e+04
2.401100000000000000e+04
2.415600000000000000e+04
2.420800000000000000e+04
2.422100000000000000e+04
2.425400000000000000e+04
2.425800000000000000e+04
2.427000000000000000e+04
2.429700000000000000e+04
2.430900000000000000e+04
2.431800000000000000e+04
2.433900000000000000e+04
2.434300000000000000e+04
2.438100000000000000e+04
2.440800000000000000e+04
2.441800000000000000e+04
2.446700000000000000e+04
2.455900000000000000e+04
2.456600000000000000e+04
2.460000000000000000e+04
2.460800000000000000e+04
2.462200000000000000e+04
2.466700000000000000e+04
2.468100000000000000e+04
2.471500000000000000e+04
2.472900000000000000e+04
2.473900000000000000e+04
2.474100000000000000e+04
2.477400000000000000e+04
2.485300000000000000e+04
2.492500000000000000e+04
2.493500000000000000e+04
2.494200000000000000e+04
2.494500000000000000e+04
2.495200000000000000e+04
2.503600000000000000e+04
2.508800000000000000e+04
2.510800000000000000e+04
2.517200000000000000e+04
2.519200000000000000e+04
2.525300000000000000e+04
2.534000000000000000e+04
2.535100000000000000e+04
2.535900000000000000e+04
2.544400000000000000e+04
2.545100000000000000e+04
2.545800000000000000e+04
2.545900000000000000e+04
2.553000000000000000e+04
2.559600000000000000e+04
2.567500000000000000e+04
2.567600000000000000e+04
2.569500000000000000e+04
2.572600000000000000e+04
2.574700000000000000e+04
2.584200000000000000e+04
2.584600000000000000e+04
2.598300000000000000e+04
2.602800000000000000e+04
2.608300000000000000e+04
2.610300000000000000e+04
2.611500000000000000e+04
2.612800000000000000e+04
2.616800000000000000e+04
2.618600000000000000e+04
2.618700000000000000e+04
2.619200000000000000e+04
2.630500000000000000e+04
2.630700000000000000e+04
2.635400000000000000e+04
2.644400000000000000e+04
2.644500000000000000e+04
2.646800000000000000e+04
2.647100000000000000e+04
2.653400000000000000e+04
2.654600000000000000e+04
2.669600000000000000e+04
2.671500000000000000e+04
2.675100000000000000e+04
2.678300000000000000e+04
2.684800000000000000e+04
2.687100000000000000e+04
2.688900000000000000e+04
2.689100000000000000e+04
2.690700000000000000e+04
2.704100000000000000e+04
2.713900000000000000e+04
2.714500000000000000e+04
2.718600000000000000e+04
2.720000000000000000e+04
2.720900000000000000e+04
2.729100000000000000e+04
2.731100000000000000e+04
2.731200000000000000e+04
2.731500000000000000e+04
2.733200000000000000e+04
2.733500000000000000e+04
2.733600000000000000e+04
2.740200000000000000e+04
2.750500000000000000e+04
2.756900000000000000e+04
2.757300000000000000e+04
2.763000000000000000e+04
2.771300000000000000e+04
2.780300000000000000e+04
2.783000000000000000e+04
2.798100000000000000e+04
2.798700000000000000e+04
2.813100000000000000e+04
2.820200000000000000e+04
2.820400000000000000e+04
2.822000000000000000e+04
2.824700000000000000e+04
2.825100000000000000e+04
2.828400000000000000e+04
2.830300000000000000e+04
2.835000000000000000e+04
2.836300000000000000e+04
2.849300000000000000e+04
2.858800000000000000e+04
2.873700000000000000e+04
2.873900000000000000e+04
2.874300000000000000e+04
2.879700000000000000e+04
2.888600000000000000e+04
2.907400000000000000e+04
2.908600000000000000e+04
2.908700000000000000e+04
2.914600000000000000e+04
2.914700000000000000e+04
2.915800000000000000e+04
2.921300000000000000e+04
2.923200000000000000e+04
2.926400000000000000e+04
2.928400000000000000e+04
2.943800000000000000e+04
2.945400000000000000e+04
2.949700000000000000e+04
2.949900000000000000e+04
2.955700000000000000e+04
2.956600000000000000e+04
2.957200000000000000e+04
2.958400000000000000e+04
2.961800000000000000e+04
2.971000000000000000e+04
2.979000000000000000e+04
2.983100000000000000e+04
2.984300000000000000e+04
2.988700000000000000e+04
2.989700000000000000e+04
2.991200000000000000e+04
3.001100000000000000e+04
3.001200000000000000e+04
3.001700000000000000e+04
3.002800000000000000e+04
3.005400000000000000e+04
3.006900000000000000e+04
3.008200000000000000e+04
3.011200000000000000e+04
3.012200000000000000e+04
3.017000000000000000e+04
3.047200000000000000e+04
3.053800000000000000e+04
3.057400000000000000e+04
3.064200000000000000e+04
3.069600000000000000e+04
3.072300000000000000e+04
3.088800000000000000e+04
3.096100000000000000e+04
3.100900000000000000e+04
3.103000000000000000e+04
3.110400000000000000e+04
3.113700000000000000e+04
3.131600000000000000e+04
3.133800000000000000e+04
3.141300000000000000e+04
3.145900000000000000e+04
3.150100000000000000e+04
3.150800000000000000e+04
3.156500000000000000e+04
3.163100000000000000e+04
3.165700000000000000e+04
3.169600000000000000e+04
3.178800000000000000e+04
3.179100000000000000e+04
3.185700000000000000e+04
3.190900000000000000e+04
3.194800000000000000e+04
3.199100000000000000e+04
3.201700000000000000e+04
3.203900000000000000e+04
3.206900000000000000e+04
3.207200000000000000e+04
3.207500000000000000e+04
3.213300000000000000e+04
3.213700000000000000e+04
3.216000000000000000e+04
3.216300000000000000e+04
3.220000000000000000e+04
3.220900000000000000e+04
3.222800000000000000e+04
3.224600000000000000e+04
3.224700000000000000e+04
3.226500000000000000e+04
3.228200000000000000e+04
3.239100000000000000e+04
3.242400000000000000e+04
3.247700000000000000e+04
3.252100000000000000e+04
3.254000000000000000e+04
3.258100000000000000e+04
3.270000000000000000e+04
3.275700000000000000e+04
3.277600000000000000e+04
3.278000000000000000e+04
3.279200000000000000e+04
3.280700000000000000e+04
3.283600000000000000e+04
3.291000000000000000e+04
3.298200000000000000e+04
3.311900000000000000e+04
3.314400000000000000e+04
3.316900000000000000e+04
3.323500000000000000e+04
3.330000000000000000e+04
3.333100000000000000e+04
3.341900000000000000e+04
3.345600000000000000e+04
3.345700000000000000e+04
3.348500000000000000e+04
3.354200000000000000e+04
3.354300000000000000e+04
3.355600000000000000e+04
3.355900000000000000e+04
3.361200000000000000e+04
3.369300000000000000e+04
3.374900000000000000e+04
3.388200000000000000e+04
3.391100000000000000e+04
3.393300000000000000e+04
3.394300000000000000e+04
3.397200000000000000e+04
3.401500000000000000e+04
3.413000000000000000e+04
3.419100000000000000e+04
3.419200000000000000e+04
3.421900000000000000e+04
3.425500000000000000e+04
3.426000000000000000e+04
3.427400000000000000e+04
3.432100000000000000e+04
3.432200000000000000e+04
3.432500000000000000e+04
3.432600000000000000e+04
3.432900000000000000e+04
3.433900000000000000e+04
3.443300000000000000e+04
3.451100000000000000e+04
3.467500000000000000e+04
3.472800000000000000e+04
3.476300000000000000e+04
3.479600000000000000e+04
3.485100000000000000e+04
3.486100000000000000e+04
3.487700000000000000e+04
3.500600000000000000e+04
3.501100000000000000e+04
3.514700000000000000e+04
3.522200000000000000e+04
3.524400000000000000e+04
3.533700000000000000e+04
3.536700000000000000e+04
3.548000000000000000e+04
3.550200000000000000e+04
3.560900000000000000e+04
3.561100000000000000e+04
3.565400000000000000e+04
3.567000000000000000e+04
3.567800000000000000e+04
3.570500000000000000e+04
3.570700000000000000e+04
3.576600000000000000e+04
3.579800000000000000e+04
3.592600000000000000e+04
3.592700000000000000e+04
3.610300000000000000e+04
3.613300000000000000e+04
3.622400000000000000e+04
3.622700000000000000e+04
3.625500000000000000e+04
3.627400000000000000e+04
3.629100000000000000e+04
3.631900000000000000e+04
3.636000000000000000e+04
3.637700000000000000e+04
3.638700000000000000e+04
3.639600000000000000e+04
3.639800000000000000e+04
3.650400000000000000e+04
3.651900000000000000e+04
3.654100000000000000e+04
3.654400000000000000e+04
3.671200000000000000e+04
3.672400000000000000e+04
3.674300000000000000e+04
3.684800000000000000e+04
3.685500000000000000e+04
3.691100000000000000e+04
3.691800000000000000e+04
3.691900000000000000e+04
3.693000000000000000e+04
3.712100000000000000e+04
3.712200000000000000e+04
3.723700000000000000e+04
3.737200000000000000e+04
3.739200000000000000e+04
3.739300000000000000e+04
3.740400000000000000e+04
3.749000000000000000e+04
3.754500000000000000e+04
3.777100000000000000e+04
3.779500000000000000e+04
3.783600000000000000e+04
3.786200000000000000e+04
3.786700000000000000e+04
3.794500000000000000e+04
3.800300000000000000e+04
3.803600000000000000e+04
3.804800000000000000e+04
3.821100000000000000e+04
3.821300000000000000e+04
3.824100000000000000e+04
3.825000000000000000e+04
3.828600000000000000e+04
3.830200000000000000e+04
3.849000000000000000e+04
3.874000000000000000e+04
3.874300000000000000e+04
3.874600000000000000e+04
3.876400000000000000e+04
3.877400000000000000e+04
3.878000000000000000e+04
3.878100000000000000e+04
3.879000000000000000e+04
3.887700000000000000e+04
3.891400000000000000e+04
3.898800000000000000e+04
3.900600000000000000e+04
3.901600000000000000e+04
3.904700000000000000e+04
3.913400000000000000e+04
3.916300000000000000e+04
3.916400000000000000e+04
3.919900000000000000e+04
3.923100000000000000e+04
3.930700000000000000e+04
3.932100000000000000e+04
3.932500000000000000e+04
3.932600000000000000e+04
3.932700000000000000e+04
3.934300000000000000e+04
3.935000000000000000e+04
3.938500000000000000e+04
3.944200000000000000e+04
3.945400000000000000e+04
3.945900000000000000e+04
3.946400000000000000e+04
3.947900000000000000e+04
3.949500000000000000e+04
3.952400000000000000e+04
3.952600000000000000e+04
3.953500000000000000e+04
3.953800000000000000e+04
3.963100000000000000e+04
3.964500000000000000e+04
3.968000000000000000e+04
3.969300000000000000e+04
3.987100000000000000e+04
3.993500000000000000e+04
3.995100000000000000e+04
3.998100000000000000e+04
3.999400000000000000e+04
4.002700000000000000e+04
4.013700000000000000e+04
4.020800000000000000e+04
4.023100000000000000e+04
4.024100000000000000e+04
4.024500000000000000e+04
4.026900000000000000e+04
4.035400000000000000e+04
4.039500000000000000e+04
4.041800000000000000e+04
4.048200000000000000e+04
4.049000000000000000e+04
4.049500000000000000e+04
4.057400000000000000e+04
4.059200000000000000e+04
4.063300000000000000e+04
4.065600000000000000e+04
4.069000000000000000e+04
4.069100000000000000e+04
4.069800000000000000e+04
4.071700000000000000e+04
4.074500000000000000e+04
4.078800000000000000e+04
4.079200000000000000e+04
4.087600000000000000e+04
4.095600000000000000e+04
4.098000000000000000e+04
4.103300000000000000e+04
4.107600000000000000e+04
4.109400000000000000e+04
4.120000000000000000e+04
4.120700000000000000e+04
4.123100000000000000e+04
4.124900000000000000e+04
4.129800000000000000e+04
4.130800000000000000e+04
4.131400000000000000e+04
4.141400000000000000e+04
4.143900000000000000e+04
4.144000000000000000e+04
4.144200000000000000e+04
4.145200000000000000e+04
4.150200000000000000e+04
4.152600000000000000e+04
4.158200000000000000e+04
4.162300000000000000e+04
4.165600000000000000e+04
4.166000000000000000e+04
4.169100000000000000e+04
4.172600000000000000e+04
4.177300000000000000e+04
4.182200000000000000e+04
4.194900000000000000e+04
4.203300000000000000e+04
4.207900000000000000e+04
4.211100000000000000e+04
4.211700000000000000e+04
4.220600000000000000e+04
4.226200000000000000e+04
4.226800000000000000e+04
4.227800000000000000e+04
4.229500000000000000e+04
4.230200000000000000e+04
4.232600000000000000e+04
4.238900000000000000e+04
4.242700000000000000e+04
4.247400000000000000e+04
4.248900000000000000e+04
4.249900000000000000e+04
4.253500000000000000e+04
4.254900000000000000e+04
4.265700000000000000e+04
4.266800000000000000e+04
4.269000000000000000e+04
4.274700000000000000e+04
4.276800000000000000e+04
4.277800000000000000e+04
4.280400000000000000e+04
4.281000000000000000e+04
4.284900000000000000e+04
4.285000000000000000e+04
4.285100000000000000e+04
4.290200000000000000e+04
4.293900000000000000e+04
4.297100000000000000e+04
4.305600000000000000e+04
4.306000000000000000e+04
4.317000000000000000e+04
4.318600000000000000e+04
4.319300000000000000e+04
4.320200000000000000e+04
4.324900000000000000e+04
4.325400000000000000e+04
4.325800000000000000e+04
4.333000000000000000e+04
4.334800000000000000e+04
4.339800000000000000e+04
4.346700000000000000e+04
4.346900000000000000e+04
4.353400000000000000e+04
4.355600000000000000e+04
4.357200000000000000e+04
4.361800000000000000e+04
4.362900000000000000e+04
4.369800000000000000e+04
4.370200000000000000e+04
4.371100000000000000e+04
4.377800000000000000e+04
4.384400000000000000e+04
4.387500000000000000e+04
4.388300000000000000e+04
4.393300000000000000e+04
4.403400000000000000e+04
4.410100000000000000e+04
4.414900000000000000e+04
4.417000000000000000e+04
4.432600000000000000e+04
4.444500000000000000e+04
4.444600000000000000e+04
4.445100000000000000e+04
4.450200000000000000e+04
4.468600000000000000e+04
4.470400000000000000e+04
4.475100000000000000e+04
4.477000000000000000e+04
4.487400000000000000e+04
4.496600000000000000e+04
4.521300000000000000e+04
4.532900000000000000e+04
4.538600000000000000e+04
4.538900000000000000e+04
4.539900000000000000e+04
4.544200000000000000e+04
4.553400000000000000e+04
4.556500000000000000e+04
4.557300000000000000e+04
4.559700000000000000e+04
4.572900000000000000e+04
4.573000000000000000e+04
4.573500000000000000e+04
4.575300000000000000e+04
4.576400000000000000e+04
4.576500000000000000e+04
4.576600000000000000e+04
4.582800000000000000e+04
4.587200000000000000e+04
4.587400000000000000e+04
4.588900000000000000e+04
4.594000000000000000e+04
4.594600000000000000e+04
4.595000000000000000e+04
4.598100000000000000e+04
4.600100000000000000e+04
4.603000000000000000e+04
4.616000000000000000e+04
4.623300000000000000e+04
4.623700000000000000e+04
4.631800000000000000e+04
4.633100000000000000e+04
4.634100000000000000e+04
4.636400000000000000e+04
4.637200000000000000e+04
4.637500000000000000e+04
4.648000000000000000e+04
4.650400000000000000e+04
4.658100000000000000e+04
4.667000000000000000e+04
4.669800000000000000e+04
4.674900000000000000e+04
4.677000000000000000e+04
4.680400000000000000e+04
4.680900000000000000e+04
4.685500000000000000e+04
4.687700000000000000e+04
4.687800000000000000e+04
4.689200000000000000e+04
4.695200000000000000e+04
4.699000000000000000e+04
4.700400000000000000e+04
4.706700000000000000e+04
4.708600000000000000e+04
4.712500000000000000e+04
4.713100000000000000e+04
4.713400000000000000e+04
4.714700000000000000e+04
4.720800000000000000e+04
4.721400000000000000e+04
4.723000000000000000e+04
4.724000000000000000e+04
4.733300000000000000e+04
4.739200000000000000e+04
4.741200000000000000e+04
4.742500000000000000e+04
4.743800000000000000e+04
4.746500000000000000e+04
4.746600000000000000e+04
4.761700000000000000e+04
4.762600000000000000e+04
4.763500000000000000e+04
4.770600000000000000e+04
4.778100000000000000e+04
4.784600000000000000e+04
4.788000000000000000e+04
4.788900000000000000e+04
4.789800000000000000e+04
4.800400000000000000e+04
4.809100000000000000e+04
4.810300000000000000e+04
4.811000000000000000e+04
4.812300000000000000e+04
4.812500000000000000e+04
4.816700000000000000e+04
4.819900000000000000e+04
4.822700000000000000e+04
4.833100000000000000e+04
4.833400000000000000e+04
