6.100000000000000000e+01
8.600000000000000000e+01
9.900000000000000000e+01
1.000000000000000000e+02
1.110000000000000000e+02
1.130000000000000000e+02
1.140000000000000000e+02
1.150000000000000000e+02
1.160000000000000000e+02
1.170000000000000000e+02
1.200000000000000000e+02
1.730000000000000000e+02
1.850000000000000000e+02
2.170000000000000000e+02
2.460000000000000000e+02
2.500000000000000000e+02
2.540000000000000000e+02
2.550000000000000000e+02
2.830000000000000000e+02
2.960000000000000000e+02
3.360000000000000000e+02
3.440000000000000000e+02
3.460000000000000000e+02
3.890000000000000000e+02
3.950000000000000000e+02
4.020000000000000000e+02
4.380000000000000000e+02
4.550000000000000000e+02
5.070000000000000000e+02
5.610000000000000000e+02
5.740000000000000000e+02
5.820000000000000000e+02
6.020000000000000000e+02
6.740000000000000000e+02
7.230000000000000000e+02
7.770000000000000000e+02
7.970000000000000000e+02
7.980000000000000000e+02
8.260000000000000000e+02
9.310000000000000000e+02
9.460000000000000000e+02
9.810000000000000000e+02
1.012000000000000000e+03
1.120000000000000000e+03
1.154000000000000000e+03
1.175000000000000000e+03
1.206000000000000000e+03
1.254000000000000000e+03
1.267000000000000000e+03
1.483000000000000000e+03
1.503000000000000000e+03
1.574000000000000000e+03
1.696000000000000000e+03
1.702000000000000000e+03
1.721000000000000000e+03
1.749000000000000000e+03
1.758000000000000000e+03
1.867000000000000000e+03
1.869000000000000000e+03
2.049000000000000000e+03
2.227000000000000000e+03
2.318000000000000000e+03
2.342000000000000000e+03
2.581000000000000000e+03
2.605000000000000000e+03
2.606000000000000000e+03
2.623000000000000000e+03
2.696000000000000000e+03
2.735000000000000000e+03
2.751000000000000000e+03
2.820000000000000000e+03
2.916000000000000000e+03
3.056000000000000000e+03
3.066000000000000000e+03
3.165000000000000000e+03
3.169000000000000000e+03
3.192000000000000000e+03
3.251000000000000000e+03
3.294000000000000000e+03
3.368000000000000000e+03
3.420000000000000000e+03
3.469000000000000000e+03
3.527000000000000000e+03
3.528000000000000000e+03
3.637000000000000000e+03
3.726000000000000000e+03
3.787000000000000000e+03
3.882000000000000000e+03
3.947000000000000000e+03
3.964000000000000000e+03
3.966000000000000000e+03
3.969000000000000000e+03
3.970000000000000000e+03
3.974000000000000000e+03
3.979000000000000000e+03
3.999000000000000000e+03
4.139000000000000000e+03
4.147000000000000000e+03
4.177000000000000000e+03
4.181000000000000000e+03
4.190000000000000000e+03
4.253000000000000000e+03
4.274000000000000000e+03
4.288000000000000000e+03
4.305000000000000000e+03
4.306000000000000000e+03
4.333000000000000000e+03
4.352000000000000000e+03
4.595000000000000000e+03
4.652000000000000000e+03
4.747000000000000000e+03
4.779000000000000000e+03
4.907000000000000000e+03
4.954000000000000000e+03
4.955000000000000000e+03
5.076000000000000000e+03
5.175000000000000000e+03
5.307000000000000000e+03
5.365000000000000000e+03
5.376000000000000000e+03
5.553000000000000000e+03
5.569000000000000000e+03
5.786000000000000000e+03
5.856000000000000000e+03
5.873000000000000000e+03
5.880000000000000000e+03
5.881000000000000000e+03
5.904000000000000000e+03
5.909000000000000000e+03
6.008000000000000000e+03
6.018000000000000000e+03
6.091000000000000000e+03
6.114000000000000000e+03
6.158000000000000000e+03
6.240000000000000000e+03
6.290000000000000000e+03
6.292000000000000000e+03
6.327000000000000000e+03
6.361000000000000000e+03
6.377000000000000000e+03
6.514000000000000000e+03
6.528000000000000000e+03
6.538000000000000000e+03
6.588000000000000000e+03
6.617000000000000000e+03
6.629000000000000000e+03
6.648000000000000000e+03
6.683000000000000000e+03
6.704000000000000000e+03
6.739000000000000000e+03
6.774000000000000000e+03
6.846000000000000000e+03
6.892000000000000000e+03
7.058000000000000000e+03
7.080000000000000000e+03
7.117000000000000000e+03
7.226000000000000000e+03
7.249000000000000000e+03
7.260000000000000000e+03
7.270000000000000000e+03
7.278000000000000000e+03
7.287000000000000000e+03
7.359000000000000000e+03
7.385000000000000000e+03
7.411000000000000000e+03
7.478000000000000000e+03
7.552000000000000000e+03
7.565000000000000000e+03
7.665000000000000000e+03
7.722000000000000000e+03
7.785000000000000000e+03
7.812000000000000000e+03
7.901000000000000000e+03
8.013000000000000000e+03
8.135000000000000000e+03
8.163000000000000000e+03
8.169000000000000000e+03
8.224000000000000000e+03
8.285000000000000000e+03
8.288000000000000000e+03
8.306000000000000000e+03
8.467000000000000000e+03
8.540000000000000000e+03
8.847000000000000000e+03
8.849000000000000000e+03
8.956000000000000000e+03
8.986000000000000000e+03
9.059000000000000000e+03
9.087000000000000000e+03
9.105000000000000000e+03
9.220000000000000000e+03
9.277000000000000000e+03
9.460000000000000000e+03
9.515000000000000000e+03
9.555000000000000000e+03
9.671000000000000000e+03
9.788000000000000000e+03
9.831000000000000000e+03
9.839000000000000000e+03
9.947000000000000000e+03
1.003400000000000000e+04
1.016900000000000000e+04
1.033100000000000000e+04
1.036900000000000000e+04
1.039000000000000000e+04
1.043900000000000000e+04
1.045200000000000000e+04
1.060400000000000000e+04
1.061800000000000000e+04
1.065400000000000000e+04
1.071000000000000000e+04
1.071700000000000000e+04
1.074200000000000000e+04
1.082300000000000000e+04
1.086600000000000000e+04
1.088300000000000000e+04
1.100000000000000000e+04
1.100100000000000000e+04
1.104600000000000000e+04
1.122700000000000000e+04
1.125800000000000000e+04
1.142100000000000000e+04
1.148400000000000000e+04
1.149200000000000000e+04
1.153400000000000000e+04
1.165200000000000000e+04
1.186900000000000000e+04
1.191700000000000000e+04
1.196500000000000000e+04
1.203700000000000000e+04
1.248100000000000000e+04
1.251000000000000000e+04
1.262000000000000000e+04
1.262600000000000000e+04
1.263200000000000000e+04
1.263500000000000000e+04
1.283800000000000000e+04
1.284900000000000000e+04
1.288000000000000000e+04
1.293600000000000000e+04
1.313000000000000000e+04
1.314500000000000000e+04
1.317800000000000000e+04
1.334100000000000000e+04
1.340300000000000000e+04
1.342300000000000000e+04
1.342600000000000000e+04
1.358800000000000000e+04
1.366400000000000000e+04
1.371000000000000000e+04
1.374200000000000000e+04
1.375100000000000000e+04
1.378700000000000000e+04
1.387700000000000000e+04
1.392000000000000000e+04
1.392300000000000000e+04
1.408200000000000000e+04
1.410800000000000000e+04
1.416000000000000000e+04
1.423500000000000000e+04
1.425100000000000000e+04
1.427500000000000000e+04
1.430600000000000000e+04
1.430700000000000000e+04
1.438300000000000000e+04
1.458900000000000000e+04
1.461000000000000000e+04
1.469300000000000000e+04
1.469400000000000000e+04
1.481300000000000000e+04
1.483200000000000000e+04
1.483500000000000000e+04
1.485700000000000000e+04
1.488900000000000000e+04
1.489800000000000000e+04
1.498600000000000000e+04
1.498900000000000000e+04
1.510300000000000000e+04
1.510800000000000000e+04
1.524900000000000000e+04
1.530600000000000000e+04
1.535100000000000000e+04
1.545300000000000000e+04
1.564900000000000000e+04
1.566700000000000000e+04
1.566800000000000000e+04
1.568000000000000000e+04
1.581300000000000000e+04
1.583300000000000000e+04
1.584800000000000000e+04
1.587800000000000000e+04
1.597900000000000000e+04
1.598700000000000000e+04
1.601500000000000000e+04
1.601700000000000000e+04
1.606400000000000000e+04
1.607700000000000000e+04
1.609100000000000000e+04
1.609300000000000000e+04
1.609400000000000000e+04
1.619800000000000000e+04
1.621700000000000000e+04
1.626900000000000000e+04
1.633400000000000000e+04
1.634800000000000000e+04
1.638700000000000000e+04
1.645900000000000000e+04
1.650600000000000000e+04
1.651300000000000000e+04
1.654100000000000000e+04
1.669700000000000000e+04
1.690400000000000000e+04
1.695600000000000000e+04
1.703600000000000000e+04
1.704100000000000000e+04
1.714200000000000000e+04
1.726900000000000000e+04
1.743100000000000000e+04
1.754700000000000000e+04
1.755300000000000000e+04
1.758200000000000000e+04
1.759000000000000000e+04
1.762400000000000000e+04
1.764900000000000000e+04
1.771100000000000000e+04
1.774600000000000000e+04
1.775600000000000000e+04
1.783500000000000000e+04
1.797600000000000000e+04
1.798800000000000000e+04
1.799000000000000000e+04
1.799300000000000000e+04
1.806600000000000000e+04
1.825200000000000000e+04
1.825300000000000000e+04
1.827100000000000000e+04
1.832200000000000000e+04
1.836500000000000000e+04
1.846400000000000000e+04
1.848900000000000000e+04
1.856900000000000000e+04
1.864000000000000000e+04
1.876100000000000000e+04
1.876500000000000000e+04
1.876700000000000000e+04
1.880800000000000000e+04
1.884400000000000000e+04
1.886200000000000000e+04
1.888000000000000000e+04
1.897900000000000000e+04
1.903400000000000000e+04
1.905400000000000000e+04
1.917600000000000000e+04
1.929600000000000000e+04
1.932400000000000000e+04
1.952100000000000000e+04
1.954300000000000000e+04
1.967700000000000000e+04
1.972000000000000000e+04
1.972900000000000000e+04
1.980900000000000000e+04
1.982300000000000000e+04
1.992500000000000000e+04
1.993800000000000000e+04
2.004100000000000000e+04
2.006700000000000000e+04
2.011400000000000000e+04
2.021000000000000000e+04
2.021800000000000000e+04
2.030500000000000000e+04
2.032500000000000000e+04
2.035000000000000000e+04
2.040000000000000000e+04
2.047000000000000000e+04
2.047100000000000000e+04
2.047700000000000000e+04
2.048200000000000000e+04
2.049500000000000000e+04
2.052500000000000000e+04
2.052600000000000000e+04
2.056700000000000000e+04
2.061100000000000000e+04
2.061700000000000000e+04
2.061800000000000000e+04
2.064700000000000000e+04
2.065000000000000000e+04
2.065100000000000000e+04
2.065700000000000000e+04
2.094900000000000000e+04
2.106300000000000000e+04
2.113300000000000000e+04
2.124400000000000000e+04
2.125200000000000000e+04
2.125400000000000000e+04
2.125600000000000000e+04
2.126200000000000000e+04
2.134100000000000000e+04
2.134500000000000000e+04
2.138300000000000000e+04
2.138400000000000000e+04
2.142100000000000000e+04
2.149500000000000000e+04
2.157300000000000000e+04
2.172200000000000000e+04
2.174300000000000000e+04
2.175800000000000000e+04
2.181100000000000000e+04
2.183700000000000000e+04
2.185700000000000000e+04
2.192300000000000000e+04
2.199000000000000000e+04
2.218400000000000000e+04
2.219800000000000000e+04
2.240200000000000000e+04
2.242700000000000000e+04
2.255000000000000000e+04
2.272200000000000000e+04
2.275100000000000000e+04
2.278900000000000000e+04
2.286200000000000000e+04
2.286800000000000000e+04
2.287000000000000000e+04
2.287700000000000000e+04
2.287800000000000000e+04
2.289200000000000000e+04
2.289300000000000000e+04
2.290100000000000000e+04
2.293700000000000000e+04
2.295700000000000000e+04
2.296300000000000000e+04
2.298700000000000000e+04
2.302400000000000000e+04
2.303100000000000000e+04
2.310000000000000000e+04
2.317700000000000000e+04
2.319400000000000000e+04
2.319500000000000000e+04
2.325000000000000000e+04
2.337200000000000000e+04
2.340000000000000000e+04
2.344300000000000000e+04
2.352000000000000000e+04
2.352200000000000000e+04
2.353000000000000000e+04
2.353900000000000000e+04
2.354500000000000000e+04
2.354700000000000000e+04
2.360100000000000000e+04
2.361000000000000000e+04
2.364500000000000000e+04
2.366000000000000000e+04
2.367400000000000000e+04
2.367500000000000000e+04
2.367600000000000000e+04
2.373100000000000000e+04
2.373600000000000000e+04
2.374200000000000000e+04
2.374500000000000000e+04
2.376800000000000000e+04
2.383500000000000000e+04
2.383700000000000000e+04
2.385300000000000000e+04
2.388100000000000000e+04
2.390200000000000000e+04
2.390800000000000000e+04
2.392600000000000000e+04
2.394200000000000000e+04
2.395000000000000000e+04
2.398300000000000000e+04
2.402000000000000000e+04
2.402300000000000000e+04
2.403200000000000000e+04
2.408200000000000000e+04
2.411200000000000000e+04
2.414300000000000000e+04
2.416900000000000000e+04
2.419500000000000000e+04
2.421500000000000000e+04
2.423900000000000000e+04
2.428600000000000000e+04
2.428700000000000000e+04
2.431900000000000000e+04
2.453400000000000000e+04
2.454200000000000000e+04
2.458200000000000000e+04
2.462800000000000000e+04
2.464000000000000000e+04
2.468800000000000000e+04
2.470000000000000000e+04
2.470800000000000000e+04
2.474200000000000000e+04
2.491300000000000000e+04
2.498700000000000000e+04
2.502800000000000000e+04
2.503700000000000000e+04
2.505200000000000000e+04
2.511500000000000000e+04
2.515300000000000000e+04
2.515700000000000000e+04
2.518300000000000000e+04
2.522800000000000000e+04
2.539700000000000000e+04
2.543700000000000000e+04
2.555800000000000000e+04
2.565100000000000000e+04
2.565900000000000000e+04
2.568300000000000000e+04
2.575800000000000000e+04
2.577100000000000000e+04
2.577300000000000000e+04
2.581700000000000000e+04
2.592500000000000000e+04
2.595500000000000000e+04
2.599600000000000000e+04
2.602200000000000000e+04
2.604600000000000000e+04
2.605600000000000000e+04
2.609500000000000000e+04
2.611300000000000000e+04
2.613800000000000000e+04
2.617700000000000000e+04
2.625600000000000000e+04
2.625900000000000000e+04
2.627900000000000000e+04
2.628900000000000000e+04
2.636800000000000000e+04
2.640200000000000000e+04
2.646900000000000000e+04
2.647000000000000000e+04
2.649600000000000000e+04
2.653200000000000000e+04
2.657300000000000000e+04
2.660600000000000000e+04
2.666900000000000000e+04
2.669800000000000000e+04
2.677600000000000000e+04
2.678600000000000000e+04
2.678800000000000000e+04
2.683800000000000000e+04
2.689800000000000000e+04
2.690000000000000000e+04
2.701000000000000000e+04
2.706400000000000000e+04
2.711900000000000000e+04
2.714300000000000000e+04
2.716900000000000000e+04
2.718800000000000000e+04
2.721800000000000000e+04
2.724200000000000000e+04
2.725600000000000000e+04
2.726500000000000000e+04
2.727500000000000000e+04
2.730000000000000000e+04
2.735100000000000000e+04
2.735300000000000000e+04
2.736000000000000000e+04
2.742000000000000000e+04
2.747500000000000000e+04
2.759400000000000000e+04
2.759700000000000000e+04
2.761700000000000000e+04
2.762700000000000000e+04
2.763500000000000000e+04
2.769800000000000000e+04
2.782100000000000000e+04
2.788300000000000000e+04
2.796500000000000000e+04
2.796800000000000000e+04
2.799400000000000000e+04
2.805900000000000000e+04
2.809800000000000000e+04
2.810700000000000000e+04
2.827200000000000000e+04
2.829500000000000000e+04
2.829900000000000000e+04
2.834200000000000000e+04
2.842100000000000000e+04
2.842300000000000000e+04
2.842400000000000000e+04
2.842500000000000000e+04
2.843100000000000000e+04
2.849500000000000000e+04
2.851700000000000000e+04
2.855800000000000000e+04
2.856100000000000000e+04
2.856200000000000000e+04
2.856500000000000000e+04
2.857900000000000000e+04
2.858000000000000000e+04
2.858300000000000000e+04
2.859900000000000000e+04
2.861900000000000000e+04
2.862500000000000000e+04
2.863700000000000000e+04
2.866800000000000000e+04
2.869800000000000000e+04
2.873600000000000000e+04
2.874100000000000000e+04
2.881800000000000000e+04
2.882300000000000000e+04
2.886600000000000000e+04
2.886900000000000000e+04
2.888900000000000000e+04
2.889000000000000000e+04
2.905500000000000000e+04
2.905800000000000000e+04
2.918500000000000000e+04
2.920600000000000000e+04
2.921500000000000000e+04
2.922900000000000000e+04
2.928000000000000000e+04
2.929600000000000000e+04
2.931500000000000000e+04
2.934300000000000000e+04
2.944400000000000000e+04
2.945600000000000000e+04
2.948700000000000000e+04
2.955200000000000000e+04
2.958000000000000000e+04
2.958700000000000000e+04
2.959000000000000000e+04
2.959300000000000000e+04
2.973700000000000000e+04
2.979500000000000000e+04
2.983200000000000000e+04
2.983700000000000000e+04
2.984000000000000000e+04
2.985000000000000000e+04
2.986700000000000000e+04
2.987600000000000000e+04
2.988400000000000000e+04
2.990700000000000000e+04
2.990800000000000000e+04
2.991100000000000000e+04
2.992300000000000000e+04
2.992500000000000000e+04
2.993100000000000000e+04
2.993800000000000000e+04
2.997800000000000000e+04
2.997900000000000000e+04
2.999800000000000000e+04
3.001600000000000000e+04
3.003800000000000000e+04
3.005600000000000000e+04
3.007600000000000000e+04
3.008100000000000000e+04
3.008700000000000000e+04
3.009500000000000000e+04
3.013600000000000000e+04
3.015700000000000000e+04
3.021200000000000000e+04
3.023400000000000000e+04
3.023600000000000000e+04
3.042500000000000000e+04
3.044000000000000000e+04
3.049200000000000000e+04
3.049400000000000000e+04
3.049500000000000000e+04
3.050800000000000000e+04
3.053000000000000000e+04
3.055600000000000000e+04
3.059300000000000000e+04
3.062300000000000000e+04
3.067100000000000000e+04
3.080800000000000000e+04
3.081400000000000000e+04
3.082700000000000000e+04
3.088700000000000000e+04
3.091300000000000000e+04
3.093400000000000000e+04
3.094800000000000000e+04
3.097500000000000000e+04
3.114700000000000000e+04
3.116300000000000000e+04
3.122600000000000000e+04
3.122700000000000000e+04
3.122900000000000000e+04
3.130300000000000000e+04
3.133500000000000000e+04
3.137900000000000000e+04
3.140200000000000000e+04
3.141100000000000000e+04
3.141200000000000000e+04
3.146000000000000000e+04
3.159700000000000000e+04
3.161200000000000000e+04
3.164600000000000000e+04
3.171500000000000000e+04
3.172600000000000000e+04
3.178400000000000000e+04
3.179200000000000000e+04
3.181000000000000000e+04
3.181200000000000000e+04
3.187600000000000000e+04
3.187700000000000000e+04
3.189200000000000000e+04
3.196600000000000000e+04
3.197600000000000000e+04
3.210700000000000000e+04
3.211800000000000000e+04
3.211900000000000000e+04
3.217100000000000000e+04
3.217500000000000000e+04
3.218600000000000000e+04
3.229000000000000000e+04
3.236700000000000000e+04
3.241000000000000000e+04
3.244100000000000000e+04
3.248200000000000000e+04
3.248600000000000000e+04
3.256900000000000000e+04
3.260200000000000000e+04
3.260500000000000000e+04
3.261500000000000000e+04
3.261700000000000000e+04
3.262200000000000000e+04
3.262600000000000000e+04
3.262700000000000000e+04
3.264700000000000000e+04
3.267000000000000000e+04
3.269100000000000000e+04
3.269200000000000000e+04
3.269300000000000000e+04
3.271300000000000000e+04
3.280200000000000000e+04
3.283200000000000000e+04
3.283400000000000000e+04
3.291900000000000000e+04
3.293300000000000000e+04
3.300900000000000000e+04
3.301100000000000000e+04
3.304400000000000000e+04
3.312000000000000000e+04
3.312100000000000000e+04
3.315500000000000000e+04
3.318800000000000000e+04
3.319400000000000000e+04
3.321100000000000000e+04
3.321200000000000000e+04
3.321800000000000000e+04
3.322000000000000000e+04
3.323100000000000000e+04
3.324100000000000000e+04
3.324500000000000000e+04
3.332200000000000000e+04
3.335000000000000000e+04
3.338300000000000000e+04
3.342900000000000000e+04
3.343000000000000000e+04
3.344600000000000000e+04
3.351200000000000000e+04
3.351300000000000000e+04
3.356000000000000000e+04
3.364000000000000000e+04
3.375700000000000000e+04
3.380300000000000000e+04
3.380600000000000000e+04
3.381700000000000000e+04
3.395900000000000000e+04
3.397400000000000000e+04
3.403400000000000000e+04
3.408900000000000000e+04
3.426900000000000000e+04
3.428500000000000000e+04
3.430300000000000000e+04
3.433200000000000000e+04
3.434400000000000000e+04
3.443700000000000000e+04
3.445400000000000000e+04
3.451000000000000000e+04
3.452500000000000000e+04
3.453800000000000000e+04
3.460800000000000000e+04
3.461200000000000000e+04
3.461300000000000000e+04
3.463500000000000000e+04
3.476900000000000000e+04
3.478000000000000000e+04
3.480800000000000000e+04
3.482700000000000000e+04
3.483700000000000000e+04
3.485200000000000000e+04
3.498600000000000000e+04
3.503500000000000000e+04
3.509400000000000000e+04
3.509700000000000000e+04
3.510100000000000000e+04
3.516100000000000000e+04
3.518400000000000000e+04
3.519600000000000000e+04
3.529900000000000000e+04
3.530500000000000000e+04
3.545100000000000000e+04
3.548900000000000000e+04
3.549000000000000000e+04
3.550700000000000000e+04
3.550800000000000000e+04
3.559400000000000000e+04
3.571200000000000000e+04
3.577400000000000000e+04
3.580200000000000000e+04
3.585200000000000000e+04
3.591600000000000000e+04
3.594100000000000000e+04
3.596300000000000000e+04
3.601000000000000000e+04
3.608500000000000000e+04
3.612200000000000000e+04
3.612800000000000000e+04
3.619500000000000000e+04
3.622300000000000000e+04
3.629200000000000000e+04
3.630100000000000000e+04
3.637000000000000000e+04
3.644000000000000000e+04
3.647500000000000000e+04
3.653300000000000000e+04
3.655000000000000000e+04
3.655600000000000000e+04
3.655800000000000000e+04
3.661400000000000000e+04
3.665000000000000000e+04
3.666300000000000000e+04
3.668500000000000000e+04
3.669600000000000000e+04
3.674700000000000000e+04
3.681600000000000000e+04
3.682700000000000000e+04
3.685900000000000000e+04
3.686700000000000000e+04
3.687000000000000000e+04
3.687700000000000000e+04
3.689500000000000000e+04
3.690100000000000000e+04
3.690600000000000000e+04
3.691700000000000000e+04
3.692100000000000000e+04
3.692500000000000000e+04
3.692800000000000000e+04
3.709000000000000000e+04
3.718700000000000000e+04
3.722500000000000000e+04
3.726500000000000000e+04
3.726600000000000000e+04
3.729700000000000000e+04
3.732000000000000000e+04
3.734900000000000000e+04
3.736800000000000000e+04
3.737300000000000000e+04
3.738800000000000000e+04
3.742000000000000000e+04
3.742900000000000000e+04
3.744200000000000000e+04
3.752200000000000000e+04
3.756400000000000000e+04
3.761000000000000000e+04
3.762200000000000000e+04
3.765600000000000000e+04
3.766300000000000000e+04
3.769300000000000000e+04
3.769500000000000000e+04
3.771200000000000000e+04
3.771800000000000000e+04
3.778000000000000000e+04
3.779000000000000000e+04
3.783200000000000000e+04
3.794800000000000000e+04
3.795200000000000000e+04
3.797800000000000000e+04
3.798300000000000000e+04
3.799100000000000000e+04
3.806600000000000000e+04
3.807200000000000000e+04
3.809800000000000000e+04
3.817500000000000000e+04
3.818900000000000000e+04
3.844100000000000000e+04
3.848800000000000000e+04
3.849100000000000000e+04
3.856200000000000000e+04
3.858000000000000000e+04
3.858400000000000000e+04
3.866900000000000000e+04
3.874100000000000000e+04
3.877100000000000000e+04
3.881000000000000000e+04
3.884400000000000000e+04
3.893800000000000000e+04
3.897000000000000000e+04
3.898000000000000000e+04
3.900300000000000000e+04
3.900500000000000000e+04
3.906200000000000000e+04
3.914000000000000000e+04
3.914100000000000000e+04
3.923200000000000000e+04
3.926200000000000000e+04
3.938000000000000000e+04
3.938100000000000000e+04
3.940200000000000000e+04
3.943400000000000000e+04
3.948600000000000000e+04
3.953100000000000000e+04
3.953700000000000000e+04
3.959200000000000000e+04
3.959400000000000000e+04
3.960000000000000000e+04
3.963800000000000000e+04
3.966000000000000000e+04
3.967700000000000000e+04
3.968700000000000000e+04
3.972100000000000000e+04
3.974800000000000000e+04
3.974900000000000000e+04
3.975300000000000000e+04
3.986100000000000000e+04
3.989700000000000000e+04
3.998900000000000000e+04
3.999000000000000000e+04
4.002100000000000000e+04
4.012200000000000000e+04
4.013900000000000000e+04
4.015700000000000000e+04
4.015800000000000000e+04
4.016200000000000000e+04
4.017000000000000000e+04
4.017100000000000000e+04
4.021600000000000000e+04
4.023900000000000000e+04
4.024000000000000000e+04
4.027500000000000000e+04
4.029200000000000000e+04
4.032100000000000000e+04
4.036700000000000000e+04
4.043900000000000000e+04
4.047900000000000000e+04
4.048600000000000000e+04
4.049200000000000000e+04
4.049400000000000000e+04
4.051600000000000000e+04
4.060000000000000000e+04
4.062100000000000000e+04
4.063400000000000000e+04
4.067200000000000000e+04
4.075400000000000000e+04
4.076300000000000000e+04
4.079600000000000000e+04
4.080400000000000000e+04
4.080500000000000000e+04
4.080900000000000000e+04
4.092500000000000000e+04
4.093500000000000000e+04
4.094700000000000000e+04
4.095000000000000000e+04
4.098100000000000000e+04
4.099100000000000000e+04
4.105500000000000000e+04
4.106700000000000000e+04
4.108800000000000000e+04
4.109000000000000000e+04
4.111300000000000000e+04
4.111400000000000000e+04
4.114000000000000000e+04
4.115400000000000000e+04
4.120400000000000000e+04
4.126600000000000000e+04
4.126700000000000000e+04
4.146400000000000000e+04
4.148600000000000000e+04
4.148700000000000000e+04
4.149400000000000000e+04
4.155900000000000000e+04
4.156700000000000000e+04
4.157400000000000000e+04
4.158500000000000000e+04
4.158600000000000000e+04
4.160600000000000000e+04
4.162400000000000000e+04
4.167600000000000000e+04
4.171000000000000000e+04
4.172300000000000000e+04
4.180900000000000000e+04
4.183900000000000000e+04
4.186200000000000000e+04
4.187500000000000000e+04
4.189900000000000000e+04
4.193200000000000000e+04
4.197100000000000000e+04
4.197800000000000000e+04
4.205400000000000000e+04
4.208400000000000000e+04
4.211400000000000000e+04
4.211600000000000000e+04
4.213600000000000000e+04
4.215100000000000000e+04
4.219400000000000000e+04
4.219500000000000000e+04
4.221400000000000000e+04
4.222000000000000000e+04
4.229600000000000000e+04
4.231600000000000000e+04
4.234300000000000000e+04
4.236500000000000000e+04
4.241800000000000000e+04
4.252100000000000000e+04
4.253600000000000000e+04
4.256700000000000000e+04
4.257900000000000000e+04
4.259400000000000000e+04
4.263400000000000000e+04
4.264900000000000000e+04
4.265200000000000000e+04
4.265900000000000000e+04
4.288500000000000000e+04
4.296900000000000000e+04
4.299000000000000000e+04
4.301600000000000000e+04
4.307100000000000000e+04
4.340600000000000000e+04
4.344500000000000000e+04
4.344700000000000000e+04
4.352200000000000000e+04
4.353000000000000000e+04
4.357700000000000000e+04
4.358200000000000000e+04
4.362200000000000000e+04
4.365100000000000000e+04
4.368300000000000000e+04
4.370100000000000000e+04
4.374700000000000000e+04
4.375800000000000000e+04
4.376000000000000000e+04
4.377500000000000000e+04
4.383600000000000000e+04
4.384200000000000000e+04
4.384500000000000000e+04
4.392300000000000000e+04
4.396800000000000000e+04
4.398400000000000000e+04
4.404100000000000000e+04
4.405200000000000000e+04
4.405300000000000000e+04
4.407200000000000000e+04
4.407300000000000000e+04
4.407400000000000000e+04
4.414400000000000000e+04
4.414700000000000000e+04
4.417600000000000000e+04
4.422200000000000000e+04
4.422600000000000000e+04
4.422700000000000000e+04
4.428400000000000000e+04
4.429800000000000000e+04
4.434300000000000000e+04
4.434800000000000000e+04
4.437000000000000000e+04
4.456300000000000000e+04
4.463700000000000000e+04
4.467000000000000000e+04
4.476000000000000000e+04
4.478600000000000000e+04
4.486500000000000000e+04
4.487200000000000000e+04
4.488800000000000000e+04
4.493000000000000000e+04
4.493800000000000000e+04
4.496000000000000000e+04
4.497900000000000000e+04
4.499400000000000000e+04
4.500300000000000000e+04
4.505200000000000000e+04
4.515400000000000000e+04
4.517100000000000000e+04
4.517200000000000000e+04
4.519500000000000000e+04
4.520900000000000000e+04
4.521400000000000000e+04
4.521800000000000000e+04
4.532100000000000000e+04
4.537200000000000000e+04
4.537500000000000000e+04
4.544700000000000000e+04
4.545500000000000000e+04
4.551200000000000000e+04
4.551400000000000000e+04
4.554000000000000000e+04
4.554100000000000000e+04
4.559000000000000000e+04
4.561400000000000000e+04
4.570200000000000000e+04
4.574000000000000000e+04
4.579500000000000000e+04
4.581200000000000000e+04
4.581300000000000000e+04
4.586200000000000000e+04
4.587700000000000000e+04
4.594700000000000000e+04
4.600900000000000000e+04
4.603500000000000000e+04
4.605300000000000000e+04
4.605800000000000000e+04
4.605900000000000000e+04
4.618100000000000000e+04
4.618500000000000000e+04
4.622800000000000000e+04
4.624300000000000000e+04
4.625500000000000000e+04
4.627600000000000000e+04
4.627700000000000000e+04
4.628000000000000000e+04
4.629400000000000000e+04
4.638200000000000000e+04
4.638300000000000000e+04
4.638600000000000000e+04
4.638700000000000000e+04
4.645000000000000000e+04
4.646700000000000000e+04
4.663200000000000000e+04
4.665900000000000000e+04
4.666300000000000000e+04
4.677100000000000000e+04
4.681800000000000000e+04
4.683400000000000000e+04
4.686200000000000000e+04
4.692200000000000000e+04
4.698600000000000000e+04
4.706100000000000000e+04
4.708500000000000000e+04
4.713300000000000000e+04
4.714200000000000000e+04
4.714600000000000000e+04
4.719300000000000000e+04
4.719600000000000000e+04
4.745500000000000000e+04
4.749800000000000000e+04
4.751200000000000000e+04
4.755000000000000000e+04
4.780800000000000000e+04
4.782100000000000000e+04
4.783100000000000000e+04
4.783500000000000000e+04
4.783600000000000000e+04
4.784300000000000000e+04
4.786000000000000000e+04
4.786100000000000000e+04
4.788100000000000000e+04
4.795500000000000000e+04
4.796400000000000000e+04
4.796600000000000000e+04
4.797500000000000000e+04
4.803600000000000000e+04
4.803700000000000000e+04
4.805800000000000000e+04
4.814300000000000000e+04
4.817500000000000000e+04
4.822100000000000000e+04
4.824600000000000000e+04
4.835500000000000000e+04
