4.700000000000000000e+01
1.100000000000000000e+02
1.280000000000000000e+02
1.290000000000000000e+02
1.490000000000000000e+02
1.990000000000000000e+02
2.080000000000000000e+02
2.160000000000000000e+02
2.380000000000000000e+02
2.400000000000000000e+02
3.410000000000000000e+02
3.600000000000000000e+02
4.240000000000000000e+02
4.700000000000000000e+02
4.940000000000000000e+02
5.260000000000000000e+02
5.330000000000000000e+02
5.340000000000000000e+02
5.700000000000000000e+02
5.800000000000000000e+02
5.840000000000000000e+02
6.360000000000000000e+02
7.030000000000000000e+02
7.270000000000000000e+02
7.340000000000000000e+02
7.400000000000000000e+02
7.710000000000000000e+02
7.790000000000000000e+02
8.710000000000000000e+02
9.340000000000000000e+02
9.430000000000000000e+02
9.440000000000000000e+02
9.540000000000000000e+02
9.750000000000000000e+02
1.037000000000000000e+03
1.045000000000000000e+03
1.066000000000000000e+03
1.165000000000000000e+03
1.166000000000000000e+03
1.168000000000000000e+03
1.174000000000000000e+03
1.188000000000000000e+03
1.202000000000000000e+03
1.233000000000000000e+03
1.245000000000000000e+03
1.248000000000000000e+03
1.275000000000000000e+03
1.282000000000000000e+03
1.285000000000000000e+03
1.290000000000000000e+03
1.321000000000000000e+03
1.353000000000000000e+03
1.375000000000000000e+03
1.379000000000000000e+03
1.396000000000000000e+03
1.411000000000000000e+03
1.413000000000000000e+03
1.426000000000000000e+03
1.442000000000000000e+03
1.466000000000000000e+03
1.472000000000000000e+03
1.484000000000000000e+03
1.488000000000000000e+03
1.496000000000000000e+03
1.538000000000000000e+03
1.547000000000000000e+03
1.601000000000000000e+03
1.641000000000000000e+03
1.665000000000000000e+03
1.717000000000000000e+03
1.759000000000000000e+03
1.773000000000000000e+03
1.781000000000000000e+03
1.788000000000000000e+03
1.820000000000000000e+03
1.821000000000000000e+03
1.880000000000000000e+03
1.902000000000000000e+03
1.920000000000000000e+03
2.016000000000000000e+03
2.046000000000000000e+03
2.101000000000000000e+03
2.118000000000000000e+03
2.159000000000000000e+03
2.235000000000000000e+03
2.248000000000000000e+03
2.301000000000000000e+03
2.334000000000000000e+03
2.348000000000000000e+03
2.354000000000000000e+03
2.359000000000000000e+03
2.373000000000000000e+03
2.418000000000000000e+03
2.419000000000000000e+03
2.420000000000000000e+03
2.433000000000000000e+03
2.448000000000000000e+03
2.465000000000000000e+03
2.474000000000000000e+03
2.479000000000000000e+03
2.489000000000000000e+03
2.524000000000000000e+03
2.530000000000000000e+03
2.543000000000000000e+03
2.546000000000000000e+03
2.553000000000000000e+03
2.558000000000000000e+03
2.590000000000000000e+03
2.595000000000000000e+03
2.599000000000000000e+03
2.613000000000000000e+03
2.620000000000000000e+03
2.636000000000000000e+03
2.649000000000000000e+03
2.663000000000000000e+03
2.672000000000000000e+03
2.690000000000000000e+03
2.718000000000000000e+03
2.720000000000000000e+03
2.722000000000000000e+03
2.736000000000000000e+03
2.740000000000000000e+03
2.744000000000000000e+03
2.749000000000000000e+03
2.752000000000000000e+03
2.798000000000000000e+03
2.809000000000000000e+03
2.847000000000000000e+03
2.859000000000000000e+03
2.861000000000000000e+03
2.872000000000000000e+03
2.913000000000000000e+03
2.961000000000000000e+03
2.964000000000000000e+03
2.979000000000000000e+03
2.982000000000000000e+03
2.983000000000000000e+03
3.003000000000000000e+03
3.005000000000000000e+03
3.037000000000000000e+03
3.052000000000000000e+03
3.157000000000000000e+03
3.173000000000000000e+03
3.230000000000000000e+03
3.242000000000000000e+03
3.252000000000000000e+03
3.295000000000000000e+03
3.334000000000000000e+03
3.342000000000000000e+03
3.349000000000000000e+03
3.356000000000000000e+03
3.403000000000000000e+03
3.413000000000000000e+03
3.414000000000000000e+03
3.430000000000000000e+03
3.434000000000000000e+03
3.435000000000000000e+03
3.461000000000000000e+03
3.468000000000000000e+03
3.503000000000000000e+03
3.525000000000000000e+03
3.579000000000000000e+03
3.610000000000000000e+03
3.646000000000000000e+03
3.648000000000000000e+03
3.659000000000000000e+03
3.672000000000000000e+03
3.675000000000000000e+03
3.700000000000000000e+03
3.711000000000000000e+03
3.733000000000000000e+03
3.738000000000000000e+03
3.739000000000000000e+03
3.758000000000000000e+03
3.799000000000000000e+03
3.807000000000000000e+03
3.810000000000000000e+03
3.824000000000000000e+03
3.829000000000000000e+03
3.834000000000000000e+03
3.857000000000000000e+03
3.866000000000000000e+03
3.873000000000000000e+03
3.936000000000000000e+03
3.965000000000000000e+03
4.000000000000000000e+03
4.004000000000000000e+03
4.034000000000000000e+03
4.044000000000000000e+03
4.072000000000000000e+03
4.097000000000000000e+03
4.100000000000000000e+03
4.126000000000000000e+03
4.129000000000000000e+03
4.156000000000000000e+03
4.188000000000000000e+03
4.199000000000000000e+03
4.225000000000000000e+03
4.279000000000000000e+03
4.351000000000000000e+03
4.359000000000000000e+03
4.387000000000000000e+03
4.443000000000000000e+03
4.527000000000000000e+03
4.531000000000000000e+03
4.538000000000000000e+03
4.545000000000000000e+03
4.566000000000000000e+03
4.621000000000000000e+03
4.623000000000000000e+03
4.628000000000000000e+03
4.633000000000000000e+03
4.636000000000000000e+03
4.663000000000000000e+03
4.708000000000000000e+03
4.713000000000000000e+03
4.720000000000000000e+03
4.731000000000000000e+03
4.732000000000000000e+03
4.736000000000000000e+03
4.738000000000000000e+03
4.764000000000000000e+03
4.771000000000000000e+03
4.772000000000000000e+03
4.773000000000000000e+03
4.782000000000000000e+03
4.789000000000000000e+03
4.790000000000000000e+03
4.802000000000000000e+03
4.897000000000000000e+03
4.916000000000000000e+03
4.947000000000000000e+03
4.949000000000000000e+03
4.967000000000000000e+03
4.970000000000000000e+03
5.030000000000000000e+03
5.064000000000000000e+03
5.080000000000000000e+03
5.081000000000000000e+03
5.136000000000000000e+03
5.180000000000000000e+03
5.202000000000000000e+03
5.233000000000000000e+03
5.264000000000000000e+03
5.267000000000000000e+03
5.360000000000000000e+03
5.388000000000000000e+03
5.390000000000000000e+03
5.393000000000000000e+03
5.398000000000000000e+03
5.422000000000000000e+03
5.430000000000000000e+03
5.431000000000000000e+03
5.442000000000000000e+03
5.465000000000000000e+03
5.466000000000000000e+03
5.478000000000000000e+03
5.487000000000000000e+03
5.488000000000000000e+03
5.549000000000000000e+03
5.557000000000000000e+03
5.562000000000000000e+03
5.619000000000000000e+03
5.729000000000000000e+03
5.753000000000000000e+03
5.775000000000000000e+03
5.814000000000000000e+03
5.831000000000000000e+03
5.835000000000000000e+03
5.859000000000000000e+03
5.869000000000000000e+03
5.875000000000000000e+03
5.879000000000000000e+03
5.938000000000000000e+03
5.939000000000000000e+03
5.945000000000000000e+03
5.983000000000000000e+03
5.987000000000000000e+03
5.996000000000000000e+03
5.998000000000000000e+03
6.014000000000000000e+03
6.029000000000000000e+03
6.036000000000000000e+03
6.044000000000000000e+03
6.056000000000000000e+03
6.063000000000000000e+03
6.115000000000000000e+03
6.161000000000000000e+03
6.162000000000000000e+03
6.176000000000000000e+03
6.225000000000000000e+03
6.237000000000000000e+03
6.245000000000000000e+03
6.279000000000000000e+03
6.298000000000000000e+03
6.341000000000000000e+03
6.346000000000000000e+03
6.362000000000000000e+03
6.363000000000000000e+03
6.373000000000000000e+03
6.379000000000000000e+03
6.464000000000000000e+03
6.472000000000000000e+03
6.493000000000000000e+03
6.495000000000000000e+03
6.524000000000000000e+03
6.606000000000000000e+03
6.627000000000000000e+03
6.661000000000000000e+03
6.723000000000000000e+03
6.724000000000000000e+03
6.725000000000000000e+03
6.732000000000000000e+03
6.737000000000000000e+03
6.740000000000000000e+03
6.741000000000000000e+03
6.743000000000000000e+03
6.753000000000000000e+03
6.755000000000000000e+03
6.779000000000000000e+03
6.804000000000000000e+03
6.806000000000000000e+03
6.809000000000000000e+03
6.850000000000000000e+03
6.852000000000000000e+03
6.867000000000000000e+03
6.890000000000000000e+03
6.983000000000000000e+03
6.994000000000000000e+03
7.003000000000000000e+03
7.022000000000000000e+03
7.025000000000000000e+03
7.051000000000000000e+03
7.073000000000000000e+03
7.109000000000000000e+03
7.138000000000000000e+03
7.169000000000000000e+03
7.181000000000000000e+03
7.201000000000000000e+03
7.206000000000000000e+03
7.208000000000000000e+03
7.258000000000000000e+03
7.284000000000000000e+03
7.306000000000000000e+03
7.480000000000000000e+03
7.492000000000000000e+03
7.496000000000000000e+03
7.539000000000000000e+03
7.564000000000000000e+03
7.586000000000000000e+03
7.610000000000000000e+03
7.612000000000000000e+03
7.651000000000000000e+03
7.659000000000000000e+03
7.681000000000000000e+03
7.687000000000000000e+03
7.729000000000000000e+03
7.738000000000000000e+03
7.774000000000000000e+03
7.840000000000000000e+03
7.877000000000000000e+03
7.906000000000000000e+03
7.922000000000000000e+03
7.927000000000000000e+03
8.006000000000000000e+03
8.050000000000000000e+03
8.063000000000000000e+03
8.089000000000000000e+03
8.100000000000000000e+03
8.140000000000000000e+03
8.159000000000000000e+03
8.168000000000000000e+03
8.180000000000000000e+03
8.185000000000000000e+03
8.192000000000000000e+03
8.195000000000000000e+03
8.197000000000000000e+03
8.202000000000000000e+03
8.209000000000000000e+03
8.212000000000000000e+03
8.230000000000000000e+03
8.402000000000000000e+03
8.424000000000000000e+03
8.491000000000000000e+03
8.492000000000000000e+03
8.499000000000000000e+03
8.504000000000000000e+03
8.530000000000000000e+03
8.541000000000000000e+03
8.585000000000000000e+03
8.674000000000000000e+03
8.737000000000000000e+03
8.755000000000000000e+03
8.772000000000000000e+03
8.773000000000000000e+03
8.796000000000000000e+03
8.833000000000000000e+03
8.843000000000000000e+03
8.844000000000000000e+03
8.853000000000000000e+03
8.856000000000000000e+03
8.907000000000000000e+03
8.911000000000000000e+03
8.917000000000000000e+03
8.921000000000000000e+03
8.925000000000000000e+03
8.932000000000000000e+03
8.988000000000000000e+03
9.023000000000000000e+03
9.063000000000000000e+03
9.070000000000000000e+03
9.134000000000000000e+03
9.162000000000000000e+03
9.193000000000000000e+03
9.194000000000000000e+03
9.206000000000000000e+03
9.233000000000000000e+03
9.234000000000000000e+03
9.240000000000000000e+03
9.251000000000000000e+03
9.270000000000000000e+03
9.271000000000000000e+03
9.308000000000000000e+03
9.339000000000000000e+03
9.343000000000000000e+03
9.384000000000000000e+03
9.489000000000000000e+03
9.490000000000000000e+03
9.506000000000000000e+03
9.516000000000000000e+03
9.541000000000000000e+03
9.542000000000000000e+03
9.543000000000000000e+03
9.551000000000000000e+03
9.580000000000000000e+03
9.615000000000000000e+03
9.657000000000000000e+03
9.699000000000000000e+03
9.740000000000000000e+03
9.787000000000000000e+03
9.807000000000000000e+03
9.812000000000000000e+03
9.813000000000000000e+03
9.818000000000000000e+03
9.910000000000000000e+03
9.921000000000000000e+03
9.924000000000000000e+03
9.977000000000000000e+03
9.996000000000000000e+03
1.000300000000000000e+04
1.001000000000000000e+04
1.001300000000000000e+04
1.004200000000000000e+04
1.016500000000000000e+04
1.024100000000000000e+04
1.024700000000000000e+04
1.025300000000000000e+04
1.026300000000000000e+04
1.028500000000000000e+04
1.036200000000000000e+04
1.037300000000000000e+04
1.038300000000000000e+04
1.038900000000000000e+04
1.040600000000000000e+04
1.041500000000000000e+04
1.041600000000000000e+04
1.041900000000000000e+04
1.046300000000000000e+04
1.049900000000000000e+04
1.057300000000000000e+04
1.057900000000000000e+04
1.058500000000000000e+04
1.061100000000000000e+04
1.064900000000000000e+04
1.065200000000000000e+04
1.067700000000000000e+04
1.068300000000000000e+04
1.068800000000000000e+04
1.069300000000000000e+04
1.069800000000000000e+04
1.076900000000000000e+04
1.079300000000000000e+04
1.086100000000000000e+04
1.087400000000000000e+04
1.087500000000000000e+04
1.088500000000000000e+04
1.088600000000000000e+04
1.089400000000000000e+04
1.090500000000000000e+04
1.091500000000000000e+04
1.091600000000000000e+04
1.091900000000000000e+04
1.094700000000000000e+04
1.095500000000000000e+04
1.099400000000000000e+04
1.099500000000000000e+04
1.099900000000000000e+04
1.101000000000000000e+04
1.103000000000000000e+04
1.106400000000000000e+04
1.107600000000000000e+04
1.110600000000000000e+04
1.110700000000000000e+04
1.111300000000000000e+04
1.111800000000000000e+04
1.113300000000000000e+04
1.114000000000000000e+04
1.114800000000000000e+04
1.116100000000000000e+04
1.117300000000000000e+04
1.121900000000000000e+04
1.130200000000000000e+04
1.131000000000000000e+04
1.134400000000000000e+04
1.134700000000000000e+04
1.134800000000000000e+04
1.135400000000000000e+04
1.136900000000000000e+04
1.138600000000000000e+04
1.139700000000000000e+04
1.146400000000000000e+04
1.146600000000000000e+04
1.149100000000000000e+04
1.150700000000000000e+04
1.156700000000000000e+04
1.159400000000000000e+04
1.162000000000000000e+04
1.162200000000000000e+04
1.166400000000000000e+04
1.167200000000000000e+04
1.168800000000000000e+04
1.171400000000000000e+04
1.172100000000000000e+04
1.173800000000000000e+04
1.184800000000000000e+04
1.194200000000000000e+04
1.200600000000000000e+04
1.201100000000000000e+04
1.201300000000000000e+04
1.202300000000000000e+04
1.210400000000000000e+04
1.216400000000000000e+04
1.217700000000000000e+04
1.218200000000000000e+04
1.224300000000000000e+04
1.226800000000000000e+04
1.229900000000000000e+04
1.230200000000000000e+04
1.230700000000000000e+04
1.230800000000000000e+04
1.231100000000000000e+04
1.233900000000000000e+04
1.234000000000000000e+04
1.234500000000000000e+04
1.235800000000000000e+04
1.238300000000000000e+04
1.238800000000000000e+04
1.242800000000000000e+04
1.243600000000000000e+04
1.248300000000000000e+04
1.249000000000000000e+04
1.252000000000000000e+04
1.256700000000000000e+04
1.258000000000000000e+04
1.258700000000000000e+04
1.258900000000000000e+04
1.263400000000000000e+04
1.265500000000000000e+04
1.267600000000000000e+04
1.268300000000000000e+04
1.268500000000000000e+04
1.268800000000000000e+04
1.269300000000000000e+04
1.271400000000000000e+04
1.281200000000000000e+04
1.282400000000000000e+04
1.282500000000000000e+04
1.282800000000000000e+04
1.283000000000000000e+04
1.285600000000000000e+04
1.285700000000000000e+04
1.303700000000000000e+04
1.304500000000000000e+04
1.305200000000000000e+04
1.306900000000000000e+04
1.316500000000000000e+04
1.318700000000000000e+04
1.321000000000000000e+04
1.321200000000000000e+04
1.322000000000000000e+04
1.322600000000000000e+04
1.328600000000000000e+04
1.328800000000000000e+04
1.328900000000000000e+04
1.329300000000000000e+04
1.331300000000000000e+04
1.333100000000000000e+04
1.333700000000000000e+04
1.334400000000000000e+04
1.337800000000000000e+04
1.341200000000000000e+04
1.344700000000000000e+04
1.348700000000000000e+04
1.351700000000000000e+04
1.356600000000000000e+04
1.359200000000000000e+04
1.360400000000000000e+04
1.377700000000000000e+04
1.381900000000000000e+04
1.384200000000000000e+04
1.392400000000000000e+04
1.393100000000000000e+04
1.398600000000000000e+04
1.401300000000000000e+04
1.405000000000000000e+04
1.405700000000000000e+04
1.414400000000000000e+04
1.416700000000000000e+04
1.420100000000000000e+04
1.423200000000000000e+04
1.425300000000000000e+04
1.426200000000000000e+04
1.428100000000000000e+04
1.443300000000000000e+04
1.453700000000000000e+04
1.466200000000000000e+04
1.472600000000000000e+04
1.473700000000000000e+04
1.473900000000000000e+04
1.483600000000000000e+04
1.498200000000000000e+04
1.501500000000000000e+04
1.504800000000000000e+04
1.514100000000000000e+04
1.517700000000000000e+04
1.519100000000000000e+04
1.521700000000000000e+04
1.522600000000000000e+04
1.524200000000000000e+04
1.527200000000000000e+04
1.527700000000000000e+04
1.528400000000000000e+04
1.529500000000000000e+04
1.540500000000000000e+04
1.543800000000000000e+04
1.548300000000000000e+04
1.552000000000000000e+04
1.552200000000000000e+04
1.559500000000000000e+04
1.559600000000000000e+04
1.567000000000000000e+04
1.569800000000000000e+04
1.571800000000000000e+04
1.578800000000000000e+04
1.578900000000000000e+04
1.579300000000000000e+04
1.580400000000000000e+04
1.580600000000000000e+04
1.582700000000000000e+04
1.582900000000000000e+04
1.588400000000000000e+04
1.590400000000000000e+04
1.595600000000000000e+04
1.600700000000000000e+04
1.602000000000000000e+04
1.603300000000000000e+04
1.608100000000000000e+04
1.608300000000000000e+04
1.610900000000000000e+04
1.612500000000000000e+04
1.617600000000000000e+04
1.617700000000000000e+04
1.617900000000000000e+04
1.631000000000000000e+04
1.633500000000000000e+04
1.635900000000000000e+04
1.637800000000000000e+04
1.638800000000000000e+04
1.640800000000000000e+04
1.641500000000000000e+04
1.643700000000000000e+04
1.647100000000000000e+04
1.648300000000000000e+04
1.653800000000000000e+04
1.654400000000000000e+04
1.654500000000000000e+04
1.654800000000000000e+04
1.655000000000000000e+04
1.656700000000000000e+04
1.658100000000000000e+04
1.661300000000000000e+04
1.661500000000000000e+04
1.662300000000000000e+04
1.662400000000000000e+04
1.665500000000000000e+04
1.667800000000000000e+04
1.668800000000000000e+04
1.678100000000000000e+04
1.678200000000000000e+04
1.678300000000000000e+04
1.681300000000000000e+04
1.684600000000000000e+04
1.684700000000000000e+04
1.685300000000000000e+04
1.687400000000000000e+04
1.690300000000000000e+04
1.690700000000000000e+04
1.690900000000000000e+04
1.694000000000000000e+04
1.695800000000000000e+04
1.696200000000000000e+04
1.696300000000000000e+04
1.697100000000000000e+04
1.699600000000000000e+04
1.700900000000000000e+04
1.702300000000000000e+04
1.703200000000000000e+04
1.704300000000000000e+04
1.705700000000000000e+04
1.705900000000000000e+04
1.706100000000000000e+04
1.713400000000000000e+04
1.716700000000000000e+04
1.717600000000000000e+04
1.719300000000000000e+04
1.724900000000000000e+04
1.726100000000000000e+04
1.726300000000000000e+04
1.728000000000000000e+04
1.733800000000000000e+04
1.739400000000000000e+04
1.741900000000000000e+04
1.743600000000000000e+04
1.743700000000000000e+04
1.744700000000000000e+04
1.744800000000000000e+04
1.746100000000000000e+04
1.747300000000000000e+04
1.749200000000000000e+04
1.749700000000000000e+04
1.749900000000000000e+04
1.750000000000000000e+04
1.750300000000000000e+04
1.750600000000000000e+04
1.755700000000000000e+04
1.757600000000000000e+04
1.761000000000000000e+04
1.761500000000000000e+04
1.761700000000000000e+04
1.763200000000000000e+04
1.792200000000000000e+04
1.794500000000000000e+04
1.794600000000000000e+04
1.800700000000000000e+04
1.815100000000000000e+04
1.817600000000000000e+04
1.824600000000000000e+04
1.825000000000000000e+04
1.825900000000000000e+04
1.833300000000000000e+04
1.844400000000000000e+04
1.847000000000000000e+04
1.856700000000000000e+04
1.867900000000000000e+04
1.871700000000000000e+04
1.872200000000000000e+04
1.872400000000000000e+04
1.873200000000000000e+04
1.876400000000000000e+04
1.876600000000000000e+04
1.876800000000000000e+04
1.878500000000000000e+04
1.879000000000000000e+04
1.879100000000000000e+04
1.881900000000000000e+04
1.885200000000000000e+04
1.885900000000000000e+04
1.888800000000000000e+04
1.890700000000000000e+04
1.891900000000000000e+04
1.893700000000000000e+04
1.894900000000000000e+04
1.897100000000000000e+04
1.897500000000000000e+04
1.899100000000000000e+04
1.900500000000000000e+04
1.900600000000000000e+04
1.901300000000000000e+04
1.908900000000000000e+04
1.909100000000000000e+04
1.910600000000000000e+04
1.919300000000000000e+04
1.919400000000000000e+04
1.920200000000000000e+04
1.925400000000000000e+04
1.925500000000000000e+04
1.925900000000000000e+04
1.926200000000000000e+04
1.928500000000000000e+04
1.929500000000000000e+04
1.932600000000000000e+04
1.932800000000000000e+04
1.933300000000000000e+04
1.934200000000000000e+04
1.934400000000000000e+04
1.936100000000000000e+04
1.937300000000000000e+04
1.938000000000000000e+04
1.938600000000000000e+04
1.939200000000000000e+04
1.943300000000000000e+04
1.945400000000000000e+04
1.947300000000000000e+04
1.954600000000000000e+04
1.956600000000000000e+04
1.960100000000000000e+04
1.966900000000000000e+04
1.969800000000000000e+04
1.970100000000000000e+04
1.973800000000000000e+04
1.973900000000000000e+04
1.976000000000000000e+04
1.978300000000000000e+04
1.979800000000000000e+04
1.981100000000000000e+04
1.990900000000000000e+04
1.991700000000000000e+04
2.002400000000000000e+04
2.005400000000000000e+04
2.005500000000000000e+04
2.005600000000000000e+04
2.005700000000000000e+04
2.005800000000000000e+04
2.006000000000000000e+04
2.006100000000000000e+04
2.006200000000000000e+04
2.012900000000000000e+04
2.015200000000000000e+04
2.015300000000000000e+04
2.018200000000000000e+04
2.027500000000000000e+04
2.038700000000000000e+04
2.039400000000000000e+04
2.061200000000000000e+04
2.061500000000000000e+04
2.062100000000000000e+04
2.062500000000000000e+04
2.062700000000000000e+04
2.068300000000000000e+04
2.073100000000000000e+04
2.082600000000000000e+04
2.083600000000000000e+04
2.085500000000000000e+04
2.093200000000000000e+04
2.097100000000000000e+04
2.099000000000000000e+04
2.101100000000000000e+04
2.103400000000000000e+04
2.108700000000000000e+04
2.112400000000000000e+04
2.116600000000000000e+04
2.116800000000000000e+04
2.120100000000000000e+04
2.120700000000000000e+04
2.120800000000000000e+04
2.157800000000000000e+04
2.159400000000000000e+04
2.161500000000000000e+04
2.163300000000000000e+04
2.168300000000000000e+04
2.169200000000000000e+04
2.174000000000000000e+04
2.177000000000000000e+04
2.177100000000000000e+04
2.178600000000000000e+04
2.178700000000000000e+04
2.182200000000000000e+04
2.182800000000000000e+04
2.188100000000000000e+04
2.197800000000000000e+04
2.198400000000000000e+04
2.198600000000000000e+04
2.203800000000000000e+04
2.205900000000000000e+04
2.206500000000000000e+04
2.207300000000000000e+04
2.211400000000000000e+04
2.212000000000000000e+04
2.214700000000000000e+04
2.217300000000000000e+04
2.221500000000000000e+04
2.224300000000000000e+04
2.224500000000000000e+04
2.224800000000000000e+04
2.224900000000000000e+04
2.228700000000000000e+04
2.229300000000000000e+04
2.231000000000000000e+04
2.234800000000000000e+04
2.236000000000000000e+04
2.243700000000000000e+04
2.249700000000000000e+04
2.251300000000000000e+04
2.252900000000000000e+04
2.255400000000000000e+04
2.257900000000000000e+04
2.265300000000000000e+04
2.270400000000000000e+04
2.272300000000000000e+04
2.288100000000000000e+04
2.290200000000000000e+04
2.290800000000000000e+04
2.295100000000000000e+04
2.300500000000000000e+04
2.305500000000000000e+04
2.308800000000000000e+04
2.325100000000000000e+04
2.328400000000000000e+04
2.328500000000000000e+04
2.336000000000000000e+04
2.337800000000000000e+04
2.337900000000000000e+04
2.338000000000000000e+04
2.340800000000000000e+04
2.340900000000000000e+04
2.342300000000000000e+04
2.345100000000000000e+04
2.359900000000000000e+04
2.361500000000000000e+04
2.374700000000000000e+04
2.375500000000000000e+04
2.380200000000000000e+04
2.381400000000000000e+04
2.387200000000000000e+04
2.394400000000000000e+04
2.394900000000000000e+04
2.396800000000000000e+04
2.400100000000000000e+04
2.400700000000000000e+04
2.400800000000000000e+04
2.404400000000000000e+04
2.405800000000000000e+04
2.406000000000000000e+04
2.410000000000000000e+04
2.410100000000000000e+04
2.413400000000000000e+04
2.413800000000000000e+04
2.417700000000000000e+04
2.424600000000000000e+04
2.428500000000000000e+04
2.428800000000000000e+04
2.429100000000000000e+04
2.429200000000000000e+04
2.430700000000000000e+04
2.431600000000000000e+04
2.433500000000000000e+04
2.434600000000000000e+04
2.440600000000000000e+04
2.441300000000000000e+04
2.447900000000000000e+04
2.457900000000000000e+04
2.464200000000000000e+04
2.470300000000000000e+04
2.473600000000000000e+04
2.474900000000000000e+04
2.480900000000000000e+04
2.486200000000000000e+04
2.491000000000000000e+04
2.492900000000000000e+04
2.501800000000000000e+04
2.511400000000000000e+04
2.526600000000000000e+04
2.526700000000000000e+04
2.529600000000000000e+04
2.535200000000000000e+04
2.537400000000000000e+04
2.550100000000000000e+04
2.553400000000000000e+04
2.555600000000000000e+04
2.556800000000000000e+04
2.557600000000000000e+04
2.557700000000000000e+04
2.576800000000000000e+04
2.582200000000000000e+04
2.582300000000000000e+04
2.583400000000000000e+04
2.585300000000000000e+04
2.588100000000000000e+04
2.601000000000000000e+04
2.606200000000000000e+04
2.608400000000000000e+04
2.608800000000000000e+04
2.614100000000000000e+04
2.614400000000000000e+04
2.618200000000000000e+04
2.621400000000000000e+04
2.621500000000000000e+04
2.621900000000000000e+04
2.622500000000000000e+04
2.629200000000000000e+04
2.632700000000000000e+04
2.633900000000000000e+04
2.639100000000000000e+04
2.639500000000000000e+04
2.640300000000000000e+04
2.641000000000000000e+04
2.643400000000000000e+04
2.645200000000000000e+04
2.650300000000000000e+04
2.650800000000000000e+04
2.651800000000000000e+04
2.653100000000000000e+04
2.657900000000000000e+04
2.663500000000000000e+04
2.664400000000000000e+04
2.668100000000000000e+04
2.673400000000000000e+04
2.681300000000000000e+04
2.681900000000000000e+04
2.689900000000000000e+04
2.691500000000000000e+04
2.693500000000000000e+04
2.704900000000000000e+04
2.707300000000000000e+04
2.714000000000000000e+04
2.720400000000000000e+04
2.724800000000000000e+04
2.725400000000000000e+04
2.728100000000000000e+04
2.738800000000000000e+04
2.744500000000000000e+04
2.744800000000000000e+04
2.751400000000000000e+04
2.757000000000000000e+04
2.758000000000000000e+04
2.759000000000000000e+04
2.761800000000000000e+04
2.762100000000000000e+04
2.765300000000000000e+04
2.769000000000000000e+04
2.769200000000000000e+04
2.769600000000000000e+04
2.771600000000000000e+04
2.775600000000000000e+04
2.777100000000000000e+04
2.781900000000000000e+04
2.782200000000000000e+04
2.783900000000000000e+04
2.784300000000000000e+04
2.784800000000000000e+04
2.789000000000000000e+04
2.789200000000000000e+04
2.792200000000000000e+04
2.797700000000000000e+04
2.798200000000000000e+04
2.803000000000000000e+04
2.805100000000000000e+04
2.807200000000000000e+04
2.807300000000000000e+04
2.808300000000000000e+04
2.809000000000000000e+04
2.809300000000000000e+04
2.811200000000000000e+04
2.813200000000000000e+04
2.813400000000000000e+04
2.813900000000000000e+04
2.815400000000000000e+04
2.815700000000000000e+04
2.816000000000000000e+04
2.817700000000000000e+04
2.817800000000000000e+04
2.821900000000000000e+04
2.822800000000000000e+04
2.825400000000000000e+04
2.828000000000000000e+04
2.829600000000000000e+04
2.834100000000000000e+04
2.835200000000000000e+04
2.839100000000000000e+04
2.844900000000000000e+04
2.853100000000000000e+04
2.854400000000000000e+04
2.864900000000000000e+04
2.871400000000000000e+04
2.880200000000000000e+04
2.880400000000000000e+04
2.880500000000000000e+04
2.880700000000000000e+04
2.882900000000000000e+04
2.883400000000000000e+04
2.883700000000000000e+04
2.886000000000000000e+04
2.887900000000000000e+04
2.888000000000000000e+04
2.890200000000000000e+04
2.890700000000000000e+04
2.890800000000000000e+04
2.891000000000000000e+04
2.891100000000000000e+04
2.892000000000000000e+04
2.894900000000000000e+04
2.904700000000000000e+04
2.906300000000000000e+04
2.907200000000000000e+04
2.914200000000000000e+04
2.925700000000000000e+04
2.933900000000000000e+04
2.938000000000000000e+04
2.938200000000000000e+04
2.938400000000000000e+04
2.939000000000000000e+04
2.939100000000000000e+04
2.940400000000000000e+04
2.947600000000000000e+04
2.949800000000000000e+04
2.950300000000000000e+04
2.961500000000000000e+04
2.962300000000000000e+04
2.967700000000000000e+04
2.971400000000000000e+04
2.972100000000000000e+04
2.976100000000000000e+04
2.979400000000000000e+04
2.980000000000000000e+04
2.980100000000000000e+04
2.981700000000000000e+04
2.983900000000000000e+04
2.984400000000000000e+04
2.984500000000000000e+04
2.987900000000000000e+04
2.994200000000000000e+04
3.001400000000000000e+04
3.003200000000000000e+04
3.003600000000000000e+04
3.007200000000000000e+04
3.013700000000000000e+04
3.018000000000000000e+04
3.018200000000000000e+04
3.028000000000000000e+04
3.031900000000000000e+04
3.032100000000000000e+04
3.039900000000000000e+04
3.042000000000000000e+04
3.047500000000000000e+04
3.048400000000000000e+04
3.048900000000000000e+04
3.055100000000000000e+04
3.055500000000000000e+04
3.056500000000000000e+04
3.056900000000000000e+04
3.057100000000000000e+04
3.057200000000000000e+04
3.057800000000000000e+04
3.060300000000000000e+04
3.060400000000000000e+04
3.060500000000000000e+04
3.063200000000000000e+04
3.064700000000000000e+04
3.064900000000000000e+04
3.067200000000000000e+04
3.068400000000000000e+04
3.069400000000000000e+04
3.070800000000000000e+04
3.074600000000000000e+04
3.082400000000000000e+04
3.083100000000000000e+04
3.106600000000000000e+04
3.111700000000000000e+04
3.116500000000000000e+04
3.118100000000000000e+04
3.128800000000000000e+04
3.132400000000000000e+04
3.138800000000000000e+04
3.141800000000000000e+04
3.142400000000000000e+04
3.158700000000000000e+04
3.160800000000000000e+04
3.163700000000000000e+04
3.163900000000000000e+04
3.164500000000000000e+04
3.167200000000000000e+04
3.170200000000000000e+04
3.170400000000000000e+04
3.174600000000000000e+04
3.175100000000000000e+04
3.177200000000000000e+04
3.181600000000000000e+04
3.181800000000000000e+04
3.181900000000000000e+04
3.191900000000000000e+04
3.195600000000000000e+04
3.203200000000000000e+04
3.209900000000000000e+04
3.217000000000000000e+04
3.223600000000000000e+04
3.223800000000000000e+04
3.225900000000000000e+04
3.227900000000000000e+04
3.234400000000000000e+04
3.236600000000000000e+04
3.238500000000000000e+04
3.246100000000000000e+04
3.247900000000000000e+04
3.249700000000000000e+04
3.252500000000000000e+04
3.253900000000000000e+04
3.265200000000000000e+04
3.268600000000000000e+04
3.269500000000000000e+04
3.279100000000000000e+04
3.295500000000000000e+04
3.295600000000000000e+04
3.299200000000000000e+04
3.304900000000000000e+04
3.312700000000000000e+04
3.318500000000000000e+04
3.323300000000000000e+04
3.337000000000000000e+04
3.340200000000000000e+04
3.343800000000000000e+04
3.356900000000000000e+04
3.358000000000000000e+04
3.361900000000000000e+04
3.367200000000000000e+04
3.385600000000000000e+04
3.386700000000000000e+04
3.391700000000000000e+04
3.393800000000000000e+04
3.408600000000000000e+04
3.410500000000000000e+04
3.414100000000000000e+04
3.416500000000000000e+04
3.417400000000000000e+04
3.428100000000000000e+04
3.433600000000000000e+04
3.437100000000000000e+04
3.443400000000000000e+04
3.448800000000000000e+04
3.456200000000000000e+04
3.459400000000000000e+04
3.462400000000000000e+04
3.462500000000000000e+04
3.468700000000000000e+04
3.481000000000000000e+04
3.483600000000000000e+04
3.501000000000000000e+04
3.502300000000000000e+04
3.503400000000000000e+04
3.504100000000000000e+04
3.504600000000000000e+04
3.505700000000000000e+04
3.506000000000000000e+04
3.507100000000000000e+04
3.511100000000000000e+04
3.517900000000000000e+04
3.525400000000000000e+04
3.529600000000000000e+04
3.533900000000000000e+04
3.536800000000000000e+04
3.539900000000000000e+04
3.541000000000000000e+04
3.543700000000000000e+04
3.556000000000000000e+04
3.557000000000000000e+04
3.558700000000000000e+04
3.566700000000000000e+04
3.586000000000000000e+04
3.594800000000000000e+04
3.595400000000000000e+04
3.596500000000000000e+04
3.602900000000000000e+04
3.609500000000000000e+04
3.615400000000000000e+04
3.615900000000000000e+04
3.616400000000000000e+04
3.619700000000000000e+04
3.623700000000000000e+04
3.628100000000000000e+04
3.630200000000000000e+04
3.632700000000000000e+04
3.636500000000000000e+04
3.636600000000000000e+04
3.641000000000000000e+04
3.641200000000000000e+04
3.641600000000000000e+04
3.645200000000000000e+04
3.665500000000000000e+04
3.665700000000000000e+04
3.668100000000000000e+04
3.670800000000000000e+04
3.672000000000000000e+04
3.674200000000000000e+04
3.675000000000000000e+04
3.677000000000000000e+04
3.677200000000000000e+04
3.679500000000000000e+04
3.682500000000000000e+04
3.689700000000000000e+04
3.689900000000000000e+04
3.700400000000000000e+04
3.700500000000000000e+04
3.705800000000000000e+04
3.708000000000000000e+04
3.709400000000000000e+04
3.710600000000000000e+04
3.718200000000000000e+04
3.720100000000000000e+04
3.720400000000000000e+04
3.727000000000000000e+04
3.733400000000000000e+04
3.749700000000000000e+04
3.751100000000000000e+04
3.756700000000000000e+04
3.760200000000000000e+04
3.761900000000000000e+04
3.763700000000000000e+04
3.766200000000000000e+04
3.768900000000000000e+04
3.777400000000000000e+04
3.778300000000000000e+04
3.780700000000000000e+04
3.781500000000000000e+04
3.781800000000000000e+04
3.788000000000000000e+04
3.791300000000000000e+04
3.800800000000000000e+04
3.801300000000000000e+04
3.804600000000000000e+04
3.804700000000000000e+04
3.805600000000000000e+04
3.805900000000000000e+04
3.812100000000000000e+04
3.813100000000000000e+04
3.814300000000000000e+04
3.817700000000000000e+04
3.821600000000000000e+04
3.823500000000000000e+04
3.823600000000000000e+04
3.825500000000000000e+04
3.829600000000000000e+04
3.832600000000000000e+04
3.842200000000000000e+04
3.846600000000000000e+04
3.856600000000000000e+04
3.857800000000000000e+04
3.861100000000000000e+04
3.862100000000000000e+04
3.862400000000000000e+04
3.866600000000000000e+04
3.869000000000000000e+04
3.873500000000000000e+04
3.882100000000000000e+04
3.883300000000000000e+04
3.885900000000000000e+04
3.889400000000000000e+04
3.890400000000000000e+04
3.893100000000000000e+04
3.893400000000000000e+04
3.894300000000000000e+04
3.895000000000000000e+04
3.902400000000000000e+04
3.904800000000000000e+04
3.905800000000000000e+04
3.909300000000000000e+04
3.909400000000000000e+04
3.910700000000000000e+04
3.921500000000000000e+04
3.925900000000000000e+04
3.928900000000000000e+04
3.929100000000000000e+04
3.936600000000000000e+04
3.937900000000000000e+04
3.939900000000000000e+04
3.942100000000000000e+04
3.948700000000000000e+04
3.954200000000000000e+04
3.956900000000000000e+04
3.960300000000000000e+04
3.962600000000000000e+04
3.965500000000000000e+04
3.966400000000000000e+04
3.970400000000000000e+04
3.971200000000000000e+04
3.976800000000000000e+04
3.977500000000000000e+04
3.978600000000000000e+04
3.981200000000000000e+04
3.990400000000000000e+04
3.990600000000000000e+04
3.991800000000000000e+04
3.995900000000000000e+04
3.997000000000000000e+04
4.005600000000000000e+04
4.009300000000000000e+04
4.021500000000000000e+04
4.022000000000000000e+04
4.023400000000000000e+04
4.028300000000000000e+04
4.037400000000000000e+04
4.053000000000000000e+04
4.065500000000000000e+04
4.070600000000000000e+04
4.093800000000000000e+04
4.096200000000000000e+04
4.099400000000000000e+04
4.102500000000000000e+04
4.104600000000000000e+04
4.104700000000000000e+04
4.121800000000000000e+04
4.123900000000000000e+04
4.125500000000000000e+04
4.143200000000000000e+04
4.150900000000000000e+04
4.151400000000000000e+04
4.154700000000000000e+04
4.176500000000000000e+04
4.177100000000000000e+04
4.177500000000000000e+04
4.185400000000000000e+04
4.192500000000000000e+04
4.196300000000000000e+04
4.197200000000000000e+04
4.198000000000000000e+04
4.209200000000000000e+04
4.210700000000000000e+04
4.231000000000000000e+04
4.231100000000000000e+04
4.236800000000000000e+04
4.237100000000000000e+04
4.237200000000000000e+04
4.237400000000000000e+04
4.239600000000000000e+04
4.240900000000000000e+04
4.244600000000000000e+04
4.245100000000000000e+04
4.245300000000000000e+04
4.258700000000000000e+04
4.259900000000000000e+04
4.260700000000000000e+04
4.261600000000000000e+04
4.268700000000000000e+04
4.268800000000000000e+04
4.270000000000000000e+04
4.279100000000000000e+04
4.279400000000000000e+04
4.286700000000000000e+04
4.291000000000000000e+04
4.303500000000000000e+04
4.326800000000000000e+04
4.330900000000000000e+04
4.333300000000000000e+04
4.347000000000000000e+04
4.348200000000000000e+04
4.350800000000000000e+04
4.351300000000000000e+04
4.354500000000000000e+04
4.356000000000000000e+04
4.357800000000000000e+04
4.359900000000000000e+04
4.362800000000000000e+04
4.365700000000000000e+04
4.365900000000000000e+04
4.366500000000000000e+04
4.369300000000000000e+04
4.371400000000000000e+04
4.372100000000000000e+04
4.373700000000000000e+04
4.380200000000000000e+04
4.390400000000000000e+04
4.391500000000000000e+04
4.403300000000000000e+04
4.415300000000000000e+04
4.416800000000000000e+04
4.419200000000000000e+04
4.420600000000000000e+04
4.422900000000000000e+04
4.434500000000000000e+04
4.438800000000000000e+04
4.440800000000000000e+04
4.446900000000000000e+04
4.447700000000000000e+04
4.448000000000000000e+04
4.453500000000000000e+04
4.456400000000000000e+04
4.459900000000000000e+04
4.462700000000000000e+04
4.464100000000000000e+04
4.468200000000000000e+04
4.471600000000000000e+04
4.473200000000000000e+04
4.474500000000000000e+04
4.478200000000000000e+04
4.478900000000000000e+04
4.487700000000000000e+04
4.489800000000000000e+04
4.499100000000000000e+04
4.499200000000000000e+04
4.500500000000000000e+04
4.502700000000000000e+04
4.503800000000000000e+04
4.509100000000000000e+04
4.512800000000000000e+04
4.512900000000000000e+04
4.513100000000000000e+04
4.513200000000000000e+04
4.514100000000000000e+04
4.522500000000000000e+04
4.527300000000000000e+04
4.541000000000000000e+04
4.541100000000000000e+04
4.541200000000000000e+04
4.542000000000000000e+04
4.542400000000000000e+04
4.547200000000000000e+04
4.548900000000000000e+04
4.552600000000000000e+04
4.552900000000000000e+04
4.555200000000000000e+04
4.562500000000000000e+04
4.568800000000000000e+04
4.569400000000000000e+04
4.571500000000000000e+04
4.574200000000000000e+04
4.574700000000000000e+04
4.575600000000000000e+04
4.577000000000000000e+04
4.581500000000000000e+04
4.582600000000000000e+04
4.585400000000000000e+04
4.586900000000000000e+04
4.587300000000000000e+04
4.590200000000000000e+04
4.596400000000000000e+04
4.598600000000000000e+04
4.601400000000000000e+04
4.606100000000000000e+04
4.609500000000000000e+04
4.609900000000000000e+04
4.610100000000000000e+04
4.615700000000000000e+04
4.621100000000000000e+04
4.624600000000000000e+04
4.626700000000000000e+04
4.630200000000000000e+04
4.634600000000000000e+04
4.636500000000000000e+04
4.636600000000000000e+04
4.637600000000000000e+04
4.640500000000000000e+04
4.644000000000000000e+04
4.645200000000000000e+04
4.654700000000000000e+04
4.666200000000000000e+04
4.672500000000000000e+04
4.672700000000000000e+04
4.675400000000000000e+04
4.676100000000000000e+04
4.676200000000000000e+04
4.677500000000000000e+04
4.679900000000000000e+04
4.681600000000000000e+04
4.683000000000000000e+04
4.683100000000000000e+04
4.689500000000000000e+04
4.696700000000000000e+04
4.696800000000000000e+04
4.701100000000000000e+04
4.701700000000000000e+04
4.707200000000000000e+04
4.711500000000000000e+04
4.720500000000000000e+04
4.723800000000000000e+04
4.734600000000000000e+04
4.735100000000000000e+04
4.742600000000000000e+04
4.746800000000000000e+04
4.748000000000000000e+04
4.749600000000000000e+04
4.756500000000000000e+04
4.756600000000000000e+04
4.758400000000000000e+04
4.758500000000000000e+04
4.760900000000000000e+04
4.766100000000000000e+04
4.766200000000000000e+04
4.799600000000000000e+04
4.799800000000000000e+04
4.803100000000000000e+04
4.804000000000000000e+04
4.807800000000000000e+04
4.819500000000000000e+04
4.820500000000000000e+04
4.825000000000000000e+04
4.825500000000000000e+04
