8.360000000000000000e+02
1.199000000000000000e+03
1.729000000000000000e+03
1.757000000000000000e+03
1.760000000000000000e+03
1.977000000000000000e+03
2.100000000000000000e+03
2.109000000000000000e+03
2.136000000000000000e+03
2.370000000000000000e+03
2.405000000000000000e+03
2.526000000000000000e+03
2.569000000000000000e+03
2.644000000000000000e+03
2.699000000000000000e+03
2.882000000000000000e+03
2.902000000000000000e+03
3.023000000000000000e+03
3.044000000000000000e+03
3.167000000000000000e+03
3.278000000000000000e+03
3.379000000000000000e+03
3.386000000000000000e+03
3.408000000000000000e+03
3.432000000000000000e+03
3.549000000000000000e+03
3.746000000000000000e+03
3.752000000000000000e+03
3.796000000000000000e+03
3.819000000000000000e+03
3.883000000000000000e+03
3.952000000000000000e+03
4.184000000000000000e+03
4.212000000000000000e+03
4.308000000000000000e+03
4.584000000000000000e+03
4.618000000000000000e+03
4.704000000000000000e+03
4.801000000000000000e+03
4.875000000000000000e+03
5.075000000000000000e+03
5.124000000000000000e+03
5.131000000000000000e+03
5.228000000000000000e+03
5.245000000000000000e+03
5.315000000000000000e+03
5.320000000000000000e+03
5.347000000000000000e+03
5.418000000000000000e+03
5.447000000000000000e+03
5.532000000000000000e+03
5.533000000000000000e+03
5.534000000000000000e+03
5.539000000000000000e+03
5.567000000000000000e+03
5.639000000000000000e+03
5.701000000000000000e+03
5.822000000000000000e+03
5.874000000000000000e+03
5.920000000000000000e+03
5.991000000000000000e+03
6.015000000000000000e+03
6.017000000000000000e+03
6.074000000000000000e+03
6.109000000000000000e+03
6.140000000000000000e+03
6.280000000000000000e+03
6.295000000000000000e+03
6.305000000000000000e+03
6.347000000000000000e+03
6.404000000000000000e+03
6.466000000000000000e+03
6.720000000000000000e+03
6.730000000000000000e+03
6.789000000000000000e+03
6.915000000000000000e+03
6.922000000000000000e+03
6.963000000000000000e+03
6.977000000000000000e+03
6.995000000000000000e+03
7.063000000000000000e+03
7.104000000000000000e+03
7.126000000000000000e+03
7.135000000000000000e+03
7.139000000000000000e+03
7.236000000000000000e+03
7.331000000000000000e+03
7.452000000000000000e+03
7.458000000000000000e+03
7.464000000000000000e+03
7.501000000000000000e+03
7.520000000000000000e+03
7.534000000000000000e+03
7.555000000000000000e+03
7.561000000000000000e+03
7.615000000000000000e+03
7.653000000000000000e+03
7.658000000000000000e+03
7.702000000000000000e+03
7.755000000000000000e+03
7.764000000000000000e+03
7.789000000000000000e+03
7.873000000000000000e+03
7.892000000000000000e+03
7.900000000000000000e+03
7.938000000000000000e+03
7.970000000000000000e+03
7.972000000000000000e+03
8.002000000000000000e+03
8.070000000000000000e+03
8.073000000000000000e+03
8.082000000000000000e+03
8.161000000000000000e+03
8.201000000000000000e+03
8.217000000000000000e+03
8.228000000000000000e+03
8.329000000000000000e+03
8.382000000000000000e+03
8.446000000000000000e+03
8.459000000000000000e+03
8.511000000000000000e+03
8.519000000000000000e+03
8.596000000000000000e+03
8.603000000000000000e+03
8.722000000000000000e+03
8.724000000000000000e+03
8.732000000000000000e+03
8.761000000000000000e+03
8.775000000000000000e+03
8.795000000000000000e+03
8.836000000000000000e+03
8.860000000000000000e+03
8.896000000000000000e+03
8.979000000000000000e+03
9.021000000000000000e+03
9.045000000000000000e+03
9.071000000000000000e+03
9.088000000000000000e+03
9.155000000000000000e+03
9.223000000000000000e+03
9.282000000000000000e+03
9.293000000000000000e+03
9.383000000000000000e+03
9.390000000000000000e+03
9.391000000000000000e+03
9.430000000000000000e+03
9.434000000000000000e+03
9.441000000000000000e+03
9.451000000000000000e+03
9.519000000000000000e+03
9.531000000000000000e+03
9.584000000000000000e+03
9.602000000000000000e+03
9.607000000000000000e+03
9.610000000000000000e+03
9.614000000000000000e+03
9.623000000000000000e+03
9.689000000000000000e+03
9.713000000000000000e+03
9.716000000000000000e+03
9.782000000000000000e+03
9.832000000000000000e+03
9.837000000000000000e+03
9.911000000000000000e+03
9.920000000000000000e+03
9.941000000000000000e+03
9.961000000000000000e+03
9.981000000000000000e+03
1.004800000000000000e+04
1.013800000000000000e+04
1.022200000000000000e+04
1.035200000000000000e+04
1.043100000000000000e+04
1.046400000000000000e+04
1.047900000000000000e+04
1.048100000000000000e+04
1.049400000000000000e+04
1.053300000000000000e+04
1.056400000000000000e+04
1.063000000000000000e+04
1.063100000000000000e+04
1.063300000000000000e+04
1.068100000000000000e+04
1.071900000000000000e+04
1.078800000000000000e+04
1.080700000000000000e+04
1.080900000000000000e+04
1.089700000000000000e+04
1.096900000000000000e+04
1.098600000000000000e+04
1.100800000000000000e+04
1.101600000000000000e+04
1.102400000000000000e+04
1.105800000000000000e+04
1.108600000000000000e+04
1.112100000000000000e+04
1.114300000000000000e+04
1.120800000000000000e+04
1.122200000000000000e+04
1.125000000000000000e+04
1.125300000000000000e+04
1.126000000000000000e+04
1.126100000000000000e+04
1.127600000000000000e+04
1.128400000000000000e+04
1.136400000000000000e+04
1.136800000000000000e+04
1.141100000000000000e+04
1.145700000000000000e+04
1.149900000000000000e+04
1.150400000000000000e+04
1.152600000000000000e+04
1.155100000000000000e+04
1.156200000000000000e+04
1.161000000000000000e+04
1.164000000000000000e+04
1.166900000000000000e+04
1.168300000000000000e+04
1.169000000000000000e+04
1.169400000000000000e+04
1.170500000000000000e+04
1.171100000000000000e+04
1.171200000000000000e+04
1.172500000000000000e+04
1.177800000000000000e+04
1.178000000000000000e+04
1.180800000000000000e+04
1.181500000000000000e+04
1.182300000000000000e+04
1.183900000000000000e+04
1.185700000000000000e+04
1.186100000000000000e+04
1.186200000000000000e+04
1.186300000000000000e+04
1.187100000000000000e+04
1.187700000000000000e+04
1.188200000000000000e+04
1.190100000000000000e+04
1.191200000000000000e+04
1.191800000000000000e+04
1.193000000000000000e+04
1.196800000000000000e+04
1.198900000000000000e+04
1.202200000000000000e+04
1.202400000000000000e+04
1.204000000000000000e+04
1.205700000000000000e+04
1.206600000000000000e+04
1.208600000000000000e+04
1.208800000000000000e+04
1.211600000000000000e+04
1.216000000000000000e+04
1.217500000000000000e+04
1.218800000000000000e+04
1.220700000000000000e+04
1.226300000000000000e+04
1.228600000000000000e+04
1.230000000000000000e+04
1.240100000000000000e+04
1.242000000000000000e+04
1.245000000000000000e+04
1.251800000000000000e+04
1.252700000000000000e+04
1.256100000000000000e+04
1.258800000000000000e+04
1.267400000000000000e+04
1.269700000000000000e+04
1.270200000000000000e+04
1.270400000000000000e+04
1.270500000000000000e+04
1.271000000000000000e+04
1.274300000000000000e+04
1.274500000000000000e+04
1.276100000000000000e+04
1.280400000000000000e+04
1.281600000000000000e+04
1.287600000000000000e+04
1.290200000000000000e+04
1.292300000000000000e+04
1.295000000000000000e+04
1.297500000000000000e+04
1.297800000000000000e+04
1.298100000000000000e+04
1.298600000000000000e+04
1.299100000000000000e+04
1.300800000000000000e+04
1.302200000000000000e+04
1.308000000000000000e+04
1.317500000000000000e+04
1.317700000000000000e+04
1.318500000000000000e+04
1.320500000000000000e+04
1.320900000000000000e+04
1.322500000000000000e+04
1.323200000000000000e+04
1.323700000000000000e+04
1.323900000000000000e+04
1.325200000000000000e+04
1.328400000000000000e+04
1.331500000000000000e+04
1.332200000000000000e+04
1.333300000000000000e+04
1.333500000000000000e+04
1.336000000000000000e+04
1.336200000000000000e+04
1.337300000000000000e+04
1.342800000000000000e+04
1.343100000000000000e+04
1.344400000000000000e+04
1.345500000000000000e+04
1.346500000000000000e+04
1.348400000000000000e+04
1.348900000000000000e+04
1.350600000000000000e+04
1.352400000000000000e+04
1.353300000000000000e+04
1.354500000000000000e+04
1.355200000000000000e+04
1.355500000000000000e+04
1.355900000000000000e+04
1.358700000000000000e+04
1.360900000000000000e+04
1.363700000000000000e+04
1.364100000000000000e+04
1.366600000000000000e+04
1.367000000000000000e+04
1.370700000000000000e+04
1.372200000000000000e+04
1.372300000000000000e+04
1.373300000000000000e+04
1.373900000000000000e+04
1.374000000000000000e+04
1.374400000000000000e+04
1.377200000000000000e+04
1.381600000000000000e+04
1.383900000000000000e+04
1.388300000000000000e+04
1.392800000000000000e+04
1.395300000000000000e+04
1.395800000000000000e+04
1.396000000000000000e+04
1.396800000000000000e+04
1.398100000000000000e+04
1.398500000000000000e+04
1.399700000000000000e+04
1.400800000000000000e+04
1.401500000000000000e+04
1.402500000000000000e+04
1.402800000000000000e+04
1.403400000000000000e+04
1.410600000000000000e+04
1.411000000000000000e+04
1.413800000000000000e+04
1.415200000000000000e+04
1.415300000000000000e+04
1.415400000000000000e+04
1.416900000000000000e+04
1.418200000000000000e+04
1.419400000000000000e+04
1.419900000000000000e+04
1.420200000000000000e+04
1.430800000000000000e+04
1.431300000000000000e+04
1.432600000000000000e+04
1.438500000000000000e+04
1.439300000000000000e+04
1.440200000000000000e+04
1.444000000000000000e+04
1.444700000000000000e+04
1.446000000000000000e+04
1.446500000000000000e+04
1.448100000000000000e+04
1.452500000000000000e+04
1.452700000000000000e+04
1.460500000000000000e+04
1.460700000000000000e+04
1.462000000000000000e+04
1.464700000000000000e+04
1.466100000000000000e+04
1.467900000000000000e+04
1.472100000000000000e+04
1.475100000000000000e+04
1.476300000000000000e+04
1.477100000000000000e+04
1.481400000000000000e+04
1.482400000000000000e+04
1.482700000000000000e+04
1.482800000000000000e+04
1.484000000000000000e+04
1.484500000000000000e+04
1.486200000000000000e+04
1.487700000000000000e+04
1.487900000000000000e+04
1.488700000000000000e+04
1.490300000000000000e+04
1.499400000000000000e+04
1.499600000000000000e+04
1.499900000000000000e+04
1.502600000000000000e+04
1.503200000000000000e+04
1.504400000000000000e+04
1.504500000000000000e+04
1.505100000000000000e+04
1.506000000000000000e+04
1.507000000000000000e+04
1.509100000000000000e+04
1.510600000000000000e+04
1.515300000000000000e+04
1.517100000000000000e+04
1.517400000000000000e+04
1.519200000000000000e+04
1.520900000000000000e+04
1.523800000000000000e+04
1.523900000000000000e+04
1.526500000000000000e+04
1.531300000000000000e+04
1.532500000000000000e+04
1.532600000000000000e+04
1.535300000000000000e+04
1.535900000000000000e+04
1.540800000000000000e+04
1.540900000000000000e+04
1.541100000000000000e+04
1.544200000000000000e+04
1.546100000000000000e+04
1.546400000000000000e+04
1.548500000000000000e+04
1.551800000000000000e+04
1.551900000000000000e+04
1.552500000000000000e+04
1.553300000000000000e+04
1.553600000000000000e+04
1.554600000000000000e+04
1.554800000000000000e+04
1.556400000000000000e+04
1.558400000000000000e+04
1.567100000000000000e+04
1.568800000000000000e+04
1.570300000000000000e+04
1.571100000000000000e+04
1.572300000000000000e+04
1.576300000000000000e+04
1.577100000000000000e+04
1.578200000000000000e+04
1.579400000000000000e+04
1.579700000000000000e+04
1.579800000000000000e+04
1.580700000000000000e+04
1.582800000000000000e+04
1.583400000000000000e+04
1.585600000000000000e+04
1.588200000000000000e+04
1.588500000000000000e+04
1.589000000000000000e+04
1.590900000000000000e+04
1.593300000000000000e+04
1.595300000000000000e+04
1.596600000000000000e+04
1.601800000000000000e+04
1.603000000000000000e+04
1.604000000000000000e+04
1.605400000000000000e+04
1.608600000000000000e+04
1.609500000000000000e+04
1.611800000000000000e+04
1.612300000000000000e+04
1.615700000000000000e+04
1.618100000000000000e+04
1.619300000000000000e+04
1.620600000000000000e+04
1.621000000000000000e+04
1.623200000000000000e+04
1.625200000000000000e+04
1.626600000000000000e+04
1.628400000000000000e+04
1.632700000000000000e+04
1.636200000000000000e+04
1.636400000000000000e+04
1.644000000000000000e+04
1.644900000000000000e+04
1.646200000000000000e+04
1.648100000000000000e+04
1.649800000000000000e+04
1.662900000000000000e+04
1.664100000000000000e+04
1.674100000000000000e+04
1.676900000000000000e+04
1.677900000000000000e+04
1.680900000000000000e+04
1.685700000000000000e+04
1.689800000000000000e+04
1.690500000000000000e+04
1.697700000000000000e+04
1.698400000000000000e+04
1.702700000000000000e+04
1.713500000000000000e+04
1.713600000000000000e+04
1.715000000000000000e+04
1.724700000000000000e+04
1.725100000000000000e+04
1.729900000000000000e+04
1.732200000000000000e+04
1.732700000000000000e+04
1.734000000000000000e+04
1.734800000000000000e+04
1.734900000000000000e+04
1.735700000000000000e+04
1.738100000000000000e+04
1.739500000000000000e+04
1.743400000000000000e+04
1.745500000000000000e+04
1.746500000000000000e+04
1.747100000000000000e+04
1.748400000000000000e+04
1.749400000000000000e+04
1.749600000000000000e+04
1.755900000000000000e+04
1.758000000000000000e+04
1.760000000000000000e+04
1.761400000000000000e+04
1.762800000000000000e+04
1.763000000000000000e+04
1.763700000000000000e+04
1.764000000000000000e+04
1.765200000000000000e+04
1.770400000000000000e+04
1.770800000000000000e+04
1.772700000000000000e+04
1.776600000000000000e+04
1.778400000000000000e+04
1.779300000000000000e+04
1.780900000000000000e+04
1.781500000000000000e+04
1.783100000000000000e+04
1.783200000000000000e+04
1.785300000000000000e+04
1.785500000000000000e+04
1.786000000000000000e+04
1.789400000000000000e+04
1.789600000000000000e+04
1.790900000000000000e+04
1.793400000000000000e+04
1.793800000000000000e+04
1.794300000000000000e+04
1.795900000000000000e+04
1.796300000000000000e+04
1.799100000000000000e+04
1.799500000000000000e+04
1.800300000000000000e+04
1.800400000000000000e+04
1.800600000000000000e+04
1.801000000000000000e+04
1.803800000000000000e+04
1.803900000000000000e+04
1.804100000000000000e+04
1.807200000000000000e+04
1.809500000000000000e+04
1.809800000000000000e+04
1.811700000000000000e+04
1.813300000000000000e+04
1.813500000000000000e+04
1.813600000000000000e+04
1.816600000000000000e+04
1.817800000000000000e+04
1.818800000000000000e+04
1.820600000000000000e+04
1.821100000000000000e+04
1.821200000000000000e+04
1.823100000000000000e+04
1.823300000000000000e+04
1.826800000000000000e+04
1.828600000000000000e+04
1.830400000000000000e+04
1.834800000000000000e+04
1.835300000000000000e+04
1.840300000000000000e+04
1.841300000000000000e+04
1.841700000000000000e+04
1.842900000000000000e+04
1.844500000000000000e+04
1.845300000000000000e+04
1.846600000000000000e+04
1.850500000000000000e+04
1.859200000000000000e+04
1.860300000000000000e+04
1.862800000000000000e+04
1.863000000000000000e+04
1.865500000000000000e+04
1.866000000000000000e+04
1.867200000000000000e+04
1.867300000000000000e+04
1.867700000000000000e+04
1.874000000000000000e+04
1.882100000000000000e+04
1.885000000000000000e+04
1.888200000000000000e+04
1.888400000000000000e+04
1.889100000000000000e+04
1.889600000000000000e+04
1.890500000000000000e+04
1.895400000000000000e+04
1.898700000000000000e+04
1.899900000000000000e+04
1.900400000000000000e+04
1.902200000000000000e+04
1.905600000000000000e+04
1.909700000000000000e+04
1.911000000000000000e+04
1.914000000000000000e+04
1.915000000000000000e+04
1.919800000000000000e+04
1.921900000000000000e+04
1.927300000000000000e+04
1.930800000000000000e+04
1.932100000000000000e+04
1.932500000000000000e+04
1.933400000000000000e+04
1.933600000000000000e+04
1.938300000000000000e+04
1.939300000000000000e+04
1.943700000000000000e+04
1.948300000000000000e+04
1.952000000000000000e+04
1.955100000000000000e+04
1.956300000000000000e+04
1.957100000000000000e+04
1.960200000000000000e+04
1.960500000000000000e+04
1.961200000000000000e+04
1.962000000000000000e+04
1.964400000000000000e+04
1.967000000000000000e+04
1.968500000000000000e+04
1.972100000000000000e+04
1.972400000000000000e+04
1.973500000000000000e+04
1.976300000000000000e+04
1.976700000000000000e+04
1.977200000000000000e+04
1.977500000000000000e+04
1.977800000000000000e+04
1.979400000000000000e+04
1.984300000000000000e+04
1.986800000000000000e+04
1.987100000000000000e+04
1.987300000000000000e+04
1.988200000000000000e+04
1.989500000000000000e+04
1.989900000000000000e+04
1.993500000000000000e+04
1.994000000000000000e+04
1.995800000000000000e+04
1.996300000000000000e+04
1.997500000000000000e+04
1.997700000000000000e+04
1.998000000000000000e+04
2.003600000000000000e+04
2.004300000000000000e+04
2.004500000000000000e+04
2.004700000000000000e+04
2.009400000000000000e+04
2.009800000000000000e+04
2.010100000000000000e+04
2.013300000000000000e+04
2.014000000000000000e+04
2.014200000000000000e+04
2.014400000000000000e+04
2.014600000000000000e+04
2.018900000000000000e+04
2.020300000000000000e+04
2.020700000000000000e+04
2.022500000000000000e+04
2.023300000000000000e+04
2.023400000000000000e+04
2.023500000000000000e+04
2.023600000000000000e+04
2.023800000000000000e+04
2.025300000000000000e+04
2.025800000000000000e+04
2.026800000000000000e+04
2.027400000000000000e+04
2.029900000000000000e+04
2.030000000000000000e+04
2.030100000000000000e+04
2.031500000000000000e+04
2.032100000000000000e+04
2.032700000000000000e+04
2.032800000000000000e+04
2.034000000000000000e+04
2.035100000000000000e+04
2.035600000000000000e+04
2.036800000000000000e+04
2.038200000000000000e+04
2.038400000000000000e+04
2.040800000000000000e+04
2.041000000000000000e+04
2.041300000000000000e+04
2.041500000000000000e+04
2.042900000000000000e+04
2.043300000000000000e+04
2.044300000000000000e+04
2.045800000000000000e+04
2.045900000000000000e+04
2.049600000000000000e+04
2.053000000000000000e+04
2.053400000000000000e+04
2.054600000000000000e+04
2.055900000000000000e+04
2.056300000000000000e+04
2.056400000000000000e+04
2.057500000000000000e+04
2.057600000000000000e+04
2.060100000000000000e+04
2.062600000000000000e+04
2.066200000000000000e+04
2.066700000000000000e+04
2.067100000000000000e+04
2.068000000000000000e+04
2.068900000000000000e+04
2.069600000000000000e+04
2.070900000000000000e+04
2.072200000000000000e+04
2.073900000000000000e+04
2.074100000000000000e+04
2.074200000000000000e+04
2.074400000000000000e+04
2.078100000000000000e+04
2.080400000000000000e+04
2.083400000000000000e+04
2.087700000000000000e+04
2.089100000000000000e+04
2.091100000000000000e+04
2.093300000000000000e+04
2.094100000000000000e+04
2.095500000000000000e+04
2.096500000000000000e+04
2.099600000000000000e+04
2.100300000000000000e+04
2.108400000000000000e+04
2.112200000000000000e+04
2.113000000000000000e+04
2.113600000000000000e+04
2.114200000000000000e+04
2.118100000000000000e+04
2.118300000000000000e+04
2.118800000000000000e+04
2.120200000000000000e+04
2.120500000000000000e+04
2.122900000000000000e+04
2.123000000000000000e+04
2.123800000000000000e+04
2.125300000000000000e+04
2.125500000000000000e+04
2.127400000000000000e+04
2.128800000000000000e+04
2.135200000000000000e+04
2.135900000000000000e+04
2.136500000000000000e+04
2.136600000000000000e+04
2.136700000000000000e+04
2.136900000000000000e+04
2.137200000000000000e+04
2.139300000000000000e+04
2.140800000000000000e+04
2.141400000000000000e+04
2.141900000000000000e+04
2.144300000000000000e+04
2.145200000000000000e+04
2.147300000000000000e+04
2.147600000000000000e+04
2.148500000000000000e+04
2.149700000000000000e+04
2.151400000000000000e+04
2.154800000000000000e+04
2.158400000000000000e+04
2.159200000000000000e+04
2.159900000000000000e+04
2.160300000000000000e+04
2.160600000000000000e+04
2.161700000000000000e+04
2.163100000000000000e+04
2.163400000000000000e+04
2.164000000000000000e+04
2.165800000000000000e+04
2.166400000000000000e+04
2.167700000000000000e+04
2.172500000000000000e+04
2.172700000000000000e+04
2.175600000000000000e+04
2.176700000000000000e+04
2.178100000000000000e+04
2.178200000000000000e+04
2.179200000000000000e+04
2.179400000000000000e+04
2.179600000000000000e+04
2.180600000000000000e+04
2.181400000000000000e+04
2.183600000000000000e+04
2.184100000000000000e+04
2.184500000000000000e+04
2.184800000000000000e+04
2.186300000000000000e+04
2.186700000000000000e+04
2.188900000000000000e+04
2.190100000000000000e+04
2.190800000000000000e+04
2.191700000000000000e+04
2.193200000000000000e+04
2.193800000000000000e+04
2.230800000000000000e+04
2.232400000000000000e+04
2.232700000000000000e+04
2.232800000000000000e+04
2.232900000000000000e+04
2.233000000000000000e+04
2.233100000000000000e+04
2.233200000000000000e+04
2.233300000000000000e+04
2.233400000000000000e+04
2.233500000000000000e+04
2.234100000000000000e+04
2.235900000000000000e+04
2.237000000000000000e+04
2.240900000000000000e+04
2.242900000000000000e+04
2.243400000000000000e+04
2.243600000000000000e+04
2.244100000000000000e+04
2.244200000000000000e+04
2.245300000000000000e+04
2.246000000000000000e+04
2.246100000000000000e+04
2.246300000000000000e+04
2.247600000000000000e+04
2.248000000000000000e+04
2.254000000000000000e+04
2.255300000000000000e+04
2.256100000000000000e+04
2.258500000000000000e+04
2.258600000000000000e+04
2.258800000000000000e+04
2.260700000000000000e+04
2.261900000000000000e+04
2.264200000000000000e+04
2.266200000000000000e+04
2.266300000000000000e+04
2.267400000000000000e+04
2.268400000000000000e+04
2.268600000000000000e+04
2.269500000000000000e+04
2.272000000000000000e+04
2.273300000000000000e+04
2.273500000000000000e+04
2.273600000000000000e+04
2.273800000000000000e+04
2.274700000000000000e+04
2.276700000000000000e+04
2.277200000000000000e+04
2.278100000000000000e+04
2.278200000000000000e+04
2.278300000000000000e+04
2.278700000000000000e+04
2.280100000000000000e+04
2.280500000000000000e+04
2.280600000000000000e+04
2.280700000000000000e+04
2.281700000000000000e+04
2.281900000000000000e+04
2.282200000000000000e+04
2.282900000000000000e+04
2.284000000000000000e+04
2.284200000000000000e+04
2.286100000000000000e+04
2.288000000000000000e+04
2.288200000000000000e+04
2.288800000000000000e+04
2.289100000000000000e+04
2.289500000000000000e+04
2.290300000000000000e+04
2.291900000000000000e+04
2.292000000000000000e+04
2.292700000000000000e+04
2.294100000000000000e+04
2.296800000000000000e+04
2.297300000000000000e+04
2.298600000000000000e+04
2.300600000000000000e+04
2.300700000000000000e+04
2.301000000000000000e+04
2.301600000000000000e+04
2.301900000000000000e+04
2.303800000000000000e+04
2.306400000000000000e+04
2.306500000000000000e+04
2.306600000000000000e+04
2.308900000000000000e+04
2.309100000000000000e+04
2.309200000000000000e+04
2.309300000000000000e+04
2.309800000000000000e+04
2.310700000000000000e+04
2.310900000000000000e+04
2.311300000000000000e+04
2.311500000000000000e+04
2.311600000000000000e+04
2.311800000000000000e+04
2.312200000000000000e+04
2.312400000000000000e+04
2.313900000000000000e+04
2.314000000000000000e+04
2.314100000000000000e+04
2.315500000000000000e+04
2.316200000000000000e+04
2.316700000000000000e+04
2.316800000000000000e+04
2.316900000000000000e+04
2.317200000000000000e+04
2.320600000000000000e+04
2.323800000000000000e+04
2.325600000000000000e+04
2.330200000000000000e+04
2.335400000000000000e+04
2.338700000000000000e+04
2.355400000000000000e+04
2.360200000000000000e+04
2.362400000000000000e+04
2.364300000000000000e+04
2.365000000000000000e+04
2.367700000000000000e+04
2.367800000000000000e+04
2.368400000000000000e+04
2.369200000000000000e+04
2.369800000000000000e+04
2.372100000000000000e+04
2.372900000000000000e+04
2.376000000000000000e+04
2.376300000000000000e+04
2.376700000000000000e+04
2.377400000000000000e+04
2.377800000000000000e+04
2.378000000000000000e+04
2.385600000000000000e+04
2.386400000000000000e+04
2.391500000000000000e+04
2.396100000000000000e+04
2.396900000000000000e+04
2.397900000000000000e+04
2.398600000000000000e+04
2.401300000000000000e+04
2.402800000000000000e+04
2.404000000000000000e+04
2.404200000000000000e+04
2.404800000000000000e+04
2.405000000000000000e+04
2.405100000000000000e+04
2.405200000000000000e+04
2.405300000000000000e+04
2.405500000000000000e+04
2.414600000000000000e+04
2.418000000000000000e+04
2.419000000000000000e+04
2.424000000000000000e+04
2.425200000000000000e+04
2.425600000000000000e+04
2.426200000000000000e+04
2.427200000000000000e+04
2.429000000000000000e+04
2.431100000000000000e+04
2.432500000000000000e+04
2.433400000000000000e+04
2.433600000000000000e+04
2.435500000000000000e+04
2.435600000000000000e+04
2.436600000000000000e+04
2.437300000000000000e+04
2.440100000000000000e+04
2.445400000000000000e+04
2.445500000000000000e+04
2.445700000000000000e+04
2.445900000000000000e+04
2.446400000000000000e+04
2.447400000000000000e+04
2.452800000000000000e+04
2.458100000000000000e+04
2.464700000000000000e+04
2.468200000000000000e+04
2.468300000000000000e+04
2.471800000000000000e+04
2.474800000000000000e+04
2.477500000000000000e+04
2.479000000000000000e+04
2.479500000000000000e+04
2.479900000000000000e+04
2.480300000000000000e+04
2.481500000000000000e+04
2.481800000000000000e+04
2.482300000000000000e+04
2.483300000000000000e+04
2.487100000000000000e+04
2.487300000000000000e+04
2.487500000000000000e+04
2.488700000000000000e+04
2.489400000000000000e+04
2.490500000000000000e+04
2.490700000000000000e+04
2.494100000000000000e+04
2.494700000000000000e+04
2.495500000000000000e+04
2.496300000000000000e+04
2.496500000000000000e+04
2.499700000000000000e+04
2.501000000000000000e+04
2.502500000000000000e+04
2.502900000000000000e+04
2.503000000000000000e+04
2.504400000000000000e+04
2.505300000000000000e+04
2.506500000000000000e+04
2.506700000000000000e+04
2.508700000000000000e+04
2.509200000000000000e+04
2.510200000000000000e+04
2.510600000000000000e+04
2.512600000000000000e+04
2.516700000000000000e+04
2.517600000000000000e+04
2.518500000000000000e+04
2.518900000000000000e+04
2.520500000000000000e+04
2.520600000000000000e+04
2.520800000000000000e+04
2.523100000000000000e+04
2.523400000000000000e+04
2.530300000000000000e+04
2.531300000000000000e+04
2.532200000000000000e+04
2.534400000000000000e+04
2.535300000000000000e+04
2.535400000000000000e+04
2.535500000000000000e+04
2.536500000000000000e+04
2.537800000000000000e+04
2.538600000000000000e+04
2.539000000000000000e+04
2.540100000000000000e+04
2.540800000000000000e+04
2.541000000000000000e+04
2.541100000000000000e+04
2.543800000000000000e+04
2.545200000000000000e+04
2.546100000000000000e+04
2.546900000000000000e+04
2.547100000000000000e+04
2.547200000000000000e+04
2.547300000000000000e+04
2.547800000000000000e+04
2.549600000000000000e+04
2.550000000000000000e+04
2.552000000000000000e+04
2.552200000000000000e+04
2.552400000000000000e+04
2.552500000000000000e+04
2.553100000000000000e+04
2.553800000000000000e+04
2.558300000000000000e+04
2.559800000000000000e+04
2.559900000000000000e+04
2.560100000000000000e+04
2.562900000000000000e+04
2.564300000000000000e+04
2.564500000000000000e+04
2.564900000000000000e+04
2.565300000000000000e+04
2.566300000000000000e+04
2.566400000000000000e+04
2.568200000000000000e+04
2.568600000000000000e+04
2.576300000000000000e+04
2.577000000000000000e+04
2.577600000000000000e+04
2.580300000000000000e+04
2.580400000000000000e+04
2.581200000000000000e+04
2.583600000000000000e+04
2.587100000000000000e+04
2.587600000000000000e+04
2.588600000000000000e+04
2.590800000000000000e+04
2.591000000000000000e+04
2.591600000000000000e+04
2.593700000000000000e+04
2.594300000000000000e+04
2.597600000000000000e+04
2.598000000000000000e+04
2.598800000000000000e+04
2.598900000000000000e+04
2.601500000000000000e+04
2.602900000000000000e+04
2.603700000000000000e+04
2.608900000000000000e+04
2.609100000000000000e+04
2.612000000000000000e+04
2.614600000000000000e+04
2.614800000000000000e+04
2.615800000000000000e+04
2.617600000000000000e+04
2.617800000000000000e+04
2.618300000000000000e+04
2.618500000000000000e+04
2.619700000000000000e+04
2.620000000000000000e+04
2.622000000000000000e+04
2.623500000000000000e+04
2.624800000000000000e+04
2.625400000000000000e+04
2.625700000000000000e+04
2.626300000000000000e+04
2.626400000000000000e+04
2.627600000000000000e+04
2.628000000000000000e+04
2.628300000000000000e+04
2.628400000000000000e+04
2.629100000000000000e+04
2.632500000000000000e+04
2.633400000000000000e+04
2.633600000000000000e+04
2.634500000000000000e+04
2.636600000000000000e+04
2.636700000000000000e+04
2.637500000000000000e+04
2.637700000000000000e+04
2.637900000000000000e+04
2.638900000000000000e+04
2.640500000000000000e+04
2.640700000000000000e+04
2.641100000000000000e+04
2.641700000000000000e+04
2.641800000000000000e+04
2.642000000000000000e+04
2.642800000000000000e+04
2.644000000000000000e+04
2.644600000000000000e+04
2.645000000000000000e+04
2.645300000000000000e+04
2.646100000000000000e+04
2.648700000000000000e+04
2.649000000000000000e+04
2.650700000000000000e+04
2.652400000000000000e+04
2.654200000000000000e+04
2.654300000000000000e+04
2.655900000000000000e+04
2.656000000000000000e+04
2.656400000000000000e+04
2.656700000000000000e+04
2.656900000000000000e+04
2.657200000000000000e+04
2.657700000000000000e+04
2.657800000000000000e+04
2.658900000000000000e+04
2.659700000000000000e+04
2.659900000000000000e+04
2.660200000000000000e+04
2.660300000000000000e+04
2.660900000000000000e+04
2.662000000000000000e+04
2.662300000000000000e+04
2.662400000000000000e+04
2.664000000000000000e+04
2.664600000000000000e+04
2.668400000000000000e+04
2.670700000000000000e+04
2.671700000000000000e+04
2.672600000000000000e+04
2.675200000000000000e+04
2.675300000000000000e+04
2.675500000000000000e+04
2.675700000000000000e+04
2.676100000000000000e+04
2.676200000000000000e+04
2.676300000000000000e+04
2.677000000000000000e+04
2.677100000000000000e+04
2.677500000000000000e+04
2.680500000000000000e+04
2.680600000000000000e+04
2.682100000000000000e+04
2.682400000000000000e+04
2.682700000000000000e+04
2.683700000000000000e+04
2.685200000000000000e+04
2.685900000000000000e+04
2.686200000000000000e+04
2.687600000000000000e+04
2.689200000000000000e+04
2.689400000000000000e+04
2.690400000000000000e+04
2.691300000000000000e+04
2.692400000000000000e+04
2.694800000000000000e+04
2.694900000000000000e+04
2.695300000000000000e+04
2.695800000000000000e+04
2.695900000000000000e+04
2.696800000000000000e+04
2.696900000000000000e+04
2.697800000000000000e+04
2.698200000000000000e+04
2.698500000000000000e+04
2.699100000000000000e+04
2.699400000000000000e+04
2.699700000000000000e+04
2.701200000000000000e+04
2.701400000000000000e+04
2.701700000000000000e+04
2.702000000000000000e+04
2.704600000000000000e+04
2.704800000000000000e+04
2.705000000000000000e+04
2.705600000000000000e+04
2.707500000000000000e+04
2.709800000000000000e+04
2.710200000000000000e+04
2.711500000000000000e+04
2.712200000000000000e+04
2.712500000000000000e+04
2.712600000000000000e+04
2.712900000000000000e+04
2.713400000000000000e+04
2.713500000000000000e+04
2.713700000000000000e+04
2.713800000000000000e+04
2.716500000000000000e+04
2.716700000000000000e+04
2.717500000000000000e+04
2.718000000000000000e+04
2.718700000000000000e+04
2.719000000000000000e+04
2.719300000000000000e+04
2.719500000000000000e+04
2.719700000000000000e+04
2.719800000000000000e+04
2.720100000000000000e+04
2.720200000000000000e+04
2.720500000000000000e+04
2.722100000000000000e+04
2.722400000000000000e+04
2.724100000000000000e+04
2.724600000000000000e+04
2.725100000000000000e+04
2.726000000000000000e+04
2.728000000000000000e+04
2.728300000000000000e+04
2.729500000000000000e+04
2.731900000000000000e+04
2.733700000000000000e+04
2.734500000000000000e+04
2.736500000000000000e+04
2.736700000000000000e+04
2.737700000000000000e+04
2.739300000000000000e+04
2.739400000000000000e+04
2.739500000000000000e+04
2.739800000000000000e+04
2.740400000000000000e+04
2.740600000000000000e+04
2.740800000000000000e+04
2.742300000000000000e+04
2.742800000000000000e+04
2.744900000000000000e+04
2.745000000000000000e+04
2.745500000000000000e+04
2.745700000000000000e+04
2.746200000000000000e+04
2.746400000000000000e+04
2.747300000000000000e+04
2.748000000000000000e+04
2.749400000000000000e+04
2.749600000000000000e+04
2.753700000000000000e+04
2.754100000000000000e+04
2.754900000000000000e+04
2.755000000000000000e+04
2.755200000000000000e+04
2.757600000000000000e+04
2.758700000000000000e+04
2.758900000000000000e+04
2.761900000000000000e+04
2.762000000000000000e+04
2.762800000000000000e+04
2.762900000000000000e+04
2.763100000000000000e+04
2.763800000000000000e+04
2.764000000000000000e+04
2.766300000000000000e+04
2.767200000000000000e+04
2.767700000000000000e+04
2.767900000000000000e+04
2.769300000000000000e+04
2.771500000000000000e+04
2.771900000000000000e+04
2.772300000000000000e+04
2.772500000000000000e+04
2.773000000000000000e+04
2.774700000000000000e+04
2.775300000000000000e+04
2.776600000000000000e+04
2.777600000000000000e+04
2.778700000000000000e+04
2.778900000000000000e+04
2.779000000000000000e+04
2.779100000000000000e+04
2.780000000000000000e+04
2.780600000000000000e+04
2.783500000000000000e+04
2.785000000000000000e+04
2.786200000000000000e+04
2.786400000000000000e+04
2.786500000000000000e+04
2.787600000000000000e+04
2.788000000000000000e+04
2.788700000000000000e+04
2.789100000000000000e+04
2.789300000000000000e+04
2.790700000000000000e+04
2.790900000000000000e+04
2.791900000000000000e+04
2.792600000000000000e+04
2.792800000000000000e+04
2.793000000000000000e+04
2.794100000000000000e+04
2.794500000000000000e+04
2.794600000000000000e+04
2.795400000000000000e+04
2.797600000000000000e+04
2.797800000000000000e+04
2.797900000000000000e+04
2.798000000000000000e+04
2.798500000000000000e+04
2.799700000000000000e+04
2.803600000000000000e+04
2.804300000000000000e+04
2.804400000000000000e+04
2.804600000000000000e+04
2.805800000000000000e+04
2.806700000000000000e+04
2.807700000000000000e+04
2.809400000000000000e+04
2.809700000000000000e+04
2.811900000000000000e+04
2.812600000000000000e+04
2.812700000000000000e+04
2.812800000000000000e+04
2.813800000000000000e+04
2.814300000000000000e+04
2.814500000000000000e+04
2.817100000000000000e+04
2.819400000000000000e+04
2.819500000000000000e+04
2.820500000000000000e+04
2.820700000000000000e+04
2.821100000000000000e+04
2.823200000000000000e+04
2.823400000000000000e+04
2.825900000000000000e+04
2.828500000000000000e+04
2.829800000000000000e+04
2.830600000000000000e+04
2.832200000000000000e+04
2.832500000000000000e+04
2.833000000000000000e+04
2.834000000000000000e+04
2.835100000000000000e+04
2.835900000000000000e+04
2.836800000000000000e+04
2.837400000000000000e+04
2.838500000000000000e+04
2.840200000000000000e+04
2.840400000000000000e+04
2.840700000000000000e+04
2.840900000000000000e+04
2.842000000000000000e+04
2.845800000000000000e+04
2.846100000000000000e+04
2.847200000000000000e+04
2.847900000000000000e+04
2.848000000000000000e+04
2.848600000000000000e+04
2.849600000000000000e+04
2.850400000000000000e+04
2.852300000000000000e+04
2.852700000000000000e+04
2.853000000000000000e+04
2.853800000000000000e+04
2.854500000000000000e+04
2.855100000000000000e+04
2.855400000000000000e+04
2.856600000000000000e+04
2.857200000000000000e+04
2.858200000000000000e+04
2.860800000000000000e+04
2.863000000000000000e+04
2.863300000000000000e+04
2.864100000000000000e+04
2.864300000000000000e+04
2.864400000000000000e+04
2.865100000000000000e+04
2.865500000000000000e+04
2.866000000000000000e+04
2.866200000000000000e+04
2.867100000000000000e+04
2.871200000000000000e+04
2.873500000000000000e+04
2.874400000000000000e+04
2.877200000000000000e+04
2.877700000000000000e+04
2.877900000000000000e+04
2.880000000000000000e+04
2.882200000000000000e+04
2.888100000000000000e+04
2.888300000000000000e+04
2.888400000000000000e+04
2.888500000000000000e+04
2.889900000000000000e+04
2.890400000000000000e+04
2.893200000000000000e+04
2.894600000000000000e+04
2.896100000000000000e+04
2.897300000000000000e+04
2.900600000000000000e+04
2.901600000000000000e+04
2.901700000000000000e+04
2.902000000000000000e+04
2.902600000000000000e+04
2.903100000000000000e+04
2.907100000000000000e+04
2.907500000000000000e+04
2.908000000000000000e+04
2.908300000000000000e+04
2.908500000000000000e+04
2.910800000000000000e+04
2.911500000000000000e+04
2.911700000000000000e+04
2.912500000000000000e+04
2.913700000000000000e+04
2.914300000000000000e+04
2.915600000000000000e+04
2.917300000000000000e+04
2.918200000000000000e+04
2.918600000000000000e+04
2.919700000000000000e+04
2.924100000000000000e+04
2.924300000000000000e+04
2.924400000000000000e+04
2.925600000000000000e+04
2.929100000000000000e+04
2.932000000000000000e+04
2.933000000000000000e+04
2.933600000000000000e+04
2.934800000000000000e+04
2.936000000000000000e+04
2.936700000000000000e+04
2.937600000000000000e+04
2.942000000000000000e+04
2.942900000000000000e+04
2.943900000000000000e+04
2.945900000000000000e+04
2.949300000000000000e+04
2.953300000000000000e+04
2.953500000000000000e+04
2.955800000000000000e+04
2.956900000000000000e+04
2.957300000000000000e+04
2.958500000000000000e+04
2.960300000000000000e+04
2.960400000000000000e+04
2.960800000000000000e+04
2.962900000000000000e+04
2.963400000000000000e+04
2.963900000000000000e+04
2.965700000000000000e+04
2.965900000000000000e+04
2.967200000000000000e+04
2.968600000000000000e+04
2.969000000000000000e+04
2.969100000000000000e+04
2.974600000000000000e+04
2.974700000000000000e+04
2.975100000000000000e+04
2.975500000000000000e+04
2.979100000000000000e+04
2.984700000000000000e+04
2.985400000000000000e+04
2.985700000000000000e+04
2.985800000000000000e+04
2.985900000000000000e+04
2.986200000000000000e+04
2.988500000000000000e+04
2.989600000000000000e+04
2.990600000000000000e+04
2.993700000000000000e+04
2.994000000000000000e+04
2.995900000000000000e+04
3.002500000000000000e+04
3.002700000000000000e+04
3.003000000000000000e+04
3.004400000000000000e+04
3.006300000000000000e+04
3.007000000000000000e+04
3.008400000000000000e+04
3.008500000000000000e+04
3.008600000000000000e+04
3.010700000000000000e+04
3.012700000000000000e+04
3.014500000000000000e+04
3.014600000000000000e+04
3.015900000000000000e+04
3.020000000000000000e+04
3.020100000000000000e+04
3.021800000000000000e+04
3.022600000000000000e+04
3.023000000000000000e+04
3.023700000000000000e+04
3.027300000000000000e+04
3.027500000000000000e+04
3.028600000000000000e+04
3.029300000000000000e+04
3.030700000000000000e+04
3.031100000000000000e+04
3.031200000000000000e+04
3.032000000000000000e+04
3.032600000000000000e+04
3.035400000000000000e+04
3.035500000000000000e+04
3.036800000000000000e+04
3.037000000000000000e+04
3.037100000000000000e+04
3.037500000000000000e+04
3.037700000000000000e+04
3.038200000000000000e+04
3.039000000000000000e+04
3.039300000000000000e+04
3.040000000000000000e+04
3.040800000000000000e+04
3.042600000000000000e+04
3.043200000000000000e+04
3.043600000000000000e+04
3.044900000000000000e+04
3.045000000000000000e+04
3.046000000000000000e+04
3.047400000000000000e+04
3.047700000000000000e+04
3.048100000000000000e+04
3.048700000000000000e+04
3.049600000000000000e+04
3.050000000000000000e+04
3.051500000000000000e+04
3.051800000000000000e+04
3.051900000000000000e+04
3.052100000000000000e+04
3.052300000000000000e+04
3.052400000000000000e+04
3.052500000000000000e+04
3.053300000000000000e+04
3.053400000000000000e+04
3.054100000000000000e+04
3.054500000000000000e+04
3.054800000000000000e+04
3.055200000000000000e+04
3.055900000000000000e+04
3.058500000000000000e+04
3.058900000000000000e+04
3.059200000000000000e+04
3.061200000000000000e+04
3.062100000000000000e+04
3.062800000000000000e+04
3.063900000000000000e+04
3.064400000000000000e+04
3.065700000000000000e+04
3.065900000000000000e+04
3.066600000000000000e+04
3.067700000000000000e+04
3.068000000000000000e+04
3.068200000000000000e+04
3.068700000000000000e+04
3.069700000000000000e+04
3.072700000000000000e+04
3.073000000000000000e+04
3.074200000000000000e+04
3.075900000000000000e+04
3.076300000000000000e+04
3.079100000000000000e+04
3.080100000000000000e+04
3.082000000000000000e+04
3.083700000000000000e+04
3.084300000000000000e+04
3.084800000000000000e+04
3.085600000000000000e+04
3.088500000000000000e+04
3.088600000000000000e+04
3.092400000000000000e+04
3.093500000000000000e+04
3.093700000000000000e+04
3.093800000000000000e+04
3.093900000000000000e+04
3.094000000000000000e+04
3.094900000000000000e+04
3.095100000000000000e+04
3.096200000000000000e+04
3.097100000000000000e+04
3.097900000000000000e+04
3.100000000000000000e+04
3.100800000000000000e+04
3.101000000000000000e+04
3.103900000000000000e+04
3.104600000000000000e+04
3.105100000000000000e+04
3.105700000000000000e+04
3.107200000000000000e+04
3.107300000000000000e+04
3.107400000000000000e+04
3.107500000000000000e+04
3.107600000000000000e+04
3.107700000000000000e+04
3.108100000000000000e+04
3.108800000000000000e+04
3.109600000000000000e+04
3.111200000000000000e+04
3.111400000000000000e+04
3.112600000000000000e+04
3.112900000000000000e+04
3.113300000000000000e+04
3.115300000000000000e+04
3.120700000000000000e+04
3.121800000000000000e+04
3.122500000000000000e+04
3.124400000000000000e+04
3.125300000000000000e+04
3.127600000000000000e+04
3.127800000000000000e+04
3.129300000000000000e+04
3.129400000000000000e+04
3.129800000000000000e+04
3.132200000000000000e+04
3.134400000000000000e+04
3.135400000000000000e+04
3.136800000000000000e+04
3.138400000000000000e+04
3.138500000000000000e+04
3.141500000000000000e+04
3.142100000000000000e+04
3.142800000000000000e+04
3.143100000000000000e+04
3.143400000000000000e+04
3.144400000000000000e+04
3.144800000000000000e+04
3.144900000000000000e+04
3.145000000000000000e+04
3.145300000000000000e+04
3.146900000000000000e+04
3.147800000000000000e+04
3.147900000000000000e+04
3.148000000000000000e+04
3.148700000000000000e+04
3.150000000000000000e+04
3.151900000000000000e+04
3.152000000000000000e+04
3.152200000000000000e+04
3.153200000000000000e+04
3.154700000000000000e+04
3.155200000000000000e+04
3.155300000000000000e+04
3.155400000000000000e+04
3.155500000000000000e+04
3.155800000000000000e+04
3.156800000000000000e+04
3.156900000000000000e+04
3.157200000000000000e+04
3.160000000000000000e+04
3.160200000000000000e+04
3.160300000000000000e+04
3.160600000000000000e+04
3.162000000000000000e+04
3.168000000000000000e+04
3.168200000000000000e+04
3.168400000000000000e+04
3.172900000000000000e+04
3.174400000000000000e+04
3.175200000000000000e+04
3.175400000000000000e+04
3.175600000000000000e+04
3.175700000000000000e+04
3.176400000000000000e+04
3.176700000000000000e+04
3.180000000000000000e+04
3.184400000000000000e+04
3.186600000000000000e+04
3.186800000000000000e+04
3.187400000000000000e+04
3.188500000000000000e+04
3.190600000000000000e+04
3.191500000000000000e+04
3.194100000000000000e+04
3.194500000000000000e+04
3.194900000000000000e+04
3.197000000000000000e+04
3.198200000000000000e+04
3.200200000000000000e+04
3.204500000000000000e+04
3.205800000000000000e+04
3.209200000000000000e+04
3.210900000000000000e+04
3.211700000000000000e+04
3.212500000000000000e+04
3.213900000000000000e+04
3.216900000000000000e+04
3.218900000000000000e+04
3.219600000000000000e+04
3.219700000000000000e+04
3.219800000000000000e+04
3.221900000000000000e+04
3.224000000000000000e+04
3.224800000000000000e+04
3.232000000000000000e+04
3.233000000000000000e+04
3.236100000000000000e+04
3.237500000000000000e+04
3.242200000000000000e+04
3.243100000000000000e+04
3.243800000000000000e+04
3.243900000000000000e+04
3.251400000000000000e+04
3.251500000000000000e+04
3.251600000000000000e+04
3.254800000000000000e+04
3.256400000000000000e+04
3.257600000000000000e+04
3.261300000000000000e+04
3.261400000000000000e+04
3.267900000000000000e+04
3.269000000000000000e+04
3.271400000000000000e+04
3.271800000000000000e+04
3.274500000000000000e+04
3.276200000000000000e+04
3.276600000000000000e+04
3.277800000000000000e+04
3.279000000000000000e+04
3.284800000000000000e+04
3.284900000000000000e+04
3.289300000000000000e+04
3.290100000000000000e+04
3.292000000000000000e+04
3.294800000000000000e+04
3.295300000000000000e+04
3.296200000000000000e+04
3.297000000000000000e+04
3.303700000000000000e+04
3.306700000000000000e+04
3.312800000000000000e+04
3.322200000000000000e+04
3.324400000000000000e+04
3.328500000000000000e+04
3.329000000000000000e+04
3.333800000000000000e+04
3.335400000000000000e+04
3.342400000000000000e+04
3.342500000000000000e+04
3.346200000000000000e+04
3.346700000000000000e+04
3.349200000000000000e+04
3.355000000000000000e+04
3.359500000000000000e+04
3.362800000000000000e+04
3.366900000000000000e+04
3.367000000000000000e+04
3.367500000000000000e+04
3.368500000000000000e+04
3.371500000000000000e+04
3.373300000000000000e+04
3.373500000000000000e+04
3.374500000000000000e+04
3.375400000000000000e+04
3.375800000000000000e+04
3.375900000000000000e+04
3.376500000000000000e+04
3.377100000000000000e+04
3.378400000000000000e+04
3.378700000000000000e+04
3.380100000000000000e+04
3.385900000000000000e+04
3.386400000000000000e+04
3.388300000000000000e+04
3.388600000000000000e+04
3.391200000000000000e+04
3.399400000000000000e+04
3.400700000000000000e+04
3.403800000000000000e+04
3.406300000000000000e+04
3.406600000000000000e+04
3.407200000000000000e+04
3.409800000000000000e+04
3.410100000000000000e+04
3.410200000000000000e+04
3.417600000000000000e+04
3.421000000000000000e+04
3.422800000000000000e+04
3.423400000000000000e+04
3.424600000000000000e+04
3.425100000000000000e+04
3.425700000000000000e+04
3.429300000000000000e+04
3.436300000000000000e+04
3.439200000000000000e+04
3.440000000000000000e+04
3.440400000000000000e+04
3.440700000000000000e+04
3.446100000000000000e+04
3.446700000000000000e+04
3.448500000000000000e+04
3.456700000000000000e+04
3.464700000000000000e+04
3.466000000000000000e+04
3.467900000000000000e+04
3.470700000000000000e+04
3.471400000000000000e+04
3.471700000000000000e+04
3.474600000000000000e+04
3.483500000000000000e+04
3.486600000000000000e+04
3.486900000000000000e+04
3.491100000000000000e+04
3.491400000000000000e+04
3.491800000000000000e+04
3.492800000000000000e+04
3.494600000000000000e+04
3.495000000000000000e+04
3.495600000000000000e+04
3.514000000000000000e+04
3.516200000000000000e+04
3.518900000000000000e+04
3.523400000000000000e+04
3.524200000000000000e+04
3.532000000000000000e+04
3.532200000000000000e+04
3.533000000000000000e+04
3.533500000000000000e+04
3.533600000000000000e+04
3.540200000000000000e+04
3.540600000000000000e+04
3.542500000000000000e+04
3.543100000000000000e+04
3.547300000000000000e+04
3.548300000000000000e+04
3.548700000000000000e+04
3.550400000000000000e+04
3.551100000000000000e+04
3.551600000000000000e+04
3.552100000000000000e+04
3.552200000000000000e+04
3.552500000000000000e+04
3.552600000000000000e+04
3.553700000000000000e+04
3.554000000000000000e+04
3.554800000000000000e+04
3.555100000000000000e+04
3.558400000000000000e+04
3.562900000000000000e+04
3.565100000000000000e+04
3.568300000000000000e+04
3.575800000000000000e+04
3.576500000000000000e+04
3.577600000000000000e+04
3.578000000000000000e+04
3.579400000000000000e+04
3.580900000000000000e+04
3.581100000000000000e+04
3.581900000000000000e+04
3.587700000000000000e+04
3.588600000000000000e+04
3.590500000000000000e+04
3.596700000000000000e+04
3.597500000000000000e+04
3.599200000000000000e+04
3.600000000000000000e+04
3.600100000000000000e+04
3.600300000000000000e+04
3.600600000000000000e+04
3.600900000000000000e+04
3.602300000000000000e+04
3.602400000000000000e+04
3.602500000000000000e+04
3.603500000000000000e+04
3.608700000000000000e+04
3.609900000000000000e+04
3.616700000000000000e+04
3.623100000000000000e+04
3.624000000000000000e+04
3.630800000000000000e+04
3.633200000000000000e+04
3.633500000000000000e+04
3.638000000000000000e+04
3.638200000000000000e+04
3.638500000000000000e+04
3.639100000000000000e+04
3.640400000000000000e+04
3.642900000000000000e+04
3.644800000000000000e+04
3.646800000000000000e+04
3.648400000000000000e+04
3.649500000000000000e+04
3.649700000000000000e+04
3.650300000000000000e+04
3.651300000000000000e+04
3.651700000000000000e+04
3.651800000000000000e+04
3.653100000000000000e+04
3.654000000000000000e+04
3.658700000000000000e+04
3.660500000000000000e+04
3.660600000000000000e+04
3.661700000000000000e+04
3.663300000000000000e+04
3.663900000000000000e+04
3.666100000000000000e+04
3.667900000000000000e+04
3.669300000000000000e+04
3.669400000000000000e+04
3.675900000000000000e+04
3.678200000000000000e+04
3.683400000000000000e+04
3.683500000000000000e+04
3.685700000000000000e+04
3.686200000000000000e+04
3.690700000000000000e+04
3.695400000000000000e+04
3.700900000000000000e+04
3.701000000000000000e+04
3.701200000000000000e+04
3.703900000000000000e+04
3.704900000000000000e+04
3.710000000000000000e+04
3.710900000000000000e+04
3.711800000000000000e+04
3.712300000000000000e+04
3.713800000000000000e+04
3.715500000000000000e+04
3.720000000000000000e+04
3.727200000000000000e+04
3.728900000000000000e+04
3.729500000000000000e+04
3.731100000000000000e+04
3.732700000000000000e+04
3.736000000000000000e+04
3.739900000000000000e+04
3.740600000000000000e+04
3.740800000000000000e+04
3.745500000000000000e+04
3.753300000000000000e+04
3.754200000000000000e+04
3.757600000000000000e+04
3.759200000000000000e+04
3.759600000000000000e+04
3.759700000000000000e+04
3.761300000000000000e+04
3.764300000000000000e+04
3.765400000000000000e+04
3.765500000000000000e+04
3.766000000000000000e+04
3.769100000000000000e+04
3.769900000000000000e+04
3.773500000000000000e+04
3.775500000000000000e+04
3.775600000000000000e+04
3.775700000000000000e+04
3.777800000000000000e+04
3.780300000000000000e+04
3.781000000000000000e+04
3.781600000000000000e+04
3.781900000000000000e+04
3.782000000000000000e+04
3.785200000000000000e+04
3.786600000000000000e+04
3.789400000000000000e+04
3.792300000000000000e+04
3.796500000000000000e+04
3.799300000000000000e+04
3.800000000000000000e+04
3.801000000000000000e+04
3.808100000000000000e+04
3.814200000000000000e+04
3.815200000000000000e+04
3.815900000000000000e+04
3.816900000000000000e+04
3.817300000000000000e+04
3.819100000000000000e+04
3.820900000000000000e+04
3.825100000000000000e+04
3.825600000000000000e+04
3.825900000000000000e+04
3.830700000000000000e+04
3.837000000000000000e+04
3.846300000000000000e+04
3.848200000000000000e+04
3.850100000000000000e+04
3.852600000000000000e+04
3.852700000000000000e+04
3.853800000000000000e+04
3.859400000000000000e+04
3.861200000000000000e+04
3.861600000000000000e+04
3.864000000000000000e+04
3.868500000000000000e+04
3.871000000000000000e+04
3.871200000000000000e+04
3.871300000000000000e+04
3.871800000000000000e+04
3.878200000000000000e+04
3.879700000000000000e+04
3.880800000000000000e+04
3.881500000000000000e+04
3.883700000000000000e+04
3.888500000000000000e+04
3.893500000000000000e+04
3.894600000000000000e+04
3.896000000000000000e+04
3.896100000000000000e+04
3.898100000000000000e+04
3.898200000000000000e+04
3.898400000000000000e+04
3.898600000000000000e+04
3.899500000000000000e+04
3.902100000000000000e+04
3.902300000000000000e+04
3.903200000000000000e+04
3.904400000000000000e+04
3.904500000000000000e+04
3.904600000000000000e+04
3.907400000000000000e+04
3.908500000000000000e+04
3.908600000000000000e+04
3.917700000000000000e+04
3.919600000000000000e+04
3.925000000000000000e+04
3.925600000000000000e+04
3.925700000000000000e+04
3.928000000000000000e+04
3.931200000000000000e+04
3.931400000000000000e+04
3.932800000000000000e+04
3.933100000000000000e+04
3.934100000000000000e+04
3.937500000000000000e+04
3.938200000000000000e+04
3.938300000000000000e+04
3.939000000000000000e+04
3.939700000000000000e+04
3.940600000000000000e+04
3.942200000000000000e+04
3.944300000000000000e+04
3.946900000000000000e+04
3.947400000000000000e+04
3.948900000000000000e+04
3.949100000000000000e+04
3.953900000000000000e+04
3.957000000000000000e+04
3.957700000000000000e+04
3.957800000000000000e+04
3.959500000000000000e+04
3.959800000000000000e+04
3.964000000000000000e+04
3.967100000000000000e+04
3.970700000000000000e+04
3.974300000000000000e+04
3.977100000000000000e+04
3.978700000000000000e+04
3.979600000000000000e+04
3.980000000000000000e+04
3.980100000000000000e+04
3.986800000000000000e+04
3.987300000000000000e+04
3.988900000000000000e+04
3.989000000000000000e+04
3.990900000000000000e+04
3.991000000000000000e+04
3.991400000000000000e+04
3.991900000000000000e+04
3.992000000000000000e+04
3.997200000000000000e+04
3.998300000000000000e+04
3.999100000000000000e+04
3.999300000000000000e+04
4.000400000000000000e+04
4.002900000000000000e+04
4.008400000000000000e+04
4.008500000000000000e+04
4.009000000000000000e+04
4.013500000000000000e+04
4.015400000000000000e+04
4.020300000000000000e+04
4.022300000000000000e+04
4.023300000000000000e+04
4.024300000000000000e+04
4.026500000000000000e+04
4.027100000000000000e+04
4.027200000000000000e+04
4.030400000000000000e+04
4.031300000000000000e+04
4.031600000000000000e+04
4.032300000000000000e+04
4.032400000000000000e+04
4.033500000000000000e+04
4.034100000000000000e+04
4.050500000000000000e+04
4.050600000000000000e+04
4.057300000000000000e+04
4.059500000000000000e+04
4.059600000000000000e+04
4.060700000000000000e+04
4.064700000000000000e+04
4.064800000000000000e+04
4.065300000000000000e+04
4.075800000000000000e+04
4.076400000000000000e+04
4.079400000000000000e+04
4.080100000000000000e+04
4.081600000000000000e+04
4.083200000000000000e+04
4.085400000000000000e+04
4.085900000000000000e+04
4.086700000000000000e+04
4.087100000000000000e+04
4.089000000000000000e+04
4.089500000000000000e+04
4.093000000000000000e+04
4.096900000000000000e+04
4.098800000000000000e+04
4.100800000000000000e+04
4.102400000000000000e+04
4.103700000000000000e+04
4.103800000000000000e+04
4.105400000000000000e+04
4.108400000000000000e+04
4.112900000000000000e+04
4.113100000000000000e+04
4.113400000000000000e+04
4.114100000000000000e+04
4.115300000000000000e+04
4.116400000000000000e+04
4.116500000000000000e+04
4.117900000000000000e+04
4.118200000000000000e+04
4.123400000000000000e+04
4.125800000000000000e+04
4.128000000000000000e+04
4.128400000000000000e+04
4.133600000000000000e+04
4.135700000000000000e+04
4.140800000000000000e+04
4.142400000000000000e+04
4.142800000000000000e+04
4.145300000000000000e+04
4.151800000000000000e+04
4.153500000000000000e+04
4.158900000000000000e+04
4.159300000000000000e+04
4.161100000000000000e+04
4.161900000000000000e+04
4.164200000000000000e+04
4.169500000000000000e+04
4.173400000000000000e+04
4.179500000000000000e+04
4.184500000000000000e+04
4.184900000000000000e+04
4.185800000000000000e+04
4.187000000000000000e+04
4.188900000000000000e+04
4.189300000000000000e+04
4.191300000000000000e+04
4.192100000000000000e+04
4.192200000000000000e+04
4.192700000000000000e+04
4.197500000000000000e+04
4.201800000000000000e+04
4.204200000000000000e+04
4.204300000000000000e+04
4.209700000000000000e+04
4.209800000000000000e+04
4.218300000000000000e+04
4.220000000000000000e+04
4.227700000000000000e+04
4.228600000000000000e+04
4.236000000000000000e+04
4.236200000000000000e+04
4.237700000000000000e+04
4.240000000000000000e+04
4.243400000000000000e+04
4.243600000000000000e+04
4.246100000000000000e+04
4.247800000000000000e+04
4.248500000000000000e+04
4.250100000000000000e+04
4.253000000000000000e+04
4.257000000000000000e+04
4.262000000000000000e+04
4.262200000000000000e+04
4.263900000000000000e+04
4.265600000000000000e+04
4.266000000000000000e+04
4.267100000000000000e+04
4.270800000000000000e+04
4.272200000000000000e+04
4.272500000000000000e+04
4.275400000000000000e+04
4.278300000000000000e+04
4.281200000000000000e+04
4.284200000000000000e+04
4.286100000000000000e+04
4.287100000000000000e+04
4.288800000000000000e+04
4.289400000000000000e+04
4.289900000000000000e+04
4.290800000000000000e+04
4.293600000000000000e+04
4.293800000000000000e+04
4.294600000000000000e+04
4.295400000000000000e+04
4.296100000000000000e+04
4.302000000000000000e+04
4.302800000000000000e+04
4.302900000000000000e+04
4.303000000000000000e+04
4.305300000000000000e+04
4.307600000000000000e+04
4.309200000000000000e+04
4.310800000000000000e+04
4.313900000000000000e+04
4.317400000000000000e+04
4.320500000000000000e+04
4.321100000000000000e+04
4.322200000000000000e+04
4.324400000000000000e+04
4.326200000000000000e+04
4.327700000000000000e+04
4.339300000000000000e+04
4.340500000000000000e+04
4.342400000000000000e+04
4.342900000000000000e+04
4.343100000000000000e+04
4.345000000000000000e+04
4.348100000000000000e+04
4.348300000000000000e+04
4.349000000000000000e+04
4.356800000000000000e+04
4.356900000000000000e+04
4.357300000000000000e+04
4.358300000000000000e+04
4.368700000000000000e+04
4.368900000000000000e+04
4.369700000000000000e+04
4.370900000000000000e+04
4.373500000000000000e+04
4.380500000000000000e+04
4.391800000000000000e+04
4.397400000000000000e+04
4.404400000000000000e+04
4.407000000000000000e+04
4.407500000000000000e+04
4.410200000000000000e+04
4.410700000000000000e+04
4.416300000000000000e+04
4.420100000000000000e+04
4.421900000000000000e+04
4.425400000000000000e+04
4.429400000000000000e+04
4.431900000000000000e+04
4.432300000000000000e+04
4.433500000000000000e+04
4.433600000000000000e+04
4.434000000000000000e+04
4.437300000000000000e+04
4.438300000000000000e+04
4.445500000000000000e+04
4.447800000000000000e+04
4.450000000000000000e+04
4.451500000000000000e+04
4.454200000000000000e+04
4.454900000000000000e+04
4.461000000000000000e+04
4.461400000000000000e+04
4.461600000000000000e+04
4.461700000000000000e+04
4.465700000000000000e+04
4.465800000000000000e+04
4.475700000000000000e+04
4.475800000000000000e+04
4.476800000000000000e+04
4.480900000000000000e+04
4.483500000000000000e+04
4.483700000000000000e+04
4.492000000000000000e+04
4.496800000000000000e+04
4.499700000000000000e+04
4.499800000000000000e+04
4.499900000000000000e+04
4.500000000000000000e+04
4.500900000000000000e+04
4.501100000000000000e+04
4.502300000000000000e+04
4.504800000000000000e+04
4.508700000000000000e+04
4.509600000000000000e+04
4.510200000000000000e+04
4.510400000000000000e+04
4.511100000000000000e+04
4.511500000000000000e+04
4.512500000000000000e+04
4.513700000000000000e+04
4.514800000000000000e+04
4.518900000000000000e+04
4.520500000000000000e+04
4.525300000000000000e+04
4.532800000000000000e+04
4.537300000000000000e+04
4.538100000000000000e+04
4.541300000000000000e+04
4.545000000000000000e+04
4.549500000000000000e+04
4.556200000000000000e+04
4.556800000000000000e+04
4.558900000000000000e+04
4.563900000000000000e+04
4.564300000000000000e+04
4.566200000000000000e+04
4.569700000000000000e+04
4.571200000000000000e+04
4.571300000000000000e+04
4.572200000000000000e+04
4.574100000000000000e+04
4.577600000000000000e+04
4.580000000000000000e+04
4.580600000000000000e+04
4.587600000000000000e+04
4.591200000000000000e+04
4.591600000000000000e+04
4.595500000000000000e+04
4.597100000000000000e+04
4.606800000000000000e+04
4.613200000000000000e+04
4.622600000000000000e+04
4.628100000000000000e+04
4.632200000000000000e+04
4.634300000000000000e+04
4.637000000000000000e+04
4.651000000000000000e+04
4.651600000000000000e+04
4.652200000000000000e+04
4.653500000000000000e+04
4.653600000000000000e+04
4.654100000000000000e+04
4.679700000000000000e+04
4.682200000000000000e+04
4.682300000000000000e+04
4.682900000000000000e+04
4.684200000000000000e+04
4.685300000000000000e+04
4.698000000000000000e+04
4.698700000000000000e+04
4.701800000000000000e+04
4.712200000000000000e+04
4.712300000000000000e+04
4.713500000000000000e+04
4.715700000000000000e+04
4.717400000000000000e+04
4.719400000000000000e+04
4.720400000000000000e+04
4.721100000000000000e+04
4.722100000000000000e+04
4.723100000000000000e+04
4.724600000000000000e+04
4.725500000000000000e+04
4.726700000000000000e+04
4.727100000000000000e+04
4.727300000000000000e+04
4.732200000000000000e+04
4.733600000000000000e+04
4.734800000000000000e+04
4.737800000000000000e+04
4.743300000000000000e+04
4.748300000000000000e+04
4.752500000000000000e+04
4.757200000000000000e+04
4.757600000000000000e+04
4.764100000000000000e+04
4.764200000000000000e+04
4.764800000000000000e+04
4.765400000000000000e+04
4.767000000000000000e+04
4.767200000000000000e+04
4.768100000000000000e+04
4.772900000000000000e+04
4.773400000000000000e+04
4.775100000000000000e+04
4.778600000000000000e+04
4.780100000000000000e+04
4.782300000000000000e+04
4.782400000000000000e+04
4.790000000000000000e+04
4.791100000000000000e+04
4.794400000000000000e+04
4.799000000000000000e+04
4.800700000000000000e+04
4.805000000000000000e+04
4.805200000000000000e+04
4.807500000000000000e+04
4.808700000000000000e+04
4.808900000000000000e+04
4.809300000000000000e+04
4.810700000000000000e+04
4.810800000000000000e+04
4.814000000000000000e+04
4.818700000000000000e+04
4.822300000000000000e+04
4.822400000000000000e+04
4.825300000000000000e+04
4.825600000000000000e+04
4.828400000000000000e+04
4.832400000000000000e+04
