5.000000000000000000e+00
6.000000000000000000e+00
4.600000000000000000e+01
9.300000000000000000e+01
9.400000000000000000e+01
9.600000000000000000e+01
9.700000000000000000e+01
1.540000000000000000e+02
1.720000000000000000e+02
1.760000000000000000e+02
1.770000000000000000e+02
1.960000000000000000e+02
2.140000000000000000e+02
2.150000000000000000e+02
2.520000000000000000e+02
2.590000000000000000e+02
2.650000000000000000e+02
2.660000000000000000e+02
2.810000000000000000e+02
3.180000000000000000e+02
3.260000000000000000e+02
3.270000000000000000e+02
3.280000000000000000e+02
3.450000000000000000e+02
3.980000000000000000e+02
4.050000000000000000e+02
4.060000000000000000e+02
4.070000000000000000e+02
4.080000000000000000e+02
4.230000000000000000e+02
4.270000000000000000e+02
4.280000000000000000e+02
4.470000000000000000e+02
4.720000000000000000e+02
4.780000000000000000e+02
4.880000000000000000e+02
5.230000000000000000e+02
5.460000000000000000e+02
5.470000000000000000e+02
5.510000000000000000e+02
5.520000000000000000e+02
5.890000000000000000e+02
5.930000000000000000e+02
5.960000000000000000e+02
6.220000000000000000e+02
6.280000000000000000e+02
7.320000000000000000e+02
7.610000000000000000e+02
8.130000000000000000e+02
8.190000000000000000e+02
8.220000000000000000e+02
9.040000000000000000e+02
1.013000000000000000e+03
1.026000000000000000e+03
1.036000000000000000e+03
1.040000000000000000e+03
1.070000000000000000e+03
1.084000000000000000e+03
1.128000000000000000e+03
1.176000000000000000e+03
1.185000000000000000e+03
1.192000000000000000e+03
1.249000000000000000e+03
1.265000000000000000e+03
1.269000000000000000e+03
1.271000000000000000e+03
1.272000000000000000e+03
1.273000000000000000e+03
1.323000000000000000e+03
1.361000000000000000e+03
1.402000000000000000e+03
1.421000000000000000e+03
1.449000000000000000e+03
1.473000000000000000e+03
1.491000000000000000e+03
1.536000000000000000e+03
1.555000000000000000e+03
1.557000000000000000e+03
1.571000000000000000e+03
1.577000000000000000e+03
1.613000000000000000e+03
1.652000000000000000e+03
1.659000000000000000e+03
1.674000000000000000e+03
1.697000000000000000e+03
1.723000000000000000e+03
1.732000000000000000e+03
1.746000000000000000e+03
1.762000000000000000e+03
1.766000000000000000e+03
1.886000000000000000e+03
1.919000000000000000e+03
1.935000000000000000e+03
1.968000000000000000e+03
1.975000000000000000e+03
2.021000000000000000e+03
2.132000000000000000e+03
2.163000000000000000e+03
2.214000000000000000e+03
2.225000000000000000e+03
2.285000000000000000e+03
2.344000000000000000e+03
2.449000000000000000e+03
2.450000000000000000e+03
2.452000000000000000e+03
2.481000000000000000e+03
2.485000000000000000e+03
2.512000000000000000e+03
2.523000000000000000e+03
2.563000000000000000e+03
2.589000000000000000e+03
2.591000000000000000e+03
2.593000000000000000e+03
2.594000000000000000e+03
2.597000000000000000e+03
2.600000000000000000e+03
2.615000000000000000e+03
2.617000000000000000e+03
2.627000000000000000e+03
2.628000000000000000e+03
2.629000000000000000e+03
2.656000000000000000e+03
2.661000000000000000e+03
2.682000000000000000e+03
2.695000000000000000e+03
2.719000000000000000e+03
2.731000000000000000e+03
2.745000000000000000e+03
2.757000000000000000e+03
2.788000000000000000e+03
2.801000000000000000e+03
2.868000000000000000e+03
2.896000000000000000e+03
2.925000000000000000e+03
2.952000000000000000e+03
3.071000000000000000e+03
3.325000000000000000e+03
3.360000000000000000e+03
3.362000000000000000e+03
3.393000000000000000e+03
3.428000000000000000e+03
3.442000000000000000e+03
3.530000000000000000e+03
3.536000000000000000e+03
3.538000000000000000e+03
3.542000000000000000e+03
3.670000000000000000e+03
3.682000000000000000e+03
3.686000000000000000e+03
3.757000000000000000e+03
3.797000000000000000e+03
3.833000000000000000e+03
3.842000000000000000e+03
3.844000000000000000e+03
3.849000000000000000e+03
3.851000000000000000e+03
3.855000000000000000e+03
3.880000000000000000e+03
3.900000000000000000e+03
3.933000000000000000e+03
3.935000000000000000e+03
3.954000000000000000e+03
3.958000000000000000e+03
3.982000000000000000e+03
4.039000000000000000e+03
4.083000000000000000e+03
4.084000000000000000e+03
4.107000000000000000e+03
4.192000000000000000e+03
4.197000000000000000e+03
4.198000000000000000e+03
4.442000000000000000e+03
4.471000000000000000e+03
4.485000000000000000e+03
4.558000000000000000e+03
4.567000000000000000e+03
4.601000000000000000e+03
4.606000000000000000e+03
4.615000000000000000e+03
4.624000000000000000e+03
4.677000000000000000e+03
4.716000000000000000e+03
4.721000000000000000e+03
4.750000000000000000e+03
4.765000000000000000e+03
4.766000000000000000e+03
4.788000000000000000e+03
4.917000000000000000e+03
4.934000000000000000e+03
4.944000000000000000e+03
4.966000000000000000e+03
4.973000000000000000e+03
4.995000000000000000e+03
5.294000000000000000e+03
5.364000000000000000e+03
5.368000000000000000e+03
5.370000000000000000e+03
5.377000000000000000e+03
5.378000000000000000e+03
5.379000000000000000e+03
5.383000000000000000e+03
5.421000000000000000e+03
5.428000000000000000e+03
5.429000000000000000e+03
5.436000000000000000e+03
5.437000000000000000e+03
5.443000000000000000e+03
5.444000000000000000e+03
5.461000000000000000e+03
5.477000000000000000e+03
5.484000000000000000e+03
5.551000000000000000e+03
5.552000000000000000e+03
5.560000000000000000e+03
5.596000000000000000e+03
5.608000000000000000e+03
5.637000000000000000e+03
5.646000000000000000e+03
5.825000000000000000e+03
5.977000000000000000e+03
6.027000000000000000e+03
6.038000000000000000e+03
6.055000000000000000e+03
6.113000000000000000e+03
6.132000000000000000e+03
6.138000000000000000e+03
6.146000000000000000e+03
6.148000000000000000e+03
6.149000000000000000e+03
6.171000000000000000e+03
6.172000000000000000e+03
6.193000000000000000e+03
6.196000000000000000e+03
6.201000000000000000e+03
6.269000000000000000e+03
6.270000000000000000e+03
6.283000000000000000e+03
6.284000000000000000e+03
6.293000000000000000e+03
6.388000000000000000e+03
6.389000000000000000e+03
6.439000000000000000e+03
6.445000000000000000e+03
6.449000000000000000e+03
6.475000000000000000e+03
6.504000000000000000e+03
6.508000000000000000e+03
6.511000000000000000e+03
6.513000000000000000e+03
6.534000000000000000e+03
6.543000000000000000e+03
6.591000000000000000e+03
6.626000000000000000e+03
6.647000000000000000e+03
6.667000000000000000e+03
6.767000000000000000e+03
6.798000000000000000e+03
6.827000000000000000e+03
6.861000000000000000e+03
6.891000000000000000e+03
6.927000000000000000e+03
6.929000000000000000e+03
6.939000000000000000e+03
6.976000000000000000e+03
7.015000000000000000e+03
7.021000000000000000e+03
7.024000000000000000e+03
7.045000000000000000e+03
7.050000000000000000e+03
7.147000000000000000e+03
7.229000000000000000e+03
7.230000000000000000e+03
7.238000000000000000e+03
7.310000000000000000e+03
7.319000000000000000e+03
7.337000000000000000e+03
7.355000000000000000e+03
7.382000000000000000e+03
7.451000000000000000e+03
7.462000000000000000e+03
7.471000000000000000e+03
7.507000000000000000e+03
7.518000000000000000e+03
7.528000000000000000e+03
7.529000000000000000e+03
7.562000000000000000e+03
7.596000000000000000e+03
7.640000000000000000e+03
7.656000000000000000e+03
7.668000000000000000e+03
7.689000000000000000e+03
7.710000000000000000e+03
7.744000000000000000e+03
7.813000000000000000e+03
7.835000000000000000e+03
7.920000000000000000e+03
7.952000000000000000e+03
7.976000000000000000e+03
7.981000000000000000e+03
7.990000000000000000e+03
7.995000000000000000e+03
8.052000000000000000e+03
8.056000000000000000e+03
8.059000000000000000e+03
8.124000000000000000e+03
8.127000000000000000e+03
8.141000000000000000e+03
8.153000000000000000e+03
8.165000000000000000e+03
8.172000000000000000e+03
8.221000000000000000e+03
8.240000000000000000e+03
8.321000000000000000e+03
8.384000000000000000e+03
8.387000000000000000e+03
8.391000000000000000e+03
8.548000000000000000e+03
8.583000000000000000e+03
8.627000000000000000e+03
8.691000000000000000e+03
8.727000000000000000e+03
8.782000000000000000e+03
8.805000000000000000e+03
8.807000000000000000e+03
8.855000000000000000e+03
8.868000000000000000e+03
8.909000000000000000e+03
8.992000000000000000e+03
9.006000000000000000e+03
9.041000000000000000e+03
9.042000000000000000e+03
9.116000000000000000e+03
9.128000000000000000e+03
9.165000000000000000e+03
9.190000000000000000e+03
9.195000000000000000e+03
9.196000000000000000e+03
9.205000000000000000e+03
9.207000000000000000e+03
9.216000000000000000e+03
9.268000000000000000e+03
9.369000000000000000e+03
9.431000000000000000e+03
9.445000000000000000e+03
9.453000000000000000e+03
9.454000000000000000e+03
9.528000000000000000e+03
9.595000000000000000e+03
9.646000000000000000e+03
9.730000000000000000e+03
9.741000000000000000e+03
9.743000000000000000e+03
9.747000000000000000e+03
9.772000000000000000e+03
9.794000000000000000e+03
9.795000000000000000e+03
9.796000000000000000e+03
9.797000000000000000e+03
9.844000000000000000e+03
9.853000000000000000e+03
9.859000000000000000e+03
9.863000000000000000e+03
9.864000000000000000e+03
9.865000000000000000e+03
9.927000000000000000e+03
9.958000000000000000e+03
1.002100000000000000e+04
1.002400000000000000e+04
1.002700000000000000e+04
1.003000000000000000e+04
1.003100000000000000e+04
1.004100000000000000e+04
1.004300000000000000e+04
1.004400000000000000e+04
1.004500000000000000e+04
1.006800000000000000e+04
1.006900000000000000e+04
1.007300000000000000e+04
1.014700000000000000e+04
1.015300000000000000e+04
1.019000000000000000e+04
1.022100000000000000e+04
1.022500000000000000e+04
1.027600000000000000e+04
1.032100000000000000e+04
1.037800000000000000e+04
1.044200000000000000e+04
1.044800000000000000e+04
1.045000000000000000e+04
1.046700000000000000e+04
1.049600000000000000e+04
1.050500000000000000e+04
1.051700000000000000e+04
1.056100000000000000e+04
1.062200000000000000e+04
1.065600000000000000e+04
1.069000000000000000e+04
1.075900000000000000e+04
1.077700000000000000e+04
1.079400000000000000e+04
1.079500000000000000e+04
1.081900000000000000e+04
1.082400000000000000e+04
1.083300000000000000e+04
1.088000000000000000e+04
1.093200000000000000e+04
1.094500000000000000e+04
1.099300000000000000e+04
1.099700000000000000e+04
1.104400000000000000e+04
1.114900000000000000e+04
1.119900000000000000e+04
1.122400000000000000e+04
1.123100000000000000e+04
1.123200000000000000e+04
1.123400000000000000e+04
1.129100000000000000e+04
1.130800000000000000e+04
1.132500000000000000e+04
1.132800000000000000e+04
1.134000000000000000e+04
1.134300000000000000e+04
1.135000000000000000e+04
1.135900000000000000e+04
1.136300000000000000e+04
1.137300000000000000e+04
1.138900000000000000e+04
1.140000000000000000e+04
1.144000000000000000e+04
1.144700000000000000e+04
1.147500000000000000e+04
1.147900000000000000e+04
1.149800000000000000e+04
1.150200000000000000e+04
1.151600000000000000e+04
1.155300000000000000e+04
1.155400000000000000e+04
1.155800000000000000e+04
1.157600000000000000e+04
1.159700000000000000e+04
1.159900000000000000e+04
1.160000000000000000e+04
1.162700000000000000e+04
1.171600000000000000e+04
1.179600000000000000e+04
1.179700000000000000e+04
1.201400000000000000e+04
1.209900000000000000e+04
1.212100000000000000e+04
1.216100000000000000e+04
1.221300000000000000e+04
1.222500000000000000e+04
1.224500000000000000e+04
1.230400000000000000e+04
1.243000000000000000e+04
1.244700000000000000e+04
1.257700000000000000e+04
1.258300000000000000e+04
1.259200000000000000e+04
1.259400000000000000e+04
1.261200000000000000e+04
1.261300000000000000e+04
1.264700000000000000e+04
1.264800000000000000e+04
1.265000000000000000e+04
1.265200000000000000e+04
1.265300000000000000e+04
1.265400000000000000e+04
1.265600000000000000e+04
1.266000000000000000e+04
1.266100000000000000e+04
1.269100000000000000e+04
1.270900000000000000e+04
1.271800000000000000e+04
1.276400000000000000e+04
1.278100000000000000e+04
1.283100000000000000e+04
1.302800000000000000e+04
1.303400000000000000e+04
1.309900000000000000e+04
1.312600000000000000e+04
1.313100000000000000e+04
1.313400000000000000e+04
1.313900000000000000e+04
1.314600000000000000e+04
1.315800000000000000e+04
1.315900000000000000e+04
1.317300000000000000e+04
1.319300000000000000e+04
1.321900000000000000e+04
1.333600000000000000e+04
1.337100000000000000e+04
1.339500000000000000e+04
1.350400000000000000e+04
1.354200000000000000e+04
1.360600000000000000e+04
1.362600000000000000e+04
1.364000000000000000e+04
1.365600000000000000e+04
1.367900000000000000e+04
1.368100000000000000e+04
1.373200000000000000e+04
1.373600000000000000e+04
1.375900000000000000e+04
1.385600000000000000e+04
1.388600000000000000e+04
1.389000000000000000e+04
1.399400000000000000e+04
1.401200000000000000e+04
1.407300000000000000e+04
1.410200000000000000e+04
1.413300000000000000e+04
1.414300000000000000e+04
1.414500000000000000e+04
1.422400000000000000e+04
1.427600000000000000e+04
1.427800000000000000e+04
1.441000000000000000e+04
1.454600000000000000e+04
1.462300000000000000e+04
1.469100000000000000e+04
1.469200000000000000e+04
1.470200000000000000e+04
1.470300000000000000e+04
1.481800000000000000e+04
1.487400000000000000e+04
1.490100000000000000e+04
1.490800000000000000e+04
1.496000000000000000e+04
1.504100000000000000e+04
1.508700000000000000e+04
1.511400000000000000e+04
1.514600000000000000e+04
1.518600000000000000e+04
1.522000000000000000e+04
1.525800000000000000e+04
1.526200000000000000e+04
1.531200000000000000e+04
1.532100000000000000e+04
1.540600000000000000e+04
1.547700000000000000e+04
1.570800000000000000e+04
1.575300000000000000e+04
1.586900000000000000e+04
1.588000000000000000e+04
1.600800000000000000e+04
1.604100000000000000e+04
1.604300000000000000e+04
1.605300000000000000e+04
1.606000000000000000e+04
1.606100000000000000e+04
1.606200000000000000e+04
1.606300000000000000e+04
1.606500000000000000e+04
1.614000000000000000e+04
1.615100000000000000e+04
1.615900000000000000e+04
1.617100000000000000e+04
1.618500000000000000e+04
1.623300000000000000e+04
1.630900000000000000e+04
1.633800000000000000e+04
1.634100000000000000e+04
1.639800000000000000e+04
1.639900000000000000e+04
1.645600000000000000e+04
1.646900000000000000e+04
1.648800000000000000e+04
1.650700000000000000e+04
1.650900000000000000e+04
1.651000000000000000e+04
1.652600000000000000e+04
1.656800000000000000e+04
1.657000000000000000e+04
1.657800000000000000e+04
1.664800000000000000e+04
1.666300000000000000e+04
1.669300000000000000e+04
1.675000000000000000e+04
1.677500000000000000e+04
1.679000000000000000e+04
1.680700000000000000e+04
1.681400000000000000e+04
1.682600000000000000e+04
1.683400000000000000e+04
1.683600000000000000e+04
1.684800000000000000e+04
1.686700000000000000e+04
1.690800000000000000e+04
1.692800000000000000e+04
1.693000000000000000e+04
1.694900000000000000e+04
1.695300000000000000e+04
1.695500000000000000e+04
1.696900000000000000e+04
1.698100000000000000e+04
1.711900000000000000e+04
1.712200000000000000e+04
1.712300000000000000e+04
1.715300000000000000e+04
1.717900000000000000e+04
1.718400000000000000e+04
1.718500000000000000e+04
1.718600000000000000e+04
1.718700000000000000e+04
1.720400000000000000e+04
1.721100000000000000e+04
1.721300000000000000e+04
1.722200000000000000e+04
1.722400000000000000e+04
1.726000000000000000e+04
1.728500000000000000e+04
1.728900000000000000e+04
1.729100000000000000e+04
1.729200000000000000e+04
1.730800000000000000e+04
1.730900000000000000e+04
1.731000000000000000e+04
1.731300000000000000e+04
1.731500000000000000e+04
1.731600000000000000e+04
1.731700000000000000e+04
1.731800000000000000e+04
1.731900000000000000e+04
1.732100000000000000e+04
1.736400000000000000e+04
1.743000000000000000e+04
1.744300000000000000e+04
1.747800000000000000e+04
1.755100000000000000e+04
1.760900000000000000e+04
1.761600000000000000e+04
1.762700000000000000e+04
1.764400000000000000e+04
1.771700000000000000e+04
1.774900000000000000e+04
1.778300000000000000e+04
1.778900000000000000e+04
1.784400000000000000e+04
1.786200000000000000e+04
1.799200000000000000e+04
1.802100000000000000e+04
1.806200000000000000e+04
1.806700000000000000e+04
1.815300000000000000e+04
1.821500000000000000e+04
1.823200000000000000e+04
1.828900000000000000e+04
1.831400000000000000e+04
1.834100000000000000e+04
1.834300000000000000e+04
1.840000000000000000e+04
1.843400000000000000e+04
1.848200000000000000e+04
1.860600000000000000e+04
1.865000000000000000e+04
1.873500000000000000e+04
1.874900000000000000e+04
1.878100000000000000e+04
1.883900000000000000e+04
1.886400000000000000e+04
1.889400000000000000e+04
1.889900000000000000e+04
1.892200000000000000e+04
1.893200000000000000e+04
1.894300000000000000e+04
1.898000000000000000e+04
1.900000000000000000e+04
1.901000000000000000e+04
1.901600000000000000e+04
1.902800000000000000e+04
1.903200000000000000e+04
1.903800000000000000e+04
1.903900000000000000e+04
1.904000000000000000e+04
1.910000000000000000e+04
1.911700000000000000e+04
1.911900000000000000e+04
1.912100000000000000e+04
1.912300000000000000e+04
1.914400000000000000e+04
1.914600000000000000e+04
1.916700000000000000e+04
1.917300000000000000e+04
1.917900000000000000e+04
1.919900000000000000e+04
1.923300000000000000e+04
1.923400000000000000e+04
1.923600000000000000e+04
1.923700000000000000e+04
1.923800000000000000e+04
1.923900000000000000e+04
1.924000000000000000e+04
1.924100000000000000e+04
1.924200000000000000e+04
1.925300000000000000e+04
1.925800000000000000e+04
1.926000000000000000e+04
1.926100000000000000e+04
1.926300000000000000e+04
1.927200000000000000e+04
1.927800000000000000e+04
1.927900000000000000e+04
1.928000000000000000e+04
1.928400000000000000e+04
1.929700000000000000e+04
1.932300000000000000e+04
1.933100000000000000e+04
1.934700000000000000e+04
1.937100000000000000e+04
1.940300000000000000e+04
1.940400000000000000e+04
1.940600000000000000e+04
1.942000000000000000e+04
1.942200000000000000e+04
1.942400000000000000e+04
1.943800000000000000e+04
1.944800000000000000e+04
1.946100000000000000e+04
1.951300000000000000e+04
1.951800000000000000e+04
1.951900000000000000e+04
1.953800000000000000e+04
1.955000000000000000e+04
1.955200000000000000e+04
1.955400000000000000e+04
1.955500000000000000e+04
1.957600000000000000e+04
2.000000000000000000e+04
2.003500000000000000e+04
2.018000000000000000e+04
2.024600000000000000e+04
2.024800000000000000e+04
2.028800000000000000e+04
2.029800000000000000e+04
2.032300000000000000e+04
2.033000000000000000e+04
2.035800000000000000e+04
2.059000000000000000e+04
2.067200000000000000e+04
2.067800000000000000e+04
2.067900000000000000e+04
2.069500000000000000e+04
2.071200000000000000e+04
2.084800000000000000e+04
2.085000000000000000e+04
2.085400000000000000e+04
2.085600000000000000e+04
2.085700000000000000e+04
2.085800000000000000e+04
2.085900000000000000e+04
2.086000000000000000e+04
2.086100000000000000e+04
2.086200000000000000e+04
2.086300000000000000e+04
2.086400000000000000e+04
2.100100000000000000e+04
2.103700000000000000e+04
2.116900000000000000e+04
2.120000000000000000e+04
2.127800000000000000e+04
2.130200000000000000e+04
2.130300000000000000e+04
2.137000000000000000e+04
2.157000000000000000e+04
2.161600000000000000e+04
2.164600000000000000e+04
2.164700000000000000e+04
2.164800000000000000e+04
2.166000000000000000e+04
2.166100000000000000e+04
2.166900000000000000e+04
2.169500000000000000e+04
2.171100000000000000e+04
2.195400000000000000e+04
2.196100000000000000e+04
2.196600000000000000e+04
2.197700000000000000e+04
2.208300000000000000e+04
2.210700000000000000e+04
2.210800000000000000e+04
2.211900000000000000e+04
2.212100000000000000e+04
2.212200000000000000e+04
2.212300000000000000e+04
2.216400000000000000e+04
2.217400000000000000e+04
2.217500000000000000e+04
2.218200000000000000e+04
2.218700000000000000e+04
2.219900000000000000e+04
2.221800000000000000e+04
2.222700000000000000e+04
2.223100000000000000e+04
2.224600000000000000e+04
2.226200000000000000e+04
2.227000000000000000e+04
2.230700000000000000e+04
2.231900000000000000e+04
2.232000000000000000e+04
2.236800000000000000e+04
2.237700000000000000e+04
2.239400000000000000e+04
2.239500000000000000e+04
2.239600000000000000e+04
2.239800000000000000e+04
2.239900000000000000e+04
2.242500000000000000e+04
2.245200000000000000e+04
2.245700000000000000e+04
2.246400000000000000e+04
2.247900000000000000e+04
2.249800000000000000e+04
2.249900000000000000e+04
2.250000000000000000e+04
2.250200000000000000e+04
2.250600000000000000e+04
2.261400000000000000e+04
2.269000000000000000e+04
2.277800000000000000e+04
2.277900000000000000e+04
2.282400000000000000e+04
2.282500000000000000e+04
2.283500000000000000e+04
2.287200000000000000e+04
2.300300000000000000e+04
2.301700000000000000e+04
2.302200000000000000e+04
2.302700000000000000e+04
2.303200000000000000e+04
2.305600000000000000e+04
2.307400000000000000e+04
2.314400000000000000e+04
2.314500000000000000e+04
2.325200000000000000e+04
2.330000000000000000e+04
2.340300000000000000e+04
2.341900000000000000e+04
2.345000000000000000e+04
2.348700000000000000e+04
2.354100000000000000e+04
2.363100000000000000e+04
2.363900000000000000e+04
2.371000000000000000e+04
2.372600000000000000e+04
2.372700000000000000e+04
2.378800000000000000e+04
2.379800000000000000e+04
2.385900000000000000e+04
2.394100000000000000e+04
2.400000000000000000e+04
2.402100000000000000e+04
2.403800000000000000e+04
2.407300000000000000e+04
2.409400000000000000e+04
2.413500000000000000e+04
2.416000000000000000e+04
2.417800000000000000e+04
2.418100000000000000e+04
2.419800000000000000e+04
2.419900000000000000e+04
2.420100000000000000e+04
2.425100000000000000e+04
2.428300000000000000e+04
2.428400000000000000e+04
2.431000000000000000e+04
2.436700000000000000e+04
2.439600000000000000e+04
2.440400000000000000e+04
2.444600000000000000e+04
2.446300000000000000e+04
2.453700000000000000e+04
2.458000000000000000e+04
2.460700000000000000e+04
2.462400000000000000e+04
2.462500000000000000e+04
2.462700000000000000e+04
2.473200000000000000e+04
2.475200000000000000e+04
2.483900000000000000e+04
2.486400000000000000e+04
2.488600000000000000e+04
2.490800000000000000e+04
2.491100000000000000e+04
2.491400000000000000e+04
2.492400000000000000e+04
2.492700000000000000e+04
2.493800000000000000e+04
2.500000000000000000e+04
2.503400000000000000e+04
2.508000000000000000e+04
2.530700000000000000e+04
2.532500000000000000e+04
2.533100000000000000e+04
2.567800000000000000e+04
2.569200000000000000e+04
2.576400000000000000e+04
2.584300000000000000e+04
2.588800000000000000e+04
2.589400000000000000e+04
2.589600000000000000e+04
2.611800000000000000e+04
2.612700000000000000e+04
2.616300000000000000e+04
2.620700000000000000e+04
2.623800000000000000e+04
2.627300000000000000e+04
2.630100000000000000e+04
2.631600000000000000e+04
2.644900000000000000e+04
2.647900000000000000e+04
2.648300000000000000e+04
2.648800000000000000e+04
2.659500000000000000e+04
2.662700000000000000e+04
2.665500000000000000e+04
2.667800000000000000e+04
2.668000000000000000e+04
2.674600000000000000e+04
2.687000000000000000e+04
2.692600000000000000e+04
2.692900000000000000e+04
2.695100000000000000e+04
2.712300000000000000e+04
2.737300000000000000e+04
2.745900000000000000e+04
2.748100000000000000e+04
2.754000000000000000e+04
2.754800000000000000e+04
2.755300000000000000e+04
2.760700000000000000e+04
2.778000000000000000e+04
2.788200000000000000e+04
2.809500000000000000e+04
2.825500000000000000e+04
2.833700000000000000e+04
2.833900000000000000e+04
2.836600000000000000e+04
2.845900000000000000e+04
2.850600000000000000e+04
2.852000000000000000e+04
2.853300000000000000e+04
2.860100000000000000e+04
2.860200000000000000e+04
2.863800000000000000e+04
2.864600000000000000e+04
2.865900000000000000e+04
2.867900000000000000e+04
2.868400000000000000e+04
2.871800000000000000e+04
2.872800000000000000e+04
2.886700000000000000e+04
2.891700000000000000e+04
2.891800000000000000e+04
2.892300000000000000e+04
2.892500000000000000e+04
2.892600000000000000e+04
2.892700000000000000e+04
2.897100000000000000e+04
2.908100000000000000e+04
2.915000000000000000e+04
2.915300000000000000e+04
2.916600000000000000e+04
2.930100000000000000e+04
2.937200000000000000e+04
2.941400000000000000e+04
2.945500000000000000e+04
2.945800000000000000e+04
2.948800000000000000e+04
2.954600000000000000e+04
2.954700000000000000e+04
2.970100000000000000e+04
2.971600000000000000e+04
2.973600000000000000e+04
2.975200000000000000e+04
2.980700000000000000e+04
2.982000000000000000e+04
2.984800000000000000e+04
2.989200000000000000e+04
2.993600000000000000e+04
2.996700000000000000e+04
3.011500000000000000e+04
3.013300000000000000e+04
3.018100000000000000e+04
3.022100000000000000e+04
3.022800000000000000e+04
3.023300000000000000e+04
3.025600000000000000e+04
3.029000000000000000e+04
3.034700000000000000e+04
3.036400000000000000e+04
3.044200000000000000e+04
3.048500000000000000e+04
3.061300000000000000e+04
3.070400000000000000e+04
3.078500000000000000e+04
3.079300000000000000e+04
3.082300000000000000e+04
3.082600000000000000e+04
3.085400000000000000e+04
3.088200000000000000e+04
3.091700000000000000e+04
3.100300000000000000e+04
3.104000000000000000e+04
3.104500000000000000e+04
3.106100000000000000e+04
3.106500000000000000e+04
3.107100000000000000e+04
3.114800000000000000e+04
3.120300000000000000e+04
3.122800000000000000e+04
3.126700000000000000e+04
3.130400000000000000e+04
3.130500000000000000e+04
3.130600000000000000e+04
3.130700000000000000e+04
3.130800000000000000e+04
3.132500000000000000e+04
3.132800000000000000e+04
3.132900000000000000e+04
3.133100000000000000e+04
3.134200000000000000e+04
3.139000000000000000e+04
3.139100000000000000e+04
3.139300000000000000e+04
3.142300000000000000e+04
3.143600000000000000e+04
3.144300000000000000e+04
3.157600000000000000e+04
3.161500000000000000e+04
3.165500000000000000e+04
3.165600000000000000e+04
3.165800000000000000e+04
3.167900000000000000e+04
3.168900000000000000e+04
3.171000000000000000e+04
3.175900000000000000e+04
3.176500000000000000e+04
3.188300000000000000e+04
3.195100000000000000e+04
3.195800000000000000e+04
3.210500000000000000e+04
3.211100000000000000e+04
3.213000000000000000e+04
3.217400000000000000e+04
3.233900000000000000e+04
3.239800000000000000e+04
3.244000000000000000e+04
3.246200000000000000e+04
3.247100000000000000e+04
3.249300000000000000e+04
3.252800000000000000e+04
3.255600000000000000e+04
3.255900000000000000e+04
3.257900000000000000e+04
3.259700000000000000e+04
3.260000000000000000e+04
3.263800000000000000e+04
3.264200000000000000e+04
3.264500000000000000e+04
3.281700000000000000e+04
3.289000000000000000e+04
3.294000000000000000e+04
3.300100000000000000e+04
3.301000000000000000e+04
3.307600000000000000e+04
3.310900000000000000e+04
3.311000000000000000e+04
3.352400000000000000e+04
3.352500000000000000e+04
3.356500000000000000e+04
3.358200000000000000e+04
3.360800000000000000e+04
3.364500000000000000e+04
3.365400000000000000e+04
3.399600000000000000e+04
3.403000000000000000e+04
3.415800000000000000e+04
3.415900000000000000e+04
3.428200000000000000e+04
3.430400000000000000e+04
3.445800000000000000e+04
3.447000000000000000e+04
3.448000000000000000e+04
3.448900000000000000e+04
3.449500000000000000e+04
3.453600000000000000e+04
3.454900000000000000e+04
3.458200000000000000e+04
3.459300000000000000e+04
3.461100000000000000e+04
3.473300000000000000e+04
3.476800000000000000e+04
3.484000000000000000e+04
3.484500000000000000e+04
3.485300000000000000e+04
3.485400000000000000e+04
3.485500000000000000e+04
3.485600000000000000e+04
3.485700000000000000e+04
3.487300000000000000e+04
3.489800000000000000e+04
3.496000000000000000e+04
3.496500000000000000e+04
3.502900000000000000e+04
3.503200000000000000e+04
3.503900000000000000e+04
3.504300000000000000e+04
3.505900000000000000e+04
3.507300000000000000e+04
3.508900000000000000e+04
3.509600000000000000e+04
3.510400000000000000e+04
3.511800000000000000e+04
3.512200000000000000e+04
3.512600000000000000e+04
3.512700000000000000e+04
3.512800000000000000e+04
3.515600000000000000e+04
3.515800000000000000e+04
3.515900000000000000e+04
3.516000000000000000e+04
3.524900000000000000e+04
3.526400000000000000e+04
3.527700000000000000e+04
3.527800000000000000e+04
3.528200000000000000e+04
3.532300000000000000e+04
3.532400000000000000e+04
3.546100000000000000e+04
3.546500000000000000e+04
3.552700000000000000e+04
3.557300000000000000e+04
3.564600000000000000e+04
3.567700000000000000e+04
3.569300000000000000e+04
3.571300000000000000e+04
3.575600000000000000e+04
3.575700000000000000e+04
3.582600000000000000e+04
3.594000000000000000e+04
3.604200000000000000e+04
3.604800000000000000e+04
3.611100000000000000e+04
3.611700000000000000e+04
3.612600000000000000e+04
3.614800000000000000e+04
3.623000000000000000e+04
3.624200000000000000e+04
3.627700000000000000e+04
3.629800000000000000e+04
3.630300000000000000e+04
3.634100000000000000e+04
3.635700000000000000e+04
3.649300000000000000e+04
3.653200000000000000e+04
3.654500000000000000e+04
3.655100000000000000e+04
3.658800000000000000e+04
3.658900000000000000e+04
3.665100000000000000e+04
3.679700000000000000e+04
3.681700000000000000e+04
3.681900000000000000e+04
3.685200000000000000e+04
3.685800000000000000e+04
3.694700000000000000e+04
3.696600000000000000e+04
3.701800000000000000e+04
3.702300000000000000e+04
3.711200000000000000e+04
3.722300000000000000e+04
3.723200000000000000e+04
3.735800000000000000e+04
3.738300000000000000e+04
3.742700000000000000e+04
3.743700000000000000e+04
3.746400000000000000e+04
3.758500000000000000e+04
3.761700000000000000e+04
3.764500000000000000e+04
3.766500000000000000e+04
3.766800000000000000e+04
3.787300000000000000e+04
3.787500000000000000e+04
3.787900000000000000e+04
3.788100000000000000e+04
3.788500000000000000e+04
3.788900000000000000e+04
3.790700000000000000e+04
3.791600000000000000e+04
3.792700000000000000e+04
3.796300000000000000e+04
3.797200000000000000e+04
3.807500000000000000e+04
3.807600000000000000e+04
3.808300000000000000e+04
3.808500000000000000e+04
3.809700000000000000e+04
3.813300000000000000e+04
3.813400000000000000e+04
3.818300000000000000e+04
3.828100000000000000e+04
3.830600000000000000e+04
3.835100000000000000e+04
3.835400000000000000e+04
3.835600000000000000e+04
3.837900000000000000e+04
3.838700000000000000e+04
3.841700000000000000e+04
3.843800000000000000e+04
3.851500000000000000e+04
3.851700000000000000e+04
3.851800000000000000e+04
3.853500000000000000e+04
3.856500000000000000e+04
3.860000000000000000e+04
3.862000000000000000e+04
3.865100000000000000e+04
3.870000000000000000e+04
3.870600000000000000e+04
3.871600000000000000e+04
3.871700000000000000e+04
3.872400000000000000e+04
3.874400000000000000e+04
3.875500000000000000e+04
3.876700000000000000e+04
3.885200000000000000e+04
3.889000000000000000e+04
3.889200000000000000e+04
3.897400000000000000e+04
3.901800000000000000e+04
3.903800000000000000e+04
3.906100000000000000e+04
3.916100000000000000e+04
3.917600000000000000e+04
3.917800000000000000e+04
3.941700000000000000e+04
3.948500000000000000e+04
3.949800000000000000e+04
3.956400000000000000e+04
3.957600000000000000e+04
3.958900000000000000e+04
3.963500000000000000e+04
3.965400000000000000e+04
3.965700000000000000e+04
3.972900000000000000e+04
3.984300000000000000e+04
3.987000000000000000e+04
3.987900000000000000e+04
3.988100000000000000e+04
3.994400000000000000e+04
3.996700000000000000e+04
4.002600000000000000e+04
4.008700000000000000e+04
4.012800000000000000e+04
4.016400000000000000e+04
4.018300000000000000e+04
4.029300000000000000e+04
4.029500000000000000e+04
4.031100000000000000e+04
4.033300000000000000e+04
4.043500000000000000e+04
4.050000000000000000e+04
4.051900000000000000e+04
4.056600000000000000e+04
4.064100000000000000e+04
4.069300000000000000e+04
4.070200000000000000e+04
4.075100000000000000e+04
4.085500000000000000e+04
4.086800000000000000e+04
4.088200000000000000e+04
4.089700000000000000e+04
4.090600000000000000e+04
4.091900000000000000e+04
4.094800000000000000e+04
4.094900000000000000e+04
4.096300000000000000e+04
4.105700000000000000e+04
4.105900000000000000e+04
4.108200000000000000e+04
4.110400000000000000e+04
4.110500000000000000e+04
4.151900000000000000e+04
4.152000000000000000e+04
4.152200000000000000e+04
4.153700000000000000e+04
4.153900000000000000e+04
4.154300000000000000e+04
4.155000000000000000e+04
4.156800000000000000e+04
4.157200000000000000e+04
4.173100000000000000e+04
4.178300000000000000e+04
4.178400000000000000e+04
4.181300000000000000e+04
4.186300000000000000e+04
4.190800000000000000e+04
4.191700000000000000e+04
4.196400000000000000e+04
4.202300000000000000e+04
4.205900000000000000e+04
4.208600000000000000e+04
4.208900000000000000e+04
4.223300000000000000e+04
4.226400000000000000e+04
4.244000000000000000e+04
4.244200000000000000e+04
4.258900000000000000e+04
4.263600000000000000e+04
4.285700000000000000e+04
4.291400000000000000e+04
4.294900000000000000e+04
4.295000000000000000e+04
4.326500000000000000e+04
4.332600000000000000e+04
4.332800000000000000e+04
4.333400000000000000e+04
4.334300000000000000e+04
4.337200000000000000e+04
4.338200000000000000e+04
4.338600000000000000e+04
4.343000000000000000e+04
4.344600000000000000e+04
4.346000000000000000e+04
4.352800000000000000e+04
4.358700000000000000e+04
4.362400000000000000e+04
4.373300000000000000e+04
4.374800000000000000e+04
4.378900000000000000e+04
4.382000000000000000e+04
4.382900000000000000e+04
4.388500000000000000e+04
4.393600000000000000e+04
4.393700000000000000e+04
4.398000000000000000e+04
4.400300000000000000e+04
4.405600000000000000e+04
4.407900000000000000e+04
4.411300000000000000e+04
4.412800000000000000e+04
4.412900000000000000e+04
4.419100000000000000e+04
4.424100000000000000e+04
4.430200000000000000e+04
4.430500000000000000e+04
4.430600000000000000e+04
4.441300000000000000e+04
4.448600000000000000e+04
4.451700000000000000e+04
4.452600000000000000e+04
4.453000000000000000e+04
4.458700000000000000e+04
4.462800000000000000e+04
4.465000000000000000e+04
4.465400000000000000e+04
4.467200000000000000e+04
4.506100000000000000e+04
4.532500000000000000e+04
4.534200000000000000e+04
4.541400000000000000e+04
4.547100000000000000e+04
4.548100000000000000e+04
4.548400000000000000e+04
4.567600000000000000e+04
4.570700000000000000e+04
4.572300000000000000e+04
4.581100000000000000e+04
4.584300000000000000e+04
4.587500000000000000e+04
4.594100000000000000e+04
4.596800000000000000e+04
4.597200000000000000e+04
4.597500000000000000e+04
4.599000000000000000e+04
4.603300000000000000e+04
4.614900000000000000e+04
4.616400000000000000e+04
4.616900000000000000e+04
4.618400000000000000e+04
4.622100000000000000e+04
4.622900000000000000e+04
4.625600000000000000e+04
4.626600000000000000e+04
4.627000000000000000e+04
4.627800000000000000e+04
4.628700000000000000e+04
4.629500000000000000e+04
4.629800000000000000e+04
4.631600000000000000e+04
4.633400000000000000e+04
4.648300000000000000e+04
4.654200000000000000e+04
4.654500000000000000e+04
4.655700000000000000e+04
4.656400000000000000e+04
4.665400000000000000e+04
4.677400000000000000e+04
4.694400000000000000e+04
4.695900000000000000e+04
4.696000000000000000e+04
4.697400000000000000e+04
4.704800000000000000e+04
4.704900000000000000e+04
4.709600000000000000e+04
4.710900000000000000e+04
4.717100000000000000e+04
4.719900000000000000e+04
4.722800000000000000e+04
4.725800000000000000e+04
4.728200000000000000e+04
4.728300000000000000e+04
4.732500000000000000e+04
4.735600000000000000e+04
4.737100000000000000e+04
4.743500000000000000e+04
4.753300000000000000e+04
4.769600000000000000e+04
4.770200000000000000e+04
4.771000000000000000e+04
4.777900000000000000e+04
4.781600000000000000e+04
4.785500000000000000e+04
4.788300000000000000e+04
4.791400000000000000e+04
4.791500000000000000e+04
4.791600000000000000e+04
4.795600000000000000e+04
4.799400000000000000e+04
4.801200000000000000e+04
4.812800000000000000e+04
4.816100000000000000e+04
4.816300000000000000e+04
4.817100000000000000e+04
4.829700000000000000e+04
4.830300000000000000e+04
4.830400000000000000e+04
4.831000000000000000e+04
4.831200000000000000e+04
4.831400000000000000e+04
4.832900000000000000e+04
4.833000000000000000e+04
